country,region_name,nuts_code,year_week,rate_14_day_per_100k,source
Austria,Burgenland,AT11,2020-13,,Epidemic intelligence subnational data
Austria,Burgenland,AT11,2020-14,57.7375049246695,Epidemic intelligence subnational data
Austria,Burgenland,AT11,2020-15,32.265076281433,Epidemic intelligence subnational data
Austria,Burgenland,AT11,2020-16,23.7742667336875,Epidemic intelligence subnational data
Austria,Burgenland,AT11,2020-17,15.6230895678518,Epidemic intelligence subnational data
Austria,Burgenland,AT11,2020-18,8.1511771658357,Epidemic intelligence subnational data
Austria,Burgenland,AT11,2020-19,4.07558858291785,Epidemic intelligence subnational data
Austria,Burgenland,AT11,2020-20,2.03779429145893,Epidemic intelligence subnational data
Austria,Burgenland,AT11,2020-21,2.37742667336875,Epidemic intelligence subnational data
Austria,Burgenland,AT11,2020-22,1.6981619095491,Epidemic intelligence subnational data
Austria,Burgenland,AT11,2020-23,0.679264763819642,Epidemic intelligence subnational data
Austria,Burgenland,AT11,2020-24,0,Epidemic intelligence subnational data
Austria,Burgenland,AT11,2020-25,1.35852952763928,Epidemic intelligence subnational data
Austria,Burgenland,AT11,2020-26,3.73595620100803,Epidemic intelligence subnational data
Austria,Burgenland,AT11,2020-27,6.11338287437677,Epidemic intelligence subnational data
Austria,Burgenland,AT11,2020-28,6.4530152562866,Epidemic intelligence subnational data
Austria,Burgenland,AT11,2020-29,8.49080954774552,Epidemic intelligence subnational data
Austria,Burgenland,AT11,2020-30,11.2078686030241,Epidemic intelligence subnational data
Austria,Burgenland,AT11,2020-31,11.8871333668437,Epidemic intelligence subnational data
Austria,Burgenland,AT11,2020-32,9.17007431156516,Epidemic intelligence subnational data
Austria,Burgenland,AT11,2020-33,6.4530152562866,Epidemic intelligence subnational data
Austria,Burgenland,AT11,2020-34,12.9060305125732,Epidemic intelligence subnational data
Austria,Burgenland,AT11,2020-35,21.3968400603187,Epidemic intelligence subnational data
Austria,Burgenland,AT11,2020-36,28.529120080425,Epidemic intelligence subnational data
Austria,Burgenland,AT11,2020-37,34.9821353367115,Epidemic intelligence subnational data
Austria,Burgenland,AT11,2020-38,45.1711067940062,Epidemic intelligence subnational data
Austria,Burgenland,AT11,2020-39,64.1905201809561,Epidemic intelligence subnational data
Austria,Burgenland,AT11,2020-40,82.1910364221766,Epidemic intelligence subnational data
Austria,Burgenland,AT11,2020-41,109.361626974962,Epidemic intelligence subnational data
Austria,Burgenland,AT11,2020-42,147.740086130772,Epidemic intelligence subnational data
Austria,Burgenland,AT11,2020-43,230.610387316768,Epidemic intelligence subnational data
Austria,Burgenland,AT11,2020-44,514.882690975288,Epidemic intelligence subnational data
Austria,Burgenland,AT11,2020-45,854.854705267019,Epidemic intelligence subnational data
Austria,Burgenland,AT11,2020-46,948.25361029222,Epidemic intelligence subnational data
Austria,Burgenland,AT11,2020-47,823.608526131316,Epidemic intelligence subnational data
Austria,Burgenland,AT11,2020-48,614.055346492956,Epidemic intelligence subnational data
Austria,Burgenland,AT11,2020-49,465.635995598364,Epidemic intelligence subnational data
Austria,Burgenland,AT11,2020-50,357.632898151041,Epidemic intelligence subnational data
Austria,Burgenland,AT11,2020-51,265.59252265348,Epidemic intelligence subnational data
Austria,Burgenland,AT11,2020-52,232.648181608227,Epidemic intelligence subnational data
Austria,Burgenland,AT11,2020-53,254.384654050456,Epidemic intelligence subnational data
Austria,Burgenland,AT11,2021-01,283.5930388947,Epidemic intelligence subnational data
Austria,Burgenland,AT11,2021-02,252.007227377087,Epidemic intelligence subnational data
Austria,Burgenland,AT11,2021-03,217.704356804195,Epidemic intelligence subnational data
Austria,Burgenland,AT11,2021-04,196.307516743876,Epidemic intelligence subnational data
Austria,Burgenland,AT11,2021-05,187.816707196131,Epidemic intelligence subnational data
Austria,Burgenland,AT11,2021-06,206.496488201171,Epidemic intelligence subnational data
Austria,Burgenland,AT11,2021-07,252.007227377087,Epidemic intelligence subnational data
Austria,Burgenland,AT11,2021-08,320.952600904781,Epidemic intelligence subnational data
Austria,Burgenland,AT11,2021-09,394.992460161122,Epidemic intelligence subnational data
Austria,Burgenland,AT11,2021-10,466.654892744094,Epidemic intelligence subnational data
Austria,Burgenland,AT11,2021-11,495.863277588338,Epidemic intelligence subnational data
Austria,Burgenland,AT11,2021-12,537.298428181337,Epidemic intelligence subnational data
Austria,Burgenland,AT11,2021-13,513.184529065739,Epidemic intelligence subnational data
Austria,Burgenland,AT11,2021-14,404.502166854597,Epidemic intelligence subnational data
Austria,Burgenland,AT11,2021-15,307.367305628388,Epidemic intelligence subnational data
Austria,Burgenland,AT11,2021-16,236.044505427326,Epidemic intelligence subnational data
Austria,Burgenland,AT11,2021-17,195.967884361967,Epidemic intelligence subnational data
Austria,Burgenland,AT11,2021-18,135.513320382018,Epidemic intelligence subnational data
Austria,Burgenland,AT11,2021-19,83.5495659498159,Epidemic intelligence subnational data
Austria,Burgenland,AT11,2021-20,60.1149315980383,Epidemic intelligence subnational data
Austria,Burgenland,AT11,2021-21,49.9259601407437,Epidemic intelligence subnational data
Austria,Burgenland,AT11,2021-22,31.9254438995232,Epidemic intelligence subnational data
Austria,Burgenland,AT11,2021-23,21.0572076784089,Epidemic intelligence subnational data
Austria,Burgenland,AT11,2021-24,22.4157372060482,Epidemic intelligence subnational data
Austria,Burgenland,AT11,2021-25,22.4157372060482,Epidemic intelligence subnational data
Austria,Burgenland,AT11,2021-26,20.0383105326794,Epidemic intelligence subnational data
Austria,Burgenland,AT11,2021-27,17.3212514774009,Epidemic intelligence subnational data
Austria,Burgenland,AT11,2021-28,16.3023543316714,Epidemic intelligence subnational data
Austria,Burgenland,AT11,2021-29,20.7175752964991,Epidemic intelligence subnational data
Austria,Burgenland,AT11,2021-30,33.6236058090723,Epidemic intelligence subnational data
Austria,Burgenland,AT11,2021-31,37.6991943919901,Epidemic intelligence subnational data
Austria,Burgenland,AT11,2021-32,55.020445869391,Epidemic intelligence subnational data
Austria,Burgenland,AT11,2021-33,92.3800078794713,Epidemic intelligence subnational data
Austria,Burgenland,AT11,2021-34,120.569495577986,Epidemic intelligence subnational data
Austria,Burgenland,AT11,2021-35,163.363175698624,Epidemic intelligence subnational data
Austria,Burgenland,AT11,2021-36,193.250825306688,Epidemic intelligence subnational data
Austria,Burgenland,AT11,2021-37,196.307516743876,Epidemic intelligence subnational data
Austria,Burgenland,AT11,2021-38,162.004646170985,Epidemic intelligence subnational data
Austria,Burgenland,AT11,2021-39,144.004129929764,Epidemic intelligence subnational data
Austria,Burgenland,AT11,2021-40,178.986265266476,Epidemic intelligence subnational data
Austria,Burgenland,AT11,2021-41,190.873398633319,Epidemic intelligence subnational data
Austria,Burgenland,AT11,2021-42,255.063918814275,Epidemic intelligence subnational data
Austria,Burgenland,AT11,2021-43,419.106359276719,Epidemic intelligence subnational data
Austria,Burgenland,AT11,2021-44,779.456316483039,Epidemic intelligence subnational data
Austria,Burgenland,AT11,2021-45,1134.03252319689,Epidemic intelligence subnational data
Austria,Burgenland,AT11,2021-46,1369.05813147849,Epidemic intelligence subnational data
Austria,Burgenland,AT11,2021-47,1371.77519053377,Epidemic intelligence subnational data
Austria,Burgenland,AT11,2021-48,1013.80266000082,Epidemic intelligence subnational data
Austria,Burgenland,AT11,2021-49,592.998138814547,Epidemic intelligence subnational data
Austria,Burgenland,AT11,2021-50,326.726351397248,Epidemic intelligence subnational data
Austria,Burgenland,AT11,2021-51,261.177301688652,Epidemic intelligence subnational data
Austria,Burgenland,AT11,2021-52,311.103261829396,Epidemic intelligence subnational data
Austria,Burgenland,AT11,2022-01,522.014970995395,Epidemic intelligence subnational data
Austria,Burgenland,AT11,2022-02,1087.50288687525,Epidemic intelligence subnational data
Austria,Burgenland,AT11,2022-03,2193.00628999171,Epidemic intelligence subnational data
Austria,Burgenland,AT11,2022-04,3543.38464046516,Epidemic intelligence subnational data
Austria,Niederosterreich,AT12,2020-13,,Epidemic intelligence subnational data
Austria,Niederosterreich,AT12,2020-14,85.555490246021,Epidemic intelligence subnational data
Austria,Niederosterreich,AT12,2020-15,53.3163291054316,Epidemic intelligence subnational data
Austria,Niederosterreich,AT12,2020-16,30.8735981456842,Epidemic intelligence subnational data
Austria,Niederosterreich,AT12,2020-17,11.9932054335158,Epidemic intelligence subnational data
Austria,Niederosterreich,AT12,2020-18,7.83714414467368,Epidemic intelligence subnational data
Austria,Niederosterreich,AT12,2020-19,6.35283654151579,Epidemic intelligence subnational data
Austria,Niederosterreich,AT12,2020-20,6.7684426704,Epidemic intelligence subnational data
Austria,Niederosterreich,AT12,2020-21,6.47158114976842,Epidemic intelligence subnational data
Austria,Niederosterreich,AT12,2020-22,4.39355050534737,Epidemic intelligence subnational data
Austria,Niederosterreich,AT12,2020-23,2.61238138155789,Epidemic intelligence subnational data
Austria,Niederosterreich,AT12,2020-24,3.26547672694737,Epidemic intelligence subnational data
Austria,Niederosterreich,AT12,2020-25,4.33417820122105,Epidemic intelligence subnational data
Austria,Niederosterreich,AT12,2020-26,4.86852893835789,Epidemic intelligence subnational data
Austria,Niederosterreich,AT12,2020-27,4.39355050534737,Epidemic intelligence subnational data
Austria,Niederosterreich,AT12,2020-28,4.27480589709474,Epidemic intelligence subnational data
Austria,Niederosterreich,AT12,2020-29,9.49956866021052,Epidemic intelligence subnational data
Austria,Niederosterreich,AT12,2020-30,13.8337468614316,Epidemic intelligence subnational data
Austria,Niederosterreich,AT12,2020-31,12.8244176912842,Epidemic intelligence subnational data
Austria,Niederosterreich,AT12,2020-32,10.9245039592421,Epidemic intelligence subnational data
Austria,Niederosterreich,AT12,2020-33,13.7150022531789,Epidemic intelligence subnational data
Austria,Niederosterreich,AT12,2020-34,19.8303495781895,Epidemic intelligence subnational data
Austria,Niederosterreich,AT12,2020-35,24.0457831711579,Epidemic intelligence subnational data
Austria,Niederosterreich,AT12,2020-36,29.9830135837895,Epidemic intelligence subnational data
Austria,Niederosterreich,AT12,2020-37,49.6352462496,Epidemic intelligence subnational data
Austria,Niederosterreich,AT12,2020-38,84.0118103387368,Epidemic intelligence subnational data
Austria,Niederosterreich,AT12,2020-39,99.7454709322105,Epidemic intelligence subnational data
Austria,Niederosterreich,AT12,2020-40,100.339193973474,Epidemic intelligence subnational data
Austria,Niederosterreich,AT12,2020-41,120.882011201179,Epidemic intelligence subnational data
Austria,Niederosterreich,AT12,2020-42,150.746280176716,Epidemic intelligence subnational data
Austria,Niederosterreich,AT12,2020-43,237.964194938274,Epidemic intelligence subnational data
Austria,Niederosterreich,AT12,2020-44,434.902127725263,Epidemic intelligence subnational data
Austria,Niederosterreich,AT12,2020-45,664.91043391061,Epidemic intelligence subnational data
Austria,Niederosterreich,AT12,2020-46,783.239436034358,Epidemic intelligence subnational data
Austria,Niederosterreich,AT12,2020-47,746.013001347158,Epidemic intelligence subnational data
Austria,Niederosterreich,AT12,2020-48,623.17170410981,Epidemic intelligence subnational data
Austria,Niederosterreich,AT12,2020-49,499.796056135326,Epidemic intelligence subnational data
Austria,Niederosterreich,AT12,2020-50,406.700283265263,Epidemic intelligence subnational data
Austria,Niederosterreich,AT12,2020-51,334.147327622905,Epidemic intelligence subnational data
Austria,Niederosterreich,AT12,2020-52,287.658813492,Epidemic intelligence subnational data
Austria,Niederosterreich,AT12,2020-53,286.827601234232,Epidemic intelligence subnational data
Austria,Niederosterreich,AT12,2021-01,302.264400307074,Epidemic intelligence subnational data
Austria,Niederosterreich,AT12,2021-02,270.322100687116,Epidemic intelligence subnational data
Austria,Niederosterreich,AT12,2021-03,230.60202922661,Epidemic intelligence subnational data
Austria,Niederosterreich,AT12,2021-04,211.602891906189,Epidemic intelligence subnational data
Austria,Niederosterreich,AT12,2021-05,210.9497965608,Epidemic intelligence subnational data
Austria,Niederosterreich,AT12,2021-06,226.030361808884,Epidemic intelligence subnational data
Austria,Niederosterreich,AT12,2021-07,274.893768104842,Epidemic intelligence subnational data
Austria,Niederosterreich,AT12,2021-08,355.936963237263,Epidemic intelligence subnational data
Austria,Niederosterreich,AT12,2021-09,412.578141373768,Epidemic intelligence subnational data
Austria,Niederosterreich,AT12,2021-10,443.511111823579,Epidemic intelligence subnational data
Austria,Niederosterreich,AT12,2021-11,506.208264980968,Epidemic intelligence subnational data
Austria,Niederosterreich,AT12,2021-12,555.071671276926,Epidemic intelligence subnational data
Austria,Niederosterreich,AT12,2021-13,552.399917591242,Epidemic intelligence subnational data
Austria,Niederosterreich,AT12,2021-14,465.24137513381,Epidemic intelligence subnational data
Austria,Niederosterreich,AT12,2021-15,349.584126695747,Epidemic intelligence subnational data
Austria,Niederosterreich,AT12,2021-16,279.227946306063,Epidemic intelligence subnational data
Austria,Niederosterreich,AT12,2021-17,218.965057617853,Epidemic intelligence subnational data
Austria,Niederosterreich,AT12,2021-18,166.658057682568,Epidemic intelligence subnational data
Austria,Niederosterreich,AT12,2021-19,113.519845489516,Epidemic intelligence subnational data
Austria,Niederosterreich,AT12,2021-20,83.4180872974737,Epidemic intelligence subnational data
Austria,Niederosterreich,AT12,2021-21,71.8404879928421,Epidemic intelligence subnational data
Austria,Niederosterreich,AT12,2021-22,58.1848580437895,Epidemic intelligence subnational data
Austria,Niederosterreich,AT12,2021-23,41.0262621512842,Epidemic intelligence subnational data
Austria,Niederosterreich,AT12,2021-24,27.0737706816,Epidemic intelligence subnational data
Austria,Niederosterreich,AT12,2021-25,16.3867559388632,Epidemic intelligence subnational data
Austria,Niederosterreich,AT12,2021-26,12.9431622995368,Epidemic intelligence subnational data
Austria,Niederosterreich,AT12,2021-27,14.2493529903158,Epidemic intelligence subnational data
Austria,Niederosterreich,AT12,2021-28,24.0457831711579,Epidemic intelligence subnational data
Austria,Niederosterreich,AT12,2021-29,32.4766503570947,Epidemic intelligence subnational data
Austria,Niederosterreich,AT12,2021-30,43.4605266204631,Epidemic intelligence subnational data
Austria,Niederosterreich,AT12,2021-31,56.3443166158737,Epidemic intelligence subnational data
Austria,Niederosterreich,AT12,2021-32,79.7963767457684,Epidemic intelligence subnational data
Austria,Niederosterreich,AT12,2021-33,120.110171247537,Epidemic intelligence subnational data
Austria,Niederosterreich,AT12,2021-34,148.015154186905,Epidemic intelligence subnational data
Austria,Niederosterreich,AT12,2021-35,177.345072425305,Epidemic intelligence subnational data
Austria,Niederosterreich,AT12,2021-36,252.391664840968,Epidemic intelligence subnational data
Austria,Niederosterreich,AT12,2021-37,293.239810079874,Epidemic intelligence subnational data
Austria,Niederosterreich,AT12,2021-38,255.894630784421,Epidemic intelligence subnational data
Austria,Niederosterreich,AT12,2021-39,227.099063283158,Epidemic intelligence subnational data
Austria,Niederosterreich,AT12,2021-40,235.054952036084,Epidemic intelligence subnational data
Austria,Niederosterreich,AT12,2021-41,310.339033668253,Epidemic intelligence subnational data
Austria,Niederosterreich,AT12,2021-42,471.237977850568,Epidemic intelligence subnational data
Austria,Niederosterreich,AT12,2021-43,699.227625695621,Epidemic intelligence subnational data
Austria,Niederosterreich,AT12,2021-44,1060.09249017537,Epidemic intelligence subnational data
Austria,Niederosterreich,AT12,2021-45,1522.78085623175,Epidemic intelligence subnational data
Austria,Niederosterreich,AT12,2021-46,1850.51597500901,Epidemic intelligence subnational data
Austria,Niederosterreich,AT12,2021-47,1737.05550182362,Epidemic intelligence subnational data
Austria,Niederosterreich,AT12,2021-48,1252.51812784876,Epidemic intelligence subnational data
Austria,Niederosterreich,AT12,2021-49,777.064716405221,Epidemic intelligence subnational data
Austria,Niederosterreich,AT12,2021-50,473.909731536252,Epidemic intelligence subnational data
Austria,Niederosterreich,AT12,2021-51,328.150724906147,Epidemic intelligence subnational data
Austria,Niederosterreich,AT12,2021-52,344.596853149137,Epidemic intelligence subnational data
Austria,Niederosterreich,AT12,2022-01,708.786566659958,Epidemic intelligence subnational data
Austria,Niederosterreich,AT12,2022-02,1469.82076095107,Epidemic intelligence subnational data
Austria,Niederosterreich,AT12,2022-03,2498.683419156,Epidemic intelligence subnational data
Austria,Niederosterreich,AT12,2022-04,3629.07271741693,Epidemic intelligence subnational data
Austria,Wien,AT13,2020-13,,Epidemic intelligence subnational data
Austria,Wien,AT13,2020-14,66.2414170012312,Epidemic intelligence subnational data
Austria,Wien,AT13,2020-15,46.4631740103422,Epidemic intelligence subnational data
Austria,Wien,AT13,2020-16,26.266343866207,Epidemic intelligence subnational data
Austria,Wien,AT13,2020-17,18.0515709837478,Epidemic intelligence subnational data
Austria,Wien,AT13,2020-18,16.9527797064762,Epidemic intelligence subnational data
Austria,Wien,AT13,2020-19,16.4295457649183,Epidemic intelligence subnational data
Austria,Wien,AT13,2020-20,20.0921833558237,Epidemic intelligence subnational data
Austria,Wien,AT13,2020-21,21.0340044506279,Epidemic intelligence subnational data
Austria,Wien,AT13,2020-22,16.5341925532299,Epidemic intelligence subnational data
Austria,Wien,AT13,2020-23,16.9527797064762,Epidemic intelligence subnational data
Austria,Wien,AT13,2020-24,14.755197151933,Epidemic intelligence subnational data
Austria,Wien,AT13,2020-25,13.9703462395962,Epidemic intelligence subnational data
Austria,Wien,AT13,2020-26,15.016814122712,Epidemic intelligence subnational data
Austria,Wien,AT13,2020-27,18.9933920785521,Epidemic intelligence subnational data
Austria,Wien,AT13,2020-28,21.50491499803,Epidemic intelligence subnational data
Austria,Wien,AT13,2020-29,24.1734080999754,Epidemic intelligence subnational data
Austria,Wien,AT13,2020-30,30.6615089752934,Epidemic intelligence subnational data
Austria,Wien,AT13,2020-31,34.8997039019125,Epidemic intelligence subnational data
Austria,Wien,AT13,2020-32,37.9344607629483,Epidemic intelligence subnational data
Austria,Wien,AT13,2020-33,51.1199560902076,Epidemic intelligence subnational data
Austria,Wien,AT13,2020-34,79.4792357226463,Epidemic intelligence subnational data
Austria,Wien,AT13,2020-35,92.9263480206845,Epidemic intelligence subnational data
Austria,Wien,AT13,2020-36,103.024763092752,Epidemic intelligence subnational data
Austria,Wien,AT13,2020-37,158.068973744644,Epidemic intelligence subnational data
Austria,Wien,AT13,2020-38,222.269778373799,Epidemic intelligence subnational data
Austria,Wien,AT13,2020-39,231.844959504309,Epidemic intelligence subnational data
Austria,Wien,AT13,2020-40,234.670422788722,Epidemic intelligence subnational data
Austria,Wien,AT13,2020-41,275.953580777641,Epidemic intelligence subnational data
Austria,Wien,AT13,2020-42,292.487773330871,Epidemic intelligence subnational data
Austria,Wien,AT13,2020-43,367.519520550275,Epidemic intelligence subnational data
Austria,Wien,AT13,2020-44,563.209014692932,Epidemic intelligence subnational data
Austria,Wien,AT13,2020-45,663.30366771296,Epidemic intelligence subnational data
Austria,Wien,AT13,2020-46,752.410407960272,Epidemic intelligence subnational data
Austria,Wien,AT13,2020-47,741.160878216777,Epidemic intelligence subnational data
Austria,Wien,AT13,2020-48,551.1746340371,Epidemic intelligence subnational data
Austria,Wien,AT13,2020-49,431.35406142034,Epidemic intelligence subnational data
Austria,Wien,AT13,2020-50,363.59526598859,Epidemic intelligence subnational data
Austria,Wien,AT13,2020-51,293.691211396454,Epidemic intelligence subnational data
Austria,Wien,AT13,2020-52,241.106200269884,Epidemic intelligence subnational data
Austria,Wien,AT13,2020-53,232.525163628334,Epidemic intelligence subnational data
Austria,Wien,AT13,2021-01,244.454897495855,Epidemic intelligence subnational data
Austria,Wien,AT13,2021-02,233.728601693918,Epidemic intelligence subnational data
Austria,Wien,AT13,2021-03,201.026480346548,Epidemic intelligence subnational data
Austria,Wien,AT13,2021-04,191.817562975129,Epidemic intelligence subnational data
Austria,Wien,AT13,2021-05,185.800372647213,Epidemic intelligence subnational data
Austria,Wien,AT13,2021-06,196.422021660839,Epidemic intelligence subnational data
Austria,Wien,AT13,2021-07,242.623578700402,Epidemic intelligence subnational data
Austria,Wien,AT13,2021-08,315.771683730198,Epidemic intelligence subnational data
Austria,Wien,AT13,2021-09,395.721830000246,Epidemic intelligence subnational data
Austria,Wien,AT13,2021-10,454.794942002134,Epidemic intelligence subnational data
Austria,Wien,AT13,2021-11,545.942294621521,Epidemic intelligence subnational data
Austria,Wien,AT13,2021-12,621.28798220586,Epidemic intelligence subnational data
Austria,Wien,AT13,2021-13,610.666333192235,Epidemic intelligence subnational data
Austria,Wien,AT13,2021-14,544.895826738406,Epidemic intelligence subnational data
Austria,Wien,AT13,2021-15,487.758680320282,Epidemic intelligence subnational data
Austria,Wien,AT13,2021-16,414.662898684642,Epidemic intelligence subnational data
Austria,Wien,AT13,2021-17,319.120380956168,Epidemic intelligence subnational data
Austria,Wien,AT13,2021-18,231.897282898465,Epidemic intelligence subnational data
Austria,Wien,AT13,2021-19,149.749554073873,Epidemic intelligence subnational data
Austria,Wien,AT13,2021-20,102.658499333662,Epidemic intelligence subnational data
Austria,Wien,AT13,2021-21,72.8341646648608,Epidemic intelligence subnational data
Austria,Wien,AT13,2021-22,59.7009927317573,Epidemic intelligence subnational data
Austria,Wien,AT13,2021-23,58.3405844837068,Epidemic intelligence subnational data
Austria,Wien,AT13,2021-24,53.4745088272182,Epidemic intelligence subnational data
Austria,Wien,AT13,2021-25,40.759924047361,Epidemic intelligence subnational data
Austria,Wien,AT13,2021-26,34.010206201264,Epidemic intelligence subnational data
Austria,Wien,AT13,2021-27,42.4865960545021,Epidemic intelligence subnational data
Austria,Wien,AT13,2021-28,61.3230179505868,Epidemic intelligence subnational data
Austria,Wien,AT13,2021-29,73.4097220005745,Epidemic intelligence subnational data
Austria,Wien,AT13,2021-30,85.548749444718,Epidemic intelligence subnational data
Austria,Wien,AT13,2021-31,99.1528319252236,Epidemic intelligence subnational data
Austria,Wien,AT13,2021-32,135.046680316096,Epidemic intelligence subnational data
Austria,Wien,AT13,2021-33,205.264675273167,Epidemic intelligence subnational data
Austria,Wien,AT13,2021-34,264.285463880899,Epidemic intelligence subnational data
Austria,Wien,AT13,2021-35,314.149658511368,Epidemic intelligence subnational data
Austria,Wien,AT13,2021-36,384.73391722753,Epidemic intelligence subnational data
Austria,Wien,AT13,2021-37,425.1275775158,Epidemic intelligence subnational data
Austria,Wien,AT13,2021-38,376.728437921694,Epidemic intelligence subnational data
Austria,Wien,AT13,2021-39,320.951699751621,Epidemic intelligence subnational data
Austria,Wien,AT13,2021-40,299.499108147747,Epidemic intelligence subnational data
Austria,Wien,AT13,2021-41,276.738431689978,Epidemic intelligence subnational data
Austria,Wien,AT13,2021-42,312.475309898383,Epidemic intelligence subnational data
Austria,Wien,AT13,2021-43,404.512160218419,Epidemic intelligence subnational data
Austria,Wien,AT13,2021-44,609.72451209743,Epidemic intelligence subnational data
Austria,Wien,AT13,2021-45,864.382471453664,Epidemic intelligence subnational data
Austria,Wien,AT13,2021-46,1091.88458924304,Epidemic intelligence subnational data
Austria,Wien,AT13,2021-47,1096.4367245346,Epidemic intelligence subnational data
Austria,Wien,AT13,2021-48,827.285184997209,Epidemic intelligence subnational data
Austria,Wien,AT13,2021-49,578.539769180579,Epidemic intelligence subnational data
Austria,Wien,AT13,2021-50,415.029162443733,Epidemic intelligence subnational data
Austria,Wien,AT13,2021-51,362.496474711319,Epidemic intelligence subnational data
Austria,Wien,AT13,2021-52,517.216751229992,Epidemic intelligence subnational data
Austria,Wien,AT13,2022-01,1266.22613857014,Epidemic intelligence subnational data
Austria,Wien,AT13,2022-02,2627.20994395641,Epidemic intelligence subnational data
Austria,Wien,AT13,2022-03,4264.40894709111,Epidemic intelligence subnational data
Austria,Wien,AT13,2022-04,5480.9801846074,Epidemic intelligence subnational data
Austria,Karnten,AT21,2020-13,,Epidemic intelligence subnational data
Austria,Karnten,AT21,2020-14,39.7296955422569,Epidemic intelligence subnational data
Austria,Karnten,AT21,2020-15,23.5171291999009,Epidemic intelligence subnational data
Austria,Karnten,AT21,2020-16,11.402244460558,Epidemic intelligence subnational data
Austria,Karnten,AT21,2020-17,1.95976076665841,Epidemic intelligence subnational data
Austria,Karnten,AT21,2020-18,1.06896041817732,Epidemic intelligence subnational data
Austria,Karnten,AT21,2020-19,0.178160069696219,Epidemic intelligence subnational data
Austria,Karnten,AT21,2020-20,0.356320139392439,Epidemic intelligence subnational data
Austria,Karnten,AT21,2020-21,0.356320139392439,Epidemic intelligence subnational data
Austria,Karnten,AT21,2020-22,0.712640278784877,Epidemic intelligence subnational data
Austria,Karnten,AT21,2020-23,0.712640278784877,Epidemic intelligence subnational data
Austria,Karnten,AT21,2020-24,0.356320139392439,Epidemic intelligence subnational data
Austria,Karnten,AT21,2020-25,1.24712048787353,Epidemic intelligence subnational data
Austria,Karnten,AT21,2020-26,2.67240104544329,Epidemic intelligence subnational data
Austria,Karnten,AT21,2020-27,2.31608090605085,Epidemic intelligence subnational data
Austria,Karnten,AT21,2020-28,2.67240104544329,Epidemic intelligence subnational data
Austria,Karnten,AT21,2020-29,2.85056111513951,Epidemic intelligence subnational data
Austria,Karnten,AT21,2020-30,1.78160069696219,Epidemic intelligence subnational data
Austria,Karnten,AT21,2020-31,3.20688125453195,Epidemic intelligence subnational data
Austria,Karnten,AT21,2020-32,7.48272292724121,Epidemic intelligence subnational data
Austria,Karnten,AT21,2020-33,19.4194475968879,Epidemic intelligence subnational data
Austria,Karnten,AT21,2020-34,20.8447281544577,Epidemic intelligence subnational data
Austria,Karnten,AT21,2020-35,11.0459243211656,Epidemic intelligence subnational data
Austria,Karnten,AT21,2020-36,7.12640278784877,Epidemic intelligence subnational data
Austria,Karnten,AT21,2020-37,10.1551239726845,Epidemic intelligence subnational data
Austria,Karnten,AT21,2020-38,20.4884080150652,Epidemic intelligence subnational data
Austria,Karnten,AT21,2020-39,30.8216920574459,Epidemic intelligence subnational data
Austria,Karnten,AT21,2020-40,39.017055263472,Epidemic intelligence subnational data
Austria,Karnten,AT21,2020-41,57.723862581575,Epidemic intelligence subnational data
Austria,Karnten,AT21,2020-42,88.545554639021,Epidemic intelligence subnational data
Austria,Karnten,AT21,2020-43,129.344210599455,Epidemic intelligence subnational data
Austria,Karnten,AT21,2020-44,280.958429910938,Epidemic intelligence subnational data
Austria,Karnten,AT21,2020-45,565.836381355192,Epidemic intelligence subnational data
Austria,Karnten,AT21,2020-46,993.598708695815,Epidemic intelligence subnational data
Austria,Karnten,AT21,2020-47,1216.47695588579,Epidemic intelligence subnational data
Austria,Karnten,AT21,2020-48,1093.01202758631,Epidemic intelligence subnational data
Austria,Karnten,AT21,2020-49,830.938565063167,Epidemic intelligence subnational data
Austria,Karnten,AT21,2020-50,603.962636270183,Epidemic intelligence subnational data
Austria,Karnten,AT21,2020-51,515.238921561466,Epidemic intelligence subnational data
Austria,Karnten,AT21,2020-52,444.687533961763,Epidemic intelligence subnational data
Austria,Karnten,AT21,2020-53,429.365767967888,Epidemic intelligence subnational data
Austria,Karnten,AT21,2021-01,455.19897807384,Epidemic intelligence subnational data
Austria,Karnten,AT21,2021-02,393.377433889252,Epidemic intelligence subnational data
Austria,Karnten,AT21,2021-03,313.561722665346,Epidemic intelligence subnational data
Austria,Karnten,AT21,2021-04,283.808991026077,Epidemic intelligence subnational data
Austria,Karnten,AT21,2021-05,255.481539944378,Epidemic intelligence subnational data
Austria,Karnten,AT21,2021-06,256.194180223163,Epidemic intelligence subnational data
Austria,Karnten,AT21,2021-07,271.159626077646,Epidemic intelligence subnational data
Austria,Karnten,AT21,2021-08,315.699643501701,Epidemic intelligence subnational data
Austria,Karnten,AT21,2021-09,356.141979322742,Epidemic intelligence subnational data
Austria,Karnten,AT21,2021-10,394.268234237733,Epidemic intelligence subnational data
Austria,Karnten,AT21,2021-11,393.733754028645,Epidemic intelligence subnational data
Austria,Karnten,AT21,2021-12,384.113110265049,Epidemic intelligence subnational data
Austria,Karnten,AT21,2021-13,408.877359952823,Epidemic intelligence subnational data
Austria,Karnten,AT21,2021-14,415.469282531583,Epidemic intelligence subnational data
Austria,Karnten,AT21,2021-15,398.544075910443,Epidemic intelligence subnational data
Austria,Karnten,AT21,2021-16,358.458060228793,Epidemic intelligence subnational data
Austria,Karnten,AT21,2021-17,312.849082386561,Epidemic intelligence subnational data
Austria,Karnten,AT21,2021-18,249.245937505011,Epidemic intelligence subnational data
Austria,Karnten,AT21,2021-19,175.665828720472,Epidemic intelligence subnational data
Austria,Karnten,AT21,2021-20,115.44772516315,Epidemic intelligence subnational data
Austria,Karnten,AT21,2021-21,72.6893084360575,Epidemic intelligence subnational data
Austria,Karnten,AT21,2021-22,52.5572205603847,Epidemic intelligence subnational data
Austria,Karnten,AT21,2021-23,38.1262549149909,Epidemic intelligence subnational data
Austria,Karnten,AT21,2021-24,21.3792083635463,Epidemic intelligence subnational data
Austria,Karnten,AT21,2021-25,8.90800348481096,Epidemic intelligence subnational data
Austria,Karnten,AT21,2021-26,2.85056111513951,Epidemic intelligence subnational data
Austria,Karnten,AT21,2021-27,7.66088299693743,Epidemic intelligence subnational data
Austria,Karnten,AT21,2021-28,22.9826489908123,Epidemic intelligence subnational data
Austria,Karnten,AT21,2021-29,40.620495890738,Epidemic intelligence subnational data
Austria,Karnten,AT21,2021-30,58.7928229997524,Epidemic intelligence subnational data
Austria,Karnten,AT21,2021-31,67.7008264845633,Epidemic intelligence subnational data
Austria,Karnten,AT21,2021-32,83.5570726875268,Epidemic intelligence subnational data
Austria,Karnten,AT21,2021-33,105.470761260162,Epidemic intelligence subnational data
Austria,Karnten,AT21,2021-34,115.091405023758,Epidemic intelligence subnational data
Austria,Karnten,AT21,2021-35,145.734937011507,Epidemic intelligence subnational data
Austria,Karnten,AT21,2021-36,185.642792623461,Epidemic intelligence subnational data
Austria,Karnten,AT21,2021-37,206.843840917311,Epidemic intelligence subnational data
Austria,Karnten,AT21,2021-38,220.205846144527,Epidemic intelligence subnational data
Austria,Karnten,AT21,2021-39,257.797620850429,Epidemic intelligence subnational data
Austria,Karnten,AT21,2021-40,277.395228517013,Epidemic intelligence subnational data
Austria,Karnten,AT21,2021-41,275.435467750355,Epidemic intelligence subnational data
Austria,Karnten,AT21,2021-42,398.544075910443,Epidemic intelligence subnational data
Austria,Karnten,AT21,2021-43,637.10040923368,Epidemic intelligence subnational data
Austria,Karnten,AT21,2021-44,1002.32855211093,Epidemic intelligence subnational data
Austria,Karnten,AT21,2021-45,1546.25124489349,Epidemic intelligence subnational data
Austria,Karnten,AT21,2021-46,2344.94283734164,Epidemic intelligence subnational data
Austria,Karnten,AT21,2021-47,2845.57263318801,Epidemic intelligence subnational data
Austria,Karnten,AT21,2021-48,2230.74223266636,Epidemic intelligence subnational data
Austria,Karnten,AT21,2021-49,1223.78151874333,Epidemic intelligence subnational data
Austria,Karnten,AT21,2021-50,641.732571045782,Epidemic intelligence subnational data
Austria,Karnten,AT21,2021-51,386.251031101403,Epidemic intelligence subnational data
Austria,Karnten,AT21,2021-52,337.969652213728,Epidemic intelligence subnational data
Austria,Karnten,AT21,2022-01,619.818882473147,Epidemic intelligence subnational data
Austria,Karnten,AT21,2022-02,1232.68952222814,Epidemic intelligence subnational data
Austria,Karnten,AT21,2022-03,2336.74747413561,Epidemic intelligence subnational data
Austria,Karnten,AT21,2022-04,3800.33244669005,Epidemic intelligence subnational data
Austria,Steiermark,AT22,2020-13,,Epidemic intelligence subnational data
Austria,Steiermark,AT22,2020-14,69.0792244834102,Epidemic intelligence subnational data
Austria,Steiermark,AT22,2020-15,49.5829973643989,Epidemic intelligence subnational data
Austria,Steiermark,AT22,2020-16,27.6798286257567,Epidemic intelligence subnational data
Austria,Steiermark,AT22,2020-17,15.0032694290333,Epidemic intelligence subnational data
Austria,Steiermark,AT22,2020-18,9.22660954191889,Epidemic intelligence subnational data
Austria,Steiermark,AT22,2020-19,5.93712266175651,Epidemic intelligence subnational data
Austria,Steiermark,AT22,2020-20,3.85110659140963,Epidemic intelligence subnational data
Austria,Steiermark,AT22,2020-21,1.68485913374171,Epidemic intelligence subnational data
Austria,Steiermark,AT22,2020-22,1.12323942249447,Epidemic intelligence subnational data
Austria,Steiermark,AT22,2020-23,0.481388323926203,Epidemic intelligence subnational data
Austria,Steiermark,AT22,2020-24,0.481388323926203,Epidemic intelligence subnational data
Austria,Steiermark,AT22,2020-25,0.962776647852406,Epidemic intelligence subnational data
Austria,Steiermark,AT22,2020-26,2.00578468302585,Epidemic intelligence subnational data
Austria,Steiermark,AT22,2020-27,4.17203214069376,Epidemic intelligence subnational data
Austria,Steiermark,AT22,2020-28,5.77665988711444,Epidemic intelligence subnational data
Austria,Steiermark,AT22,2020-29,7.06036208425098,Epidemic intelligence subnational data
Austria,Steiermark,AT22,2020-30,10.1091548024503,Epidemic intelligence subnational data
Austria,Steiermark,AT22,2020-31,8.90568399263476,Epidemic intelligence subnational data
Austria,Steiermark,AT22,2020-32,5.61619711247237,Epidemic intelligence subnational data
Austria,Steiermark,AT22,2020-33,8.82545260531373,Epidemic intelligence subnational data
Austria,Steiermark,AT22,2020-34,16.8485913374171,Epidemic intelligence subnational data
Austria,Steiermark,AT22,2020-35,23.0264081611367,Epidemic intelligence subnational data
Austria,Steiermark,AT22,2020-36,25.3531183934467,Epidemic intelligence subnational data
Austria,Steiermark,AT22,2020-37,32.0925549284135,Epidemic intelligence subnational data
Austria,Steiermark,AT22,2020-38,47.0958243574469,Epidemic intelligence subnational data
Austria,Steiermark,AT22,2020-39,49.823691526362,Epidemic intelligence subnational data
Austria,Steiermark,AT22,2020-40,44.6086513504948,Epidemic intelligence subnational data
Austria,Steiermark,AT22,2020-41,57.8468302584654,Epidemic intelligence subnational data
Austria,Steiermark,AT22,2020-42,101.733399123071,Epidemic intelligence subnational data
Austria,Steiermark,AT22,2020-43,212.532945013419,Epidemic intelligence subnational data
Austria,Steiermark,AT22,2020-44,442.877258012107,Epidemic intelligence subnational data
Austria,Steiermark,AT22,2020-45,756.261056888065,Epidemic intelligence subnational data
Austria,Steiermark,AT22,2020-46,903.886809558768,Epidemic intelligence subnational data
Austria,Steiermark,AT22,2020-47,838.658691666767,Epidemic intelligence subnational data
Austria,Steiermark,AT22,2020-48,735.079970635312,Epidemic intelligence subnational data
Austria,Steiermark,AT22,2020-49,624.842044456212,Epidemic intelligence subnational data
Austria,Steiermark,AT22,2020-50,499.600848848078,Epidemic intelligence subnational data
Austria,Steiermark,AT22,2020-51,387.758294922557,Epidemic intelligence subnational data
Austria,Steiermark,AT22,2020-52,313.624493037921,Epidemic intelligence subnational data
Austria,Steiermark,AT22,2020-53,296.856133087825,Epidemic intelligence subnational data
Austria,Steiermark,AT22,2021-01,314.186112749169,Epidemic intelligence subnational data
Austria,Steiermark,AT22,2021-02,271.5832460817,Epidemic intelligence subnational data
Austria,Steiermark,AT22,2021-03,220.796777907485,Epidemic intelligence subnational data
Austria,Steiermark,AT22,2021-04,224.407190336932,Epidemic intelligence subnational data
Austria,Steiermark,AT22,2021-05,230.986164097257,Epidemic intelligence subnational data
Austria,Steiermark,AT22,2021-06,239.169765604002,Epidemic intelligence subnational data
Austria,Steiermark,AT22,2021-07,277.84129429274,Epidemic intelligence subnational data
Austria,Steiermark,AT22,2021-08,310.254774770438,Epidemic intelligence subnational data
Austria,Steiermark,AT22,2021-09,324.937118650187,Epidemic intelligence subnational data
Austria,Steiermark,AT22,2021-10,351.253013691486,Epidemic intelligence subnational data
Austria,Steiermark,AT22,2021-11,374.118959077981,Epidemic intelligence subnational data
Austria,Steiermark,AT22,2021-12,392.331483999856,Epidemic intelligence subnational data
Austria,Steiermark,AT22,2021-13,379.815387577774,Epidemic intelligence subnational data
Austria,Steiermark,AT22,2021-14,338.736917269405,Epidemic intelligence subnational data
Austria,Steiermark,AT22,2021-15,322.85110257984,Epidemic intelligence subnational data
Austria,Steiermark,AT22,2021-16,349.648385945066,Epidemic intelligence subnational data
Austria,Steiermark,AT22,2021-17,351.734402015413,Epidemic intelligence subnational data
Austria,Steiermark,AT22,2021-18,301.268859390482,Epidemic intelligence subnational data
Austria,Steiermark,AT22,2021-19,212.292250851456,Epidemic intelligence subnational data
Austria,Steiermark,AT22,2021-20,124.92027005885,Epidemic intelligence subnational data
Austria,Steiermark,AT22,2021-21,81.3546267435283,Epidemic intelligence subnational data
Austria,Steiermark,AT22,2021-22,54.9585003149082,Epidemic intelligence subnational data
Austria,Steiermark,AT22,2021-23,33.6169512875132,Epidemic intelligence subnational data
Austria,Steiermark,AT22,2021-24,15.0032694290333,Epidemic intelligence subnational data
Austria,Steiermark,AT22,2021-25,7.06036208425098,Epidemic intelligence subnational data
Austria,Steiermark,AT22,2021-26,5.53596572515134,Epidemic intelligence subnational data
Austria,Steiermark,AT22,2021-27,10.9114686756606,Epidemic intelligence subnational data
Austria,Steiermark,AT22,2021-28,31.2100096678822,Epidemic intelligence subnational data
Austria,Steiermark,AT22,2021-29,40.9982389210483,Epidemic intelligence subnational data
Austria,Steiermark,AT22,2021-30,50.4655426249303,Epidemic intelligence subnational data
Austria,Steiermark,AT22,2021-31,63.2223332089747,Epidemic intelligence subnational data
Austria,Steiermark,AT22,2021-32,83.6813369758383,Epidemic intelligence subnational data
Austria,Steiermark,AT22,2021-33,128.610913875617,Epidemic intelligence subnational data
Austria,Steiermark,AT22,2021-34,152.359404522643,Epidemic intelligence subnational data
Austria,Steiermark,AT22,2021-35,163.270873198304,Epidemic intelligence subnational data
Austria,Steiermark,AT22,2021-36,192.635560957802,Epidemic intelligence subnational data
Austria,Steiermark,AT22,2021-37,222.642099815869,Epidemic intelligence subnational data
Austria,Steiermark,AT22,2021-38,211.249242816282,Epidemic intelligence subnational data
Austria,Steiermark,AT22,2021-39,227.455983055131,Epidemic intelligence subnational data
Austria,Steiermark,AT22,2021-40,285.623738862881,Epidemic intelligence subnational data
Austria,Steiermark,AT22,2021-41,321.326706220741,Epidemic intelligence subnational data
Austria,Steiermark,AT22,2021-42,421.134552048107,Epidemic intelligence subnational data
Austria,Steiermark,AT22,2021-43,589.700696809599,Epidemic intelligence subnational data
Austria,Steiermark,AT22,2021-44,864.49319838414,Epidemic intelligence subnational data
Austria,Steiermark,AT22,2021-45,1172.10033737298,Epidemic intelligence subnational data
Austria,Steiermark,AT22,2021-46,1417.76884534999,Epidemic intelligence subnational data
Austria,Steiermark,AT22,2021-47,1582.72457768204,Epidemic intelligence subnational data
Austria,Steiermark,AT22,2021-48,1395.14359412546,Epidemic intelligence subnational data
Austria,Steiermark,AT22,2021-49,895.863670826664,Epidemic intelligence subnational data
Austria,Steiermark,AT22,2021-50,504.334500700019,Epidemic intelligence subnational data
Austria,Steiermark,AT22,2021-51,329.430076340165,Epidemic intelligence subnational data
Austria,Steiermark,AT22,2021-52,291.400398749995,Epidemic intelligence subnational data
Austria,Steiermark,AT22,2022-01,524.151653368314,Epidemic intelligence subnational data
Austria,Steiermark,AT22,2022-02,1098.9293121362,Epidemic intelligence subnational data
Austria,Steiermark,AT22,2022-03,2169.6171759354,Epidemic intelligence subnational data
Austria,Steiermark,AT22,2022-04,3686.31132185222,Epidemic intelligence subnational data
Austria,Oberosterreich,AT31,2020-13,,Epidemic intelligence subnational data
Austria,Oberosterreich,AT31,2020-14,85.1518406956013,Epidemic intelligence subnational data
Austria,Oberosterreich,AT31,2020-15,40.9990344089932,Epidemic intelligence subnational data
Austria,Oberosterreich,AT31,2020-16,16.7082807984277,Epidemic intelligence subnational data
Austria,Oberosterreich,AT31,2020-17,7.98508198800359,Epidemic intelligence subnational data
Austria,Oberosterreich,AT31,2020-18,3.42217799485868,Epidemic intelligence subnational data
Austria,Oberosterreich,AT31,2020-19,1.40913211553005,Epidemic intelligence subnational data
Austria,Oberosterreich,AT31,2020-20,0.671015293109545,Epidemic intelligence subnational data
Austria,Oberosterreich,AT31,2020-21,1.20782752759718,Epidemic intelligence subnational data
Austria,Oberosterreich,AT31,2020-22,1.27492905690814,Epidemic intelligence subnational data
Austria,Oberosterreich,AT31,2020-23,1.61043670346291,Epidemic intelligence subnational data
Austria,Oberosterreich,AT31,2020-24,2.41565505519436,Epidemic intelligence subnational data
Austria,Oberosterreich,AT31,2020-25,2.14724893795055,Epidemic intelligence subnational data
Austria,Oberosterreich,AT31,2020-26,8.25348810524741,Epidemic intelligence subnational data
Austria,Oberosterreich,AT31,2020-27,27.3103224295585,Epidemic intelligence subnational data
Austria,Oberosterreich,AT31,2020-28,37.9123640606893,Epidemic intelligence subnational data
Austria,Oberosterreich,AT31,2020-29,34.4901860658306,Epidemic intelligence subnational data
Austria,Oberosterreich,AT31,2020-30,33.7520692434101,Epidemic intelligence subnational data
Austria,Oberosterreich,AT31,2020-31,28.2497438399119,Epidemic intelligence subnational data
Austria,Oberosterreich,AT31,2020-32,19.6607480881097,Epidemic intelligence subnational data
Austria,Oberosterreich,AT31,2020-33,24.0894490226327,Epidemic intelligence subnational data
Austria,Oberosterreich,AT31,2020-34,37.0400441796469,Epidemic intelligence subnational data
Austria,Oberosterreich,AT31,2020-35,41.5358466434809,Epidemic intelligence subnational data
Austria,Oberosterreich,AT31,2020-36,35.1612013589402,Epidemic intelligence subnational data
Austria,Oberosterreich,AT31,2020-37,41.5358466434809,Epidemic intelligence subnational data
Austria,Oberosterreich,AT31,2020-38,64.5516711971383,Epidemic intelligence subnational data
Austria,Oberosterreich,AT31,2020-39,73.6774791834281,Epidemic intelligence subnational data
Austria,Oberosterreich,AT31,2020-40,85.621551400778,Epidemic intelligence subnational data
Austria,Oberosterreich,AT31,2020-41,121.789275699383,Epidemic intelligence subnational data
Austria,Oberosterreich,AT31,2020-42,176.544123617121,Epidemic intelligence subnational data
Austria,Oberosterreich,AT31,2020-43,346.310992773836,Epidemic intelligence subnational data
Austria,Oberosterreich,AT31,2020-44,690.743142726966,Epidemic intelligence subnational data
Austria,Oberosterreich,AT31,2020-45,1205.21056795405,Epidemic intelligence subnational data
Austria,Oberosterreich,AT31,2020-46,1461.40420686328,Epidemic intelligence subnational data
Austria,Oberosterreich,AT31,2020-47,1317.20302037404,Epidemic intelligence subnational data
Austria,Oberosterreich,AT31,2020-48,1057.18459429409,Epidemic intelligence subnational data
Austria,Oberosterreich,AT31,2020-49,723.421587501401,Epidemic intelligence subnational data
Austria,Oberosterreich,AT31,2020-50,536.610929899703,Epidemic intelligence subnational data
Austria,Oberosterreich,AT31,2020-51,443.406905686788,Epidemic intelligence subnational data
Austria,Oberosterreich,AT31,2020-52,352.819841116999,Epidemic intelligence subnational data
Austria,Oberosterreich,AT31,2020-53,336.648372553059,Epidemic intelligence subnational data
Austria,Oberosterreich,AT31,2021-01,327.388361508147,Epidemic intelligence subnational data
Austria,Oberosterreich,AT31,2021-02,270.486264652458,Epidemic intelligence subnational data
Austria,Oberosterreich,AT31,2021-03,213.584167796768,Epidemic intelligence subnational data
Austria,Oberosterreich,AT31,2021-04,191.91037382933,Epidemic intelligence subnational data
Austria,Oberosterreich,AT31,2021-05,174.195570091238,Epidemic intelligence subnational data
Austria,Oberosterreich,AT31,2021-06,170.370782920514,Epidemic intelligence subnational data
Austria,Oberosterreich,AT31,2021-07,201.975603225973,Epidemic intelligence subnational data
Austria,Oberosterreich,AT31,2021-08,245.860003395337,Epidemic intelligence subnational data
Austria,Oberosterreich,AT31,2021-09,286.79193627502,Epidemic intelligence subnational data
Austria,Oberosterreich,AT31,2021-10,345.17026677555,Epidemic intelligence subnational data
Austria,Oberosterreich,AT31,2021-11,395.0938045829,Epidemic intelligence subnational data
Austria,Oberosterreich,AT31,2021-12,434.683706876363,Epidemic intelligence subnational data
Austria,Oberosterreich,AT31,2021-13,439.716321574685,Epidemic intelligence subnational data
Austria,Oberosterreich,AT31,2021-14,413.680928202035,Epidemic intelligence subnational data
Austria,Oberosterreich,AT31,2021-15,402.340769748483,Epidemic intelligence subnational data
Austria,Oberosterreich,AT31,2021-16,387.108722594897,Epidemic intelligence subnational data
Austria,Oberosterreich,AT31,2021-17,336.312864906504,Epidemic intelligence subnational data
Austria,Oberosterreich,AT31,2021-18,259.682918433394,Epidemic intelligence subnational data
Austria,Oberosterreich,AT31,2021-19,178.355864908517,Epidemic intelligence subnational data
Austria,Oberosterreich,AT31,2021-20,121.319564994206,Epidemic intelligence subnational data
Austria,Oberosterreich,AT31,2021-21,90.8554706870324,Epidemic intelligence subnational data
Austria,Oberosterreich,AT31,2021-22,62.6057268471206,Epidemic intelligence subnational data
Austria,Oberosterreich,AT31,2021-23,40.9990344089932,Epidemic intelligence subnational data
Austria,Oberosterreich,AT31,2021-24,22.4119107898588,Epidemic intelligence subnational data
Austria,Oberosterreich,AT31,2021-25,12.0111737466609,Epidemic intelligence subnational data
Austria,Oberosterreich,AT31,2021-26,10.400737043198,Epidemic intelligence subnational data
Austria,Oberosterreich,AT31,2021-27,14.4268288018552,Epidemic intelligence subnational data
Austria,Oberosterreich,AT31,2021-28,29.3233683088871,Epidemic intelligence subnational data
Austria,Oberosterreich,AT31,2021-29,45.2264307555834,Epidemic intelligence subnational data
Austria,Oberosterreich,AT31,2021-30,59.5190564988167,Epidemic intelligence subnational data
Austria,Oberosterreich,AT31,2021-31,74.9524082403362,Epidemic intelligence subnational data
Austria,Oberosterreich,AT31,2021-32,111.455640185496,Epidemic intelligence subnational data
Austria,Oberosterreich,AT31,2021-33,179.697895494736,Epidemic intelligence subnational data
Austria,Oberosterreich,AT31,2021-34,248.87957221433,Epidemic intelligence subnational data
Austria,Oberosterreich,AT31,2021-35,299.809632961345,Epidemic intelligence subnational data
Austria,Oberosterreich,AT31,2021-36,351.544912060091,Epidemic intelligence subnational data
Austria,Oberosterreich,AT31,2021-37,386.035098125921,Epidemic intelligence subnational data
Austria,Oberosterreich,AT31,2021-38,382.009006367264,Epidemic intelligence subnational data
Austria,Oberosterreich,AT31,2021-39,388.920463886293,Epidemic intelligence subnational data
Austria,Oberosterreich,AT31,2021-40,401.334246808819,Epidemic intelligence subnational data
Austria,Oberosterreich,AT31,2021-41,455.350977904137,Epidemic intelligence subnational data
Austria,Oberosterreich,AT31,2021-42,643.302361504121,Epidemic intelligence subnational data
Austria,Oberosterreich,AT31,2021-43,979.011312646827,Epidemic intelligence subnational data
Austria,Oberosterreich,AT31,2021-44,1577.08724339536,Epidemic intelligence subnational data
Austria,Oberosterreich,AT31,2021-45,2404.38199827012,Epidemic intelligence subnational data
Austria,Oberosterreich,AT31,2021-46,3082.71135807456,Epidemic intelligence subnational data
Austria,Oberosterreich,AT31,2021-47,2907.24085892642,Epidemic intelligence subnational data
Austria,Oberosterreich,AT31,2021-48,1919.64055052779,Epidemic intelligence subnational data
Austria,Oberosterreich,AT31,2021-49,1038.39616608702,Epidemic intelligence subnational data
Austria,Oberosterreich,AT31,2021-50,580.830837715622,Epidemic intelligence subnational data
Austria,Oberosterreich,AT31,2021-51,341.211276546204,Epidemic intelligence subnational data
Austria,Oberosterreich,AT31,2021-52,304.775146130355,Epidemic intelligence subnational data
Austria,Oberosterreich,AT31,2022-01,700.204458359811,Epidemic intelligence subnational data
Austria,Oberosterreich,AT31,2022-02,1548.90460108476,Epidemic intelligence subnational data
Austria,Oberosterreich,AT31,2022-03,2863.08805263981,Epidemic intelligence subnational data
Austria,Oberosterreich,AT31,2022-04,4306.50904964775,Epidemic intelligence subnational data
Austria,Salzburg,AT32,2020-13,,Epidemic intelligence subnational data
Austria,Salzburg,AT32,2020-14,129.116598914776,Epidemic intelligence subnational data
Austria,Salzburg,AT32,2020-15,57.3055640121058,Epidemic intelligence subnational data
Austria,Salzburg,AT32,2020-16,22.3849859422288,Epidemic intelligence subnational data
Austria,Salzburg,AT32,2020-17,8.05859493920238,Epidemic intelligence subnational data
Austria,Salzburg,AT32,2020-18,2.68619831306746,Epidemic intelligence subnational data
Austria,Salzburg,AT32,2020-19,0.716319550151323,Epidemic intelligence subnational data
Austria,Salzburg,AT32,2020-20,0.179079887537831,Epidemic intelligence subnational data
Austria,Salzburg,AT32,2020-21,0.716319550151323,Epidemic intelligence subnational data
Austria,Salzburg,AT32,2020-22,1.07447932522698,Epidemic intelligence subnational data
Austria,Salzburg,AT32,2020-23,0.537239662613492,Epidemic intelligence subnational data
Austria,Salzburg,AT32,2020-24,0.358159775075661,Epidemic intelligence subnational data
Austria,Salzburg,AT32,2020-25,3.04435808814312,Epidemic intelligence subnational data
Austria,Salzburg,AT32,2020-26,5.01423685105926,Epidemic intelligence subnational data
Austria,Salzburg,AT32,2020-27,3.93975752583227,Epidemic intelligence subnational data
Austria,Salzburg,AT32,2020-28,6.62595583889973,Epidemic intelligence subnational data
Austria,Salzburg,AT32,2020-29,11.1029530273455,Epidemic intelligence subnational data
Austria,Salzburg,AT32,2020-30,13.4309915653373,Epidemic intelligence subnational data
Austria,Salzburg,AT32,2020-31,14.3263910030265,Epidemic intelligence subnational data
Austria,Salzburg,AT32,2020-32,13.9682312279508,Epidemic intelligence subnational data
Austria,Salzburg,AT32,2020-33,19.5197077416235,Epidemic intelligence subnational data
Austria,Salzburg,AT32,2020-34,27.2201429057503,Epidemic intelligence subnational data
Austria,Salzburg,AT32,2020-35,25.6084239179098,Epidemic intelligence subnational data
Austria,Salzburg,AT32,2020-36,22.3849859422288,Epidemic intelligence subnational data
Austria,Salzburg,AT32,2020-37,27.5783026808259,Epidemic intelligence subnational data
Austria,Salzburg,AT32,2020-38,50.3214483981304,Epidemic intelligence subnational data
Austria,Salzburg,AT32,2020-39,63.0361204133164,Epidemic intelligence subnational data
Austria,Salzburg,AT32,2020-40,73.6018337780484,Epidemic intelligence subnational data
Austria,Salzburg,AT32,2020-41,120.699844200498,Epidemic intelligence subnational data
Austria,Salzburg,AT32,2020-42,246.234845364517,Epidemic intelligence subnational data
Austria,Salzburg,AT32,2020-43,465.965867373435,Epidemic intelligence subnational data
Austria,Salzburg,AT32,2020-44,686.234129044967,Epidemic intelligence subnational data
Austria,Salzburg,AT32,2020-45,971.150230117656,Epidemic intelligence subnational data
Austria,Salzburg,AT32,2020-46,1219.53403413263,Epidemic intelligence subnational data
Austria,Salzburg,AT32,2020-47,1279.88395623288,Epidemic intelligence subnational data
Austria,Salzburg,AT32,2020-48,1177.09210078616,Epidemic intelligence subnational data
Austria,Salzburg,AT32,2020-49,870.507333321395,Epidemic intelligence subnational data
Austria,Salzburg,AT32,2020-50,626.779606382407,Epidemic intelligence subnational data
Austria,Salzburg,AT32,2020-51,533.29990508766,Epidemic intelligence subnational data
Austria,Salzburg,AT32,2020-52,495.155889042102,Epidemic intelligence subnational data
Austria,Salzburg,AT32,2020-53,600.454862914346,Epidemic intelligence subnational data
Austria,Salzburg,AT32,2021-01,654.536988950771,Epidemic intelligence subnational data
Austria,Salzburg,AT32,2021-02,541.895739689476,Epidemic intelligence subnational data
Austria,Salzburg,AT32,2021-03,447.520638957039,Epidemic intelligence subnational data
Austria,Salzburg,AT32,2021-04,390.573234720009,Epidemic intelligence subnational data
Austria,Salzburg,AT32,2021-05,326.10447520639,Epidemic intelligence subnational data
Austria,Salzburg,AT32,2021-06,270.410630182124,Epidemic intelligence subnational data
Austria,Salzburg,AT32,2021-07,260.02399670493,Epidemic intelligence subnational data
Austria,Salzburg,AT32,2021-08,317.866800379649,Epidemic intelligence subnational data
Austria,Salzburg,AT32,2021-09,410.809262011784,Epidemic intelligence subnational data
Austria,Salzburg,AT32,2021-10,490.32073207858,Epidemic intelligence subnational data
Austria,Salzburg,AT32,2021-11,547.626296090686,Epidemic intelligence subnational data
Austria,Salzburg,AT32,2021-12,556.40121058004,Epidemic intelligence subnational data
Austria,Salzburg,AT32,2021-13,492.469690729034,Epidemic intelligence subnational data
Austria,Salzburg,AT32,2021-14,416.181658637918,Epidemic intelligence subnational data
Austria,Salzburg,AT32,2021-15,374.276964954066,Epidemic intelligence subnational data
Austria,Salzburg,AT32,2021-16,368.904568327931,Epidemic intelligence subnational data
Austria,Salzburg,AT32,2021-17,339.714546659265,Epidemic intelligence subnational data
Austria,Salzburg,AT32,2021-18,244.981286151752,Epidemic intelligence subnational data
Austria,Salzburg,AT32,2021-19,142.547590480113,Epidemic intelligence subnational data
Austria,Salzburg,AT32,2021-20,87.2119052309235,Epidemic intelligence subnational data
Austria,Salzburg,AT32,2021-21,57.4846438996436,Epidemic intelligence subnational data
Austria,Salzburg,AT32,2021-22,35.6368976200283,Epidemic intelligence subnational data
Austria,Salzburg,AT32,2021-23,22.205906054691,Epidemic intelligence subnational data
Austria,Salzburg,AT32,2021-24,17.7289088662452,Epidemic intelligence subnational data
Austria,Salzburg,AT32,2021-25,13.4309915653373,Epidemic intelligence subnational data
Austria,Salzburg,AT32,2021-26,7.70043516412672,Epidemic intelligence subnational data
Austria,Salzburg,AT32,2021-27,9.67031392704285,Epidemic intelligence subnational data
Austria,Salzburg,AT32,2021-28,54.7984455865762,Epidemic intelligence subnational data
Austria,Salzburg,AT32,2021-29,112.104009598682,Epidemic intelligence subnational data
Austria,Salzburg,AT32,2021-30,115.864687236976,Epidemic intelligence subnational data
Austria,Salzburg,AT32,2021-31,107.985172185312,Epidemic intelligence subnational data
Austria,Salzburg,AT32,2021-32,140.219551942121,Epidemic intelligence subnational data
Austria,Salzburg,AT32,2021-33,177.110008774915,Epidemic intelligence subnational data
Austria,Salzburg,AT32,2021-34,227.431457173045,Epidemic intelligence subnational data
Austria,Salzburg,AT32,2021-35,295.302734549883,Epidemic intelligence subnational data
Austria,Salzburg,AT32,2021-36,349.922100248921,Epidemic intelligence subnational data
Austria,Salzburg,AT32,2021-37,351.354739349224,Epidemic intelligence subnational data
Austria,Salzburg,AT32,2021-38,297.98893286295,Epidemic intelligence subnational data
Austria,Salzburg,AT32,2021-39,301.749610501245,Epidemic intelligence subnational data
Austria,Salzburg,AT32,2021-40,349.922100248921,Epidemic intelligence subnational data
Austria,Salzburg,AT32,2021-41,418.151537400835,Epidemic intelligence subnational data
Austria,Salzburg,AT32,2021-42,635.375440984223,Epidemic intelligence subnational data
Austria,Salzburg,AT32,2021-43,989.058218871439,Epidemic intelligence subnational data
Austria,Salzburg,AT32,2021-44,1556.56238247882,Epidemic intelligence subnational data
Austria,Salzburg,AT32,2021-45,2446.23126376677,Epidemic intelligence subnational data
Austria,Salzburg,AT32,2021-46,3141.59846707616,Epidemic intelligence subnational data
Austria,Salzburg,AT32,2021-47,3031.28525635286,Epidemic intelligence subnational data
Austria,Salzburg,AT32,2021-48,2061.03042567289,Epidemic intelligence subnational data
Austria,Salzburg,AT32,2021-49,1044.7520638957,Epidemic intelligence subnational data
Austria,Salzburg,AT32,2021-50,548.879855303451,Epidemic intelligence subnational data
Austria,Salzburg,AT32,2021-51,367.292849340091,Epidemic intelligence subnational data
Austria,Salzburg,AT32,2021-52,577.711717197042,Epidemic intelligence subnational data
Austria,Salzburg,AT32,2022-01,1854.37223545424,Epidemic intelligence subnational data
Austria,Salzburg,AT32,2022-02,3593.77518310919,Epidemic intelligence subnational data
Austria,Salzburg,AT32,2022-03,4761.01789008077,Epidemic intelligence subnational data
Austria,Salzburg,AT32,2022-04,5459.4294514783,Epidemic intelligence subnational data
Austria,Tirol,AT33,2020-13,,Epidemic intelligence subnational data
Austria,Tirol,AT33,2020-14,243.785257789381,Epidemic intelligence subnational data
Austria,Tirol,AT33,2020-15,142.681030682361,Epidemic intelligence subnational data
Austria,Tirol,AT33,2020-16,68.6347233624679,Epidemic intelligence subnational data
Austria,Tirol,AT33,2020-17,19.1385286299189,Epidemic intelligence subnational data
Austria,Tirol,AT33,2020-18,10.2952085043702,Epidemic intelligence subnational data
Austria,Tirol,AT33,2020-19,4.7516346943247,Epidemic intelligence subnational data
Austria,Tirol,AT33,2020-20,3.4317361681234,Epidemic intelligence subnational data
Austria,Tirol,AT33,2020-21,2.50780719978248,Epidemic intelligence subnational data
Austria,Tirol,AT33,2020-22,1.18790867358118,Epidemic intelligence subnational data
Austria,Tirol,AT33,2020-23,0.923928968340914,Epidemic intelligence subnational data
Austria,Tirol,AT33,2020-24,1.18790867358118,Epidemic intelligence subnational data
Austria,Tirol,AT33,2020-25,0.659949263100653,Epidemic intelligence subnational data
Austria,Tirol,AT33,2020-26,0.923928968340914,Epidemic intelligence subnational data
Austria,Tirol,AT33,2020-27,3.035766610263,Epidemic intelligence subnational data
Austria,Tirol,AT33,2020-28,5.41158395742535,Epidemic intelligence subnational data
Austria,Tirol,AT33,2020-29,5.80755351528575,Epidemic intelligence subnational data
Austria,Tirol,AT33,2020-30,8.31536071506823,Epidemic intelligence subnational data
Austria,Tirol,AT33,2020-31,10.6911780622306,Epidemic intelligence subnational data
Austria,Tirol,AT33,2020-32,7.65541145196757,Epidemic intelligence subnational data
Austria,Tirol,AT33,2020-33,27.4538893449872,Epidemic intelligence subnational data
Austria,Tirol,AT33,2020-34,49.7601744377892,Epidemic intelligence subnational data
Austria,Tirol,AT33,2020-35,56.0956873635555,Epidemic intelligence subnational data
Austria,Tirol,AT33,2020-36,69.0306929203283,Epidemic intelligence subnational data
Austria,Tirol,AT33,2020-37,99.6523387281986,Epidemic intelligence subnational data
Austria,Tirol,AT33,2020-38,126.710258515325,Epidemic intelligence subnational data
Austria,Tirol,AT33,2020-39,115.887090600475,Epidemic intelligence subnational data
Austria,Tirol,AT33,2020-40,126.842248367946,Epidemic intelligence subnational data
Austria,Tirol,AT33,2020-41,175.678493837394,Epidemic intelligence subnational data
Austria,Tirol,AT33,2020-42,274.010934039391,Epidemic intelligence subnational data
Austria,Tirol,AT33,2020-43,480.443063537275,Epidemic intelligence subnational data
Austria,Tirol,AT33,2020-44,791.939115720783,Epidemic intelligence subnational data
Austria,Tirol,AT33,2020-45,1205.06735442179,Epidemic intelligence subnational data
Austria,Tirol,AT33,2020-46,1433.14581974938,Epidemic intelligence subnational data
Austria,Tirol,AT33,2020-47,1331.11766367402,Epidemic intelligence subnational data
Austria,Tirol,AT33,2020-48,1058.55861801345,Epidemic intelligence subnational data
Austria,Tirol,AT33,2020-49,759.469611976231,Epidemic intelligence subnational data
Austria,Tirol,AT33,2020-50,504.465216714139,Epidemic intelligence subnational data
Austria,Tirol,AT33,2020-51,347.793261654044,Epidemic intelligence subnational data
Austria,Tirol,AT33,2020-52,316.775646288313,Epidemic intelligence subnational data
Austria,Tirol,AT33,2020-53,326.410905529583,Epidemic intelligence subnational data
Austria,Tirol,AT33,2021-01,321.791260687878,Epidemic intelligence subnational data
Austria,Tirol,AT33,2021-02,255.532354672573,Epidemic intelligence subnational data
Austria,Tirol,AT33,2021-03,215.671419181293,Epidemic intelligence subnational data
Austria,Tirol,AT33,2021-04,227.550505917105,Epidemic intelligence subnational data
Austria,Tirol,AT33,2021-05,212.50366271841,Epidemic intelligence subnational data
Austria,Tirol,AT33,2021-06,177.922321331936,Epidemic intelligence subnational data
Austria,Tirol,AT33,2021-07,165.647265038264,Epidemic intelligence subnational data
Austria,Tirol,AT33,2021-08,195.608961583034,Epidemic intelligence subnational data
Austria,Tirol,AT33,2021-09,234.413978253352,Epidemic intelligence subnational data
Austria,Tirol,AT33,2021-10,276.122771681313,Epidemic intelligence subnational data
Austria,Tirol,AT33,2021-11,356.504591926973,Epidemic intelligence subnational data
Austria,Tirol,AT33,2021-12,442.957945393158,Epidemic intelligence subnational data
Austria,Tirol,AT33,2021-13,458.400758149714,Epidemic intelligence subnational data
Austria,Tirol,AT33,2021-14,396.629507123492,Epidemic intelligence subnational data
Austria,Tirol,AT33,2021-15,381.978633482658,Epidemic intelligence subnational data
Austria,Tirol,AT33,2021-16,393.065781102749,Epidemic intelligence subnational data
Austria,Tirol,AT33,2021-17,360.200307800336,Epidemic intelligence subnational data
Austria,Tirol,AT33,2021-18,281.270375933498,Epidemic intelligence subnational data
Austria,Tirol,AT33,2021-19,194.157073204212,Epidemic intelligence subnational data
Austria,Tirol,AT33,2021-20,151.52435080791,Epidemic intelligence subnational data
Austria,Tirol,AT33,2021-21,115.623110895234,Epidemic intelligence subnational data
Austria,Tirol,AT33,2021-22,95.6926431495947,Epidemic intelligence subnational data
Austria,Tirol,AT33,2021-23,75.3662058460946,Epidemic intelligence subnational data
Austria,Tirol,AT33,2021-24,35.373280502195,Epidemic intelligence subnational data
Austria,Tirol,AT33,2021-25,12.5390359989124,Epidemic intelligence subnational data
Austria,Tirol,AT33,2021-26,6.86347233624679,Epidemic intelligence subnational data
Austria,Tirol,AT33,2021-27,17.0266909879968,Epidemic intelligence subnational data
Austria,Tirol,AT33,2021-28,38.5410369650781,Epidemic intelligence subnational data
Austria,Tirol,AT33,2021-29,56.4916569214159,Epidemic intelligence subnational data
Austria,Tirol,AT33,2021-30,69.6906421834289,Epidemic intelligence subnational data
Austria,Tirol,AT33,2021-31,95.032693886494,Epidemic intelligence subnational data
Austria,Tirol,AT33,2021-32,130.93393379917,Epidemic intelligence subnational data
Austria,Tirol,AT33,2021-33,152.316289923631,Epidemic intelligence subnational data
Austria,Tirol,AT33,2021-34,163.535427396342,Epidemic intelligence subnational data
Austria,Tirol,AT33,2021-35,183.333905289361,Epidemic intelligence subnational data
Austria,Tirol,AT33,2021-36,204.452281708582,Epidemic intelligence subnational data
Austria,Tirol,AT33,2021-37,196.928860109235,Epidemic intelligence subnational data
Austria,Tirol,AT33,2021-38,184.917783520803,Epidemic intelligence subnational data
Austria,Tirol,AT33,2021-39,195.081002172553,Epidemic intelligence subnational data
Austria,Tirol,AT33,2021-40,198.908707898537,Epidemic intelligence subnational data
Austria,Tirol,AT33,2021-41,235.733876779553,Epidemic intelligence subnational data
Austria,Tirol,AT33,2021-42,376.039090114752,Epidemic intelligence subnational data
Austria,Tirol,AT33,2021-43,575.079787865909,Epidemic intelligence subnational data
Austria,Tirol,AT33,2021-44,903.602531037414,Epidemic intelligence subnational data
Austria,Tirol,AT33,2021-45,1491.74931431272,Epidemic intelligence subnational data
Austria,Tirol,AT33,2021-46,2235.24815412191,Epidemic intelligence subnational data
Austria,Tirol,AT33,2021-47,2543.84042954778,Epidemic intelligence subnational data
Austria,Tirol,AT33,2021-48,1947.77425511527,Epidemic intelligence subnational data
Austria,Tirol,AT33,2021-49,1134.3207934174,Epidemic intelligence subnational data
Austria,Tirol,AT33,2021-50,736.767357325569,Epidemic intelligence subnational data
Austria,Tirol,AT33,2021-51,580.227392118094,Epidemic intelligence subnational data
Austria,Tirol,AT33,2021-52,754.849967134527,Epidemic intelligence subnational data
Austria,Tirol,AT33,2022-01,1779.09122346674,Epidemic intelligence subnational data
Austria,Tirol,AT33,2022-02,3283.90753318885,Epidemic intelligence subnational data
Austria,Tirol,AT33,2022-03,4862.11020096775,Epidemic intelligence subnational data
Austria,Tirol,AT33,2022-04,6230.31701322802,Epidemic intelligence subnational data
Austria,Vorarlberg,AT34,2020-13,,Epidemic intelligence subnational data
Austria,Vorarlberg,AT34,2020-14,113.310453015191,Epidemic intelligence subnational data
Austria,Vorarlberg,AT34,2020-15,61.6912466416041,Epidemic intelligence subnational data
Austria,Vorarlberg,AT34,2020-16,30.4679218107514,Epidemic intelligence subnational data
Austria,Vorarlberg,AT34,2020-17,7.80583120771317,Epidemic intelligence subnational data
Austria,Vorarlberg,AT34,2020-18,3.27341308710552,Epidemic intelligence subnational data
Austria,Vorarlberg,AT34,2020-19,1.25900503350212,Epidemic intelligence subnational data
Austria,Vorarlberg,AT34,2020-20,1.0072040268017,Epidemic intelligence subnational data
Austria,Vorarlberg,AT34,2020-21,3.27341308710552,Epidemic intelligence subnational data
Austria,Vorarlberg,AT34,2020-22,2.76981107370467,Epidemic intelligence subnational data
Austria,Vorarlberg,AT34,2020-23,2.26620906030382,Epidemic intelligence subnational data
Austria,Vorarlberg,AT34,2020-24,2.0144080536034,Epidemic intelligence subnational data
Austria,Vorarlberg,AT34,2020-25,0.755403020101274,Epidemic intelligence subnational data
Austria,Vorarlberg,AT34,2020-26,1.25900503350212,Epidemic intelligence subnational data
Austria,Vorarlberg,AT34,2020-27,1.0072040268017,Epidemic intelligence subnational data
Austria,Vorarlberg,AT34,2020-28,1.25900503350212,Epidemic intelligence subnational data
Austria,Vorarlberg,AT34,2020-29,2.26620906030382,Epidemic intelligence subnational data
Austria,Vorarlberg,AT34,2020-30,6.79862718091147,Epidemic intelligence subnational data
Austria,Vorarlberg,AT34,2020-31,9.82023926131657,Epidemic intelligence subnational data
Austria,Vorarlberg,AT34,2020-32,9.82023926131657,Epidemic intelligence subnational data
Austria,Vorarlberg,AT34,2020-33,14.6044583886246,Epidemic intelligence subnational data
Austria,Vorarlberg,AT34,2020-34,18.6332744958314,Epidemic intelligence subnational data
Austria,Vorarlberg,AT34,2020-35,18.8850755025319,Epidemic intelligence subnational data
Austria,Vorarlberg,AT34,2020-36,30.9715238241523,Epidemic intelligence subnational data
Austria,Vorarlberg,AT34,2020-37,80.3245211374355,Epidemic intelligence subnational data
Austria,Vorarlberg,AT34,2020-38,128.670314423917,Epidemic intelligence subnational data
Austria,Vorarlberg,AT34,2020-39,114.317657041993,Epidemic intelligence subnational data
Austria,Vorarlberg,AT34,2020-40,108.778034894584,Epidemic intelligence subnational data
Austria,Vorarlberg,AT34,2020-41,152.591410060457,Epidemic intelligence subnational data
Austria,Vorarlberg,AT34,2020-42,247.016787573117,Epidemic intelligence subnational data
Austria,Vorarlberg,AT34,2020-43,431.335124477828,Epidemic intelligence subnational data
Austria,Vorarlberg,AT34,2020-44,787.381747952228,Epidemic intelligence subnational data
Austria,Vorarlberg,AT34,2020-45,1237.35014692589,Epidemic intelligence subnational data
Austria,Vorarlberg,AT34,2020-46,1501.23760194793,Epidemic intelligence subnational data
Austria,Vorarlberg,AT34,2020-47,1319.68907611693,Epidemic intelligence subnational data
Austria,Vorarlberg,AT34,2020-48,839.756357345917,Epidemic intelligence subnational data
Austria,Vorarlberg,AT34,2020-49,579.645917424378,Epidemic intelligence subnational data
Austria,Vorarlberg,AT34,2020-50,493.529973132833,Epidemic intelligence subnational data
Austria,Vorarlberg,AT34,2020-51,394.572177499566,Epidemic intelligence subnational data
Austria,Vorarlberg,AT34,2020-52,340.434961058974,Epidemic intelligence subnational data
Austria,Vorarlberg,AT34,2020-53,360.075439581607,Epidemic intelligence subnational data
Austria,Vorarlberg,AT34,2021-01,369.140275822823,Epidemic intelligence subnational data
Austria,Vorarlberg,AT34,2021-02,294.355376832797,Epidemic intelligence subnational data
Austria,Vorarlberg,AT34,2021-03,309.715238241523,Epidemic intelligence subnational data
Austria,Vorarlberg,AT34,2021-04,287.053147638484,Epidemic intelligence subnational data
Austria,Vorarlberg,AT34,2021-05,197.663790259834,Epidemic intelligence subnational data
Austria,Vorarlberg,AT34,2021-06,179.282316770702,Epidemic intelligence subnational data
Austria,Vorarlberg,AT34,2021-07,142.26756878574,Epidemic intelligence subnational data
Austria,Vorarlberg,AT34,2021-08,129.929319457419,Epidemic intelligence subnational data
Austria,Vorarlberg,AT34,2021-09,150.073399993453,Epidemic intelligence subnational data
Austria,Vorarlberg,AT34,2021-10,145.289180866145,Epidemic intelligence subnational data
Austria,Vorarlberg,AT34,2021-11,135.468941604829,Epidemic intelligence subnational data
Austria,Vorarlberg,AT34,2021-12,192.879571132525,Epidemic intelligence subnational data
Austria,Vorarlberg,AT34,2021-13,249.786598646821,Epidemic intelligence subnational data
Austria,Vorarlberg,AT34,2021-14,278.995515424071,Epidemic intelligence subnational data
Austria,Vorarlberg,AT34,2021-15,325.326900656949,Epidemic intelligence subnational data
Austria,Vorarlberg,AT34,2021-16,405.651421794384,Epidemic intelligence subnational data
Austria,Vorarlberg,AT34,2021-17,459.285036221575,Epidemic intelligence subnational data
Austria,Vorarlberg,AT34,2021-18,386.514545285152,Epidemic intelligence subnational data
Austria,Vorarlberg,AT34,2021-19,280.254520457573,Epidemic intelligence subnational data
Austria,Vorarlberg,AT34,2021-20,192.879571132525,Epidemic intelligence subnational data
Austria,Vorarlberg,AT34,2021-21,158.886435227968,Epidemic intelligence subnational data
Austria,Vorarlberg,AT34,2021-22,137.231548651731,Epidemic intelligence subnational data
Austria,Vorarlberg,AT34,2021-23,76.7993070436296,Epidemic intelligence subnational data
Austria,Vorarlberg,AT34,2021-24,33.9931359045574,Epidemic intelligence subnational data
Austria,Vorarlberg,AT34,2021-25,18.6332744958314,Epidemic intelligence subnational data
Austria,Vorarlberg,AT34,2021-26,12.8418513417217,Epidemic intelligence subnational data
Austria,Vorarlberg,AT34,2021-27,11.3310453015191,Epidemic intelligence subnational data
Austria,Vorarlberg,AT34,2021-28,29.7125187906501,Epidemic intelligence subnational data
Austria,Vorarlberg,AT34,2021-29,62.1948486550049,Epidemic intelligence subnational data
Austria,Vorarlberg,AT34,2021-30,74.0294959699249,Epidemic intelligence subnational data
Austria,Vorarlberg,AT34,2021-31,90.9001634188534,Epidemic intelligence subnational data
Austria,Vorarlberg,AT34,2021-32,132.950931537824,Epidemic intelligence subnational data
Austria,Vorarlberg,AT34,2021-33,183.81473489131,Epidemic intelligence subnational data
Austria,Vorarlberg,AT34,2021-34,210.002039588154,Epidemic intelligence subnational data
Austria,Vorarlberg,AT34,2021-35,221.081283882973,Epidemic intelligence subnational data
Austria,Vorarlberg,AT34,2021-36,250.542001666923,Epidemic intelligence subnational data
Austria,Vorarlberg,AT34,2021-37,266.65726609575,Epidemic intelligence subnational data
Austria,Vorarlberg,AT34,2021-38,224.354696970079,Epidemic intelligence subnational data
Austria,Vorarlberg,AT34,2021-39,181.044923817605,Epidemic intelligence subnational data
Austria,Vorarlberg,AT34,2021-40,155.864823147563,Epidemic intelligence subnational data
Austria,Vorarlberg,AT34,2021-41,149.821598986753,Epidemic intelligence subnational data
Austria,Vorarlberg,AT34,2021-42,269.930679182855,Epidemic intelligence subnational data
Austria,Vorarlberg,AT34,2021-43,581.408524471281,Epidemic intelligence subnational data
Austria,Vorarlberg,AT34,2021-44,965.405059689429,Epidemic intelligence subnational data
Austria,Vorarlberg,AT34,2021-45,1445.58957946714,Epidemic intelligence subnational data
Austria,Vorarlberg,AT34,2021-46,2197.97098748801,Epidemic intelligence subnational data
Austria,Vorarlberg,AT34,2021-47,2633.83853008644,Epidemic intelligence subnational data
Austria,Vorarlberg,AT34,2021-48,2263.69105023682,Epidemic intelligence subnational data
Austria,Vorarlberg,AT34,2021-49,1617.31786603683,Epidemic intelligence subnational data
Austria,Vorarlberg,AT34,2021-50,1055.29801908148,Epidemic intelligence subnational data
Austria,Vorarlberg,AT34,2021-51,651.409204333999,Epidemic intelligence subnational data
Austria,Vorarlberg,AT34,2021-52,547.415388566723,Epidemic intelligence subnational data
Austria,Vorarlberg,AT34,2022-01,906.231823114829,Epidemic intelligence subnational data
Austria,Vorarlberg,AT34,2022-02,1765.88045999008,Epidemic intelligence subnational data
Austria,Vorarlberg,AT34,2022-03,3094.38257134152,Epidemic intelligence subnational data
Austria,Vorarlberg,AT34,2022-04,4911.88223770519,Epidemic intelligence subnational data
Belgium,"Region De Bruxelles-Capitale 
 Brussels Hoofdstedelijk Gewest",BE1,2020-13,,Epidemic intelligence subnational data
Belgium,"Region De Bruxelles-Capitale 
 Brussels Hoofdstedelijk Gewest",BE1,2020-14,150.813658077236,Epidemic intelligence subnational data
Belgium,"Region De Bruxelles-Capitale 
 Brussels Hoofdstedelijk Gewest",BE1,2020-15,162.99318927155,Epidemic intelligence subnational data
Belgium,"Region De Bruxelles-Capitale 
 Brussels Hoofdstedelijk Gewest",BE1,2020-16,153.674621780598,Epidemic intelligence subnational data
Belgium,"Region De Bruxelles-Capitale 
 Brussels Hoofdstedelijk Gewest",BE1,2020-17,128.906850291491,Epidemic intelligence subnational data
Belgium,"Region De Bruxelles-Capitale 
 Brussels Hoofdstedelijk Gewest",BE1,2020-18,80.1887255142378,Epidemic intelligence subnational data
Belgium,"Region De Bruxelles-Capitale 
 Brussels Hoofdstedelijk Gewest",BE1,2020-19,48.5546411370614,Epidemic intelligence subnational data
Belgium,"Region De Bruxelles-Capitale 
 Brussels Hoofdstedelijk Gewest",BE1,2020-20,39.3178154662063,Epidemic intelligence subnational data
Belgium,"Region De Bruxelles-Capitale 
 Brussels Hoofdstedelijk Gewest",BE1,2020-21,29.7540225149669,Epidemic intelligence subnational data
Belgium,"Region De Bruxelles-Capitale 
 Brussels Hoofdstedelijk Gewest",BE1,2020-22,23.9503532881465,Epidemic intelligence subnational data
Belgium,"Region De Bruxelles-Capitale 
 Brussels Hoofdstedelijk Gewest",BE1,2020-23,19.7815204632472,Epidemic intelligence subnational data
Belgium,"Region De Bruxelles-Capitale 
 Brussels Hoofdstedelijk Gewest",BE1,2020-24,18.146684061326,Epidemic intelligence subnational data
Belgium,"Region De Bruxelles-Capitale 
 Brussels Hoofdstedelijk Gewest",BE1,2020-25,15.612687638348,Epidemic intelligence subnational data
Belgium,"Region De Bruxelles-Capitale 
 Brussels Hoofdstedelijk Gewest",BE1,2020-26,12.6699821148898,Epidemic intelligence subnational data
Belgium,"Region De Bruxelles-Capitale 
 Brussels Hoofdstedelijk Gewest",BE1,2020-27,15.2857203579638,Epidemic intelligence subnational data
Belgium,"Region De Bruxelles-Capitale 
 Brussels Hoofdstedelijk Gewest",BE1,2020-28,17.0022985799811,Epidemic intelligence subnational data
Belgium,"Region De Bruxelles-Capitale 
 Brussels Hoofdstedelijk Gewest",BE1,2020-29,18.3101677015181,Epidemic intelligence subnational data
Belgium,"Region De Bruxelles-Capitale 
 Brussels Hoofdstedelijk Gewest",BE1,2020-30,23.7051278278583,Epidemic intelligence subnational data
Belgium,"Region De Bruxelles-Capitale 
 Brussels Hoofdstedelijk Gewest",BE1,2020-31,46.674579274852,Epidemic intelligence subnational data
Belgium,"Region De Bruxelles-Capitale 
 Brussels Hoofdstedelijk Gewest",BE1,2020-32,88.8533584444205,Epidemic intelligence subnational data
Belgium,"Region De Bruxelles-Capitale 
 Brussels Hoofdstedelijk Gewest",BE1,2020-33,126.699821148898,Epidemic intelligence subnational data
Belgium,"Region De Bruxelles-Capitale 
 Brussels Hoofdstedelijk Gewest",BE1,2020-34,145.3369561308,Epidemic intelligence subnational data
Belgium,"Region De Bruxelles-Capitale 
 Brussels Hoofdstedelijk Gewest",BE1,2020-35,141.086381485805,Epidemic intelligence subnational data
Belgium,"Region De Bruxelles-Capitale 
 Brussels Hoofdstedelijk Gewest",BE1,2020-36,139.206319623595,Epidemic intelligence subnational data
Belgium,"Region De Bruxelles-Capitale 
 Brussels Hoofdstedelijk Gewest",BE1,2020-37,177.543233248649,Epidemic intelligence subnational data
Belgium,"Region De Bruxelles-Capitale 
 Brussels Hoofdstedelijk Gewest",BE1,2020-38,282.254504791706,Epidemic intelligence subnational data
Belgium,"Region De Bruxelles-Capitale 
 Brussels Hoofdstedelijk Gewest",BE1,2020-39,369.391285014109,Epidemic intelligence subnational data
Belgium,"Region De Bruxelles-Capitale 
 Brussels Hoofdstedelijk Gewest",BE1,2020-40,530.095703322968,Epidemic intelligence subnational data
Belgium,"Region De Bruxelles-Capitale 
 Brussels Hoofdstedelijk Gewest",BE1,2020-41,887.879649883436,Epidemic intelligence subnational data
Belgium,"Region De Bruxelles-Capitale 
 Brussels Hoofdstedelijk Gewest",BE1,2020-42,1429.66443348014,Epidemic intelligence subnational data
Belgium,"Region De Bruxelles-Capitale 
 Brussels Hoofdstedelijk Gewest",BE1,2020-43,2066.84192112895,Epidemic intelligence subnational data
Belgium,"Region De Bruxelles-Capitale 
 Brussels Hoofdstedelijk Gewest",BE1,2020-44,2129.70138078282,Epidemic intelligence subnational data
Belgium,"Region De Bruxelles-Capitale 
 Brussels Hoofdstedelijk Gewest",BE1,2020-45,1413.72477856141,Epidemic intelligence subnational data
Belgium,"Region De Bruxelles-Capitale 
 Brussels Hoofdstedelijk Gewest",BE1,2020-46,729.545744357362,Epidemic intelligence subnational data
Belgium,"Region De Bruxelles-Capitale 
 Brussels Hoofdstedelijk Gewest",BE1,2020-47,443.69459948143,Epidemic intelligence subnational data
Belgium,"Region De Bruxelles-Capitale 
 Brussels Hoofdstedelijk Gewest",BE1,2020-48,303.425636196586,Epidemic intelligence subnational data
Belgium,"Region De Bruxelles-Capitale 
 Brussels Hoofdstedelijk Gewest",BE1,2020-49,212.20176496938,Epidemic intelligence subnational data
Belgium,"Region De Bruxelles-Capitale 
 Brussels Hoofdstedelijk Gewest",BE1,2020-50,180.894647872587,Epidemic intelligence subnational data
Belgium,"Region De Bruxelles-Capitale 
 Brussels Hoofdstedelijk Gewest",BE1,2020-51,181.303356973068,Epidemic intelligence subnational data
Belgium,"Region De Bruxelles-Capitale 
 Brussels Hoofdstedelijk Gewest",BE1,2020-52,167.243763916545,Epidemic intelligence subnational data
Belgium,"Region De Bruxelles-Capitale 
 Brussels Hoofdstedelijk Gewest",BE1,2020-53,136.590581380521,Epidemic intelligence subnational data
Belgium,"Region De Bruxelles-Capitale 
 Brussels Hoofdstedelijk Gewest",BE1,2021-01,193.482888167381,Epidemic intelligence subnational data
Belgium,"Region De Bruxelles-Capitale 
 Brussels Hoofdstedelijk Gewest",BE1,2021-02,254.13531867866,Epidemic intelligence subnational data
Belgium,"Region De Bruxelles-Capitale 
 Brussels Hoofdstedelijk Gewest",BE1,2021-03,239.748758341753,Epidemic intelligence subnational data
Belgium,"Region De Bruxelles-Capitale 
 Brussels Hoofdstedelijk Gewest",BE1,2021-04,230.593674490994,Epidemic intelligence subnational data
Belgium,"Region De Bruxelles-Capitale 
 Brussels Hoofdstedelijk Gewest",BE1,2021-05,253.154416837507,Epidemic intelligence subnational data
Belgium,"Region De Bruxelles-Capitale 
 Brussels Hoofdstedelijk Gewest",BE1,2021-06,259.530278805,Epidemic intelligence subnational data
Belgium,"Region De Bruxelles-Capitale 
 Brussels Hoofdstedelijk Gewest",BE1,2021-07,263.617369809803,Epidemic intelligence subnational data
Belgium,"Region De Bruxelles-Capitale 
 Brussels Hoofdstedelijk Gewest",BE1,2021-08,317.975680173685,Epidemic intelligence subnational data
Belgium,"Region De Bruxelles-Capitale 
 Brussels Hoofdstedelijk Gewest",BE1,2021-09,359.909233882965,Epidemic intelligence subnational data
Belgium,"Region De Bruxelles-Capitale 
 Brussels Hoofdstedelijk Gewest",BE1,2021-10,401.76104577215,Epidemic intelligence subnational data
Belgium,"Region De Bruxelles-Capitale 
 Brussels Hoofdstedelijk Gewest",BE1,2021-11,521.185844932498,Epidemic intelligence subnational data
Belgium,"Region De Bruxelles-Capitale 
 Brussels Hoofdstedelijk Gewest",BE1,2021-12,651.400564345526,Epidemic intelligence subnational data
Belgium,"Region De Bruxelles-Capitale 
 Brussels Hoofdstedelijk Gewest",BE1,2021-13,639.548000431597,Epidemic intelligence subnational data
Belgium,"Region De Bruxelles-Capitale 
 Brussels Hoofdstedelijk Gewest",BE1,2021-14,532.384474285658,Epidemic intelligence subnational data
Belgium,"Region De Bruxelles-Capitale 
 Brussels Hoofdstedelijk Gewest",BE1,2021-15,464.947472706406,Epidemic intelligence subnational data
Belgium,"Region De Bruxelles-Capitale 
 Brussels Hoofdstedelijk Gewest",BE1,2021-16,480.64190216485,Epidemic intelligence subnational data
Belgium,"Region De Bruxelles-Capitale 
 Brussels Hoofdstedelijk Gewest",BE1,2021-17,446.228595904408,Epidemic intelligence subnational data
Belgium,"Region De Bruxelles-Capitale 
 Brussels Hoofdstedelijk Gewest",BE1,2021-18,366.203354030362,Epidemic intelligence subnational data
Belgium,"Region De Bruxelles-Capitale 
 Brussels Hoofdstedelijk Gewest",BE1,2021-19,299.828996112359,Epidemic intelligence subnational data
Belgium,"Region De Bruxelles-Capitale 
 Brussels Hoofdstedelijk Gewest",BE1,2021-20,277.840446506518,Epidemic intelligence subnational data
Belgium,"Region De Bruxelles-Capitale 
 Brussels Hoofdstedelijk Gewest",BE1,2021-21,280.210959289304,Epidemic intelligence subnational data
Belgium,"Region De Bruxelles-Capitale 
 Brussels Hoofdstedelijk Gewest",BE1,2021-22,228.223161708208,Epidemic intelligence subnational data
Belgium,"Region De Bruxelles-Capitale 
 Brussels Hoofdstedelijk Gewest",BE1,2021-23,176.562331407496,Epidemic intelligence subnational data
Belgium,"Region De Bruxelles-Capitale 
 Brussels Hoofdstedelijk Gewest",BE1,2021-24,115.092482695257,Epidemic intelligence subnational data
Belgium,"Region De Bruxelles-Capitale 
 Brussels Hoofdstedelijk Gewest",BE1,2021-25,79.8617582338535,Epidemic intelligence subnational data
Belgium,"Region De Bruxelles-Capitale 
 Brussels Hoofdstedelijk Gewest",BE1,2021-26,86.4828456616346,Epidemic intelligence subnational data
Belgium,"Region De Bruxelles-Capitale 
 Brussels Hoofdstedelijk Gewest",BE1,2021-27,136.345355920233,Epidemic intelligence subnational data
Belgium,"Region De Bruxelles-Capitale 
 Brussels Hoofdstedelijk Gewest",BE1,2021-28,208.932092165537,Epidemic intelligence subnational data
Belgium,"Region De Bruxelles-Capitale 
 Brussels Hoofdstedelijk Gewest",BE1,2021-29,261.900791587786,Epidemic intelligence subnational data
Belgium,"Region De Bruxelles-Capitale 
 Brussels Hoofdstedelijk Gewest",BE1,2021-30,306.204858079852,Epidemic intelligence subnational data
Belgium,"Region De Bruxelles-Capitale 
 Brussels Hoofdstedelijk Gewest",BE1,2021-31,372.333990537567,Epidemic intelligence subnational data
Belgium,"Region De Bruxelles-Capitale 
 Brussels Hoofdstedelijk Gewest",BE1,2021-32,452.604457871901,Epidemic intelligence subnational data
Belgium,"Region De Bruxelles-Capitale 
 Brussels Hoofdstedelijk Gewest",BE1,2021-33,504.837480913285,Epidemic intelligence subnational data
Belgium,"Region De Bruxelles-Capitale 
 Brussels Hoofdstedelijk Gewest",BE1,2021-34,541.457816316321,Epidemic intelligence subnational data
Belgium,"Region De Bruxelles-Capitale 
 Brussels Hoofdstedelijk Gewest",BE1,2021-35,576.198089857148,Epidemic intelligence subnational data
Belgium,"Region De Bruxelles-Capitale 
 Brussels Hoofdstedelijk Gewest",BE1,2021-36,578.405118999742,Epidemic intelligence subnational data
Belgium,"Region De Bruxelles-Capitale 
 Brussels Hoofdstedelijk Gewest",BE1,2021-37,556.825278494381,Epidemic intelligence subnational data
Belgium,"Region De Bruxelles-Capitale 
 Brussels Hoofdstedelijk Gewest",BE1,2021-38,510.722891960202,Epidemic intelligence subnational data
Belgium,"Region De Bruxelles-Capitale 
 Brussels Hoofdstedelijk Gewest",BE1,2021-39,462.331734463332,Epidemic intelligence subnational data
Belgium,"Region De Bruxelles-Capitale 
 Brussels Hoofdstedelijk Gewest",BE1,2021-40,429.553264604811,Epidemic intelligence subnational data
Belgium,"Region De Bruxelles-Capitale 
 Brussels Hoofdstedelijk Gewest",BE1,2021-41,476.146102059567,Epidemic intelligence subnational data
Belgium,"Region De Bruxelles-Capitale 
 Brussels Hoofdstedelijk Gewest",BE1,2021-42,641.34632047371,Epidemic intelligence subnational data
Belgium,"Region De Bruxelles-Capitale 
 Brussels Hoofdstedelijk Gewest",BE1,2021-43,789.38075666768,Epidemic intelligence subnational data
Belgium,"Region De Bruxelles-Capitale 
 Brussels Hoofdstedelijk Gewest",BE1,2021-44,764.040792437901,Epidemic intelligence subnational data
Belgium,"Region De Bruxelles-Capitale 
 Brussels Hoofdstedelijk Gewest",BE1,2021-45,783.495345620764,Epidemic intelligence subnational data
Belgium,"Region De Bruxelles-Capitale 
 Brussels Hoofdstedelijk Gewest",BE1,2021-46,992.754405066685,Epidemic intelligence subnational data
Belgium,"Region De Bruxelles-Capitale 
 Brussels Hoofdstedelijk Gewest",BE1,2021-47,1206.3457809777,Epidemic intelligence subnational data
Belgium,"Region De Bruxelles-Capitale 
 Brussels Hoofdstedelijk Gewest",BE1,2021-48,1443.72402653666,Epidemic intelligence subnational data
Belgium,"Region De Bruxelles-Capitale 
 Brussels Hoofdstedelijk Gewest",BE1,2021-49,1506.82871165083,Epidemic intelligence subnational data
Belgium,"Region De Bruxelles-Capitale 
 Brussels Hoofdstedelijk Gewest",BE1,2021-50,1256.78048397697,Epidemic intelligence subnational data
Belgium,"Region De Bruxelles-Capitale 
 Brussels Hoofdstedelijk Gewest",BE1,2021-51,1105.39463315906,Epidemic intelligence subnational data
Belgium,"Region De Bruxelles-Capitale 
 Brussels Hoofdstedelijk Gewest",BE1,2021-52,1631.15802001694,Epidemic intelligence subnational data
Belgium,"Region De Bruxelles-Capitale 
 Brussels Hoofdstedelijk Gewest",BE1,2022-01,3002.45879394849,Epidemic intelligence subnational data
Belgium,"Region De Bruxelles-Capitale 
 Brussels Hoofdstedelijk Gewest",BE1,2022-02,4295.36916240792,Epidemic intelligence subnational data
Belgium,"Region De Bruxelles-Capitale 
 Brussels Hoofdstedelijk Gewest",BE1,2022-03,5398.3115409641,Epidemic intelligence subnational data
Belgium,"Region De Bruxelles-Capitale 
 Brussels Hoofdstedelijk Gewest",BE1,2022-04,5702.55459536164,Epidemic intelligence subnational data
Belgium,Vlaams Gewest,BE2,2020-13,,Epidemic intelligence subnational data
Belgium,Vlaams Gewest,BE2,2020-14,147.50704360066,Epidemic intelligence subnational data
Belgium,Vlaams Gewest,BE2,2020-15,181.201851783513,Epidemic intelligence subnational data
Belgium,Vlaams Gewest,BE2,2020-16,163.879979002878,Epidemic intelligence subnational data
Belgium,Vlaams Gewest,BE2,2020-17,106.280986382749,Epidemic intelligence subnational data
Belgium,Vlaams Gewest,BE2,2020-18,71.6824283156889,Epidemic intelligence subnational data
Belgium,Vlaams Gewest,BE2,2020-19,57.2374926664463,Epidemic intelligence subnational data
Belgium,Vlaams Gewest,BE2,2020-20,48.3807438012172,Epidemic intelligence subnational data
Belgium,Vlaams Gewest,BE2,2020-21,34.4027455921482,Epidemic intelligence subnational data
Belgium,Vlaams Gewest,BE2,2020-22,25.8171216921813,Epidemic intelligence subnational data
Belgium,Vlaams Gewest,BE2,2020-23,18.2557476609823,Epidemic intelligence subnational data
Belgium,Vlaams Gewest,BE2,2020-24,13.0290608306516,Epidemic intelligence subnational data
Belgium,Vlaams Gewest,BE2,2020-25,12.2006234367951,Epidemic intelligence subnational data
Belgium,Vlaams Gewest,BE2,2020-26,11.2366235603076,Epidemic intelligence subnational data
Belgium,Vlaams Gewest,BE2,2020-27,10.393123668381,Epidemic intelligence subnational data
Belgium,Vlaams Gewest,BE2,2020-28,12.0198734599537,Epidemic intelligence subnational data
Belgium,Vlaams Gewest,BE2,2020-29,19.4607475065917,Epidemic intelligence subnational data
Belgium,Vlaams Gewest,BE2,2020-30,38.1231826154672,Epidemic intelligence subnational data
Belgium,Vlaams Gewest,BE2,2020-31,59.8734298287168,Epidemic intelligence subnational data
Belgium,Vlaams Gewest,BE2,2020-32,72.6916156863867,Epidemic intelligence subnational data
Belgium,Vlaams Gewest,BE2,2020-33,66.6515539602697,Epidemic intelligence subnational data
Belgium,Vlaams Gewest,BE2,2020-34,52.7338057434811,Epidemic intelligence subnational data
Belgium,Vlaams Gewest,BE2,2020-35,45.5941816582455,Epidemic intelligence subnational data
Belgium,Vlaams Gewest,BE2,2020-36,46.2418690752605,Epidemic intelligence subnational data
Belgium,Vlaams Gewest,BE2,2020-37,64.9796166744866,Epidemic intelligence subnational data
Belgium,Vlaams Gewest,BE2,2020-38,101.701986969433,Epidemic intelligence subnational data
Belgium,Vlaams Gewest,BE2,2020-39,133.40854540703,Epidemic intelligence subnational data
Belgium,Vlaams Gewest,BE2,2020-40,163.172041593582,Epidemic intelligence subnational data
Belgium,Vlaams Gewest,BE2,2020-41,266.621278339149,Epidemic intelligence subnational data
Belgium,Vlaams Gewest,BE2,2020-42,510.49818459242,Epidemic intelligence subnational data
Belgium,Vlaams Gewest,BE2,2020-43,890.464760909203,Epidemic intelligence subnational data
Belgium,Vlaams Gewest,BE2,2020-44,1136.48054188843,Epidemic intelligence subnational data
Belgium,Vlaams Gewest,BE2,2020-45,922.532819300483,Epidemic intelligence subnational data
Belgium,Vlaams Gewest,BE2,2020-46,573.27867654867,Epidemic intelligence subnational data
Belgium,Vlaams Gewest,BE2,2020-47,403.885823252129,Epidemic intelligence subnational data
Belgium,Vlaams Gewest,BE2,2020-48,305.844023313735,Epidemic intelligence subnational data
Belgium,Vlaams Gewest,BE2,2020-49,266.079028408624,Epidemic intelligence subnational data
Belgium,Vlaams Gewest,BE2,2020-50,277.752464412965,Epidemic intelligence subnational data
Belgium,Vlaams Gewest,BE2,2020-51,311.130960136346,Epidemic intelligence subnational data
Belgium,Vlaams Gewest,BE2,2020-52,281.774151397687,Epidemic intelligence subnational data
Belgium,Vlaams Gewest,BE2,2020-53,215.46903489303,Epidemic intelligence subnational data
Belgium,Vlaams Gewest,BE2,2021-01,214.279097545491,Epidemic intelligence subnational data
Belgium,Vlaams Gewest,BE2,2021-02,230.516470465077,Epidemic intelligence subnational data
Belgium,Vlaams Gewest,BE2,2021-03,246.964718357646,Epidemic intelligence subnational data
Belgium,Vlaams Gewest,BE2,2021-04,274.032027389647,Epidemic intelligence subnational data
Belgium,Vlaams Gewest,BE2,2021-05,271.87809016562,Epidemic intelligence subnational data
Belgium,Vlaams Gewest,BE2,2021-06,233.830220040503,Epidemic intelligence subnational data
Belgium,Vlaams Gewest,BE2,2021-07,230.049533024904,Epidemic intelligence subnational data
Belgium,Vlaams Gewest,BE2,2021-08,260.505904122681,Epidemic intelligence subnational data
Belgium,Vlaams Gewest,BE2,2021-09,264.738466080384,Epidemic intelligence subnational data
Belgium,Vlaams Gewest,BE2,2021-10,287.30208818942,Epidemic intelligence subnational data
Belgium,Vlaams Gewest,BE2,2021-11,382.015076054318,Epidemic intelligence subnational data
Belgium,Vlaams Gewest,BE2,2021-12,480.614188421307,Epidemic intelligence subnational data
Belgium,Vlaams Gewest,BE2,2021-13,481.261875838322,Epidemic intelligence subnational data
Belgium,Vlaams Gewest,BE2,2021-14,410.287384931929,Epidemic intelligence subnational data
Belgium,Vlaams Gewest,BE2,2021-15,370.251265061557,Epidemic intelligence subnational data
Belgium,Vlaams Gewest,BE2,2021-16,372.450389779794,Epidemic intelligence subnational data
Belgium,Vlaams Gewest,BE2,2021-17,353.893392157409,Epidemic intelligence subnational data
Belgium,Vlaams Gewest,BE2,2021-18,330.89295760434,Epidemic intelligence subnational data
Belgium,Vlaams Gewest,BE2,2021-19,281.668713911196,Epidemic intelligence subnational data
Belgium,Vlaams Gewest,BE2,2021-20,244.389031187655,Epidemic intelligence subnational data
Belgium,Vlaams Gewest,BE2,2021-21,218.421284514773,Epidemic intelligence subnational data
Belgium,Vlaams Gewest,BE2,2021-22,164.889166373576,Epidemic intelligence subnational data
Belgium,Vlaams Gewest,BE2,2021-23,115.619735186221,Epidemic intelligence subnational data
Belgium,Vlaams Gewest,BE2,2021-24,65.2959291339591,Epidemic intelligence subnational data
Belgium,Vlaams Gewest,BE2,2021-25,41.6628696619448,Epidemic intelligence subnational data
Belgium,Vlaams Gewest,BE2,2021-26,48.7121187587598,Epidemic intelligence subnational data
Belgium,Vlaams Gewest,BE2,2021-27,89.2001135712355,Epidemic intelligence subnational data
Belgium,Vlaams Gewest,BE2,2021-28,147.973981040834,Epidemic intelligence subnational data
Belgium,Vlaams Gewest,BE2,2021-29,183.882976439994,Epidemic intelligence subnational data
Belgium,Vlaams Gewest,BE2,2021-30,190.766538058037,Epidemic intelligence subnational data
Belgium,Vlaams Gewest,BE2,2021-31,196.384849838191,Epidemic intelligence subnational data
Belgium,Vlaams Gewest,BE2,2021-32,199.442536946425,Epidemic intelligence subnational data
Belgium,Vlaams Gewest,BE2,2021-33,197.800724656782,Epidemic intelligence subnational data
Belgium,Vlaams Gewest,BE2,2021-34,196.24928735556,Epidemic intelligence subnational data
Belgium,Vlaams Gewest,BE2,2021-35,187.076226030859,Epidemic intelligence subnational data
Belgium,Vlaams Gewest,BE2,2021-36,168.097478462511,Epidemic intelligence subnational data
Belgium,Vlaams Gewest,BE2,2021-37,160.174604477629,Epidemic intelligence subnational data
Belgium,Vlaams Gewest,BE2,2021-38,156.167979990978,Epidemic intelligence subnational data
Belgium,Vlaams Gewest,BE2,2021-39,152.56804295222,Epidemic intelligence subnational data
Belgium,Vlaams Gewest,BE2,2021-40,170.868978107412,Epidemic intelligence subnational data
Belgium,Vlaams Gewest,BE2,2021-41,239.88534426469,Epidemic intelligence subnational data
Belgium,Vlaams Gewest,BE2,2021-42,440.743756029706,Epidemic intelligence subnational data
Belgium,Vlaams Gewest,BE2,2021-43,745.653904463094,Epidemic intelligence subnational data
Belgium,Vlaams Gewest,BE2,2021-44,964.316188946988,Epidemic intelligence subnational data
Belgium,Vlaams Gewest,BE2,2021-45,1191.50384733857,Epidemic intelligence subnational data
Belgium,Vlaams Gewest,BE2,2021-46,1800.82708176903,Epidemic intelligence subnational data
Belgium,Vlaams Gewest,BE2,2021-47,2422.06475217295,Epidemic intelligence subnational data
Belgium,Vlaams Gewest,BE2,2021-48,2469.64718357646,Epidemic intelligence subnational data
Belgium,Vlaams Gewest,BE2,2021-49,2009.99999246875,Epidemic intelligence subnational data
Belgium,Vlaams Gewest,BE2,2021-50,1345.63839009008,Epidemic intelligence subnational data
Belgium,Vlaams Gewest,BE2,2021-51,857.236890166524,Epidemic intelligence subnational data
Belgium,Vlaams Gewest,BE2,2021-52,925.906818868189,Epidemic intelligence subnational data
Belgium,Vlaams Gewest,BE2,2022-01,1704.09571916274,Epidemic intelligence subnational data
Belgium,Vlaams Gewest,BE2,2022-02,2725.84521325108,Epidemic intelligence subnational data
Belgium,Vlaams Gewest,BE2,2022-03,4569.07322708749,Epidemic intelligence subnational data
Belgium,Vlaams Gewest,BE2,2022-04,5862.71587383953,Epidemic intelligence subnational data
Belgium,Region Wallonne,BE3,2020-13,,Epidemic intelligence subnational data
Belgium,Region Wallonne,BE3,2020-14,144.833255966892,Epidemic intelligence subnational data
Belgium,Region Wallonne,BE3,2020-15,175.543042744253,Epidemic intelligence subnational data
Belgium,Region Wallonne,BE3,2020-16,172.018520952189,Epidemic intelligence subnational data
Belgium,Region Wallonne,BE3,2020-17,153.439646389373,Epidemic intelligence subnational data
Belgium,Region Wallonne,BE3,2020-18,98.6866101777807,Epidemic intelligence subnational data
Belgium,Region Wallonne,BE3,2020-19,49.8350988273178,Epidemic intelligence subnational data
Belgium,Region Wallonne,BE3,2020-20,39.8899365613399,Epidemic intelligence subnational data
Belgium,Region Wallonne,BE3,2020-21,26.5568618750838,Epidemic intelligence subnational data
Belgium,Region Wallonne,BE3,2020-22,18.4695870653875,Epidemic intelligence subnational data
Belgium,Region Wallonne,BE3,2020-23,14.4532715348965,Epidemic intelligence subnational data
Belgium,Region Wallonne,BE3,2020-24,11.0107153659041,Epidemic intelligence subnational data
Belgium,Region Wallonne,BE3,2020-25,9.53533415062167,Epidemic intelligence subnational data
Belgium,Region Wallonne,BE3,2020-26,9.31675915576501,Epidemic intelligence subnational data
Belgium,Region Wallonne,BE3,2020-27,8.38781542762422,Epidemic intelligence subnational data
Belgium,Region Wallonne,BE3,2020-28,6.99439983541303,Epidemic intelligence subnational data
Belgium,Region Wallonne,BE3,2020-29,11.7210840991882,Epidemic intelligence subnational data
Belgium,Region Wallonne,BE3,2020-30,18.7428058089584,Epidemic intelligence subnational data
Belgium,Region Wallonne,BE3,2020-31,33.578583584854,Epidemic intelligence subnational data
Belgium,Region Wallonne,BE3,2020-32,52.2667456450981,Epidemic intelligence subnational data
Belgium,Region Wallonne,BE3,2020-33,56.3377049243034,Epidemic intelligence subnational data
Belgium,Region Wallonne,BE3,2020-34,49.0700863453195,Epidemic intelligence subnational data
Belgium,Region Wallonne,BE3,2020-35,43.5237458508319,Epidemic intelligence subnational data
Belgium,Region Wallonne,BE3,2020-36,44.9444833174001,Epidemic intelligence subnational data
Belgium,Region Wallonne,BE3,2020-37,67.8128921542779,Epidemic intelligence subnational data
Belgium,Region Wallonne,BE3,2020-38,131.144996913994,Epidemic intelligence subnational data
Belgium,Region Wallonne,BE3,2020-39,189.859704907364,Epidemic intelligence subnational data
Belgium,Region Wallonne,BE3,2020-40,303.655311604611,Epidemic intelligence subnational data
Belgium,Region Wallonne,BE3,2020-41,650.670437813911,Epidemic intelligence subnational data
Belgium,Region Wallonne,BE3,2020-42,1376.06620199444,Epidemic intelligence subnational data
Belgium,Region Wallonne,BE3,2020-43,2275.7482026988,Epidemic intelligence subnational data
Belgium,Region Wallonne,BE3,2020-44,2866.93892003734,Epidemic intelligence subnational data
Belgium,Region Wallonne,BE3,2020-45,2309.79125814772,Epidemic intelligence subnational data
Belgium,Region Wallonne,BE3,2020-46,1224.26586806649,Epidemic intelligence subnational data
Belgium,Region Wallonne,BE3,2020-47,698.101211697806,Epidemic intelligence subnational data
Belgium,Region Wallonne,BE3,2020-48,426.439814965338,Epidemic intelligence subnational data
Belgium,Region Wallonne,BE3,2020-49,293.136389977134,Epidemic intelligence subnational data
Belgium,Region Wallonne,BE3,2020-50,270.322624888971,Epidemic intelligence subnational data
Belgium,Region Wallonne,BE3,2020-51,277.508277844883,Epidemic intelligence subnational data
Belgium,Region Wallonne,BE3,2020-52,240.978931829465,Epidemic intelligence subnational data
Belgium,Region Wallonne,BE3,2020-53,181.772430097668,Epidemic intelligence subnational data
Belgium,Region Wallonne,BE3,2021-01,183.111201941165,Epidemic intelligence subnational data
Belgium,Region Wallonne,BE3,2021-02,197.865014093989,Epidemic intelligence subnational data
Belgium,Region Wallonne,BE3,2021-03,199.422360932343,Epidemic intelligence subnational data
Belgium,Region Wallonne,BE3,2021-04,236.662075681046,Epidemic intelligence subnational data
Belgium,Region Wallonne,BE3,2021-05,264.694318771412,Epidemic intelligence subnational data
Belgium,Region Wallonne,BE3,2021-06,237.782272529686,Epidemic intelligence subnational data
Belgium,Region Wallonne,BE3,2021-07,222.536666638434,Epidemic intelligence subnational data
Belgium,Region Wallonne,BE3,2021-08,259.475840769209,Epidemic intelligence subnational data
Belgium,Region Wallonne,BE3,2021-09,280.486362149805,Epidemic intelligence subnational data
Belgium,Region Wallonne,BE3,2021-10,312.671530142448,Epidemic intelligence subnational data
Belgium,Region Wallonne,BE3,2021-11,429.117358652332,Epidemic intelligence subnational data
Belgium,Region Wallonne,BE3,2021-12,576.354939562648,Epidemic intelligence subnational data
Belgium,Region Wallonne,BE3,2021-13,630.233675794814,Epidemic intelligence subnational data
Belgium,Region Wallonne,BE3,2021-14,554.251543207768,Epidemic intelligence subnational data
Belgium,Region Wallonne,BE3,2021-15,488.4058260072,Epidemic intelligence subnational data
Belgium,Region Wallonne,BE3,2021-16,484.389510476709,Epidemic intelligence subnational data
Belgium,Region Wallonne,BE3,2021-17,447.778198838219,Epidemic intelligence subnational data
Belgium,Region Wallonne,BE3,2021-18,405.238040464242,Epidemic intelligence subnational data
Belgium,Region Wallonne,BE3,2021-19,355.758126003567,Epidemic intelligence subnational data
Belgium,Region Wallonne,BE3,2021-20,323.108486146853,Epidemic intelligence subnational data
Belgium,Region Wallonne,BE3,2021-21,297.86307424091,Epidemic intelligence subnational data
Belgium,Region Wallonne,BE3,2021-22,222.563988512791,Epidemic intelligence subnational data
Belgium,Region Wallonne,BE3,2021-23,142.04642478247,Epidemic intelligence subnational data
Belgium,Region Wallonne,BE3,2021-24,76.8564325664721,Epidemic intelligence subnational data
Belgium,Region Wallonne,BE3,2021-25,43.1685614841898,Epidemic intelligence subnational data
Belgium,Region Wallonne,BE3,2021-26,40.572983420267,Epidemic intelligence subnational data
Belgium,Region Wallonne,BE3,2021-27,63.7965766237868,Epidemic intelligence subnational data
Belgium,Region Wallonne,BE3,2021-28,88.5775166656603,Epidemic intelligence subnational data
Belgium,Region Wallonne,BE3,2021-29,106.855850610548,Epidemic intelligence subnational data
Belgium,Region Wallonne,BE3,2021-30,122.183422124871,Epidemic intelligence subnational data
Belgium,Region Wallonne,BE3,2021-31,141.663918541471,Epidemic intelligence subnational data
Belgium,Region Wallonne,BE3,2021-32,173.876408408471,Epidemic intelligence subnational data
Belgium,Region Wallonne,BE3,2021-33,197.345898481204,Epidemic intelligence subnational data
Belgium,Region Wallonne,BE3,2021-34,208.301970098394,Epidemic intelligence subnational data
Belgium,Region Wallonne,BE3,2021-35,220.97931980008,Epidemic intelligence subnational data
Belgium,Region Wallonne,BE3,2021-36,244.558097370242,Epidemic intelligence subnational data
Belgium,Region Wallonne,BE3,2021-37,279.256877803737,Epidemic intelligence subnational data
Belgium,Region Wallonne,BE3,2021-38,298.13629298448,Epidemic intelligence subnational data
Belgium,Region Wallonne,BE3,2021-39,292.289411872065,Epidemic intelligence subnational data
Belgium,Region Wallonne,BE3,2021-40,293.491574343776,Epidemic intelligence subnational data
Belgium,Region Wallonne,BE3,2021-41,364.009332059405,Epidemic intelligence subnational data
Belgium,Region Wallonne,BE3,2021-42,564.606533589103,Epidemic intelligence subnational data
Belgium,Region Wallonne,BE3,2021-43,834.710583483217,Epidemic intelligence subnational data
Belgium,Region Wallonne,BE3,2021-44,936.402599840276,Epidemic intelligence subnational data
Belgium,Region Wallonne,BE3,2021-45,978.860792591182,Epidemic intelligence subnational data
Belgium,Region Wallonne,BE3,2021-46,1256.88818604885,Epidemic intelligence subnational data
Belgium,Region Wallonne,BE3,2021-47,1544.50555740585,Epidemic intelligence subnational data
Belgium,Region Wallonne,BE3,2021-48,1687.23502904725,Epidemic intelligence subnational data
Belgium,Region Wallonne,BE3,2021-49,1638.19226457629,Epidemic intelligence subnational data
Belgium,Region Wallonne,BE3,2021-50,1300.95836938682,Epidemic intelligence subnational data
Belgium,Region Wallonne,BE3,2021-51,921.621465813095,Epidemic intelligence subnational data
Belgium,Region Wallonne,BE3,2021-52,1035.4443943847,Epidemic intelligence subnational data
Belgium,Region Wallonne,BE3,2022-01,1765.75809594951,Epidemic intelligence subnational data
Belgium,Region Wallonne,BE3,2022-02,2520.36094381776,Epidemic intelligence subnational data
Belgium,Region Wallonne,BE3,2022-03,4024.21155218027,Epidemic intelligence subnational data
Belgium,Region Wallonne,BE3,2022-04,5547.07818509532,Epidemic intelligence subnational data
Bulgaria,Vidin,BG311,2020-15,,Epidemic intelligence subnational data
Bulgaria,Vidin,BG311,2020-16,30.1804792660108,Epidemic intelligence subnational data
Bulgaria,Vidin,BG311,2020-17,78.4692460916279,Epidemic intelligence subnational data
Bulgaria,Vidin,BG311,2020-18,141.24464296493,Epidemic intelligence subnational data
Bulgaria,Vidin,BG311,2020-19,101.406410333796,Epidemic intelligence subnational data
Bulgaria,Vidin,BG311,2020-20,21.7299450715277,Epidemic intelligence subnational data
Bulgaria,Vidin,BG311,2020-21,19.3155067302469,Epidemic intelligence subnational data
Bulgaria,Vidin,BG311,2020-22,13.2794108770447,Epidemic intelligence subnational data
Bulgaria,Vidin,BG311,2020-23,6.03609585320215,Epidemic intelligence subnational data
Bulgaria,Vidin,BG311,2020-24,7.24331502384258,Epidemic intelligence subnational data
Bulgaria,Vidin,BG311,2020-25,27.7660409247299,Epidemic intelligence subnational data
Bulgaria,Vidin,BG311,2020-26,24.1443834128086,Epidemic intelligence subnational data
Bulgaria,Vidin,BG311,2020-28,7.24331502384258,Epidemic intelligence subnational data
Bulgaria,Vidin,BG311,2020-29,12.0721917064043,Epidemic intelligence subnational data
Bulgaria,Vidin,BG311,2020-30,12.0721917064043,Epidemic intelligence subnational data
Bulgaria,Vidin,BG311,2020-31,12.0721917064043,Epidemic intelligence subnational data
Bulgaria,Vidin,BG311,2020-32,14.4866300476852,Epidemic intelligence subnational data
Bulgaria,Vidin,BG311,2020-33,9.65775336512344,Epidemic intelligence subnational data
Bulgaria,Vidin,BG311,2020-34,12.0721917064043,Epidemic intelligence subnational data
Bulgaria,Vidin,BG311,2020-35,9.65775336512344,Epidemic intelligence subnational data
Bulgaria,Vidin,BG311,2020-36,7.24331502384258,Epidemic intelligence subnational data
Bulgaria,Vidin,BG311,2020-37,6.03609585320215,Epidemic intelligence subnational data
Bulgaria,Vidin,BG311,2020-38,1.20721917064043,Epidemic intelligence subnational data
Bulgaria,Vidin,BG311,2020-39,4.82887668256172,Epidemic intelligence subnational data
Bulgaria,Vidin,BG311,2020-40,27.7660409247299,Epidemic intelligence subnational data
Bulgaria,Vidin,BG311,2020-41,35.0093559485725,Epidemic intelligence subnational data
Bulgaria,Vidin,BG311,2020-42,19.3155067302469,Epidemic intelligence subnational data
Bulgaria,Vidin,BG311,2020-43,47.0815476549768,Epidemic intelligence subnational data
Bulgaria,Vidin,BG311,2020-44,115.893040381481,Epidemic intelligence subnational data
Bulgaria,Vidin,BG311,2020-45,324.741956902276,Epidemic intelligence subnational data
Bulgaria,Vidin,BG311,2020-46,464.779380696566,Epidemic intelligence subnational data
Bulgaria,Vidin,BG311,2020-47,395.967887970061,Epidemic intelligence subnational data
Bulgaria,Vidin,BG311,2020-48,356.129655338927,Epidemic intelligence subnational data
Bulgaria,Vidin,BG311,2020-49,323.534737731635,Epidemic intelligence subnational data
Bulgaria,Vidin,BG311,2020-50,294.561477636265,Epidemic intelligence subnational data
Bulgaria,Vidin,BG311,2020-51,289.732600953703,Epidemic intelligence subnational data
Bulgaria,Vidin,BG311,2020-52,211.263354862075,Epidemic intelligence subnational data
Bulgaria,Vidin,BG311,2020-53,166.596245548379,Epidemic intelligence subnational data
Bulgaria,Vidin,BG311,2021-01,158.145711353896,Epidemic intelligence subnational data
Bulgaria,Vidin,BG311,2021-02,105.028067845717,Epidemic intelligence subnational data
Bulgaria,Vidin,BG311,2021-03,62.7753968733024,Epidemic intelligence subnational data
Bulgaria,Vidin,BG311,2021-04,42.252670972415,Epidemic intelligence subnational data
Bulgaria,Vidin,BG311,2021-05,51.9104243375385,Epidemic intelligence subnational data
Bulgaria,Vidin,BG311,2021-06,42.252670972415,Epidemic intelligence subnational data
Bulgaria,Vidin,BG311,2021-07,45.8743284843363,Epidemic intelligence subnational data
Bulgaria,Vidin,BG311,2021-08,72.4331502384258,Epidemic intelligence subnational data
Bulgaria,Vidin,BG311,2021-09,95.370314480594,Epidemic intelligence subnational data
Bulgaria,Vidin,BG311,2021-10,154.524053841975,Epidemic intelligence subnational data
Bulgaria,Vidin,BG311,2021-11,276.453190076658,Epidemic intelligence subnational data
Bulgaria,Vidin,BG311,2021-12,319.913080219714,Epidemic intelligence subnational data
Bulgaria,Vidin,BG311,2021-13,324.741956902276,Epidemic intelligence subnational data
Bulgaria,Vidin,BG311,2021-14,331.985271926118,Epidemic intelligence subnational data
Bulgaria,Vidin,BG311,2021-15,275.245970906018,Epidemic intelligence subnational data
Bulgaria,Vidin,BG311,2021-16,253.51602583449,Epidemic intelligence subnational data
Bulgaria,Vidin,BG311,2021-17,231.786080762963,Epidemic intelligence subnational data
Bulgaria,Vidin,BG311,2021-18,194.362286473109,Epidemic intelligence subnational data
Bulgaria,Vidin,BG311,2021-19,167.80346471902,Epidemic intelligence subnational data
Bulgaria,Vidin,BG311,2021-20,127.965232087886,Epidemic intelligence subnational data
Bulgaria,Vidin,BG311,2021-21,79.6764652622684,Epidemic intelligence subnational data
Bulgaria,Vidin,BG311,2021-22,44.6671093136959,Epidemic intelligence subnational data
Bulgaria,Vidin,BG311,2021-23,37.4237942898533,Epidemic intelligence subnational data
Bulgaria,Vidin,BG311,2021-24,48.2887668256172,Epidemic intelligence subnational data
Bulgaria,Vidin,BG311,2021-25,41.0454518017746,Epidemic intelligence subnational data
Bulgaria,Vidin,BG311,2021-26,27.7660409247299,Epidemic intelligence subnational data
Bulgaria,Vidin,BG311,2021-27,20.5227259008873,Epidemic intelligence subnational data
Bulgaria,Vidin,BG311,2021-28,9.65775336512344,Epidemic intelligence subnational data
Bulgaria,Vidin,BG311,2021-29,4.82887668256172,Epidemic intelligence subnational data
Bulgaria,Vidin,BG311,2021-30,9.65775336512344,Epidemic intelligence subnational data
Bulgaria,Vidin,BG311,2021-31,30.1804792660108,Epidemic intelligence subnational data
Bulgaria,Vidin,BG311,2021-32,63.9826160439428,Epidemic intelligence subnational data
Bulgaria,Vidin,BG311,2021-33,107.442506186998,Epidemic intelligence subnational data
Bulgaria,Vidin,BG311,2021-34,181.082875596065,Epidemic intelligence subnational data
Bulgaria,Vidin,BG311,2021-35,245.065491640007,Epidemic intelligence subnational data
Bulgaria,Vidin,BG311,2021-36,272.831532564737,Epidemic intelligence subnational data
Bulgaria,Vidin,BG311,2021-37,363.372970362769,Epidemic intelligence subnational data
Bulgaria,Vidin,BG311,2021-38,459.950504014004,Epidemic intelligence subnational data
Bulgaria,Vidin,BG311,2021-39,465.986599867206,Epidemic intelligence subnational data
Bulgaria,Vidin,BG311,2021-40,630.168407074304,Epidemic intelligence subnational data
Bulgaria,Vidin,BG311,2021-41,886.098871250076,Epidemic intelligence subnational data
Bulgaria,Vidin,BG311,2021-42,1012.85688416732,Epidemic intelligence subnational data
Bulgaria,Vidin,BG311,2021-43,1057.52399348102,Epidemic intelligence subnational data
Bulgaria,Vidin,BG311,2021-44,1021.3074183618,Epidemic intelligence subnational data
Bulgaria,Vidin,BG311,2021-45,761.755296674111,Epidemic intelligence subnational data
Bulgaria,Vidin,BG311,2021-46,493.752640791936,Epidemic intelligence subnational data
Bulgaria,Vidin,BG311,2021-47,437.013339771836,Epidemic intelligence subnational data
Bulgaria,Vidin,BG311,2021-48,424.941148065431,Epidemic intelligence subnational data
Bulgaria,Vidin,BG311,2021-49,342.850244461882,Epidemic intelligence subnational data
Bulgaria,Vidin,BG311,2021-50,265.588217540895,Epidemic intelligence subnational data
Bulgaria,Vidin,BG311,2021-51,226.957204080401,Epidemic intelligence subnational data
Bulgaria,Vidin,BG311,2021-52,252.30880666385,Epidemic intelligence subnational data
Bulgaria,Vidin,BG311,2022-01,569.807448542283,Epidemic intelligence subnational data
Bulgaria,Vidin,BG311,2022-02,1004.40634997284,Epidemic intelligence subnational data
Bulgaria,Vidin,BG311,2022-03,1290.51729341462,Epidemic intelligence subnational data
Bulgaria,Vidin,BG311,2022-04,1234.98521156516,Epidemic intelligence subnational data
Bulgaria,Montana,BG312,2020-15,,Epidemic intelligence subnational data
Bulgaria,Montana,BG312,2020-16,-3.93697687419784,Epidemic intelligence subnational data
Bulgaria,Montana,BG312,2020-17,-1.57479074967914,Epidemic intelligence subnational data
Bulgaria,Montana,BG312,2020-18,5.51176762387698,Epidemic intelligence subnational data
Bulgaria,Montana,BG312,2020-19,4.72437224903741,Epidemic intelligence subnational data
Bulgaria,Montana,BG312,2020-20,2.36218612451871,Epidemic intelligence subnational data
Bulgaria,Montana,BG312,2020-21,0.787395374839568,Epidemic intelligence subnational data
Bulgaria,Montana,BG312,2020-22,0,Epidemic intelligence subnational data
Bulgaria,Montana,BG312,2020-23,0,Epidemic intelligence subnational data
Bulgaria,Montana,BG312,2020-24,0.787395374839568,Epidemic intelligence subnational data
Bulgaria,Montana,BG312,2020-25,0.787395374839568,Epidemic intelligence subnational data
Bulgaria,Montana,BG312,2020-26,2.36218612451871,Epidemic intelligence subnational data
Bulgaria,Montana,BG312,2020-28,9.44874449807482,Epidemic intelligence subnational data
Bulgaria,Montana,BG312,2020-29,7.08655837355611,Epidemic intelligence subnational data
Bulgaria,Montana,BG312,2020-30,3.93697687419784,Epidemic intelligence subnational data
Bulgaria,Montana,BG312,2020-31,11.023535247754,Epidemic intelligence subnational data
Bulgaria,Montana,BG312,2020-32,11.023535247754,Epidemic intelligence subnational data
Bulgaria,Montana,BG312,2020-33,3.93697687419784,Epidemic intelligence subnational data
Bulgaria,Montana,BG312,2020-34,8.66134912323525,Epidemic intelligence subnational data
Bulgaria,Montana,BG312,2020-35,18.8974889961496,Epidemic intelligence subnational data
Bulgaria,Montana,BG312,2020-36,26.7714427445453,Epidemic intelligence subnational data
Bulgaria,Montana,BG312,2020-37,33.8580011181014,Epidemic intelligence subnational data
Bulgaria,Montana,BG312,2020-38,31.4958149935827,Epidemic intelligence subnational data
Bulgaria,Montana,BG312,2020-39,37.0075826174597,Epidemic intelligence subnational data
Bulgaria,Montana,BG312,2020-40,55.1176762387698,Epidemic intelligence subnational data
Bulgaria,Montana,BG312,2020-41,86.6134912323525,Epidemic intelligence subnational data
Bulgaria,Montana,BG312,2020-42,129.920236848529,Epidemic intelligence subnational data
Bulgaria,Montana,BG312,2020-43,216.533728080881,Epidemic intelligence subnational data
Bulgaria,Montana,BG312,2020-44,316.532940685506,Epidemic intelligence subnational data
Bulgaria,Montana,BG312,2020-45,518.893552019276,Epidemic intelligence subnational data
Bulgaria,Montana,BG312,2020-46,622.829741498098,Epidemic intelligence subnational data
Bulgaria,Montana,BG312,2020-47,630.703695246494,Epidemic intelligence subnational data
Bulgaria,Montana,BG312,2020-48,572.436437508366,Epidemic intelligence subnational data
Bulgaria,Montana,BG312,2020-49,428.343083912725,Epidemic intelligence subnational data
Bulgaria,Montana,BG312,2020-50,397.634664293982,Epidemic intelligence subnational data
Bulgaria,Montana,BG312,2020-51,288.186707191282,Epidemic intelligence subnational data
Bulgaria,Montana,BG312,2020-52,145.66814434532,Epidemic intelligence subnational data
Bulgaria,Montana,BG312,2020-53,120.471492350454,Epidemic intelligence subnational data
Bulgaria,Montana,BG312,2021-01,130.707632223368,Epidemic intelligence subnational data
Bulgaria,Montana,BG312,2021-02,85.0387004826734,Epidemic intelligence subnational data
Bulgaria,Montana,BG312,2021-03,44.0941409910158,Epidemic intelligence subnational data
Bulgaria,Montana,BG312,2021-04,45.668931740695,Epidemic intelligence subnational data
Bulgaria,Montana,BG312,2021-05,74.0151652349194,Epidemic intelligence subnational data
Bulgaria,Montana,BG312,2021-06,74.0151652349194,Epidemic intelligence subnational data
Bulgaria,Montana,BG312,2021-07,77.1647467342777,Epidemic intelligence subnational data
Bulgaria,Montana,BG312,2021-08,144.093353595641,Epidemic intelligence subnational data
Bulgaria,Montana,BG312,2021-09,239.368193951229,Epidemic intelligence subnational data
Bulgaria,Montana,BG312,2021-10,368.501035424918,Epidemic intelligence subnational data
Bulgaria,Montana,BG312,2021-11,559.838111510933,Epidemic intelligence subnational data
Bulgaria,Montana,BG312,2021-12,618.892764623901,Epidemic intelligence subnational data
Bulgaria,Montana,BG312,2021-13,578.735600507083,Epidemic intelligence subnational data
Bulgaria,Montana,BG312,2021-14,502.358249147645,Epidemic intelligence subnational data
Bulgaria,Montana,BG312,2021-15,400.78424579334,Epidemic intelligence subnational data
Bulgaria,Montana,BG312,2021-16,341.729592680373,Epidemic intelligence subnational data
Bulgaria,Montana,BG312,2021-17,247.242147699624,Epidemic intelligence subnational data
Bulgaria,Montana,BG312,2021-18,233.856426327352,Epidemic intelligence subnational data
Bulgaria,Montana,BG312,2021-19,233.856426327352,Epidemic intelligence subnational data
Bulgaria,Montana,BG312,2021-20,137.006795222085,Epidemic intelligence subnational data
Bulgaria,Montana,BG312,2021-21,82.6765143581547,Epidemic intelligence subnational data
Bulgaria,Montana,BG312,2021-22,67.7160022362029,Epidemic intelligence subnational data
Bulgaria,Montana,BG312,2021-23,32.2832103684223,Epidemic intelligence subnational data
Bulgaria,Montana,BG312,2021-24,17.3226982464705,Epidemic intelligence subnational data
Bulgaria,Montana,BG312,2021-25,12.5983259974331,Epidemic intelligence subnational data
Bulgaria,Montana,BG312,2021-26,8.66134912323525,Epidemic intelligence subnational data
Bulgaria,Montana,BG312,2021-27,8.66134912323525,Epidemic intelligence subnational data
Bulgaria,Montana,BG312,2021-28,7.08655837355611,Epidemic intelligence subnational data
Bulgaria,Montana,BG312,2021-29,7.08655837355611,Epidemic intelligence subnational data
Bulgaria,Montana,BG312,2021-30,15.7479074967914,Epidemic intelligence subnational data
Bulgaria,Montana,BG312,2021-31,28.3462334942245,Epidemic intelligence subnational data
Bulgaria,Montana,BG312,2021-32,59.8420484878072,Epidemic intelligence subnational data
Bulgaria,Montana,BG312,2021-33,127.55805072401,Epidemic intelligence subnational data
Bulgaria,Montana,BG312,2021-34,195.274052960213,Epidemic intelligence subnational data
Bulgaria,Montana,BG312,2021-35,215.746332706042,Epidemic intelligence subnational data
Bulgaria,Montana,BG312,2021-36,277.950567318368,Epidemic intelligence subnational data
Bulgaria,Montana,BG312,2021-37,385.036338296549,Epidemic intelligence subnational data
Bulgaria,Montana,BG312,2021-38,426.768293163046,Epidemic intelligence subnational data
Bulgaria,Montana,BG312,2021-39,459.051503531468,Epidemic intelligence subnational data
Bulgaria,Montana,BG312,2021-40,609.444020125826,Epidemic intelligence subnational data
Bulgaria,Montana,BG312,2021-41,871.646679947402,Epidemic intelligence subnational data
Bulgaria,Montana,BG312,2021-42,1158.25859638901,Epidemic intelligence subnational data
Bulgaria,Montana,BG312,2021-43,1340.93432335179,Epidemic intelligence subnational data
Bulgaria,Montana,BG312,2021-44,1248.80906449556,Epidemic intelligence subnational data
Bulgaria,Montana,BG312,2021-45,915.740820938418,Epidemic intelligence subnational data
Bulgaria,Montana,BG312,2021-46,674.01044086267,Epidemic intelligence subnational data
Bulgaria,Montana,BG312,2021-47,603.144857127109,Epidemic intelligence subnational data
Bulgaria,Montana,BG312,2021-48,500.783458397965,Epidemic intelligence subnational data
Bulgaria,Montana,BG312,2021-49,365.35145392556,Epidemic intelligence subnational data
Bulgaria,Montana,BG312,2021-50,281.887544192565,Epidemic intelligence subnational data
Bulgaria,Montana,BG312,2021-51,203.148006708609,Epidemic intelligence subnational data
Bulgaria,Montana,BG312,2021-52,201.57321595893,Epidemic intelligence subnational data
Bulgaria,Montana,BG312,2022-01,456.68931740695,Epidemic intelligence subnational data
Bulgaria,Montana,BG312,2022-02,773.222258092456,Epidemic intelligence subnational data
Bulgaria,Montana,BG312,2022-03,1193.69138825679,Epidemic intelligence subnational data
Bulgaria,Montana,BG312,2022-04,1475.57893244935,Epidemic intelligence subnational data
Bulgaria,Vratsa,BG313,2020-15,,Epidemic intelligence subnational data
Bulgaria,Vratsa,BG313,2020-16,0.627077193202483,Epidemic intelligence subnational data
Bulgaria,Vratsa,BG313,2020-17,1.88123157960745,Epidemic intelligence subnational data
Bulgaria,Vratsa,BG313,2020-18,5.01661754561987,Epidemic intelligence subnational data
Bulgaria,Vratsa,BG313,2020-19,5.01661754561987,Epidemic intelligence subnational data
Bulgaria,Vratsa,BG313,2020-20,1.88123157960745,Epidemic intelligence subnational data
Bulgaria,Vratsa,BG313,2020-21,1.88123157960745,Epidemic intelligence subnational data
Bulgaria,Vratsa,BG313,2020-22,1.88123157960745,Epidemic intelligence subnational data
Bulgaria,Vratsa,BG313,2020-23,0,Epidemic intelligence subnational data
Bulgaria,Vratsa,BG313,2020-24,0.627077193202483,Epidemic intelligence subnational data
Bulgaria,Vratsa,BG313,2020-25,1.88123157960745,Epidemic intelligence subnational data
Bulgaria,Vratsa,BG313,2020-26,8.15200351163228,Epidemic intelligence subnational data
Bulgaria,Vratsa,BG313,2020-28,16.9310842164671,Epidemic intelligence subnational data
Bulgaria,Vratsa,BG313,2020-29,17.5581614096695,Epidemic intelligence subnational data
Bulgaria,Vratsa,BG313,2020-30,12.5415438640497,Epidemic intelligence subnational data
Bulgaria,Vratsa,BG313,2020-31,16.3040070232646,Epidemic intelligence subnational data
Bulgaria,Vratsa,BG313,2020-32,18.8123157960745,Epidemic intelligence subnational data
Bulgaria,Vratsa,BG313,2020-33,8.15200351163228,Epidemic intelligence subnational data
Bulgaria,Vratsa,BG313,2020-34,5.01661754561987,Epidemic intelligence subnational data
Bulgaria,Vratsa,BG313,2020-35,5.01661754561987,Epidemic intelligence subnational data
Bulgaria,Vratsa,BG313,2020-36,1.88123157960745,Epidemic intelligence subnational data
Bulgaria,Vratsa,BG313,2020-37,6.89784912522732,Epidemic intelligence subnational data
Bulgaria,Vratsa,BG313,2020-38,13.1686210572522,Epidemic intelligence subnational data
Bulgaria,Vratsa,BG313,2020-39,18.185238602872,Epidemic intelligence subnational data
Bulgaria,Vratsa,BG313,2020-40,25.0830877280993,Epidemic intelligence subnational data
Bulgaria,Vratsa,BG313,2020-41,45.7766351037813,Epidemic intelligence subnational data
Bulgaria,Vratsa,BG313,2020-42,99.7052737191948,Epidemic intelligence subnational data
Bulgaria,Vratsa,BG313,2020-43,203.800087790807,Epidemic intelligence subnational data
Bulgaria,Vratsa,BG313,2020-44,314.792750987647,Epidemic intelligence subnational data
Bulgaria,Vratsa,BG313,2020-45,460.901737003825,Epidemic intelligence subnational data
Bulgaria,Vratsa,BG313,2020-46,567.504859848247,Epidemic intelligence subnational data
Bulgaria,Vratsa,BG313,2020-47,570.64024581426,Epidemic intelligence subnational data
Bulgaria,Vratsa,BG313,2020-48,597.604565121967,Epidemic intelligence subnational data
Bulgaria,Vratsa,BG313,2020-49,613.281494952029,Epidemic intelligence subnational data
Bulgaria,Vratsa,BG313,2020-50,632.093810748103,Epidemic intelligence subnational data
Bulgaria,Vratsa,BG313,2020-51,556.217470370603,Epidemic intelligence subnational data
Bulgaria,Vratsa,BG313,2020-52,343.011224681758,Epidemic intelligence subnational data
Bulgaria,Vratsa,BG313,2020-53,257.728726406221,Epidemic intelligence subnational data
Bulgaria,Vratsa,BG313,2021-01,252.085031667398,Epidemic intelligence subnational data
Bulgaria,Vratsa,BG313,2021-02,169.937919357873,Epidemic intelligence subnational data
Bulgaria,Vratsa,BG313,2021-03,120.398821094877,Epidemic intelligence subnational data
Bulgaria,Vratsa,BG313,2021-04,124.788361447294,Epidemic intelligence subnational data
Bulgaria,Vratsa,BG313,2021-05,167.429610585063,Epidemic intelligence subnational data
Bulgaria,Vratsa,BG313,2021-06,224.493635166489,Epidemic intelligence subnational data
Bulgaria,Vratsa,BG313,2021-07,309.149056248824,Epidemic intelligence subnational data
Bulgaria,Vratsa,BG313,2021-08,435.191572082523,Epidemic intelligence subnational data
Bulgaria,Vratsa,BG313,2021-09,513.576221232834,Epidemic intelligence subnational data
Bulgaria,Vratsa,BG313,2021-10,670.345519533455,Epidemic intelligence subnational data
Bulgaria,Vratsa,BG313,2021-11,795.133880980749,Epidemic intelligence subnational data
Bulgaria,Vratsa,BG313,2021-12,844.672979243745,Epidemic intelligence subnational data
Bulgaria,Vratsa,BG313,2021-13,799.523421333166,Epidemic intelligence subnational data
Bulgaria,Vratsa,BG313,2021-14,584.435944064714,Epidemic intelligence subnational data
Bulgaria,Vratsa,BG313,2021-15,378.7546246943,Epidemic intelligence subnational data
Bulgaria,Vratsa,BG313,2021-16,279.049350975105,Epidemic intelligence subnational data
Bulgaria,Vratsa,BG313,2021-17,210.070859722832,Epidemic intelligence subnational data
Bulgaria,Vratsa,BG313,2021-18,136.075750924939,Epidemic intelligence subnational data
Bulgaria,Vratsa,BG313,2021-19,95.3157333667775,Epidemic intelligence subnational data
Bulgaria,Vratsa,BG313,2021-20,53.3015614222111,Epidemic intelligence subnational data
Bulgaria,Vratsa,BG313,2021-21,35.1163228193391,Epidemic intelligence subnational data
Bulgaria,Vratsa,BG313,2021-22,27.5913965009093,Epidemic intelligence subnational data
Bulgaria,Vratsa,BG313,2021-23,18.185238602872,Epidemic intelligence subnational data
Bulgaria,Vratsa,BG313,2021-24,16.3040070232646,Epidemic intelligence subnational data
Bulgaria,Vratsa,BG313,2021-25,21.3206245688844,Epidemic intelligence subnational data
Bulgaria,Vratsa,BG313,2021-26,17.5581614096695,Epidemic intelligence subnational data
Bulgaria,Vratsa,BG313,2021-27,15.6769298300621,Epidemic intelligence subnational data
Bulgaria,Vratsa,BG313,2021-28,13.7956982504546,Epidemic intelligence subnational data
Bulgaria,Vratsa,BG313,2021-29,16.3040070232646,Epidemic intelligence subnational data
Bulgaria,Vratsa,BG313,2021-30,18.8123157960745,Epidemic intelligence subnational data
Bulgaria,Vratsa,BG313,2021-31,43.2683263309713,Epidemic intelligence subnational data
Bulgaria,Vratsa,BG313,2021-32,92.8074245939675,Epidemic intelligence subnational data
Bulgaria,Vratsa,BG313,2021-33,118.517589515269,Epidemic intelligence subnational data
Bulgaria,Vratsa,BG313,2021-34,140.465291277356,Epidemic intelligence subnational data
Bulgaria,Vratsa,BG313,2021-35,161.785915846241,Epidemic intelligence subnational data
Bulgaria,Vratsa,BG313,2021-36,202.545933404402,Epidemic intelligence subnational data
Bulgaria,Vratsa,BG313,2021-37,247.695491314981,Epidemic intelligence subnational data
Bulgaria,Vratsa,BG313,2021-38,238.916410610146,Epidemic intelligence subnational data
Bulgaria,Vratsa,BG313,2021-39,269.016115883865,Epidemic intelligence subnational data
Bulgaria,Vratsa,BG313,2021-40,329.842603624506,Epidemic intelligence subnational data
Bulgaria,Vratsa,BG313,2021-41,469.68081770866,Epidemic intelligence subnational data
Bulgaria,Vratsa,BG313,2021-42,738.069856399323,Epidemic intelligence subnational data
Bulgaria,Vratsa,BG313,2021-43,969.461340691039,Epidemic intelligence subnational data
Bulgaria,Vratsa,BG313,2021-44,1083.58938985389,Epidemic intelligence subnational data
Bulgaria,Vratsa,BG313,2021-45,977.613344202671,Epidemic intelligence subnational data
Bulgaria,Vratsa,BG313,2021-46,836.520975732113,Epidemic intelligence subnational data
Bulgaria,Vratsa,BG313,2021-47,715.495077444033,Epidemic intelligence subnational data
Bulgaria,Vratsa,BG313,2021-48,544.303003699755,Epidemic intelligence subnational data
Bulgaria,Vratsa,BG313,2021-49,407.600175581614,Epidemic intelligence subnational data
Bulgaria,Vratsa,BG313,2021-50,331.723835204114,Epidemic intelligence subnational data
Bulgaria,Vratsa,BG313,2021-51,300.997052737192,Epidemic intelligence subnational data
Bulgaria,Vratsa,BG313,2021-52,357.434000125415,Epidemic intelligence subnational data
Bulgaria,Vratsa,BG313,2022-01,583.181789678309,Epidemic intelligence subnational data
Bulgaria,Vratsa,BG313,2022-02,773.186179218662,Epidemic intelligence subnational data
Bulgaria,Vratsa,BG313,2022-03,1118.70571267323,Epidemic intelligence subnational data
Bulgaria,Vratsa,BG313,2022-04,1550.76189878974,Epidemic intelligence subnational data
Bulgaria,Pleven,BG314,2020-14,,Epidemic intelligence subnational data
Bulgaria,Pleven,BG314,2020-15,0,Epidemic intelligence subnational data
Bulgaria,Pleven,BG314,2020-16,11.8490933327691,Epidemic intelligence subnational data
Bulgaria,Pleven,BG314,2020-17,52.4745561879774,Epidemic intelligence subnational data
Bulgaria,Pleven,BG314,2020-18,56.7063752353949,Epidemic intelligence subnational data
Bulgaria,Pleven,BG314,2020-19,25.814096189247,Epidemic intelligence subnational data
Bulgaria,Pleven,BG314,2020-20,15.6577304754449,Epidemic intelligence subnational data
Bulgaria,Pleven,BG314,2020-21,9.73318380906033,Epidemic intelligence subnational data
Bulgaria,Pleven,BG314,2020-22,4.23181904741753,Epidemic intelligence subnational data
Bulgaria,Pleven,BG314,2020-23,3.80863714267578,Epidemic intelligence subnational data
Bulgaria,Pleven,BG314,2020-24,18.1968219038954,Epidemic intelligence subnational data
Bulgaria,Pleven,BG314,2020-25,20.7359133323459,Epidemic intelligence subnational data
Bulgaria,Pleven,BG314,2020-26,11.4259114280273,Epidemic intelligence subnational data
Bulgaria,Pleven,BG314,2020-28,32.1618247603733,Epidemic intelligence subnational data
Bulgaria,Pleven,BG314,2020-29,34.7009161888238,Epidemic intelligence subnational data
Bulgaria,Pleven,BG314,2020-30,11.8490933327691,Epidemic intelligence subnational data
Bulgaria,Pleven,BG314,2020-31,10.1563657138021,Epidemic intelligence subnational data
Bulgaria,Pleven,BG314,2020-32,22.0054590465712,Epidemic intelligence subnational data
Bulgaria,Pleven,BG314,2020-33,22.8518228560547,Epidemic intelligence subnational data
Bulgaria,Pleven,BG314,2020-34,13.1186390469944,Epidemic intelligence subnational data
Bulgaria,Pleven,BG314,2020-35,8.46363809483507,Epidemic intelligence subnational data
Bulgaria,Pleven,BG314,2020-36,2.96227333319227,Epidemic intelligence subnational data
Bulgaria,Pleven,BG314,2020-37,3.38545523793403,Epidemic intelligence subnational data
Bulgaria,Pleven,BG314,2020-38,9.31000190431857,Epidemic intelligence subnational data
Bulgaria,Pleven,BG314,2020-39,10.1563657138021,Epidemic intelligence subnational data
Bulgaria,Pleven,BG314,2020-40,15.6577304754449,Epidemic intelligence subnational data
Bulgaria,Pleven,BG314,2020-41,23.2750047607964,Epidemic intelligence subnational data
Bulgaria,Pleven,BG314,2020-42,68.1322866634223,Epidemic intelligence subnational data
Bulgaria,Pleven,BG314,2020-43,141.765938088487,Epidemic intelligence subnational data
Bulgaria,Pleven,BG314,2020-44,197.202767609657,Epidemic intelligence subnational data
Bulgaria,Pleven,BG314,2020-45,322.887793317958,Epidemic intelligence subnational data
Bulgaria,Pleven,BG314,2020-46,471.001459977571,Epidemic intelligence subnational data
Bulgaria,Pleven,BG314,2020-47,573.411480925076,Epidemic intelligence subnational data
Bulgaria,Pleven,BG314,2020-48,558.176932354373,Epidemic intelligence subnational data
Bulgaria,Pleven,BG314,2020-49,471.847823787055,Epidemic intelligence subnational data
Bulgaria,Pleven,BG314,2020-50,462.114639977995,Epidemic intelligence subnational data
Bulgaria,Pleven,BG314,2020-51,408.370538075792,Epidemic intelligence subnational data
Bulgaria,Pleven,BG314,2020-52,278.030511415332,Epidemic intelligence subnational data
Bulgaria,Pleven,BG314,2020-53,214.130043799327,Epidemic intelligence subnational data
Bulgaria,Pleven,BG314,2021-01,207.782315228201,Epidemic intelligence subnational data
Bulgaria,Pleven,BG314,2021-02,157.846850468674,Epidemic intelligence subnational data
Bulgaria,Pleven,BG314,2021-03,125.261843803559,Epidemic intelligence subnational data
Bulgaria,Pleven,BG314,2021-04,140.919574279004,Epidemic intelligence subnational data
Bulgaria,Pleven,BG314,2021-05,177.736399991536,Epidemic intelligence subnational data
Bulgaria,Pleven,BG314,2021-06,218.785044751486,Epidemic intelligence subnational data
Bulgaria,Pleven,BG314,2021-07,291.99551427181,Epidemic intelligence subnational data
Bulgaria,Pleven,BG314,2021-08,448.996000931,Epidemic intelligence subnational data
Bulgaria,Pleven,BG314,2021-09,575.104208544043,Epidemic intelligence subnational data
Bulgaria,Pleven,BG314,2021-10,668.62740949197,Epidemic intelligence subnational data
Bulgaria,Pleven,BG314,2021-11,765.11288377309,Epidemic intelligence subnational data
Bulgaria,Pleven,BG314,2021-12,749.031971392903,Epidemic intelligence subnational data
Bulgaria,Pleven,BG314,2021-13,607.689215209158,Epidemic intelligence subnational data
Bulgaria,Pleven,BG314,2021-14,443.494636169357,Epidemic intelligence subnational data
Bulgaria,Pleven,BG314,2021-15,305.114153318804,Epidemic intelligence subnational data
Bulgaria,Pleven,BG314,2021-16,214.553225704069,Epidemic intelligence subnational data
Bulgaria,Pleven,BG314,2021-17,145.574575231163,Epidemic intelligence subnational data
Bulgaria,Pleven,BG314,2021-18,96.4854742811197,Epidemic intelligence subnational data
Bulgaria,Pleven,BG314,2021-19,77.4422885677409,Epidemic intelligence subnational data
Bulgaria,Pleven,BG314,2021-20,40.2022809504666,Epidemic intelligence subnational data
Bulgaria,Pleven,BG314,2021-21,24.1213685702799,Epidemic intelligence subnational data
Bulgaria,Pleven,BG314,2021-22,21.1590952370877,Epidemic intelligence subnational data
Bulgaria,Pleven,BG314,2021-23,12.2722752375108,Epidemic intelligence subnational data
Bulgaria,Pleven,BG314,2021-24,12.2722752375108,Epidemic intelligence subnational data
Bulgaria,Pleven,BG314,2021-25,12.6954571422526,Epidemic intelligence subnational data
Bulgaria,Pleven,BG314,2021-26,10.1563657138021,Epidemic intelligence subnational data
Bulgaria,Pleven,BG314,2021-27,7.19409238060981,Epidemic intelligence subnational data
Bulgaria,Pleven,BG314,2021-28,6.77091047586805,Epidemic intelligence subnational data
Bulgaria,Pleven,BG314,2021-29,13.1186390469944,Epidemic intelligence subnational data
Bulgaria,Pleven,BG314,2021-30,21.5822771418294,Epidemic intelligence subnational data
Bulgaria,Pleven,BG314,2021-31,52.4745561879774,Epidemic intelligence subnational data
Bulgaria,Pleven,BG314,2021-32,92.676837138444,Epidemic intelligence subnational data
Bulgaria,Pleven,BG314,2021-33,138.803664755295,Epidemic intelligence subnational data
Bulgaria,Pleven,BG314,2021-34,210.321406656651,Epidemic intelligence subnational data
Bulgaria,Pleven,BG314,2021-35,228.518228560547,Epidemic intelligence subnational data
Bulgaria,Pleven,BG314,2021-36,234.01959332219,Epidemic intelligence subnational data
Bulgaria,Pleven,BG314,2021-37,230.210956179514,Epidemic intelligence subnational data
Bulgaria,Pleven,BG314,2021-38,189.585493324305,Epidemic intelligence subnational data
Bulgaria,Pleven,BG314,2021-39,177.736399991536,Epidemic intelligence subnational data
Bulgaria,Pleven,BG314,2021-40,190.431857133789,Epidemic intelligence subnational data
Bulgaria,Pleven,BG314,2021-41,263.219144749371,Epidemic intelligence subnational data
Bulgaria,Pleven,BG314,2021-42,401.599627599924,Epidemic intelligence subnational data
Bulgaria,Pleven,BG314,2021-43,619.115126637185,Epidemic intelligence subnational data
Bulgaria,Pleven,BG314,2021-44,714.33105520408,Epidemic intelligence subnational data
Bulgaria,Pleven,BG314,2021-45,586.106938067328,Epidemic intelligence subnational data
Bulgaria,Pleven,BG314,2021-46,497.23873807156,Epidemic intelligence subnational data
Bulgaria,Pleven,BG314,2021-47,475.233279024989,Epidemic intelligence subnational data
Bulgaria,Pleven,BG314,2021-48,426.990541884429,Epidemic intelligence subnational data
Bulgaria,Pleven,BG314,2021-49,363.936438077908,Epidemic intelligence subnational data
Bulgaria,Pleven,BG314,2021-50,342.77734284082,Epidemic intelligence subnational data
Bulgaria,Pleven,BG314,2021-51,311.46188188993,Epidemic intelligence subnational data
Bulgaria,Pleven,BG314,2021-52,307.653244747255,Epidemic intelligence subnational data
Bulgaria,Pleven,BG314,2022-01,501.047375214236,Epidemic intelligence subnational data
Bulgaria,Pleven,BG314,2022-02,716.446964727788,Epidemic intelligence subnational data
Bulgaria,Pleven,BG314,2022-03,1015.21338947547,Epidemic intelligence subnational data
Bulgaria,Pleven,BG314,2022-04,1396.50028564779,Epidemic intelligence subnational data
Bulgaria,Lovech,BG315,2020-14,,Epidemic intelligence subnational data
Bulgaria,Lovech,BG315,2020-15,1.63204021347086,Epidemic intelligence subnational data
Bulgaria,Lovech,BG315,2020-16,0,Epidemic intelligence subnational data
Bulgaria,Lovech,BG315,2020-17,0,Epidemic intelligence subnational data
Bulgaria,Lovech,BG315,2020-18,0,Epidemic intelligence subnational data
Bulgaria,Lovech,BG315,2020-19,0,Epidemic intelligence subnational data
Bulgaria,Lovech,BG315,2020-20,0,Epidemic intelligence subnational data
Bulgaria,Lovech,BG315,2020-21,2.44806032020629,Epidemic intelligence subnational data
Bulgaria,Lovech,BG315,2020-22,2.44806032020629,Epidemic intelligence subnational data
Bulgaria,Lovech,BG315,2020-23,2.44806032020629,Epidemic intelligence subnational data
Bulgaria,Lovech,BG315,2020-24,5.71214074714801,Epidemic intelligence subnational data
Bulgaria,Lovech,BG315,2020-25,6.52816085388344,Epidemic intelligence subnational data
Bulgaria,Lovech,BG315,2020-26,4.08010053367715,Epidemic intelligence subnational data
Bulgaria,Lovech,BG315,2020-28,9.79224128082516,Epidemic intelligence subnational data
Bulgaria,Lovech,BG315,2020-29,13.8723418145023,Epidemic intelligence subnational data
Bulgaria,Lovech,BG315,2020-30,5.71214074714801,Epidemic intelligence subnational data
Bulgaria,Lovech,BG315,2020-31,4.08010053367715,Epidemic intelligence subnational data
Bulgaria,Lovech,BG315,2020-32,8.97622117408973,Epidemic intelligence subnational data
Bulgaria,Lovech,BG315,2020-33,11.424281494296,Epidemic intelligence subnational data
Bulgaria,Lovech,BG315,2020-34,10.6082613875606,Epidemic intelligence subnational data
Bulgaria,Lovech,BG315,2020-35,6.52816085388344,Epidemic intelligence subnational data
Bulgaria,Lovech,BG315,2020-36,4.08010053367715,Epidemic intelligence subnational data
Bulgaria,Lovech,BG315,2020-37,3.26408042694172,Epidemic intelligence subnational data
Bulgaria,Lovech,BG315,2020-38,4.08010053367715,Epidemic intelligence subnational data
Bulgaria,Lovech,BG315,2020-39,11.424281494296,Epidemic intelligence subnational data
Bulgaria,Lovech,BG315,2020-40,18.7684624549149,Epidemic intelligence subnational data
Bulgaria,Lovech,BG315,2020-41,28.5607037357401,Epidemic intelligence subnational data
Bulgaria,Lovech,BG315,2020-42,80.7859905668076,Epidemic intelligence subnational data
Bulgaria,Lovech,BG315,2020-43,143.619538785436,Epidemic intelligence subnational data
Bulgaria,Lovech,BG315,2020-44,203.189006577122,Epidemic intelligence subnational data
Bulgaria,Lovech,BG315,2020-45,292.951218318019,Epidemic intelligence subnational data
Bulgaria,Lovech,BG315,2020-46,372.105168671356,Epidemic intelligence subnational data
Bulgaria,Lovech,BG315,2020-47,416.170254435069,Epidemic intelligence subnational data
Bulgaria,Lovech,BG315,2020-48,424.330455502424,Epidemic intelligence subnational data
Bulgaria,Lovech,BG315,2020-49,379.449349631975,Epidemic intelligence subnational data
Bulgaria,Lovech,BG315,2020-50,390.057611019536,Epidemic intelligence subnational data
Bulgaria,Lovech,BG315,2020-51,384.345470272388,Epidemic intelligence subnational data
Bulgaria,Lovech,BG315,2020-52,255.41429340819,Epidemic intelligence subnational data
Bulgaria,Lovech,BG315,2020-53,191.764725082826,Epidemic intelligence subnational data
Bulgaria,Lovech,BG315,2021-01,150.963719746055,Epidemic intelligence subnational data
Bulgaria,Lovech,BG315,2021-02,82.4180307802784,Epidemic intelligence subnational data
Bulgaria,Lovech,BG315,2021-03,67.7296688590407,Epidemic intelligence subnational data
Bulgaria,Lovech,BG315,2021-04,65.2816085388344,Epidemic intelligence subnational data
Bulgaria,Lovech,BG315,2021-05,79.9699704600721,Epidemic intelligence subnational data
Bulgaria,Lovech,BG315,2021-06,100.370473128458,Epidemic intelligence subnational data
Bulgaria,Lovech,BG315,2021-07,138.723418145023,Epidemic intelligence subnational data
Bulgaria,Lovech,BG315,2021-08,212.981247857947,Epidemic intelligence subnational data
Bulgaria,Lovech,BG315,2021-09,264.390514582279,Epidemic intelligence subnational data
Bulgaria,Lovech,BG315,2021-10,323.14396226723,Epidemic intelligence subnational data
Bulgaria,Lovech,BG315,2021-11,511.644606923115,Epidemic intelligence subnational data
Bulgaria,Lovech,BG315,2021-12,670.768527736523,Epidemic intelligence subnational data
Bulgaria,Lovech,BG315,2021-13,666.688427202846,Epidemic intelligence subnational data
Bulgaria,Lovech,BG315,2021-14,594.878657810128,Epidemic intelligence subnational data
Bulgaria,Lovech,BG315,2021-15,479.003802653697,Epidemic intelligence subnational data
Bulgaria,Lovech,BG315,2021-16,371.289148564621,Epidemic intelligence subnational data
Bulgaria,Lovech,BG315,2021-17,248.886132554306,Epidemic intelligence subnational data
Bulgaria,Lovech,BG315,2021-18,195.028805509768,Epidemic intelligence subnational data
Bulgaria,Lovech,BG315,2021-19,163.204021347086,Epidemic intelligence subnational data
Bulgaria,Lovech,BG315,2021-20,102.818533448664,Epidemic intelligence subnational data
Bulgaria,Lovech,BG315,2021-21,68.5456889657761,Epidemic intelligence subnational data
Bulgaria,Lovech,BG315,2021-22,45.6971259771841,Epidemic intelligence subnational data
Bulgaria,Lovech,BG315,2021-23,30.1927439492109,Epidemic intelligence subnational data
Bulgaria,Lovech,BG315,2021-24,13.0563217077669,Epidemic intelligence subnational data
Bulgaria,Lovech,BG315,2021-25,17.136422241444,Epidemic intelligence subnational data
Bulgaria,Lovech,BG315,2021-26,15.5043820279732,Epidemic intelligence subnational data
Bulgaria,Lovech,BG315,2021-27,11.424281494296,Epidemic intelligence subnational data
Bulgaria,Lovech,BG315,2021-28,10.6082613875606,Epidemic intelligence subnational data
Bulgaria,Lovech,BG315,2021-29,13.8723418145023,Epidemic intelligence subnational data
Bulgaria,Lovech,BG315,2021-30,31.8247841626818,Epidemic intelligence subnational data
Bulgaria,Lovech,BG315,2021-31,62.8335482186281,Epidemic intelligence subnational data
Bulgaria,Lovech,BG315,2021-32,102.002513341929,Epidemic intelligence subnational data
Bulgaria,Lovech,BG315,2021-33,133.827297504611,Epidemic intelligence subnational data
Bulgaria,Lovech,BG315,2021-34,198.29288593671,Epidemic intelligence subnational data
Bulgaria,Lovech,BG315,2021-35,236.645830953275,Epidemic intelligence subnational data
Bulgaria,Lovech,BG315,2021-36,235.013790739804,Epidemic intelligence subnational data
Bulgaria,Lovech,BG315,2021-37,296.215298744961,Epidemic intelligence subnational data
Bulgaria,Lovech,BG315,2021-38,310.903660666199,Epidemic intelligence subnational data
Bulgaria,Lovech,BG315,2021-39,288.055097677607,Epidemic intelligence subnational data
Bulgaria,Lovech,BG315,2021-40,317.431821520082,Epidemic intelligence subnational data
Bulgaria,Lovech,BG315,2021-41,472.475641799814,Epidemic intelligence subnational data
Bulgaria,Lovech,BG315,2021-42,703.409332005941,Epidemic intelligence subnational data
Bulgaria,Lovech,BG315,2021-43,788.275423106425,Epidemic intelligence subnational data
Bulgaria,Lovech,BG315,2021-44,794.803583960309,Epidemic intelligence subnational data
Bulgaria,Lovech,BG315,2021-45,667.504447309582,Epidemic intelligence subnational data
Bulgaria,Lovech,BG315,2021-46,530.41306937803,Epidemic intelligence subnational data
Bulgaria,Lovech,BG315,2021-47,484.715943400845,Epidemic intelligence subnational data
Bulgaria,Lovech,BG315,2021-48,410.458113687921,Epidemic intelligence subnational data
Bulgaria,Lovech,BG315,2021-49,368.025068137679,Epidemic intelligence subnational data
Bulgaria,Lovech,BG315,2021-50,360.68088717706,Epidemic intelligence subnational data
Bulgaria,Lovech,BG315,2021-51,295.399278638226,Epidemic intelligence subnational data
Bulgaria,Lovech,BG315,2021-52,279.894896610253,Epidemic intelligence subnational data
Bulgaria,Lovech,BG315,2022-01,522.252868310675,Epidemic intelligence subnational data
Bulgaria,Lovech,BG315,2022-02,820.916227375843,Epidemic intelligence subnational data
Bulgaria,Lovech,BG315,2022-03,1146.50824996328,Epidemic intelligence subnational data
Bulgaria,Lovech,BG315,2022-04,1410.08274443882,Epidemic intelligence subnational data
Bulgaria,Veliko Tarnovo,BG321,2020-15,,Epidemic intelligence subnational data
Bulgaria,Veliko Tarnovo,BG321,2020-16,3.00987238141103,Epidemic intelligence subnational data
Bulgaria,Veliko Tarnovo,BG321,2020-17,5.15978122527605,Epidemic intelligence subnational data
Bulgaria,Veliko Tarnovo,BG321,2020-18,6.01974476282206,Epidemic intelligence subnational data
Bulgaria,Veliko Tarnovo,BG321,2020-19,1.28994530631901,Epidemic intelligence subnational data
Bulgaria,Veliko Tarnovo,BG321,2020-20,0.429981768773004,Epidemic intelligence subnational data
Bulgaria,Veliko Tarnovo,BG321,2020-21,1.71992707509202,Epidemic intelligence subnational data
Bulgaria,Veliko Tarnovo,BG321,2020-22,1.28994530631901,Epidemic intelligence subnational data
Bulgaria,Veliko Tarnovo,BG321,2020-23,0,Epidemic intelligence subnational data
Bulgaria,Veliko Tarnovo,BG321,2020-24,0.859963537546008,Epidemic intelligence subnational data
Bulgaria,Veliko Tarnovo,BG321,2020-25,1.71992707509202,Epidemic intelligence subnational data
Bulgaria,Veliko Tarnovo,BG321,2020-26,4.29981768773004,Epidemic intelligence subnational data
Bulgaria,Veliko Tarnovo,BG321,2020-28,46.0080492587114,Epidemic intelligence subnational data
Bulgaria,Veliko Tarnovo,BG321,2020-29,68.3671012349076,Epidemic intelligence subnational data
Bulgaria,Veliko Tarnovo,BG321,2020-30,40.4182862646624,Epidemic intelligence subnational data
Bulgaria,Veliko Tarnovo,BG321,2020-31,19.3491795947852,Epidemic intelligence subnational data
Bulgaria,Veliko Tarnovo,BG321,2020-32,13.7594166007361,Epidemic intelligence subnational data
Bulgaria,Veliko Tarnovo,BG321,2020-33,16.3393072133741,Epidemic intelligence subnational data
Bulgaria,Veliko Tarnovo,BG321,2020-34,10.3195624505521,Epidemic intelligence subnational data
Bulgaria,Veliko Tarnovo,BG321,2020-35,5.58976299404905,Epidemic intelligence subnational data
Bulgaria,Veliko Tarnovo,BG321,2020-36,3.86983591895704,Epidemic intelligence subnational data
Bulgaria,Veliko Tarnovo,BG321,2020-37,5.58976299404905,Epidemic intelligence subnational data
Bulgaria,Veliko Tarnovo,BG321,2020-38,9.45959891300609,Epidemic intelligence subnational data
Bulgaria,Veliko Tarnovo,BG321,2020-39,11.1795259880981,Epidemic intelligence subnational data
Bulgaria,Veliko Tarnovo,BG321,2020-40,16.7692889821472,Epidemic intelligence subnational data
Bulgaria,Veliko Tarnovo,BG321,2020-41,38.6983591895704,Epidemic intelligence subnational data
Bulgaria,Veliko Tarnovo,BG321,2020-42,64.4972653159506,Epidemic intelligence subnational data
Bulgaria,Veliko Tarnovo,BG321,2020-43,107.065460424478,Epidemic intelligence subnational data
Bulgaria,Veliko Tarnovo,BG321,2020-44,142.753947232637,Epidemic intelligence subnational data
Bulgaria,Veliko Tarnovo,BG321,2020-45,253.689243576072,Epidemic intelligence subnational data
Bulgaria,Veliko Tarnovo,BG321,2020-46,398.593099652575,Epidemic intelligence subnational data
Bulgaria,Veliko Tarnovo,BG321,2020-47,426.971896391593,Epidemic intelligence subnational data
Bulgaria,Veliko Tarnovo,BG321,2020-48,438.581404148464,Epidemic intelligence subnational data
Bulgaria,Veliko Tarnovo,BG321,2020-49,466.960200887482,Epidemic intelligence subnational data
Bulgaria,Veliko Tarnovo,BG321,2020-50,466.100237349936,Epidemic intelligence subnational data
Bulgaria,Veliko Tarnovo,BG321,2020-51,373.224175294968,Epidemic intelligence subnational data
Bulgaria,Veliko Tarnovo,BG321,2020-52,195.211723022944,Epidemic intelligence subnational data
Bulgaria,Veliko Tarnovo,BG321,2020-53,122.114822331533,Epidemic intelligence subnational data
Bulgaria,Veliko Tarnovo,BG321,2021-01,121.254858793987,Epidemic intelligence subnational data
Bulgaria,Veliko Tarnovo,BG321,2021-02,73.0969006914107,Epidemic intelligence subnational data
Bulgaria,Veliko Tarnovo,BG321,2021-03,52.0277940215335,Epidemic intelligence subnational data
Bulgaria,Veliko Tarnovo,BG321,2021-04,64.0672835471776,Epidemic intelligence subnational data
Bulgaria,Veliko Tarnovo,BG321,2021-05,77.3967183791407,Epidemic intelligence subnational data
Bulgaria,Veliko Tarnovo,BG321,2021-06,86.4263355233738,Epidemic intelligence subnational data
Bulgaria,Veliko Tarnovo,BG321,2021-07,100.18575212411,Epidemic intelligence subnational data
Bulgaria,Veliko Tarnovo,BG321,2021-08,138.88411131368,Epidemic intelligence subnational data
Bulgaria,Veliko Tarnovo,BG321,2021-09,215.420866155275,Epidemic intelligence subnational data
Bulgaria,Veliko Tarnovo,BG321,2021-10,327.216126036256,Epidemic intelligence subnational data
Bulgaria,Veliko Tarnovo,BG321,2021-11,432.131677616869,Epidemic intelligence subnational data
Bulgaria,Veliko Tarnovo,BG321,2021-12,480.719617488219,Epidemic intelligence subnational data
Bulgaria,Veliko Tarnovo,BG321,2021-13,486.309380482268,Epidemic intelligence subnational data
Bulgaria,Veliko Tarnovo,BG321,2021-14,444.171167142513,Epidemic intelligence subnational data
Bulgaria,Veliko Tarnovo,BG321,2021-15,362.044649306869,Epidemic intelligence subnational data
Bulgaria,Veliko Tarnovo,BG321,2021-16,299.267311066011,Epidemic intelligence subnational data
Bulgaria,Veliko Tarnovo,BG321,2021-17,224.450483299508,Epidemic intelligence subnational data
Bulgaria,Veliko Tarnovo,BG321,2021-18,180.592342884662,Epidemic intelligence subnational data
Bulgaria,Veliko Tarnovo,BG321,2021-19,149.203673764232,Epidemic intelligence subnational data
Bulgaria,Veliko Tarnovo,BG321,2021-20,75.2468095352757,Epidemic intelligence subnational data
Bulgaria,Veliko Tarnovo,BG321,2021-21,50.7378487152145,Epidemic intelligence subnational data
Bulgaria,Veliko Tarnovo,BG321,2021-22,46.0080492587114,Epidemic intelligence subnational data
Bulgaria,Veliko Tarnovo,BG321,2021-23,25.3689243576072,Epidemic intelligence subnational data
Bulgaria,Veliko Tarnovo,BG321,2021-24,15.4793436758282,Epidemic intelligence subnational data
Bulgaria,Veliko Tarnovo,BG321,2021-25,10.7495442193251,Epidemic intelligence subnational data
Bulgaria,Veliko Tarnovo,BG321,2021-26,7.73967183791407,Epidemic intelligence subnational data
Bulgaria,Veliko Tarnovo,BG321,2021-27,11.6095077568711,Epidemic intelligence subnational data
Bulgaria,Veliko Tarnovo,BG321,2021-28,12.0394895256441,Epidemic intelligence subnational data
Bulgaria,Veliko Tarnovo,BG321,2021-29,17.1992707509202,Epidemic intelligence subnational data
Bulgaria,Veliko Tarnovo,BG321,2021-30,37.4084138832514,Epidemic intelligence subnational data
Bulgaria,Veliko Tarnovo,BG321,2021-31,85.5663719858278,Epidemic intelligence subnational data
Bulgaria,Veliko Tarnovo,BG321,2021-32,178.012452272024,Epidemic intelligence subnational data
Bulgaria,Veliko Tarnovo,BG321,2021-33,309.15689174779,Epidemic intelligence subnational data
Bulgaria,Veliko Tarnovo,BG321,2021-34,411.062570946992,Epidemic intelligence subnational data
Bulgaria,Veliko Tarnovo,BG321,2021-35,380.103883595336,Epidemic intelligence subnational data
Bulgaria,Veliko Tarnovo,BG321,2021-36,373.224175294968,Epidemic intelligence subnational data
Bulgaria,Veliko Tarnovo,BG321,2021-37,402.892917340305,Epidemic intelligence subnational data
Bulgaria,Veliko Tarnovo,BG321,2021-38,381.393828901655,Epidemic intelligence subnational data
Bulgaria,Veliko Tarnovo,BG321,2021-39,365.484503457053,Epidemic intelligence subnational data
Bulgaria,Veliko Tarnovo,BG321,2021-40,355.594922775274,Epidemic intelligence subnational data
Bulgaria,Veliko Tarnovo,BG321,2021-41,427.401878160366,Epidemic intelligence subnational data
Bulgaria,Veliko Tarnovo,BG321,2021-42,607.134257507482,Epidemic intelligence subnational data
Bulgaria,Veliko Tarnovo,BG321,2021-43,737.848715214475,Epidemic intelligence subnational data
Bulgaria,Veliko Tarnovo,BG321,2021-44,688.830793574353,Epidemic intelligence subnational data
Bulgaria,Veliko Tarnovo,BG321,2021-45,525.007739671838,Epidemic intelligence subnational data
Bulgaria,Veliko Tarnovo,BG321,2021-46,399.023081421348,Epidemic intelligence subnational data
Bulgaria,Veliko Tarnovo,BG321,2021-47,353.015032162636,Epidemic intelligence subnational data
Bulgaria,Veliko Tarnovo,BG321,2021-48,297.117402222146,Epidemic intelligence subnational data
Bulgaria,Veliko Tarnovo,BG321,2021-49,256.26913418871,Epidemic intelligence subnational data
Bulgaria,Veliko Tarnovo,BG321,2021-50,218.000756767913,Epidemic intelligence subnational data
Bulgaria,Veliko Tarnovo,BG321,2021-51,175.862543428159,Epidemic intelligence subnational data
Bulgaria,Veliko Tarnovo,BG321,2021-52,221.87059268687,Epidemic intelligence subnational data
Bulgaria,Veliko Tarnovo,BG321,2022-01,457.070620205703,Epidemic intelligence subnational data
Bulgaria,Veliko Tarnovo,BG321,2022-02,605.41433043239,Epidemic intelligence subnational data
Bulgaria,Veliko Tarnovo,BG321,2022-03,675.501358742389,Epidemic intelligence subnational data
Bulgaria,Veliko Tarnovo,BG321,2022-04,892.212170203983,Epidemic intelligence subnational data
Bulgaria,Gabrovo,BG322,2020-13,,Epidemic intelligence subnational data
Bulgaria,Gabrovo,BG322,2020-14,0,Epidemic intelligence subnational data
Bulgaria,Gabrovo,BG322,2020-15,0.93810390438845,Epidemic intelligence subnational data
Bulgaria,Gabrovo,BG322,2020-16,0.93810390438845,Epidemic intelligence subnational data
Bulgaria,Gabrovo,BG322,2020-17,1.8762078087769,Epidemic intelligence subnational data
Bulgaria,Gabrovo,BG322,2020-18,3.7524156175538,Epidemic intelligence subnational data
Bulgaria,Gabrovo,BG322,2020-19,1.8762078087769,Epidemic intelligence subnational data
Bulgaria,Gabrovo,BG322,2020-20,0.93810390438845,Epidemic intelligence subnational data
Bulgaria,Gabrovo,BG322,2020-21,1.8762078087769,Epidemic intelligence subnational data
Bulgaria,Gabrovo,BG322,2020-22,0.93810390438845,Epidemic intelligence subnational data
Bulgaria,Gabrovo,BG322,2020-23,0.93810390438845,Epidemic intelligence subnational data
Bulgaria,Gabrovo,BG322,2020-24,5.6286234263307,Epidemic intelligence subnational data
Bulgaria,Gabrovo,BG322,2020-25,5.6286234263307,Epidemic intelligence subnational data
Bulgaria,Gabrovo,BG322,2020-26,2.81431171316535,Epidemic intelligence subnational data
Bulgaria,Gabrovo,BG322,2020-28,15.9477663746037,Epidemic intelligence subnational data
Bulgaria,Gabrovo,BG322,2020-29,31.8955327492073,Epidemic intelligence subnational data
Bulgaria,Gabrovo,BG322,2020-30,73.1721045422991,Epidemic intelligence subnational data
Bulgaria,Gabrovo,BG322,2020-31,77.8626240642414,Epidemic intelligence subnational data
Bulgaria,Gabrovo,BG322,2020-32,45.967091315034,Epidemic intelligence subnational data
Bulgaria,Gabrovo,BG322,2020-33,33.7717405579842,Epidemic intelligence subnational data
Bulgaria,Gabrovo,BG322,2020-34,11.2572468526614,Epidemic intelligence subnational data
Bulgaria,Gabrovo,BG322,2020-35,1.8762078087769,Epidemic intelligence subnational data
Bulgaria,Gabrovo,BG322,2020-36,1.8762078087769,Epidemic intelligence subnational data
Bulgaria,Gabrovo,BG322,2020-37,7.5048312351076,Epidemic intelligence subnational data
Bulgaria,Gabrovo,BG322,2020-38,20.6382858965459,Epidemic intelligence subnational data
Bulgaria,Gabrovo,BG322,2020-39,65.6672733071915,Epidemic intelligence subnational data
Bulgaria,Gabrovo,BG322,2020-40,91.9341826300681,Epidemic intelligence subnational data
Bulgaria,Gabrovo,BG322,2020-41,75.048312351076,Epidemic intelligence subnational data
Bulgaria,Gabrovo,BG322,2020-42,158.539559841648,Epidemic intelligence subnational data
Bulgaria,Gabrovo,BG322,2020-43,298.317041595527,Epidemic intelligence subnational data
Bulgaria,Gabrovo,BG322,2020-44,444.661250680125,Epidemic intelligence subnational data
Bulgaria,Gabrovo,BG322,2020-45,724.216214187884,Epidemic intelligence subnational data
Bulgaria,Gabrovo,BG322,2020-46,1063.8098275765,Epidemic intelligence subnational data
Bulgaria,Gabrovo,BG322,2020-47,1116.34364622226,Epidemic intelligence subnational data
Bulgaria,Gabrovo,BG322,2020-48,1034.72860654046,Epidemic intelligence subnational data
Bulgaria,Gabrovo,BG322,2020-49,878.065254507589,Epidemic intelligence subnational data
Bulgaria,Gabrovo,BG322,2020-50,595.695979286666,Epidemic intelligence subnational data
Bulgaria,Gabrovo,BG322,2020-51,449.351770202068,Epidemic intelligence subnational data
Bulgaria,Gabrovo,BG322,2020-52,250.473742471716,Epidemic intelligence subnational data
Bulgaria,Gabrovo,BG322,2020-53,99.4390138651757,Epidemic intelligence subnational data
Bulgaria,Gabrovo,BG322,2021-01,118.201091952945,Epidemic intelligence subnational data
Bulgaria,Gabrovo,BG322,2021-02,95.6865982476219,Epidemic intelligence subnational data
Bulgaria,Gabrovo,BG322,2021-03,48.7814030281994,Epidemic intelligence subnational data
Bulgaria,Gabrovo,BG322,2021-04,45.967091315034,Epidemic intelligence subnational data
Bulgaria,Gabrovo,BG322,2021-05,79.7388318730183,Epidemic intelligence subnational data
Bulgaria,Gabrovo,BG322,2021-06,107.881949004672,Epidemic intelligence subnational data
Bulgaria,Gabrovo,BG322,2021-07,128.520234901218,Epidemic intelligence subnational data
Bulgaria,Gabrovo,BG322,2021-08,195.125612112798,Epidemic intelligence subnational data
Bulgaria,Gabrovo,BG322,2021-09,261.730989324378,Epidemic intelligence subnational data
Bulgaria,Gabrovo,BG322,2021-10,368.674834424661,Epidemic intelligence subnational data
Bulgaria,Gabrovo,BG322,2021-11,482.185406855663,Epidemic intelligence subnational data
Bulgaria,Gabrovo,BG322,2021-12,500.009381039044,Epidemic intelligence subnational data
Bulgaria,Gabrovo,BG322,2021-13,479.371095142498,Epidemic intelligence subnational data
Bulgaria,Gabrovo,BG322,2021-14,438.094523349406,Epidemic intelligence subnational data
Bulgaria,Gabrovo,BG322,2021-15,363.984314902719,Epidemic intelligence subnational data
Bulgaria,Gabrovo,BG322,2021-16,327.398262631569,Epidemic intelligence subnational data
Bulgaria,Gabrovo,BG322,2021-17,282.369275220923,Epidemic intelligence subnational data
Bulgaria,Gabrovo,BG322,2021-18,241.092703427832,Epidemic intelligence subnational data
Bulgaria,Gabrovo,BG322,2021-19,212.949586296178,Epidemic intelligence subnational data
Bulgaria,Gabrovo,BG322,2021-20,126.644027092441,Epidemic intelligence subnational data
Bulgaria,Gabrovo,BG322,2021-21,79.7388318730183,Epidemic intelligence subnational data
Bulgaria,Gabrovo,BG322,2021-22,59.1005459764724,Epidemic intelligence subnational data
Bulgaria,Gabrovo,BG322,2021-23,30.0193249404304,Epidemic intelligence subnational data
Bulgaria,Gabrovo,BG322,2021-24,21.5763898009344,Epidemic intelligence subnational data
Bulgaria,Gabrovo,BG322,2021-25,20.6382858965459,Epidemic intelligence subnational data
Bulgaria,Gabrovo,BG322,2021-26,10.319142948273,Epidemic intelligence subnational data
Bulgaria,Gabrovo,BG322,2021-27,5.6286234263307,Epidemic intelligence subnational data
Bulgaria,Gabrovo,BG322,2021-28,10.319142948273,Epidemic intelligence subnational data
Bulgaria,Gabrovo,BG322,2021-29,15.9477663746037,Epidemic intelligence subnational data
Bulgaria,Gabrovo,BG322,2021-30,30.9574288448189,Epidemic intelligence subnational data
Bulgaria,Gabrovo,BG322,2021-31,61.9148576896377,Epidemic intelligence subnational data
Bulgaria,Gabrovo,BG322,2021-32,107.881949004672,Epidemic intelligence subnational data
Bulgaria,Gabrovo,BG322,2021-33,181.054053546971,Epidemic intelligence subnational data
Bulgaria,Gabrovo,BG322,2021-34,276.740651794593,Epidemic intelligence subnational data
Bulgaria,Gabrovo,BG322,2021-35,290.81221036042,Epidemic intelligence subnational data
Bulgaria,Gabrovo,BG322,2021-36,352.727068050057,Epidemic intelligence subnational data
Bulgaria,Gabrovo,BG322,2021-37,433.404003827464,Epidemic intelligence subnational data
Bulgaria,Gabrovo,BG322,2021-38,465.299536576671,Epidemic intelligence subnational data
Bulgaria,Gabrovo,BG322,2021-39,617.2723690876,Epidemic intelligence subnational data
Bulgaria,Gabrovo,BG322,2021-40,725.154318092272,Epidemic intelligence subnational data
Bulgaria,Gabrovo,BG322,2021-41,811.459877296009,Epidemic intelligence subnational data
Bulgaria,Gabrovo,BG322,2021-42,934.351488770896,Epidemic intelligence subnational data
Bulgaria,Gabrovo,BG322,2021-43,1042.23343777557,Epidemic intelligence subnational data
Bulgaria,Gabrovo,BG322,2021-44,1102.27208765643,Epidemic intelligence subnational data
Bulgaria,Gabrovo,BG322,2021-45,924.970449727012,Epidemic intelligence subnational data
Bulgaria,Gabrovo,BG322,2021-46,691.382577534288,Epidemic intelligence subnational data
Bulgaria,Gabrovo,BG322,2021-47,596.634083191054,Epidemic intelligence subnational data
Bulgaria,Gabrovo,BG322,2021-48,500.009381039044,Epidemic intelligence subnational data
Bulgaria,Gabrovo,BG322,2021-49,412.765717930918,Epidemic intelligence subnational data
Bulgaria,Gabrovo,BG322,2021-50,320.83153530085,Epidemic intelligence subnational data
Bulgaria,Gabrovo,BG322,2021-51,227.959248766393,Epidemic intelligence subnational data
Bulgaria,Gabrovo,BG322,2021-52,257.040469802435,Epidemic intelligence subnational data
Bulgaria,Gabrovo,BG322,2022-01,594.757875382277,Epidemic intelligence subnational data
Bulgaria,Gabrovo,BG322,2022-02,1026.28567140096,Epidemic intelligence subnational data
Bulgaria,Gabrovo,BG322,2022-03,1526.29505244001,Epidemic intelligence subnational data
Bulgaria,Gabrovo,BG322,2022-04,1852.75521116719,Epidemic intelligence subnational data
Bulgaria,Ruse,BG323,2020-15,,Epidemic intelligence subnational data
Bulgaria,Ruse,BG323,2020-16,1.39225996278025,Epidemic intelligence subnational data
Bulgaria,Ruse,BG323,2020-17,3.24860657982058,Epidemic intelligence subnational data
Bulgaria,Ruse,BG323,2020-18,4.64086654260083,Epidemic intelligence subnational data
Bulgaria,Ruse,BG323,2020-19,1.39225996278025,Epidemic intelligence subnational data
Bulgaria,Ruse,BG323,2020-20,1.39225996278025,Epidemic intelligence subnational data
Bulgaria,Ruse,BG323,2020-21,1.39225996278025,Epidemic intelligence subnational data
Bulgaria,Ruse,BG323,2020-22,0,Epidemic intelligence subnational data
Bulgaria,Ruse,BG323,2020-23,-0.464086654260083,Epidemic intelligence subnational data
Bulgaria,Ruse,BG323,2020-24,-0.464086654260083,Epidemic intelligence subnational data
Bulgaria,Ruse,BG323,2020-25,0,Epidemic intelligence subnational data
Bulgaria,Ruse,BG323,2020-26,4.64086654260083,Epidemic intelligence subnational data
Bulgaria,Ruse,BG323,2020-28,25.5247659843046,Epidemic intelligence subnational data
Bulgaria,Ruse,BG323,2020-29,35.7346723780264,Epidemic intelligence subnational data
Bulgaria,Ruse,BG323,2020-30,38.5191923035869,Epidemic intelligence subnational data
Bulgaria,Ruse,BG323,2020-31,63.5798716336314,Epidemic intelligence subnational data
Bulgaria,Ruse,BG323,2020-32,47.3368387345285,Epidemic intelligence subnational data
Bulgaria,Ruse,BG323,2020-33,15.3148595905828,Epidemic intelligence subnational data
Bulgaria,Ruse,BG323,2020-34,19.4916394789235,Epidemic intelligence subnational data
Bulgaria,Ruse,BG323,2020-35,19.4916394789235,Epidemic intelligence subnational data
Bulgaria,Ruse,BG323,2020-36,26.4529392928248,Epidemic intelligence subnational data
Bulgaria,Ruse,BG323,2020-37,28.3092859098651,Epidemic intelligence subnational data
Bulgaria,Ruse,BG323,2020-38,14.3866862820626,Epidemic intelligence subnational data
Bulgaria,Ruse,BG323,2020-39,18.5634661704033,Epidemic intelligence subnational data
Bulgaria,Ruse,BG323,2020-40,24.1325060215243,Epidemic intelligence subnational data
Bulgaria,Ruse,BG323,2020-41,36.1987590322865,Epidemic intelligence subnational data
Bulgaria,Ruse,BG323,2020-42,94.673677469057,Epidemic intelligence subnational data
Bulgaria,Ruse,BG323,2020-43,235.756020364122,Epidemic intelligence subnational data
Bulgaria,Ruse,BG323,2020-44,416.749815525555,Epidemic intelligence subnational data
Bulgaria,Ruse,BG323,2020-45,627.445156559633,Epidemic intelligence subnational data
Bulgaria,Ruse,BG323,2020-46,807.046691758285,Epidemic intelligence subnational data
Bulgaria,Ruse,BG323,2020-47,821.897464694608,Epidemic intelligence subnational data
Bulgaria,Ruse,BG323,2020-48,766.207066183398,Epidemic intelligence subnational data
Bulgaria,Ruse,BG323,2020-49,714.229360906268,Epidemic intelligence subnational data
Bulgaria,Ruse,BG323,2020-50,664.108002246179,Epidemic intelligence subnational data
Bulgaria,Ruse,BG323,2020-51,561.080765000441,Epidemic intelligence subnational data
Bulgaria,Ruse,BG323,2020-52,361.059417014345,Epidemic intelligence subnational data
Bulgaria,Ruse,BG323,2020-53,231.579240475782,Epidemic intelligence subnational data
Bulgaria,Ruse,BG323,2021-01,189.811441592374,Epidemic intelligence subnational data
Bulgaria,Ruse,BG323,2021-02,122.518876724662,Epidemic intelligence subnational data
Bulgaria,Ruse,BG323,2021-03,89.104637617936,Epidemic intelligence subnational data
Bulgaria,Ruse,BG323,2021-04,99.778630665918,Epidemic intelligence subnational data
Bulgaria,Ruse,BG323,2021-05,107.204017134079,Epidemic intelligence subnational data
Bulgaria,Ruse,BG323,2021-06,103.491323899999,Epidemic intelligence subnational data
Bulgaria,Ruse,BG323,2021-07,96.5300240860974,Epidemic intelligence subnational data
Bulgaria,Ruse,BG323,2021-08,125.303396650223,Epidemic intelligence subnational data
Bulgaria,Ruse,BG323,2021-09,213.479860959638,Epidemic intelligence subnational data
Bulgaria,Ruse,BG323,2021-10,387.97644296143,Epidemic intelligence subnational data
Bulgaria,Ruse,BG323,2021-11,581.964664442145,Epidemic intelligence subnational data
Bulgaria,Ruse,BG323,2021-12,732.792827076672,Epidemic intelligence subnational data
Bulgaria,Ruse,BG323,2021-13,794.052265439003,Epidemic intelligence subnational data
Bulgaria,Ruse,BG323,2021-14,733.721000385192,Epidemic intelligence subnational data
Bulgaria,Ruse,BG323,2021-15,600.064043958288,Epidemic intelligence subnational data
Bulgaria,Ruse,BG323,2021-16,465.014827568604,Epidemic intelligence subnational data
Bulgaria,Ruse,BG323,2021-17,324.860657982058,Epidemic intelligence subnational data
Bulgaria,Ruse,BG323,2021-18,230.651067167262,Epidemic intelligence subnational data
Bulgaria,Ruse,BG323,2021-19,190.275528246634,Epidemic intelligence subnational data
Bulgaria,Ruse,BG323,2021-20,112.30897033094,Epidemic intelligence subnational data
Bulgaria,Ruse,BG323,2021-21,67.7566515219722,Epidemic intelligence subnational data
Bulgaria,Ruse,BG323,2021-22,51.5136186228693,Epidemic intelligence subnational data
Bulgaria,Ruse,BG323,2021-23,31.5578924896857,Epidemic intelligence subnational data
Bulgaria,Ruse,BG323,2021-24,21.3479860959638,Epidemic intelligence subnational data
Bulgaria,Ruse,BG323,2021-25,13.4585129735424,Epidemic intelligence subnational data
Bulgaria,Ruse,BG323,2021-26,8.3535597766815,Epidemic intelligence subnational data
Bulgaria,Ruse,BG323,2021-27,4.64086654260083,Epidemic intelligence subnational data
Bulgaria,Ruse,BG323,2021-28,6.49721315964117,Epidemic intelligence subnational data
Bulgaria,Ruse,BG323,2021-29,14.3866862820626,Epidemic intelligence subnational data
Bulgaria,Ruse,BG323,2021-30,30.6297191811655,Epidemic intelligence subnational data
Bulgaria,Ruse,BG323,2021-31,67.2925648677121,Epidemic intelligence subnational data
Bulgaria,Ruse,BG323,2021-32,150.828162634527,Epidemic intelligence subnational data
Bulgaria,Ruse,BG323,2021-33,260.816699694167,Epidemic intelligence subnational data
Bulgaria,Ruse,BG323,2021-34,359.667157051565,Epidemic intelligence subnational data
Bulgaria,Ruse,BG323,2021-35,338.783257609861,Epidemic intelligence subnational data
Bulgaria,Ruse,BG323,2021-36,286.341465678472,Epidemic intelligence subnational data
Bulgaria,Ruse,BG323,2021-37,287.733725641252,Epidemic intelligence subnational data
Bulgaria,Ruse,BG323,2021-38,286.341465678472,Epidemic intelligence subnational data
Bulgaria,Ruse,BG323,2021-39,317.435271513897,Epidemic intelligence subnational data
Bulgaria,Ruse,BG323,2021-40,366.164370211206,Epidemic intelligence subnational data
Bulgaria,Ruse,BG323,2021-41,437.633714967259,Epidemic intelligence subnational data
Bulgaria,Ruse,BG323,2021-42,565.721631543042,Epidemic intelligence subnational data
Bulgaria,Ruse,BG323,2021-43,741.146386853353,Epidemic intelligence subnational data
Bulgaria,Ruse,BG323,2021-44,794.980438747523,Epidemic intelligence subnational data
Bulgaria,Ruse,BG323,2021-45,626.981069905373,Epidemic intelligence subnational data
Bulgaria,Ruse,BG323,2021-46,497.50089336681,Epidemic intelligence subnational data
Bulgaria,Ruse,BG323,2021-47,511.423492994612,Epidemic intelligence subnational data
Bulgaria,Ruse,BG323,2021-48,531.843305782056,Epidemic intelligence subnational data
Bulgaria,Ruse,BG323,2021-49,491.931853515688,Epidemic intelligence subnational data
Bulgaria,Ruse,BG323,2021-50,432.528761770398,Epidemic intelligence subnational data
Bulgaria,Ruse,BG323,2021-51,372.197496716587,Epidemic intelligence subnational data
Bulgaria,Ruse,BG323,2021-52,405.147649169053,Epidemic intelligence subnational data
Bulgaria,Ruse,BG323,2022-01,725.831527262771,Epidemic intelligence subnational data
Bulgaria,Ruse,BG323,2022-02,949.521294616131,Epidemic intelligence subnational data
Bulgaria,Ruse,BG323,2022-03,1087.81911758564,Epidemic intelligence subnational data
Bulgaria,Ruse,BG323,2022-04,1209.87390765604,Epidemic intelligence subnational data
Bulgaria,Razgrad,BG324,2020-14,,Epidemic intelligence subnational data
Bulgaria,Razgrad,BG324,2020-15,0,Epidemic intelligence subnational data
Bulgaria,Razgrad,BG324,2020-16,0,Epidemic intelligence subnational data
Bulgaria,Razgrad,BG324,2020-17,0,Epidemic intelligence subnational data
Bulgaria,Razgrad,BG324,2020-18,0.902616685772053,Epidemic intelligence subnational data
Bulgaria,Razgrad,BG324,2020-19,4.51308342886026,Epidemic intelligence subnational data
Bulgaria,Razgrad,BG324,2020-20,10.8314002292646,Epidemic intelligence subnational data
Bulgaria,Razgrad,BG324,2020-21,9.02616685772053,Epidemic intelligence subnational data
Bulgaria,Razgrad,BG324,2020-22,5.41570011463232,Epidemic intelligence subnational data
Bulgaria,Razgrad,BG324,2020-23,17.149717029669,Epidemic intelligence subnational data
Bulgaria,Razgrad,BG324,2020-24,22.5654171443013,Epidemic intelligence subnational data
Bulgaria,Razgrad,BG324,2020-25,13.5392502865808,Epidemic intelligence subnational data
Bulgaria,Razgrad,BG324,2020-26,22.5654171443013,Epidemic intelligence subnational data
Bulgaria,Razgrad,BG324,2020-28,43.3256009170586,Epidemic intelligence subnational data
Bulgaria,Razgrad,BG324,2020-29,32.4942006877939,Epidemic intelligence subnational data
Bulgaria,Razgrad,BG324,2020-30,13.5392502865808,Epidemic intelligence subnational data
Bulgaria,Razgrad,BG324,2020-31,10.8314002292646,Epidemic intelligence subnational data
Bulgaria,Razgrad,BG324,2020-32,26.1758838873895,Epidemic intelligence subnational data
Bulgaria,Razgrad,BG324,2020-33,27.0785005731616,Epidemic intelligence subnational data
Bulgaria,Razgrad,BG324,2020-34,9.02616685772053,Epidemic intelligence subnational data
Bulgaria,Razgrad,BG324,2020-35,8.12355017194848,Epidemic intelligence subnational data
Bulgaria,Razgrad,BG324,2020-36,15.3444836581249,Epidemic intelligence subnational data
Bulgaria,Razgrad,BG324,2020-37,13.5392502865808,Epidemic intelligence subnational data
Bulgaria,Razgrad,BG324,2020-38,6.31831680040437,Epidemic intelligence subnational data
Bulgaria,Razgrad,BG324,2020-39,9.92878354349259,Epidemic intelligence subnational data
Bulgaria,Razgrad,BG324,2020-40,25.2732672016175,Epidemic intelligence subnational data
Bulgaria,Razgrad,BG324,2020-41,75.8198016048525,Epidemic intelligence subnational data
Bulgaria,Razgrad,BG324,2020-42,138.100352923124,Epidemic intelligence subnational data
Bulgaria,Razgrad,BG324,2020-43,218.433237956837,Epidemic intelligence subnational data
Bulgaria,Razgrad,BG324,2020-44,324.942006877939,Epidemic intelligence subnational data
Bulgaria,Razgrad,BG324,2020-45,421.521992255549,Epidemic intelligence subnational data
Bulgaria,Razgrad,BG324,2020-46,454.918809629115,Epidemic intelligence subnational data
Bulgaria,Razgrad,BG324,2020-47,398.053958425476,Epidemic intelligence subnational data
Bulgaria,Razgrad,BG324,2020-48,339.383873850292,Epidemic intelligence subnational data
Bulgaria,Razgrad,BG324,2020-49,288.837339447057,Epidemic intelligence subnational data
Bulgaria,Razgrad,BG324,2020-50,292.447806190145,Epidemic intelligence subnational data
Bulgaria,Razgrad,BG324,2020-51,297.863506304778,Epidemic intelligence subnational data
Bulgaria,Razgrad,BG324,2020-52,170.594553610918,Epidemic intelligence subnational data
Bulgaria,Razgrad,BG324,2020-53,83.943351776801,Epidemic intelligence subnational data
Bulgaria,Razgrad,BG324,2021-01,73.1119515475363,Epidemic intelligence subnational data
Bulgaria,Razgrad,BG324,2021-02,53.2543844605511,Epidemic intelligence subnational data
Bulgaria,Razgrad,BG324,2021-03,50.546534403235,Epidemic intelligence subnational data
Bulgaria,Razgrad,BG324,2021-04,50.546534403235,Epidemic intelligence subnational data
Bulgaria,Razgrad,BG324,2021-05,53.2543844605511,Epidemic intelligence subnational data
Bulgaria,Razgrad,BG324,2021-06,59.5727012609555,Epidemic intelligence subnational data
Bulgaria,Razgrad,BG324,2021-07,62.2805513182717,Epidemic intelligence subnational data
Bulgaria,Razgrad,BG324,2021-08,73.1119515475363,Epidemic intelligence subnational data
Bulgaria,Razgrad,BG324,2021-09,116.437552464595,Epidemic intelligence subnational data
Bulgaria,Razgrad,BG324,2021-10,165.178853496286,Epidemic intelligence subnational data
Bulgaria,Razgrad,BG324,2021-11,268.0771556743,Epidemic intelligence subnational data
Bulgaria,Razgrad,BG324,2021-12,349.312657393785,Epidemic intelligence subnational data
Bulgaria,Razgrad,BG324,2021-13,342.091723907608,Epidemic intelligence subnational data
Bulgaria,Razgrad,BG324,2021-14,317.721073391763,Epidemic intelligence subnational data
Bulgaria,Razgrad,BG324,2021-15,275.298089160476,Epidemic intelligence subnational data
Bulgaria,Razgrad,BG324,2021-16,213.920154527977,Epidemic intelligence subnational data
Bulgaria,Razgrad,BG324,2021-17,153.444836581249,Epidemic intelligence subnational data
Bulgaria,Razgrad,BG324,2021-18,111.924469035735,Epidemic intelligence subnational data
Bulgaria,Razgrad,BG324,2021-19,70.4041014902201,Epidemic intelligence subnational data
Bulgaria,Razgrad,BG324,2021-20,42.4229842312865,Epidemic intelligence subnational data
Bulgaria,Razgrad,BG324,2021-21,37.0072841166542,Epidemic intelligence subnational data
Bulgaria,Razgrad,BG324,2021-22,27.9811172589337,Epidemic intelligence subnational data
Bulgaria,Razgrad,BG324,2021-23,16.247100343897,Epidemic intelligence subnational data
Bulgaria,Razgrad,BG324,2021-24,10.8314002292646,Epidemic intelligence subnational data
Bulgaria,Razgrad,BG324,2021-25,6.31831680040437,Epidemic intelligence subnational data
Bulgaria,Razgrad,BG324,2021-26,9.92878354349259,Epidemic intelligence subnational data
Bulgaria,Razgrad,BG324,2021-27,7.22093348617643,Epidemic intelligence subnational data
Bulgaria,Razgrad,BG324,2021-28,11.7340169150367,Epidemic intelligence subnational data
Bulgaria,Razgrad,BG324,2021-29,15.3444836581249,Epidemic intelligence subnational data
Bulgaria,Razgrad,BG324,2021-30,11.7340169150367,Epidemic intelligence subnational data
Bulgaria,Razgrad,BG324,2021-31,37.0072841166542,Epidemic intelligence subnational data
Bulgaria,Razgrad,BG324,2021-32,90.2616685772053,Epidemic intelligence subnational data
Bulgaria,Razgrad,BG324,2021-33,136.29511955158,Epidemic intelligence subnational data
Bulgaria,Razgrad,BG324,2021-34,194.965204126764,Epidemic intelligence subnational data
Bulgaria,Razgrad,BG324,2021-35,254.537905387719,Epidemic intelligence subnational data
Bulgaria,Razgrad,BG324,2021-36,301.473973047866,Epidemic intelligence subnational data
Bulgaria,Razgrad,BG324,2021-37,369.17022448077,Epidemic intelligence subnational data
Bulgaria,Razgrad,BG324,2021-38,333.96817373566,Epidemic intelligence subnational data
Bulgaria,Razgrad,BG324,2021-39,235.582954986506,Epidemic intelligence subnational data
Bulgaria,Razgrad,BG324,2021-40,268.0771556743,Epidemic intelligence subnational data
Bulgaria,Razgrad,BG324,2021-41,370.975457852314,Epidemic intelligence subnational data
Bulgaria,Razgrad,BG324,2021-42,511.783660832754,Epidemic intelligence subnational data
Bulgaria,Razgrad,BG324,2021-43,674.254664271724,Epidemic intelligence subnational data
Bulgaria,Razgrad,BG324,2021-44,696.820081416025,Epidemic intelligence subnational data
Bulgaria,Razgrad,BG324,2021-45,553.304028378269,Epidemic intelligence subnational data
Bulgaria,Razgrad,BG324,2021-46,426.035075684409,Epidemic intelligence subnational data
Bulgaria,Razgrad,BG324,2021-47,380.904241395806,Epidemic intelligence subnational data
Bulgaria,Razgrad,BG324,2021-48,321.331540134851,Epidemic intelligence subnational data
Bulgaria,Razgrad,BG324,2021-49,264.466688931212,Epidemic intelligence subnational data
Bulgaria,Razgrad,BG324,2021-50,231.069871557646,Epidemic intelligence subnational data
Bulgaria,Razgrad,BG324,2021-51,201.283520927168,Epidemic intelligence subnational data
Bulgaria,Razgrad,BG324,2021-52,208.504454413344,Epidemic intelligence subnational data
Bulgaria,Razgrad,BG324,2022-01,323.136773506395,Epidemic intelligence subnational data
Bulgaria,Razgrad,BG324,2022-02,422.424608941321,Epidemic intelligence subnational data
Bulgaria,Razgrad,BG324,2022-03,497.341793860401,Epidemic intelligence subnational data
Bulgaria,Razgrad,BG324,2022-04,574.064212151026,Epidemic intelligence subnational data
Bulgaria,Silistra,BG325,2020-15,,Epidemic intelligence subnational data
Bulgaria,Silistra,BG325,2020-16,0,Epidemic intelligence subnational data
Bulgaria,Silistra,BG325,2020-17,2.77731489196245,Epidemic intelligence subnational data
Bulgaria,Silistra,BG325,2020-18,2.77731489196245,Epidemic intelligence subnational data
Bulgaria,Silistra,BG325,2020-19,0.92577163065415,Epidemic intelligence subnational data
Bulgaria,Silistra,BG325,2020-20,0.92577163065415,Epidemic intelligence subnational data
Bulgaria,Silistra,BG325,2020-21,0,Epidemic intelligence subnational data
Bulgaria,Silistra,BG325,2020-22,0,Epidemic intelligence subnational data
Bulgaria,Silistra,BG325,2020-23,-0.92577163065415,Epidemic intelligence subnational data
Bulgaria,Silistra,BG325,2020-24,-0.92577163065415,Epidemic intelligence subnational data
Bulgaria,Silistra,BG325,2020-25,0,Epidemic intelligence subnational data
Bulgaria,Silistra,BG325,2020-26,0,Epidemic intelligence subnational data
Bulgaria,Silistra,BG325,2020-28,8.33194467588735,Epidemic intelligence subnational data
Bulgaria,Silistra,BG325,2020-29,13.8865744598123,Epidemic intelligence subnational data
Bulgaria,Silistra,BG325,2020-30,20.3669758743913,Epidemic intelligence subnational data
Bulgaria,Silistra,BG325,2020-31,24.9958340276621,Epidemic intelligence subnational data
Bulgaria,Silistra,BG325,2020-32,28.6989205502787,Epidemic intelligence subnational data
Bulgaria,Silistra,BG325,2020-33,51.8432113166324,Epidemic intelligence subnational data
Bulgaria,Silistra,BG325,2020-34,50.9174396859783,Epidemic intelligence subnational data
Bulgaria,Silistra,BG325,2020-35,34.2535503342036,Epidemic intelligence subnational data
Bulgaria,Silistra,BG325,2020-36,37.030865226166,Epidemic intelligence subnational data
Bulgaria,Silistra,BG325,2020-37,27.7731489196245,Epidemic intelligence subnational data
Bulgaria,Silistra,BG325,2020-38,17.5896609824289,Epidemic intelligence subnational data
Bulgaria,Silistra,BG325,2020-39,26.8473772889704,Epidemic intelligence subnational data
Bulgaria,Silistra,BG325,2020-40,33.3277787035494,Epidemic intelligence subnational data
Bulgaria,Silistra,BG325,2020-41,33.3277787035494,Epidemic intelligence subnational data
Bulgaria,Silistra,BG325,2020-42,49.9916680553241,Epidemic intelligence subnational data
Bulgaria,Silistra,BG325,2020-43,63.8782425151364,Epidemic intelligence subnational data
Bulgaria,Silistra,BG325,2020-44,123.127626877002,Epidemic intelligence subnational data
Bulgaria,Silistra,BG325,2020-45,258.290284952508,Epidemic intelligence subnational data
Bulgaria,Silistra,BG325,2020-46,503.619767075858,Epidemic intelligence subnational data
Bulgaria,Silistra,BG325,2020-47,698.957581143883,Epidemic intelligence subnational data
Bulgaria,Silistra,BG325,2020-48,628.598937214168,Epidemic intelligence subnational data
Bulgaria,Silistra,BG325,2020-49,532.318687626136,Epidemic intelligence subnational data
Bulgaria,Silistra,BG325,2020-50,464.737358588383,Epidemic intelligence subnational data
Bulgaria,Silistra,BG325,2020-51,333.277787035494,Epidemic intelligence subnational data
Bulgaria,Silistra,BG325,2020-52,197.189357329334,Epidemic intelligence subnational data
Bulgaria,Silistra,BG325,2020-53,166.638893517747,Epidemic intelligence subnational data
Bulgaria,Silistra,BG325,2021-01,165.713121887093,Epidemic intelligence subnational data
Bulgaria,Silistra,BG325,2021-02,141.643059490085,Epidemic intelligence subnational data
Bulgaria,Silistra,BG325,2021-03,109.24105241719,Epidemic intelligence subnational data
Bulgaria,Silistra,BG325,2021-04,87.9483049121443,Epidemic intelligence subnational data
Bulgaria,Silistra,BG325,2021-05,106.463737525227,Epidemic intelligence subnational data
Bulgaria,Silistra,BG325,2021-06,114.795682201115,Epidemic intelligence subnational data
Bulgaria,Silistra,BG325,2021-07,149.049232535318,Epidemic intelligence subnational data
Bulgaria,Silistra,BG325,2021-08,221.259419726342,Epidemic intelligence subnational data
Bulgaria,Silistra,BG325,2021-09,354.57053454054,Epidemic intelligence subnational data
Bulgaria,Silistra,BG325,2021-10,574.904182636227,Epidemic intelligence subnational data
Bulgaria,Silistra,BG325,2021-11,913.736599455646,Epidemic intelligence subnational data
Bulgaria,Silistra,BG325,2021-12,982.243700124053,Epidemic intelligence subnational data
Bulgaria,Silistra,BG325,2021-13,795.237830731915,Epidemic intelligence subnational data
Bulgaria,Silistra,BG325,2021-14,596.196930141273,Epidemic intelligence subnational data
Bulgaria,Silistra,BG325,2021-15,379.566368568202,Epidemic intelligence subnational data
Bulgaria,Silistra,BG325,2021-16,277.731489196245,Epidemic intelligence subnational data
Bulgaria,Silistra,BG325,2021-17,204.595530374567,Epidemic intelligence subnational data
Bulgaria,Silistra,BG325,2021-18,146.271917643356,Epidemic intelligence subnational data
Bulgaria,Silistra,BG325,2021-19,103.686422633265,Epidemic intelligence subnational data
Bulgaria,Silistra,BG325,2021-20,63.8782425151364,Epidemic intelligence subnational data
Bulgaria,Silistra,BG325,2021-21,48.1401247940158,Epidemic intelligence subnational data
Bulgaria,Silistra,BG325,2021-22,28.6989205502787,Epidemic intelligence subnational data
Bulgaria,Silistra,BG325,2021-23,16.6638893517747,Epidemic intelligence subnational data
Bulgaria,Silistra,BG325,2021-24,11.1092595678498,Epidemic intelligence subnational data
Bulgaria,Silistra,BG325,2021-25,2.77731489196245,Epidemic intelligence subnational data
Bulgaria,Silistra,BG325,2021-26,0.92577163065415,Epidemic intelligence subnational data
Bulgaria,Silistra,BG325,2021-27,5.5546297839249,Epidemic intelligence subnational data
Bulgaria,Silistra,BG325,2021-28,9.2577163065415,Epidemic intelligence subnational data
Bulgaria,Silistra,BG325,2021-29,15.7381177211206,Epidemic intelligence subnational data
Bulgaria,Silistra,BG325,2021-30,33.3277787035494,Epidemic intelligence subnational data
Bulgaria,Silistra,BG325,2021-31,71.2844155603696,Epidemic intelligence subnational data
Bulgaria,Silistra,BG325,2021-32,137.939972967468,Epidemic intelligence subnational data
Bulgaria,Silistra,BG325,2021-33,207.37284526653,Epidemic intelligence subnational data
Bulgaria,Silistra,BG325,2021-34,271.251087781666,Epidemic intelligence subnational data
Bulgaria,Silistra,BG325,2021-35,261.993371475125,Epidemic intelligence subnational data
Bulgaria,Silistra,BG325,2021-36,270.325316151012,Epidemic intelligence subnational data
Bulgaria,Silistra,BG325,2021-37,317.539669314374,Epidemic intelligence subnational data
Bulgaria,Silistra,BG325,2021-38,320.316984206336,Epidemic intelligence subnational data
Bulgaria,Silistra,BG325,2021-39,309.207724638486,Epidemic intelligence subnational data
Bulgaria,Silistra,BG325,2021-40,317.539669314374,Epidemic intelligence subnational data
Bulgaria,Silistra,BG325,2021-41,388.824084874743,Epidemic intelligence subnational data
Bulgaria,Silistra,BG325,2021-42,507.322853598474,Epidemic intelligence subnational data
Bulgaria,Silistra,BG325,2021-43,619.341220907627,Epidemic intelligence subnational data
Bulgaria,Silistra,BG325,2021-44,619.341220907627,Epidemic intelligence subnational data
Bulgaria,Silistra,BG325,2021-45,496.213594030625,Epidemic intelligence subnational data
Bulgaria,Silistra,BG325,2021-46,384.195226721472,Epidemic intelligence subnational data
Bulgaria,Silistra,BG325,2021-47,287.914977133441,Epidemic intelligence subnational data
Bulgaria,Silistra,BG325,2021-48,230.517136032883,Epidemic intelligence subnational data
Bulgaria,Silistra,BG325,2021-49,243.477938862042,Epidemic intelligence subnational data
Bulgaria,Silistra,BG325,2021-50,236.997537447463,Epidemic intelligence subnational data
Bulgaria,Silistra,BG325,2021-51,240.700623970079,Epidemic intelligence subnational data
Bulgaria,Silistra,BG325,2021-52,306.430409746524,Epidemic intelligence subnational data
Bulgaria,Silistra,BG325,2022-01,519.357884796978,Epidemic intelligence subnational data
Bulgaria,Silistra,BG325,2022-02,665.629802440334,Epidemic intelligence subnational data
Bulgaria,Silistra,BG325,2022-03,755.429650613787,Epidemic intelligence subnational data
Bulgaria,Silistra,BG325,2022-04,964.654039141625,Epidemic intelligence subnational data
Bulgaria,Varna,BG331,2020-14,,Epidemic intelligence subnational data
Bulgaria,Varna,BG331,2020-15,2.55381635932196,Epidemic intelligence subnational data
Bulgaria,Varna,BG331,2020-16,0.212818029943497,Epidemic intelligence subnational data
Bulgaria,Varna,BG331,2020-17,0.425636059886994,Epidemic intelligence subnational data
Bulgaria,Varna,BG331,2020-18,0.212818029943497,Epidemic intelligence subnational data
Bulgaria,Varna,BG331,2020-19,0.425636059886994,Epidemic intelligence subnational data
Bulgaria,Varna,BG331,2020-20,0.425636059886994,Epidemic intelligence subnational data
Bulgaria,Varna,BG331,2020-21,0,Epidemic intelligence subnational data
Bulgaria,Varna,BG331,2020-22,0,Epidemic intelligence subnational data
Bulgaria,Varna,BG331,2020-23,-0.425636059886994,Epidemic intelligence subnational data
Bulgaria,Varna,BG331,2020-24,0.212818029943497,Epidemic intelligence subnational data
Bulgaria,Varna,BG331,2020-25,2.76663438926546,Epidemic intelligence subnational data
Bulgaria,Varna,BG331,2020-26,12.1306277067793,Epidemic intelligence subnational data
Bulgaria,Varna,BG331,2020-28,45.1174223480213,Epidemic intelligence subnational data
Bulgaria,Varna,BG331,2020-29,71.0812220011279,Epidemic intelligence subnational data
Bulgaria,Varna,BG331,2020-30,75.7632186598849,Epidemic intelligence subnational data
Bulgaria,Varna,BG331,2020-31,87.8938463666642,Epidemic intelligence subnational data
Bulgaria,Varna,BG331,2020-32,86.4041201570597,Epidemic intelligence subnational data
Bulgaria,Varna,BG331,2020-33,61.7172286836141,Epidemic intelligence subnational data
Bulgaria,Varna,BG331,2020-34,34.9021569107335,Epidemic intelligence subnational data
Bulgaria,Varna,BG331,2020-35,23.6228013237282,Epidemic intelligence subnational data
Bulgaria,Varna,BG331,2020-36,27.4535258627111,Epidemic intelligence subnational data
Bulgaria,Varna,BG331,2020-37,28.5176160124286,Epidemic intelligence subnational data
Bulgaria,Varna,BG331,2020-38,25.1125275333326,Epidemic intelligence subnational data
Bulgaria,Varna,BG331,2020-39,25.5381635932196,Epidemic intelligence subnational data
Bulgaria,Varna,BG331,2020-40,35.7534290305075,Epidemic intelligence subnational data
Bulgaria,Varna,BG331,2020-41,64.9094991327665,Epidemic intelligence subnational data
Bulgaria,Varna,BG331,2020-42,93.8527512050821,Epidemic intelligence subnational data
Bulgaria,Varna,BG331,2020-43,169.82878789491,Epidemic intelligence subnational data
Bulgaria,Varna,BG331,2020-44,285.388978154229,Epidemic intelligence subnational data
Bulgaria,Varna,BG331,2020-45,456.069038168914,Epidemic intelligence subnational data
Bulgaria,Varna,BG331,2020-46,614.405652446875,Epidemic intelligence subnational data
Bulgaria,Varna,BG331,2020-47,712.940400310714,Epidemic intelligence subnational data
Bulgaria,Varna,BG331,2020-48,754.865552209583,Epidemic intelligence subnational data
Bulgaria,Varna,BG331,2020-49,741.670834353086,Epidemic intelligence subnational data
Bulgaria,Varna,BG331,2020-50,729.540206646307,Epidemic intelligence subnational data
Bulgaria,Varna,BG331,2020-51,579.716313566085,Epidemic intelligence subnational data
Bulgaria,Varna,BG331,2020-52,337.529395490386,Epidemic intelligence subnational data
Bulgaria,Varna,BG331,2020-53,239.420283686434,Epidemic intelligence subnational data
Bulgaria,Varna,BG331,2021-01,215.797482362706,Epidemic intelligence subnational data
Bulgaria,Varna,BG331,2021-02,129.180544175703,Epidemic intelligence subnational data
Bulgaria,Varna,BG331,2021-03,75.9760366898284,Epidemic intelligence subnational data
Bulgaria,Varna,BG331,2021-04,65.547953222597,Epidemic intelligence subnational data
Bulgaria,Varna,BG331,2021-05,77.8913989593198,Epidemic intelligence subnational data
Bulgaria,Varna,BG331,2021-06,110.452557540675,Epidemic intelligence subnational data
Bulgaria,Varna,BG331,2021-07,145.567532481352,Epidemic intelligence subnational data
Bulgaria,Varna,BG331,2021-08,203.454036625983,Epidemic intelligence subnational data
Bulgaria,Varna,BG331,2021-09,281.132617555359,Epidemic intelligence subnational data
Bulgaria,Varna,BG331,2021-10,451.174223480213,Epidemic intelligence subnational data
Bulgaria,Varna,BG331,2021-11,684.422784298286,Epidemic intelligence subnational data
Bulgaria,Varna,BG331,2021-12,826.372410270598,Epidemic intelligence subnational data
Bulgaria,Varna,BG331,2021-13,872.341104738394,Epidemic intelligence subnational data
Bulgaria,Varna,BG331,2021-14,795.513795928791,Epidemic intelligence subnational data
Bulgaria,Varna,BG331,2021-15,606.531385338966,Epidemic intelligence subnational data
Bulgaria,Varna,BG331,2021-16,437.553869563829,Epidemic intelligence subnational data
Bulgaria,Varna,BG331,2021-17,317.524500675697,Epidemic intelligence subnational data
Bulgaria,Varna,BG331,2021-18,230.694744458751,Epidemic intelligence subnational data
Bulgaria,Varna,BG331,2021-19,165.146791236154,Epidemic intelligence subnational data
Bulgaria,Varna,BG331,2021-20,103.216744522596,Epidemic intelligence subnational data
Bulgaria,Varna,BG331,2021-21,68.527405641806,Epidemic intelligence subnational data
Bulgaria,Varna,BG331,2021-22,47.4584206773998,Epidemic intelligence subnational data
Bulgaria,Varna,BG331,2021-23,27.2407078327676,Epidemic intelligence subnational data
Bulgaria,Varna,BG331,2021-24,17.4510784553667,Epidemic intelligence subnational data
Bulgaria,Varna,BG331,2021-25,13.8331719463273,Epidemic intelligence subnational data
Bulgaria,Varna,BG331,2021-26,13.6203539163838,Epidemic intelligence subnational data
Bulgaria,Varna,BG331,2021-27,12.1306277067793,Epidemic intelligence subnational data
Bulgaria,Varna,BG331,2021-28,16.5998063355928,Epidemic intelligence subnational data
Bulgaria,Varna,BG331,2021-29,24.0484373836151,Epidemic intelligence subnational data
Bulgaria,Varna,BG331,2021-30,47.6712387073433,Epidemic intelligence subnational data
Bulgaria,Varna,BG331,2021-31,89.3835725762687,Epidemic intelligence subnational data
Bulgaria,Varna,BG331,2021-32,135.13944901412,Epidemic intelligence subnational data
Bulgaria,Varna,BG331,2021-33,220.90511508135,Epidemic intelligence subnational data
Bulgaria,Varna,BG331,2021-34,309.011779477957,Epidemic intelligence subnational data
Bulgaria,Varna,BG331,2021-35,358.385562424849,Epidemic intelligence subnational data
Bulgaria,Varna,BG331,2021-36,375.623822850272,Epidemic intelligence subnational data
Bulgaria,Varna,BG331,2021-37,380.305819509029,Epidemic intelligence subnational data
Bulgaria,Varna,BG331,2021-38,363.91883120338,Epidemic intelligence subnational data
Bulgaria,Varna,BG331,2021-39,370.516190131628,Epidemic intelligence subnational data
Bulgaria,Varna,BG331,2021-40,465.433031486428,Epidemic intelligence subnational data
Bulgaria,Varna,BG331,2021-41,592.698213392639,Epidemic intelligence subnational data
Bulgaria,Varna,BG331,2021-42,834.672313438395,Epidemic intelligence subnational data
Bulgaria,Varna,BG331,2021-43,1137.29955201805,Epidemic intelligence subnational data
Bulgaria,Varna,BG331,2021-44,1165.39153197059,Epidemic intelligence subnational data
Bulgaria,Varna,BG331,2021-45,890.856273343478,Epidemic intelligence subnational data
Bulgaria,Varna,BG331,2021-46,635.687455441225,Epidemic intelligence subnational data
Bulgaria,Varna,BG331,2021-47,513.104270193771,Epidemic intelligence subnational data
Bulgaria,Varna,BG331,2021-48,426.061695946881,Epidemic intelligence subnational data
Bulgaria,Varna,BG331,2021-49,374.985368760441,Epidemic intelligence subnational data
Bulgaria,Varna,BG331,2021-50,350.724113346883,Epidemic intelligence subnational data
Bulgaria,Varna,BG331,2021-51,330.080764442364,Epidemic intelligence subnational data
Bulgaria,Varna,BG331,2021-52,464.36894133671,Epidemic intelligence subnational data
Bulgaria,Varna,BG331,2022-01,918.309799206189,Epidemic intelligence subnational data
Bulgaria,Varna,BG331,2022-02,1247.11365546889,Epidemic intelligence subnational data
Bulgaria,Varna,BG331,2022-03,1514.83873713781,Epidemic intelligence subnational data
Bulgaria,Varna,BG331,2022-04,1977.07949817509,Epidemic intelligence subnational data
Bulgaria,Dobrich,BG332,2020-13,,Epidemic intelligence subnational data
Bulgaria,Dobrich,BG332,2020-14,2.91020842912769,Epidemic intelligence subnational data
Bulgaria,Dobrich,BG332,2020-15,3.49225011495323,Epidemic intelligence subnational data
Bulgaria,Dobrich,BG332,2020-16,1.16408337165108,Epidemic intelligence subnational data
Bulgaria,Dobrich,BG332,2020-17,0,Epidemic intelligence subnational data
Bulgaria,Dobrich,BG332,2020-18,0,Epidemic intelligence subnational data
Bulgaria,Dobrich,BG332,2020-19,0,Epidemic intelligence subnational data
Bulgaria,Dobrich,BG332,2020-20,0,Epidemic intelligence subnational data
Bulgaria,Dobrich,BG332,2020-21,0,Epidemic intelligence subnational data
Bulgaria,Dobrich,BG332,2020-22,0,Epidemic intelligence subnational data
Bulgaria,Dobrich,BG332,2020-23,0.582041685825539,Epidemic intelligence subnational data
Bulgaria,Dobrich,BG332,2020-24,3.49225011495323,Epidemic intelligence subnational data
Bulgaria,Dobrich,BG332,2020-25,3.49225011495323,Epidemic intelligence subnational data
Bulgaria,Dobrich,BG332,2020-26,1.16408337165108,Epidemic intelligence subnational data
Bulgaria,Dobrich,BG332,2020-28,33.1763760920557,Epidemic intelligence subnational data
Bulgaria,Dobrich,BG332,2020-29,63.4425437549837,Epidemic intelligence subnational data
Bulgaria,Dobrich,BG332,2020-30,89.634419617133,Epidemic intelligence subnational data
Bulgaria,Dobrich,BG332,2020-31,135.615712797351,Epidemic intelligence subnational data
Bulgaria,Dobrich,BG332,2020-32,151.912880000466,Epidemic intelligence subnational data
Bulgaria,Dobrich,BG332,2020-33,122.810795709189,Epidemic intelligence subnational data
Bulgaria,Dobrich,BG332,2020-34,105.931586820248,Epidemic intelligence subnational data
Bulgaria,Dobrich,BG332,2020-35,79.7397109580988,Epidemic intelligence subnational data
Bulgaria,Dobrich,BG332,2020-36,42.4890430652643,Epidemic intelligence subnational data
Bulgaria,Dobrich,BG332,2020-37,33.1763760920557,Epidemic intelligence subnational data
Bulgaria,Dobrich,BG332,2020-38,21.5355423755449,Epidemic intelligence subnational data
Bulgaria,Dobrich,BG332,2020-39,22.699625747196,Epidemic intelligence subnational data
Bulgaria,Dobrich,BG332,2020-40,32.0122927204046,Epidemic intelligence subnational data
Bulgaria,Dobrich,BG332,2020-41,57.0400852109028,Epidemic intelligence subnational data
Bulgaria,Dobrich,BG332,2020-42,66.934793869937,Epidemic intelligence subnational data
Bulgaria,Dobrich,BG332,2020-43,65.1886688124604,Epidemic intelligence subnational data
Bulgaria,Dobrich,BG332,2020-44,93.1266697320862,Epidemic intelligence subnational data
Bulgaria,Dobrich,BG332,2020-45,147.256546513861,Epidemic intelligence subnational data
Bulgaria,Dobrich,BG332,2020-46,237.47300781682,Epidemic intelligence subnational data
Bulgaria,Dobrich,BG332,2020-47,419.070013794388,Epidemic intelligence subnational data
Bulgaria,Dobrich,BG332,2020-48,475.528057319465,Epidemic intelligence subnational data
Bulgaria,Dobrich,BG332,2020-49,383.56547095903,Epidemic intelligence subnational data
Bulgaria,Dobrich,BG332,2020-50,384.147512644856,Epidemic intelligence subnational data
Bulgaria,Dobrich,BG332,2020-51,345.150719694545,Epidemic intelligence subnational data
Bulgaria,Dobrich,BG332,2020-52,263.082841993144,Epidemic intelligence subnational data
Bulgaria,Dobrich,BG332,2020-53,208.952965211369,Epidemic intelligence subnational data
Bulgaria,Dobrich,BG332,2021-01,157.733296858721,Epidemic intelligence subnational data
Bulgaria,Dobrich,BG332,2021-02,115.244253793457,Epidemic intelligence subnational data
Bulgaria,Dobrich,BG332,2021-03,65.1886688124604,Epidemic intelligence subnational data
Bulgaria,Dobrich,BG332,2021-04,40.1608763219622,Epidemic intelligence subnational data
Bulgaria,Dobrich,BG332,2021-05,37.83270957866,Epidemic intelligence subnational data
Bulgaria,Dobrich,BG332,2021-06,43.0710847510899,Epidemic intelligence subnational data
Bulgaria,Dobrich,BG332,2021-07,80.9037943297499,Epidemic intelligence subnational data
Bulgaria,Dobrich,BG332,2021-08,132.705504368223,Epidemic intelligence subnational data
Bulgaria,Dobrich,BG332,2021-09,186.253339464172,Epidemic intelligence subnational data
Bulgaria,Dobrich,BG332,2021-10,282.290217625386,Epidemic intelligence subnational data
Bulgaria,Dobrich,BG332,2021-11,427.218597395946,Epidemic intelligence subnational data
Bulgaria,Dobrich,BG332,2021-12,564.580435250773,Epidemic intelligence subnational data
Bulgaria,Dobrich,BG332,2021-13,614.053978545943,Epidemic intelligence subnational data
Bulgaria,Dobrich,BG332,2021-14,607.651520001863,Epidemic intelligence subnational data
Bulgaria,Dobrich,BG332,2021-15,557.595935020866,Epidemic intelligence subnational data
Bulgaria,Dobrich,BG332,2021-16,443.515764599061,Epidemic intelligence subnational data
Bulgaria,Dobrich,BG332,2021-17,285.78246774034,Epidemic intelligence subnational data
Bulgaria,Dobrich,BG332,2021-18,166.463922146104,Epidemic intelligence subnational data
Bulgaria,Dobrich,BG332,2021-19,122.228754023363,Epidemic intelligence subnational data
Bulgaria,Dobrich,BG332,2021-20,85.5601278163542,Epidemic intelligence subnational data
Bulgaria,Dobrich,BG332,2021-21,58.7862102683794,Epidemic intelligence subnational data
Bulgaria,Dobrich,BG332,2021-22,39.5788346361366,Epidemic intelligence subnational data
Bulgaria,Dobrich,BG332,2021-23,26.7739175479748,Epidemic intelligence subnational data
Bulgaria,Dobrich,BG332,2021-24,23.8637091188471,Epidemic intelligence subnational data
Bulgaria,Dobrich,BG332,2021-25,17.4612505747662,Epidemic intelligence subnational data
Bulgaria,Dobrich,BG332,2021-26,9.89470865903416,Epidemic intelligence subnational data
Bulgaria,Dobrich,BG332,2021-27,6.98450022990647,Epidemic intelligence subnational data
Bulgaria,Dobrich,BG332,2021-28,7.56654191573201,Epidemic intelligence subnational data
Bulgaria,Dobrich,BG332,2021-29,11.6408337165108,Epidemic intelligence subnational data
Bulgaria,Dobrich,BG332,2021-30,29.6841259771025,Epidemic intelligence subnational data
Bulgaria,Dobrich,BG332,2021-31,79.7397109580988,Epidemic intelligence subnational data
Bulgaria,Dobrich,BG332,2021-32,110.005878621027,Epidemic intelligence subnational data
Bulgaria,Dobrich,BG332,2021-33,134.4516294257,Epidemic intelligence subnational data
Bulgaria,Dobrich,BG332,2021-34,179.850880920092,Epidemic intelligence subnational data
Bulgaria,Dobrich,BG332,2021-35,187.417422835824,Epidemic intelligence subnational data
Bulgaria,Dobrich,BG332,2021-36,191.491714636602,Epidemic intelligence subnational data
Bulgaria,Dobrich,BG332,2021-37,218.847673870403,Epidemic intelligence subnational data
Bulgaria,Dobrich,BG332,2021-38,261.336716935667,Epidemic intelligence subnational data
Bulgaria,Dobrich,BG332,2021-39,323.615177319,Epidemic intelligence subnational data
Bulgaria,Dobrich,BG332,2021-40,419.070013794388,Epidemic intelligence subnational data
Bulgaria,Dobrich,BG332,2021-41,522.673433871334,Epidemic intelligence subnational data
Bulgaria,Dobrich,BG332,2021-42,601.249061457782,Epidemic intelligence subnational data
Bulgaria,Dobrich,BG332,2021-43,651.886688124604,Epidemic intelligence subnational data
Bulgaria,Dobrich,BG332,2021-44,640.827896093918,Epidemic intelligence subnational data
Bulgaria,Dobrich,BG332,2021-45,550.029393105134,Epidemic intelligence subnational data
Bulgaria,Dobrich,BG332,2021-46,439.441472798282,Epidemic intelligence subnational data
Bulgaria,Dobrich,BG332,2021-47,379.491179158251,Epidemic intelligence subnational data
Bulgaria,Dobrich,BG332,2021-48,338.748261150464,Epidemic intelligence subnational data
Bulgaria,Dobrich,BG332,2021-49,272.977550652178,Epidemic intelligence subnational data
Bulgaria,Dobrich,BG332,2021-50,182.179047663394,Epidemic intelligence subnational data
Bulgaria,Dobrich,BG332,2021-51,131.541420996572,Epidemic intelligence subnational data
Bulgaria,Dobrich,BG332,2021-52,160.061463602023,Epidemic intelligence subnational data
Bulgaria,Dobrich,BG332,2022-01,334.091927663859,Epidemic intelligence subnational data
Bulgaria,Dobrich,BG332,2022-02,518.599142070555,Epidemic intelligence subnational data
Bulgaria,Dobrich,BG332,2022-03,837.55798590295,Epidemic intelligence subnational data
Bulgaria,Dobrich,BG332,2022-04,1182.7087055975,Epidemic intelligence subnational data
Bulgaria,Shumen,BG333,2020-15,,Epidemic intelligence subnational data
Bulgaria,Shumen,BG333,2020-16,0,Epidemic intelligence subnational data
Bulgaria,Shumen,BG333,2020-17,0,Epidemic intelligence subnational data
Bulgaria,Shumen,BG333,2020-18,0,Epidemic intelligence subnational data
Bulgaria,Shumen,BG333,2020-19,0,Epidemic intelligence subnational data
Bulgaria,Shumen,BG333,2020-20,0,Epidemic intelligence subnational data
Bulgaria,Shumen,BG333,2020-21,2.32204432782622,Epidemic intelligence subnational data
Bulgaria,Shumen,BG333,2020-22,4.64408865565244,Epidemic intelligence subnational data
Bulgaria,Shumen,BG333,2020-23,11.6102216391311,Epidemic intelligence subnational data
Bulgaria,Shumen,BG333,2020-24,52.2459973760899,Epidemic intelligence subnational data
Bulgaria,Shumen,BG333,2020-25,49.9239530482637,Epidemic intelligence subnational data
Bulgaria,Shumen,BG333,2020-26,19.7373767865229,Epidemic intelligence subnational data
Bulgaria,Shumen,BG333,2020-28,24.3814654421753,Epidemic intelligence subnational data
Bulgaria,Shumen,BG333,2020-29,17.4153324586966,Epidemic intelligence subnational data
Bulgaria,Shumen,BG333,2020-30,8.12715514739176,Epidemic intelligence subnational data
Bulgaria,Shumen,BG333,2020-31,4.06357757369588,Epidemic intelligence subnational data
Bulgaria,Shumen,BG333,2020-32,15.0932881308704,Epidemic intelligence subnational data
Bulgaria,Shumen,BG333,2020-33,33.6696427534802,Epidemic intelligence subnational data
Bulgaria,Shumen,BG333,2020-34,37.1527092452195,Epidemic intelligence subnational data
Bulgaria,Shumen,BG333,2020-35,26.7035097700015,Epidemic intelligence subnational data
Bulgaria,Shumen,BG333,2020-36,18.5763546226098,Epidemic intelligence subnational data
Bulgaria,Shumen,BG333,2020-37,19.1568657045663,Epidemic intelligence subnational data
Bulgaria,Shumen,BG333,2020-38,19.1568657045663,Epidemic intelligence subnational data
Bulgaria,Shumen,BG333,2020-39,23.2204432782622,Epidemic intelligence subnational data
Bulgaria,Shumen,BG333,2020-40,42.957820064785,Epidemic intelligence subnational data
Bulgaria,Shumen,BG333,2020-41,79.530018228048,Epidemic intelligence subnational data
Bulgaria,Shumen,BG333,2020-42,171.83128025914,Epidemic intelligence subnational data
Bulgaria,Shumen,BG333,2020-43,330.891316715236,Epidemic intelligence subnational data
Bulgaria,Shumen,BG333,2020-44,419.709512254589,Epidemic intelligence subnational data
Bulgaria,Shumen,BG333,2020-45,480.082664778071,Epidemic intelligence subnational data
Bulgaria,Shumen,BG333,2020-46,516.074351859377,Epidemic intelligence subnational data
Bulgaria,Shumen,BG333,2020-47,499.820041564594,Epidemic intelligence subnational data
Bulgaria,Shumen,BG333,2020-48,442.929955532851,Epidemic intelligence subnational data
Bulgaria,Shumen,BG333,2020-49,416.22644576285,Epidemic intelligence subnational data
Bulgaria,Shumen,BG333,2020-50,402.874690877849,Epidemic intelligence subnational data
Bulgaria,Shumen,BG333,2020-51,318.120072912192,Epidemic intelligence subnational data
Bulgaria,Shumen,BG333,2020-52,219.433188979578,Epidemic intelligence subnational data
Bulgaria,Shumen,BG333,2020-53,190.988145963706,Epidemic intelligence subnational data
Bulgaria,Shumen,BG333,2021-01,184.022012980228,Epidemic intelligence subnational data
Bulgaria,Shumen,BG333,2021-02,125.970904784572,Epidemic intelligence subnational data
Bulgaria,Shumen,BG333,2021-03,114.360683145441,Epidemic intelligence subnational data
Bulgaria,Shumen,BG333,2021-04,119.004771801094,Epidemic intelligence subnational data
Bulgaria,Shumen,BG333,2021-05,145.127770489139,Epidemic intelligence subnational data
Bulgaria,Shumen,BG333,2021-06,193.310190291533,Epidemic intelligence subnational data
Bulgaria,Shumen,BG333,2021-07,268.196119863928,Epidemic intelligence subnational data
Bulgaria,Shumen,BG333,2021-08,374.429647861978,Epidemic intelligence subnational data
Bulgaria,Shumen,BG333,2021-09,499.820041564594,Epidemic intelligence subnational data
Bulgaria,Shumen,BG333,2021-10,586.31619277612,Epidemic intelligence subnational data
Bulgaria,Shumen,BG333,2021-11,674.553877233516,Epidemic intelligence subnational data
Bulgaria,Shumen,BG333,2021-12,695.452276183952,Epidemic intelligence subnational data
Bulgaria,Shumen,BG333,2021-13,626.371457431122,Epidemic intelligence subnational data
Bulgaria,Shumen,BG333,2021-14,534.07019540003,Epidemic intelligence subnational data
Bulgaria,Shumen,BG333,2021-15,399.972135468066,Epidemic intelligence subnational data
Bulgaria,Shumen,BG333,2021-16,283.869919076755,Epidemic intelligence subnational data
Bulgaria,Shumen,BG333,2021-17,183.441501898271,Epidemic intelligence subnational data
Bulgaria,Shumen,BG333,2021-18,141.644703997399,Epidemic intelligence subnational data
Bulgaria,Shumen,BG333,2021-19,105.072505834136,Epidemic intelligence subnational data
Bulgaria,Shumen,BG333,2021-20,51.6654862941334,Epidemic intelligence subnational data
Bulgaria,Shumen,BG333,2021-21,43.5383311467416,Epidemic intelligence subnational data
Bulgaria,Shumen,BG333,2021-22,41.7967979008719,Epidemic intelligence subnational data
Bulgaria,Shumen,BG333,2021-23,33.0891316715236,Epidemic intelligence subnational data
Bulgaria,Shumen,BG333,2021-24,19.7373767865229,Epidemic intelligence subnational data
Bulgaria,Shumen,BG333,2021-25,7.54664406543521,Epidemic intelligence subnational data
Bulgaria,Shumen,BG333,2021-26,6.3856219015221,Epidemic intelligence subnational data
Bulgaria,Shumen,BG333,2021-27,4.64408865565244,Epidemic intelligence subnational data
Bulgaria,Shumen,BG333,2021-28,5.22459973760899,Epidemic intelligence subnational data
Bulgaria,Shumen,BG333,2021-29,7.54664406543521,Epidemic intelligence subnational data
Bulgaria,Shumen,BG333,2021-30,20.898398950436,Epidemic intelligence subnational data
Bulgaria,Shumen,BG333,2021-31,50.5044641302203,Epidemic intelligence subnational data
Bulgaria,Shumen,BG333,2021-32,117.843749637181,Epidemic intelligence subnational data
Bulgaria,Shumen,BG333,2021-33,206.661945176533,Epidemic intelligence subnational data
Bulgaria,Shumen,BG333,2021-34,274.58174176545,Epidemic intelligence subnational data
Bulgaria,Shumen,BG333,2021-35,257.74692038871,Epidemic intelligence subnational data
Bulgaria,Shumen,BG333,2021-36,246.717209831536,Epidemic intelligence subnational data
Bulgaria,Shumen,BG333,2021-37,274.001230683494,Epidemic intelligence subnational data
Bulgaria,Shumen,BG333,2021-38,238.590054684144,Epidemic intelligence subnational data
Bulgaria,Shumen,BG333,2021-39,214.789100323925,Epidemic intelligence subnational data
Bulgaria,Shumen,BG333,2021-40,242.073121175883,Epidemic intelligence subnational data
Bulgaria,Shumen,BG333,2021-41,280.386852585016,Epidemic intelligence subnational data
Bulgaria,Shumen,BG333,2021-42,398.811113304153,Epidemic intelligence subnational data
Bulgaria,Shumen,BG333,2021-43,557.290638678292,Epidemic intelligence subnational data
Bulgaria,Shumen,BG333,2021-44,629.854523922862,Epidemic intelligence subnational data
Bulgaria,Shumen,BG333,2021-45,548.002461366988,Epidemic intelligence subnational data
Bulgaria,Shumen,BG333,2021-46,405.777246287632,Epidemic intelligence subnational data
Bulgaria,Shumen,BG333,2021-47,330.891316715236,Epidemic intelligence subnational data
Bulgaria,Shumen,BG333,2021-48,269.937653109798,Epidemic intelligence subnational data
Bulgaria,Shumen,BG333,2021-49,238.590054684144,Epidemic intelligence subnational data
Bulgaria,Shumen,BG333,2021-50,231.043410618709,Epidemic intelligence subnational data
Bulgaria,Shumen,BG333,2021-51,198.534790029142,Epidemic intelligence subnational data
Bulgaria,Shumen,BG333,2021-52,213.628078160012,Epidemic intelligence subnational data
Bulgaria,Shumen,BG333,2022-01,379.654247599587,Epidemic intelligence subnational data
Bulgaria,Shumen,BG333,2022-02,484.146242351767,Epidemic intelligence subnational data
Bulgaria,Shumen,BG333,2022-03,612.439191464165,Epidemic intelligence subnational data
Bulgaria,Shumen,BG333,2022-04,866.122534279179,Epidemic intelligence subnational data
Bulgaria,Targovishte,BG334,2020-14,,Epidemic intelligence subnational data
Bulgaria,Targovishte,BG334,2020-15,0,Epidemic intelligence subnational data
Bulgaria,Targovishte,BG334,2020-16,0,Epidemic intelligence subnational data
Bulgaria,Targovishte,BG334,2020-17,0,Epidemic intelligence subnational data
Bulgaria,Targovishte,BG334,2020-18,0,Epidemic intelligence subnational data
Bulgaria,Targovishte,BG334,2020-19,0.901599437401951,Epidemic intelligence subnational data
Bulgaria,Targovishte,BG334,2020-20,0.901599437401951,Epidemic intelligence subnational data
Bulgaria,Targovishte,BG334,2020-21,0,Epidemic intelligence subnational data
Bulgaria,Targovishte,BG334,2020-22,0,Epidemic intelligence subnational data
Bulgaria,Targovishte,BG334,2020-23,0,Epidemic intelligence subnational data
Bulgaria,Targovishte,BG334,2020-24,5.40959662441171,Epidemic intelligence subnational data
Bulgaria,Targovishte,BG334,2020-25,6.31119606181366,Epidemic intelligence subnational data
Bulgaria,Targovishte,BG334,2020-26,3.6063977496078,Epidemic intelligence subnational data
Bulgaria,Targovishte,BG334,2020-28,11.7207926862254,Epidemic intelligence subnational data
Bulgaria,Targovishte,BG334,2020-29,13.5239915610293,Epidemic intelligence subnational data
Bulgaria,Targovishte,BG334,2020-30,5.40959662441171,Epidemic intelligence subnational data
Bulgaria,Targovishte,BG334,2020-31,5.40959662441171,Epidemic intelligence subnational data
Bulgaria,Targovishte,BG334,2020-32,11.7207926862254,Epidemic intelligence subnational data
Bulgaria,Targovishte,BG334,2020-33,10.8191932488234,Epidemic intelligence subnational data
Bulgaria,Targovishte,BG334,2020-34,19.8351876228429,Epidemic intelligence subnational data
Bulgaria,Targovishte,BG334,2020-35,23.4415853724507,Epidemic intelligence subnational data
Bulgaria,Targovishte,BG334,2020-36,16.2287898732351,Epidemic intelligence subnational data
Bulgaria,Targovishte,BG334,2020-37,18.031988748039,Epidemic intelligence subnational data
Bulgaria,Targovishte,BG334,2020-38,24.3431848098527,Epidemic intelligence subnational data
Bulgaria,Targovishte,BG334,2020-39,83.8487476783814,Epidemic intelligence subnational data
Bulgaria,Targovishte,BG334,2020-40,133.436716735489,Epidemic intelligence subnational data
Bulgaria,Targovishte,BG334,2020-41,143.35431054691,Epidemic intelligence subnational data
Bulgaria,Targovishte,BG334,2020-42,324.575797464702,Epidemic intelligence subnational data
Bulgaria,Targovishte,BG334,2020-43,499.486088320681,Epidemic intelligence subnational data
Bulgaria,Targovishte,BG334,2020-44,459.815713074995,Epidemic intelligence subnational data
Bulgaria,Targovishte,BG334,2020-45,398.506951331662,Epidemic intelligence subnational data
Bulgaria,Targovishte,BG334,2020-46,349.820581711957,Epidemic intelligence subnational data
Bulgaria,Targovishte,BG334,2020-47,283.102223344213,Epidemic intelligence subnational data
Bulgaria,Targovishte,BG334,2020-48,237.120652036713,Epidemic intelligence subnational data
Bulgaria,Targovishte,BG334,2020-49,199.253475665831,Epidemic intelligence subnational data
Bulgaria,Targovishte,BG334,2020-50,179.418288042988,Epidemic intelligence subnational data
Bulgaria,Targovishte,BG334,2020-51,171.303893106371,Epidemic intelligence subnational data
Bulgaria,Targovishte,BG334,2020-52,164.091097607155,Epidemic intelligence subnational data
Bulgaria,Targovishte,BG334,2020-53,133.436716735489,Epidemic intelligence subnational data
Bulgaria,Targovishte,BG334,2021-01,93.7663414898029,Epidemic intelligence subnational data
Bulgaria,Targovishte,BG334,2021-02,64.0135600555385,Epidemic intelligence subnational data
Bulgaria,Targovishte,BG334,2021-03,33.3591791838722,Epidemic intelligence subnational data
Bulgaria,Targovishte,BG334,2021-04,31.5559803090683,Epidemic intelligence subnational data
Bulgaria,Targovishte,BG334,2021-05,27.9495825594605,Epidemic intelligence subnational data
Bulgaria,Targovishte,BG334,2021-06,23.4415853724507,Epidemic intelligence subnational data
Bulgaria,Targovishte,BG334,2021-07,24.3431848098527,Epidemic intelligence subnational data
Bulgaria,Targovishte,BG334,2021-08,34.2607786212741,Epidemic intelligence subnational data
Bulgaria,Targovishte,BG334,2021-09,53.1943668067151,Epidemic intelligence subnational data
Bulgaria,Targovishte,BG334,2021-10,85.6519465531854,Epidemic intelligence subnational data
Bulgaria,Targovishte,BG334,2021-11,181.221486917792,Epidemic intelligence subnational data
Bulgaria,Targovishte,BG334,2021-12,314.658203653281,Epidemic intelligence subnational data
Bulgaria,Targovishte,BG334,2021-13,414.735741204898,Epidemic intelligence subnational data
Bulgaria,Targovishte,BG334,2021-14,439.07892601475,Epidemic intelligence subnational data
Bulgaria,Targovishte,BG334,2021-15,348.918982274555,Epidemic intelligence subnational data
Bulgaria,Targovishte,BG334,2021-16,285.807021656419,Epidemic intelligence subnational data
Bulgaria,Targovishte,BG334,2021-17,258.75903853436,Epidemic intelligence subnational data
Bulgaria,Targovishte,BG334,2021-18,194.745478478821,Epidemic intelligence subnational data
Bulgaria,Targovishte,BG334,2021-19,152.37030492093,Epidemic intelligence subnational data
Bulgaria,Targovishte,BG334,2021-20,92.864742052401,Epidemic intelligence subnational data
Bulgaria,Targovishte,BG334,2021-21,54.997565681519,Epidemic intelligence subnational data
Bulgaria,Targovishte,BG334,2021-22,43.2767729952937,Epidemic intelligence subnational data
Bulgaria,Targovishte,BG334,2021-23,27.9495825594605,Epidemic intelligence subnational data
Bulgaria,Targovishte,BG334,2021-24,21.6383864976468,Epidemic intelligence subnational data
Bulgaria,Targovishte,BG334,2021-25,13.5239915610293,Epidemic intelligence subnational data
Bulgaria,Targovishte,BG334,2021-26,8.11439493661756,Epidemic intelligence subnational data
Bulgaria,Targovishte,BG334,2021-27,8.11439493661756,Epidemic intelligence subnational data
Bulgaria,Targovishte,BG334,2021-28,13.5239915610293,Epidemic intelligence subnational data
Bulgaria,Targovishte,BG334,2021-29,19.8351876228429,Epidemic intelligence subnational data
Bulgaria,Targovishte,BG334,2021-30,32.4575797464702,Epidemic intelligence subnational data
Bulgaria,Targovishte,BG334,2021-31,59.5055628685288,Epidemic intelligence subnational data
Bulgaria,Targovishte,BG334,2021-32,147.86230773392,Epidemic intelligence subnational data
Bulgaria,Targovishte,BG334,2021-33,297.527814342644,Epidemic intelligence subnational data
Bulgaria,Targovishte,BG334,2021-34,481.454099572642,Epidemic intelligence subnational data
Bulgaria,Targovishte,BG334,2021-35,525.632472005338,Epidemic intelligence subnational data
Bulgaria,Targovishte,BG334,2021-36,487.765295634456,Epidemic intelligence subnational data
Bulgaria,Targovishte,BG334,2021-37,458.012514200191,Epidemic intelligence subnational data
Bulgaria,Targovishte,BG334,2021-38,403.014948518672,Epidemic intelligence subnational data
Bulgaria,Targovishte,BG334,2021-39,355.230178336369,Epidemic intelligence subnational data
Bulgaria,Targovishte,BG334,2021-40,343.509385650143,Epidemic intelligence subnational data
Bulgaria,Targovishte,BG334,2021-41,358.836576085977,Epidemic intelligence subnational data
Bulgaria,Targovishte,BG334,2021-42,388.589357520241,Epidemic intelligence subnational data
Bulgaria,Targovishte,BG334,2021-43,486.863696197054,Epidemic intelligence subnational data
Bulgaria,Targovishte,BG334,2021-44,494.978091133671,Epidemic intelligence subnational data
Bulgaria,Targovishte,BG334,2021-45,388.589357520241,Epidemic intelligence subnational data
Bulgaria,Targovishte,BG334,2021-46,367.852570459996,Epidemic intelligence subnational data
Bulgaria,Targovishte,BG334,2021-47,337.19818958833,Epidemic intelligence subnational data
Bulgaria,Targovishte,BG334,2021-48,280.397425032007,Epidemic intelligence subnational data
Bulgaria,Targovishte,BG334,2021-49,286.708621093821,Epidemic intelligence subnational data
Bulgaria,Targovishte,BG334,2021-50,242.530248661125,Epidemic intelligence subnational data
Bulgaria,Targovishte,BG334,2021-51,186.631083542204,Epidemic intelligence subnational data
Bulgaria,Targovishte,BG334,2021-52,194.745478478821,Epidemic intelligence subnational data
Bulgaria,Targovishte,BG334,2022-01,272.283030095389,Epidemic intelligence subnational data
Bulgaria,Targovishte,BG334,2022-02,348.918982274555,Epidemic intelligence subnational data
Bulgaria,Targovishte,BG334,2022-03,494.978091133671,Epidemic intelligence subnational data
Bulgaria,Targovishte,BG334,2022-04,678.904376363669,Epidemic intelligence subnational data
Bulgaria,Burgas,BG341,2020-13,,Epidemic intelligence subnational data
Bulgaria,Burgas,BG341,2020-14,3.66510696003812,Epidemic intelligence subnational data
Bulgaria,Burgas,BG341,2020-15,4.1537878880432,Epidemic intelligence subnational data
Bulgaria,Burgas,BG341,2020-16,3.42076649603558,Epidemic intelligence subnational data
Bulgaria,Burgas,BG341,2020-17,4.88680928005082,Epidemic intelligence subnational data
Bulgaria,Burgas,BG341,2020-18,2.44340464002541,Epidemic intelligence subnational data
Bulgaria,Burgas,BG341,2020-19,1.22170232001271,Epidemic intelligence subnational data
Bulgaria,Burgas,BG341,2020-20,0.977361856010165,Epidemic intelligence subnational data
Bulgaria,Burgas,BG341,2020-21,0,Epidemic intelligence subnational data
Bulgaria,Burgas,BG341,2020-22,0,Epidemic intelligence subnational data
Bulgaria,Burgas,BG341,2020-23,0.977361856010165,Epidemic intelligence subnational data
Bulgaria,Burgas,BG341,2020-24,1.22170232001271,Epidemic intelligence subnational data
Bulgaria,Burgas,BG341,2020-25,2.44340464002541,Epidemic intelligence subnational data
Bulgaria,Burgas,BG341,2020-26,13.6830659841423,Epidemic intelligence subnational data
Bulgaria,Burgas,BG341,2020-28,31.2755793923253,Epidemic intelligence subnational data
Bulgaria,Burgas,BG341,2020-29,34.4520054243583,Epidemic intelligence subnational data
Bulgaria,Burgas,BG341,2020-30,28.0991533602922,Epidemic intelligence subnational data
Bulgaria,Burgas,BG341,2020-31,19.7915775842058,Epidemic intelligence subnational data
Bulgaria,Burgas,BG341,2020-32,15.3934492321601,Epidemic intelligence subnational data
Bulgaria,Burgas,BG341,2020-33,13.4387255201398,Epidemic intelligence subnational data
Bulgaria,Burgas,BG341,2020-34,10.7509804161118,Epidemic intelligence subnational data
Bulgaria,Burgas,BG341,2020-35,9.52927809609911,Epidemic intelligence subnational data
Bulgaria,Burgas,BG341,2020-36,23.7010250082465,Epidemic intelligence subnational data
Bulgaria,Burgas,BG341,2020-37,37.3840909923888,Epidemic intelligence subnational data
Bulgaria,Burgas,BG341,2020-38,29.0765152163024,Epidemic intelligence subnational data
Bulgaria,Burgas,BG341,2020-39,54.7322639365692,Epidemic intelligence subnational data
Bulgaria,Burgas,BG341,2020-40,71.347415488742,Epidemic intelligence subnational data
Bulgaria,Burgas,BG341,2020-41,69.1483513127191,Epidemic intelligence subnational data
Bulgaria,Burgas,BG341,2020-42,118.26078457723,Epidemic intelligence subnational data
Bulgaria,Burgas,BG341,2020-43,166.884536913736,Epidemic intelligence subnational data
Bulgaria,Burgas,BG341,2020-44,194.006328418018,Epidemic intelligence subnational data
Bulgaria,Burgas,BG341,2020-45,318.375624595311,Epidemic intelligence subnational data
Bulgaria,Burgas,BG341,2020-46,505.296079557255,Epidemic intelligence subnational data
Bulgaria,Burgas,BG341,2020-47,591.548263350152,Epidemic intelligence subnational data
Bulgaria,Burgas,BG341,2020-48,637.728611046632,Epidemic intelligence subnational data
Bulgaria,Burgas,BG341,2020-49,713.229814423418,Epidemic intelligence subnational data
Bulgaria,Burgas,BG341,2020-50,754.523352839847,Epidemic intelligence subnational data
Bulgaria,Burgas,BG341,2020-51,577.620856902007,Epidemic intelligence subnational data
Bulgaria,Burgas,BG341,2020-52,279.036809890902,Epidemic intelligence subnational data
Bulgaria,Burgas,BG341,2020-53,159.309982529657,Epidemic intelligence subnational data
Bulgaria,Burgas,BG341,2021-01,180.811943361881,Epidemic intelligence subnational data
Bulgaria,Burgas,BG341,2021-02,162.242068097687,Epidemic intelligence subnational data
Bulgaria,Burgas,BG341,2021-03,124.124955713291,Epidemic intelligence subnational data
Bulgaria,Burgas,BG341,2021-04,143.183511905489,Epidemic intelligence subnational data
Bulgaria,Burgas,BG341,2021-05,207.200713474155,Epidemic intelligence subnational data
Bulgaria,Burgas,BG341,2021-06,236.032888226455,Epidemic intelligence subnational data
Bulgaria,Burgas,BG341,2021-07,298.0953660831,Epidemic intelligence subnational data
Bulgaria,Burgas,BG341,2021-08,423.197683652401,Epidemic intelligence subnational data
Bulgaria,Burgas,BG341,2021-09,502.608334453227,Epidemic intelligence subnational data
Bulgaria,Burgas,BG341,2021-10,723.980794839529,Epidemic intelligence subnational data
Bulgaria,Burgas,BG341,2021-11,890.620991289262,Epidemic intelligence subnational data
Bulgaria,Burgas,BG341,2021-12,910.412568873468,Epidemic intelligence subnational data
Bulgaria,Burgas,BG341,2021-13,858.123709576925,Epidemic intelligence subnational data
Bulgaria,Burgas,BG341,2021-14,658.008869558843,Epidemic intelligence subnational data
Bulgaria,Burgas,BG341,2021-15,471.821435988907,Epidemic intelligence subnational data
Bulgaria,Burgas,BG341,2021-16,353.071970483672,Epidemic intelligence subnational data
Bulgaria,Burgas,BG341,2021-17,266.819786690775,Epidemic intelligence subnational data
Bulgaria,Burgas,BG341,2021-18,177.146836401842,Epidemic intelligence subnational data
Bulgaria,Burgas,BG341,2021-19,115.573039473202,Epidemic intelligence subnational data
Bulgaria,Burgas,BG341,2021-20,71.8360964167471,Epidemic intelligence subnational data
Bulgaria,Burgas,BG341,2021-21,39.0944742404066,Epidemic intelligence subnational data
Bulgaria,Burgas,BG341,2021-22,26.8774510402795,Epidemic intelligence subnational data
Bulgaria,Burgas,BG341,2021-23,14.904768304155,Epidemic intelligence subnational data
Bulgaria,Burgas,BG341,2021-24,10.9953208801144,Epidemic intelligence subnational data
Bulgaria,Burgas,BG341,2021-25,10.7509804161118,Epidemic intelligence subnational data
Bulgaria,Burgas,BG341,2021-26,12.2170232001271,Epidemic intelligence subnational data
Bulgaria,Burgas,BG341,2021-27,13.6830659841423,Epidemic intelligence subnational data
Bulgaria,Burgas,BG341,2021-28,18.5698752641931,Epidemic intelligence subnational data
Bulgaria,Burgas,BG341,2021-29,33.4746435683481,Epidemic intelligence subnational data
Bulgaria,Burgas,BG341,2021-30,68.170989456709,Epidemic intelligence subnational data
Bulgaria,Burgas,BG341,2021-31,109.708868337141,Epidemic intelligence subnational data
Bulgaria,Burgas,BG341,2021-32,189.608200065972,Epidemic intelligence subnational data
Bulgaria,Burgas,BG341,2021-33,306.647282323189,Epidemic intelligence subnational data
Bulgaria,Burgas,BG341,2021-34,405.605170244218,Epidemic intelligence subnational data
Bulgaria,Burgas,BG341,2021-35,424.175045508411,Epidemic intelligence subnational data
Bulgaria,Burgas,BG341,2021-36,347.207799347611,Epidemic intelligence subnational data
Bulgaria,Burgas,BG341,2021-37,313.000134387255,Epidemic intelligence subnational data
Bulgaria,Burgas,BG341,2021-38,302.493494435146,Epidemic intelligence subnational data
Bulgaria,Burgas,BG341,2021-39,294.430259123062,Epidemic intelligence subnational data
Bulgaria,Burgas,BG341,2021-40,315.932219955286,Epidemic intelligence subnational data
Bulgaria,Burgas,BG341,2021-41,369.442781571842,Epidemic intelligence subnational data
Bulgaria,Burgas,BG341,2021-42,480.617692692998,Epidemic intelligence subnational data
Bulgaria,Burgas,BG341,2021-43,627.954992486531,Epidemic intelligence subnational data
Bulgaria,Burgas,BG341,2021-44,746.215777063761,Epidemic intelligence subnational data
Bulgaria,Burgas,BG341,2021-45,637.48427058263,Epidemic intelligence subnational data
Bulgaria,Burgas,BG341,2021-46,453.007220260711,Epidemic intelligence subnational data
Bulgaria,Burgas,BG341,2021-47,391.922104260076,Epidemic intelligence subnational data
Bulgaria,Burgas,BG341,2021-48,371.641845747865,Epidemic intelligence subnational data
Bulgaria,Burgas,BG341,2021-49,364.800312755794,Epidemic intelligence subnational data
Bulgaria,Burgas,BG341,2021-50,343.29835192357,Epidemic intelligence subnational data
Bulgaria,Burgas,BG341,2021-51,332.791711971461,Epidemic intelligence subnational data
Bulgaria,Burgas,BG341,2021-52,482.816756869021,Epidemic intelligence subnational data
Bulgaria,Burgas,BG341,2022-01,857.635028648919,Epidemic intelligence subnational data
Bulgaria,Burgas,BG341,2022-02,1211.9287014526,Epidemic intelligence subnational data
Bulgaria,Burgas,BG341,2022-03,1584.30356859248,Epidemic intelligence subnational data
Bulgaria,Burgas,BG341,2022-04,2040.48721488522,Epidemic intelligence subnational data
Bulgaria,Sliven,BG342,2020-14,,Epidemic intelligence subnational data
Bulgaria,Sliven,BG342,2020-15,4.8881429944764,Epidemic intelligence subnational data
Bulgaria,Sliven,BG342,2020-16,7.60377799140773,Epidemic intelligence subnational data
Bulgaria,Sliven,BG342,2020-17,16.8369369809743,Epidemic intelligence subnational data
Bulgaria,Sliven,BG342,2020-18,17.9231909797468,Epidemic intelligence subnational data
Bulgaria,Sliven,BG342,2020-19,7.60377799140773,Epidemic intelligence subnational data
Bulgaria,Sliven,BG342,2020-20,9.23315898956653,Epidemic intelligence subnational data
Bulgaria,Sliven,BG342,2020-21,11.9487939864979,Epidemic intelligence subnational data
Bulgaria,Sliven,BG342,2020-22,15.7506829822017,Epidemic intelligence subnational data
Bulgaria,Sliven,BG342,2020-23,32.587619963176,Epidemic intelligence subnational data
Bulgaria,Sliven,BG342,2020-24,48.881429944764,Epidemic intelligence subnational data
Bulgaria,Sliven,BG342,2020-25,44.5364139496739,Epidemic intelligence subnational data
Bulgaria,Sliven,BG342,2020-26,38.5620169564249,Epidemic intelligence subnational data
Bulgaria,Sliven,BG342,2020-28,62.4596049294207,Epidemic intelligence subnational data
Bulgaria,Sliven,BG342,2020-29,54.8558269380129,Epidemic intelligence subnational data
Bulgaria,Sliven,BG342,2020-30,25.5269689711545,Epidemic intelligence subnational data
Bulgaria,Sliven,BG342,2020-31,22.2682069748369,Epidemic intelligence subnational data
Bulgaria,Sliven,BG342,2020-32,20.6388259766781,Epidemic intelligence subnational data
Bulgaria,Sliven,BG342,2020-33,16.8369369809743,Epidemic intelligence subnational data
Bulgaria,Sliven,BG342,2020-34,8.146904990794,Epidemic intelligence subnational data
Bulgaria,Sliven,BG342,2020-35,3.80188899570387,Epidemic intelligence subnational data
Bulgaria,Sliven,BG342,2020-36,12.4919209858841,Epidemic intelligence subnational data
Bulgaria,Sliven,BG342,2020-37,22.2682069748369,Epidemic intelligence subnational data
Bulgaria,Sliven,BG342,2020-38,18.4663179791331,Epidemic intelligence subnational data
Bulgaria,Sliven,BG342,2020-39,21.1819529760644,Epidemic intelligence subnational data
Bulgaria,Sliven,BG342,2020-40,36.3895089588799,Epidemic intelligence subnational data
Bulgaria,Sliven,BG342,2020-41,97.2197328901417,Epidemic intelligence subnational data
Bulgaria,Sliven,BG342,2020-42,210.733275761871,Epidemic intelligence subnational data
Bulgaria,Sliven,BG342,2020-43,243.864022724434,Epidemic intelligence subnational data
Bulgaria,Sliven,BG342,2020-44,216.164545755734,Epidemic intelligence subnational data
Bulgaria,Sliven,BG342,2020-45,325.333072632374,Epidemic intelligence subnational data
Bulgaria,Sliven,BG342,2020-46,404.086487543382,Epidemic intelligence subnational data
Bulgaria,Sliven,BG342,2020-47,454.054171486919,Epidemic intelligence subnational data
Bulgaria,Sliven,BG342,2020-48,600.155334321825,Epidemic intelligence subnational data
Bulgaria,Sliven,BG342,2020-49,646.864256269043,Epidemic intelligence subnational data
Bulgaria,Sliven,BG342,2020-50,678.908749232833,Epidemic intelligence subnational data
Bulgaria,Sliven,BG342,2020-51,583.31839734085,Epidemic intelligence subnational data
Bulgaria,Sliven,BG342,2020-52,309.582389650172,Epidemic intelligence subnational data
Bulgaria,Sliven,BG342,2020-53,187.378814788262,Epidemic intelligence subnational data
Bulgaria,Sliven,BG342,2021-01,172.171258805447,Epidemic intelligence subnational data
Bulgaria,Sliven,BG342,2021-02,131.979860850863,Epidemic intelligence subnational data
Bulgaria,Sliven,BG342,2021-03,129.807352853318,Epidemic intelligence subnational data
Bulgaria,Sliven,BG342,2021-04,154.791194825086,Epidemic intelligence subnational data
Bulgaria,Sliven,BG342,2021-05,198.241354775987,Epidemic intelligence subnational data
Bulgaria,Sliven,BG342,2021-06,234.087736735481,Epidemic intelligence subnational data
Bulgaria,Sliven,BG342,2021-07,237.889625731185,Epidemic intelligence subnational data
Bulgaria,Sliven,BG342,2021-08,284.055420679017,Epidemic intelligence subnational data
Bulgaria,Sliven,BG342,2021-09,347.058152607824,Epidemic intelligence subnational data
Bulgaria,Sliven,BG342,2021-10,472.520489466052,Epidemic intelligence subnational data
Bulgaria,Sliven,BG342,2021-11,568.110841358035,Epidemic intelligence subnational data
Bulgaria,Sliven,BG342,2021-12,569.197095356807,Epidemic intelligence subnational data
Bulgaria,Sliven,BG342,2021-13,563.222698363558,Epidemic intelligence subnational data
Bulgaria,Sliven,BG342,2021-14,477.408632460528,Epidemic intelligence subnational data
Bulgaria,Sliven,BG342,2021-15,343.799390611507,Epidemic intelligence subnational data
Bulgaria,Sliven,BG342,2021-16,249.295292718296,Epidemic intelligence subnational data
Bulgaria,Sliven,BG342,2021-17,191.723830783352,Epidemic intelligence subnational data
Bulgaria,Sliven,BG342,2021-18,158.59308382079,Epidemic intelligence subnational data
Bulgaria,Sliven,BG342,2021-19,115.142923869889,Epidemic intelligence subnational data
Bulgaria,Sliven,BG342,2021-20,62.4596049294207,Epidemic intelligence subnational data
Bulgaria,Sliven,BG342,2021-21,40.73452495397,Epidemic intelligence subnational data
Bulgaria,Sliven,BG342,2021-22,26.0700959705408,Epidemic intelligence subnational data
Bulgaria,Sliven,BG342,2021-23,24.9838419717683,Epidemic intelligence subnational data
Bulgaria,Sliven,BG342,2021-24,21.7250799754507,Epidemic intelligence subnational data
Bulgaria,Sliven,BG342,2021-25,11.9487939864979,Epidemic intelligence subnational data
Bulgaria,Sliven,BG342,2021-26,10.8625399877253,Epidemic intelligence subnational data
Bulgaria,Sliven,BG342,2021-27,9.7762859889528,Epidemic intelligence subnational data
Bulgaria,Sliven,BG342,2021-28,7.60377799140773,Epidemic intelligence subnational data
Bulgaria,Sliven,BG342,2021-29,8.69003199018026,Epidemic intelligence subnational data
Bulgaria,Sliven,BG342,2021-30,18.4663179791331,Epidemic intelligence subnational data
Bulgaria,Sliven,BG342,2021-31,54.8558269380129,Epidemic intelligence subnational data
Bulgaria,Sliven,BG342,2021-32,84.1846849048713,Epidemic intelligence subnational data
Bulgaria,Sliven,BG342,2021-33,131.436733851477,Epidemic intelligence subnational data
Bulgaria,Sliven,BG342,2021-34,234.087736735481,Epidemic intelligence subnational data
Bulgaria,Sliven,BG342,2021-35,296.547341664902,Epidemic intelligence subnational data
Bulgaria,Sliven,BG342,2021-36,329.678088627464,Epidemic intelligence subnational data
Bulgaria,Sliven,BG342,2021-37,381.818280568545,Epidemic intelligence subnational data
Bulgaria,Sliven,BG342,2021-38,403.00023354461,Epidemic intelligence subnational data
Bulgaria,Sliven,BG342,2021-39,460.028568480168,Epidemic intelligence subnational data
Bulgaria,Sliven,BG342,2021-40,538.23885639179,Epidemic intelligence subnational data
Bulgaria,Sliven,BG342,2021-41,577.887127346988,Epidemic intelligence subnational data
Bulgaria,Sliven,BG342,2021-42,643.605494272726,Epidemic intelligence subnational data
Bulgaria,Sliven,BG342,2021-43,696.288813213194,Epidemic intelligence subnational data
Bulgaria,Sliven,BG342,2021-44,657.183669257383,Epidemic intelligence subnational data
Bulgaria,Sliven,BG342,2021-45,490.443680445799,Epidemic intelligence subnational data
Bulgaria,Sliven,BG342,2021-46,343.25626361212,Epidemic intelligence subnational data
Bulgaria,Sliven,BG342,2021-47,291.659198670425,Epidemic intelligence subnational data
Bulgaria,Sliven,BG342,2021-48,244.40714972382,Epidemic intelligence subnational data
Bulgaria,Sliven,BG342,2021-49,193.896338780897,Epidemic intelligence subnational data
Bulgaria,Sliven,BG342,2021-50,150.446178829996,Epidemic intelligence subnational data
Bulgaria,Sliven,BG342,2021-51,137.954257844112,Epidemic intelligence subnational data
Bulgaria,Sliven,BG342,2021-52,216.70767275512,Epidemic intelligence subnational data
Bulgaria,Sliven,BG342,2022-01,458.399187482009,Epidemic intelligence subnational data
Bulgaria,Sliven,BG342,2022-02,803.827959091674,Epidemic intelligence subnational data
Bulgaria,Sliven,BG342,2022-03,1354.55873646935,Epidemic intelligence subnational data
Bulgaria,Sliven,BG342,2022-04,1741.80828703176,Epidemic intelligence subnational data
Bulgaria,Yambol,BG343,2020-15,,Epidemic intelligence subnational data
Bulgaria,Yambol,BG343,2020-16,3.40904248519197,Epidemic intelligence subnational data
Bulgaria,Yambol,BG343,2020-17,8.52260621297993,Epidemic intelligence subnational data
Bulgaria,Yambol,BG343,2020-18,26.4200792602378,Epidemic intelligence subnational data
Bulgaria,Yambol,BG343,2020-19,54.5446797630716,Epidemic intelligence subnational data
Bulgaria,Yambol,BG343,2020-20,59.6582434908595,Epidemic intelligence subnational data
Bulgaria,Yambol,BG343,2020-21,53.6924191417736,Epidemic intelligence subnational data
Bulgaria,Yambol,BG343,2020-22,42.6130310648996,Epidemic intelligence subnational data
Bulgaria,Yambol,BG343,2020-23,22.1587761537478,Epidemic intelligence subnational data
Bulgaria,Yambol,BG343,2020-24,12.7839093194699,Epidemic intelligence subnational data
Bulgaria,Yambol,BG343,2020-25,12.7839093194699,Epidemic intelligence subnational data
Bulgaria,Yambol,BG343,2020-26,14.4884305620659,Epidemic intelligence subnational data
Bulgaria,Yambol,BG343,2020-28,24.7155580176418,Epidemic intelligence subnational data
Bulgaria,Yambol,BG343,2020-29,26.4200792602378,Epidemic intelligence subnational data
Bulgaria,Yambol,BG343,2020-30,32.3859036093237,Epidemic intelligence subnational data
Bulgaria,Yambol,BG343,2020-31,33.2381642306217,Epidemic intelligence subnational data
Bulgaria,Yambol,BG343,2020-32,28.9768611241318,Epidemic intelligence subnational data
Bulgaria,Yambol,BG343,2020-33,23.8632973963438,Epidemic intelligence subnational data
Bulgaria,Yambol,BG343,2020-34,33.2381642306217,Epidemic intelligence subnational data
Bulgaria,Yambol,BG343,2020-35,39.2039885797077,Epidemic intelligence subnational data
Bulgaria,Yambol,BG343,2020-36,23.8632973963438,Epidemic intelligence subnational data
Bulgaria,Yambol,BG343,2020-37,38.3517279584097,Epidemic intelligence subnational data
Bulgaria,Yambol,BG343,2020-38,44.3175523074956,Epidemic intelligence subnational data
Bulgaria,Yambol,BG343,2020-39,63.0672859760515,Epidemic intelligence subnational data
Bulgaria,Yambol,BG343,2020-40,80.9647590233093,Epidemic intelligence subnational data
Bulgaria,Yambol,BG343,2020-41,80.1124984020113,Epidemic intelligence subnational data
Bulgaria,Yambol,BG343,2020-42,91.1918864788852,Epidemic intelligence subnational data
Bulgaria,Yambol,BG343,2020-43,139.770741892871,Epidemic intelligence subnational data
Bulgaria,Yambol,BG343,2020-44,178.974730472579,Epidemic intelligence subnational data
Bulgaria,Yambol,BG343,2020-45,305.109302424682,Epidemic intelligence subnational data
Bulgaria,Yambol,BG343,2020-46,498.572463459326,Epidemic intelligence subnational data
Bulgaria,Yambol,BG343,2020-47,528.401585204756,Epidemic intelligence subnational data
Bulgaria,Yambol,BG343,2020-48,786.636553458048,Epidemic intelligence subnational data
Bulgaria,Yambol,BG343,2020-49,888.055567392509,Epidemic intelligence subnational data
Bulgaria,Yambol,BG343,2020-50,669.024587718924,Epidemic intelligence subnational data
Bulgaria,Yambol,BG343,2020-51,528.401585204756,Epidemic intelligence subnational data
Bulgaria,Yambol,BG343,2020-52,302.552520560788,Epidemic intelligence subnational data
Bulgaria,Yambol,BG343,2020-53,197.724464141134,Epidemic intelligence subnational data
Bulgaria,Yambol,BG343,2021-01,166.190821153109,Epidemic intelligence subnational data
Bulgaria,Yambol,BG343,2021-02,93.7486683427792,Epidemic intelligence subnational data
Bulgaria,Yambol,BG343,2021-03,59.6582434908595,Epidemic intelligence subnational data
Bulgaria,Yambol,BG343,2021-04,72.4421528103294,Epidemic intelligence subnational data
Bulgaria,Yambol,BG343,2021-05,149.145608727149,Epidemic intelligence subnational data
Bulgaria,Yambol,BG343,2021-06,187.497336685559,Epidemic intelligence subnational data
Bulgaria,Yambol,BG343,2021-07,190.054118549452,Epidemic intelligence subnational data
Bulgaria,Yambol,BG343,2021-08,242.04201644863,Epidemic intelligence subnational data
Bulgaria,Yambol,BG343,2021-09,304.257041803384,Epidemic intelligence subnational data
Bulgaria,Yambol,BG343,2021-10,449.141347424042,Epidemic intelligence subnational data
Bulgaria,Yambol,BG343,2021-11,605.957301742873,Epidemic intelligence subnational data
Bulgaria,Yambol,BG343,2021-12,668.172327097626,Epidemic intelligence subnational data
Bulgaria,Yambol,BG343,2021-13,633.229641624409,Epidemic intelligence subnational data
Bulgaria,Yambol,BG343,2021-14,514.765415263988,Epidemic intelligence subnational data
Bulgaria,Yambol,BG343,2021-15,373.290152128521,Epidemic intelligence subnational data
Bulgaria,Yambol,BG343,2021-16,271.87113819406,Epidemic intelligence subnational data
Bulgaria,Yambol,BG343,2021-17,203.69028849022,Epidemic intelligence subnational data
Bulgaria,Yambol,BG343,2021-18,159.372736182725,Epidemic intelligence subnational data
Bulgaria,Yambol,BG343,2021-19,133.804917543785,Epidemic intelligence subnational data
Bulgaria,Yambol,BG343,2021-20,97.1577108279712,Epidemic intelligence subnational data
Bulgaria,Yambol,BG343,2021-21,75.8511952955214,Epidemic intelligence subnational data
Bulgaria,Yambol,BG343,2021-22,57.1014616269655,Epidemic intelligence subnational data
Bulgaria,Yambol,BG343,2021-23,34.0904248519197,Epidemic intelligence subnational data
Bulgaria,Yambol,BG343,2021-24,20.4542549111518,Epidemic intelligence subnational data
Bulgaria,Yambol,BG343,2021-25,11.9316486981719,Epidemic intelligence subnational data
Bulgaria,Yambol,BG343,2021-26,6.81808497038394,Epidemic intelligence subnational data
Bulgaria,Yambol,BG343,2021-27,4.26130310648996,Epidemic intelligence subnational data
Bulgaria,Yambol,BG343,2021-28,2.55678186389398,Epidemic intelligence subnational data
Bulgaria,Yambol,BG343,2021-29,7.67034559168194,Epidemic intelligence subnational data
Bulgaria,Yambol,BG343,2021-30,27.2723398815358,Epidemic intelligence subnational data
Bulgaria,Yambol,BG343,2021-31,49.4311160352836,Epidemic intelligence subnational data
Bulgaria,Yambol,BG343,2021-32,89.4873652362893,Epidemic intelligence subnational data
Bulgaria,Yambol,BG343,2021-33,224.99680402267,Epidemic intelligence subnational data
Bulgaria,Yambol,BG343,2021-34,370.733370264627,Epidemic intelligence subnational data
Bulgaria,Yambol,BG343,2021-35,349.426854732177,Epidemic intelligence subnational data
Bulgaria,Yambol,BG343,2021-36,340.051987897899,Epidemic intelligence subnational data
Bulgaria,Yambol,BG343,2021-37,409.937358844335,Epidemic intelligence subnational data
Bulgaria,Yambol,BG343,2021-38,401.414752631355,Epidemic intelligence subnational data
Bulgaria,Yambol,BG343,2021-39,432.94839561938,Epidemic intelligence subnational data
Bulgaria,Yambol,BG343,2021-40,483.231772275962,Epidemic intelligence subnational data
Bulgaria,Yambol,BG343,2021-41,516.469936506584,Epidemic intelligence subnational data
Bulgaria,Yambol,BG343,2021-42,668.172327097626,Epidemic intelligence subnational data
Bulgaria,Yambol,BG343,2021-43,767.886819789492,Epidemic intelligence subnational data
Bulgaria,Yambol,BG343,2021-44,745.728043635744,Epidemic intelligence subnational data
Bulgaria,Yambol,BG343,2021-45,598.286956151191,Epidemic intelligence subnational data
Bulgaria,Yambol,BG343,2021-46,421.016746921209,Epidemic intelligence subnational data
Bulgaria,Yambol,BG343,2021-47,346.870072868283,Epidemic intelligence subnational data
Bulgaria,Yambol,BG343,2021-48,285.507308134828,Epidemic intelligence subnational data
Bulgaria,Yambol,BG343,2021-49,250.56462266161,Epidemic intelligence subnational data
Bulgaria,Yambol,BG343,2021-50,226.701325265266,Epidemic intelligence subnational data
Bulgaria,Yambol,BG343,2021-51,189.201857928154,Epidemic intelligence subnational data
Bulgaria,Yambol,BG343,2021-52,250.56462266161,Epidemic intelligence subnational data
Bulgaria,Yambol,BG343,2022-01,496.015681595432,Epidemic intelligence subnational data
Bulgaria,Yambol,BG343,2022-02,671.581369582818,Epidemic intelligence subnational data
Bulgaria,Yambol,BG343,2022-03,843.738015085013,Epidemic intelligence subnational data
Bulgaria,Yambol,BG343,2022-04,1229.812076533,Epidemic intelligence subnational data
Bulgaria,Stara Zagora,BG344,2020-15,,Epidemic intelligence subnational data
Bulgaria,Stara Zagora,BG344,2020-16,7.6580428595132,Epidemic intelligence subnational data
Bulgaria,Stara Zagora,BG344,2020-17,3.8290214297566,Epidemic intelligence subnational data
Bulgaria,Stara Zagora,BG344,2020-18,2.23359583402469,Epidemic intelligence subnational data
Bulgaria,Stara Zagora,BG344,2020-19,1.27634047658553,Epidemic intelligence subnational data
Bulgaria,Stara Zagora,BG344,2020-20,-4.14810654890299,Epidemic intelligence subnational data
Bulgaria,Stara Zagora,BG344,2020-21,0,Epidemic intelligence subnational data
Bulgaria,Stara Zagora,BG344,2020-22,4.46719166804937,Epidemic intelligence subnational data
Bulgaria,Stara Zagora,BG344,2020-23,0.319085119146384,Epidemic intelligence subnational data
Bulgaria,Stara Zagora,BG344,2020-24,15.3160857190264,Epidemic intelligence subnational data
Bulgaria,Stara Zagora,BG344,2020-25,19.145107148783,Epidemic intelligence subnational data
Bulgaria,Stara Zagora,BG344,2020-26,9.25346845524512,Epidemic intelligence subnational data
Bulgaria,Stara Zagora,BG344,2020-28,25.2077244125643,Epidemic intelligence subnational data
Bulgaria,Stara Zagora,BG344,2020-29,28.0794904848818,Epidemic intelligence subnational data
Bulgaria,Stara Zagora,BG344,2020-30,24.8886392934179,Epidemic intelligence subnational data
Bulgaria,Stara Zagora,BG344,2020-31,27.1222351274426,Epidemic intelligence subnational data
Bulgaria,Stara Zagora,BG344,2020-32,20.4214476253685,Epidemic intelligence subnational data
Bulgaria,Stara Zagora,BG344,2020-33,24.5695541742715,Epidemic intelligence subnational data
Bulgaria,Stara Zagora,BG344,2020-34,26.1649797700034,Epidemic intelligence subnational data
Bulgaria,Stara Zagora,BG344,2020-35,22.9741285785396,Epidemic intelligence subnational data
Bulgaria,Stara Zagora,BG344,2020-36,28.3985756040281,Epidemic intelligence subnational data
Bulgaria,Stara Zagora,BG344,2020-37,37.6520440592733,Epidemic intelligence subnational data
Bulgaria,Stara Zagora,BG344,2020-38,38.290214297566,Epidemic intelligence subnational data
Bulgaria,Stara Zagora,BG344,2020-39,47.8627678719575,Epidemic intelligence subnational data
Bulgaria,Stara Zagora,BG344,2020-40,62.8597684718376,Epidemic intelligence subnational data
Bulgaria,Stara Zagora,BG344,2020-41,78.8140244291567,Epidemic intelligence subnational data
Bulgaria,Stara Zagora,BG344,2020-42,126.038622062822,Epidemic intelligence subnational data
Bulgaria,Stara Zagora,BG344,2020-43,197.513688751611,Epidemic intelligence subnational data
Bulgaria,Stara Zagora,BG344,2020-44,265.159734010645,Epidemic intelligence subnational data
Bulgaria,Stara Zagora,BG344,2020-45,415.767910247738,Epidemic intelligence subnational data
Bulgaria,Stara Zagora,BG344,2020-46,552.974511480683,Epidemic intelligence subnational data
Bulgaria,Stara Zagora,BG344,2020-47,673.588686518016,Epidemic intelligence subnational data
Bulgaria,Stara Zagora,BG344,2020-48,762.613434759857,Epidemic intelligence subnational data
Bulgaria,Stara Zagora,BG344,2020-49,717.622432960216,Epidemic intelligence subnational data
Bulgaria,Stara Zagora,BG344,2020-50,623.173237692887,Epidemic intelligence subnational data
Bulgaria,Stara Zagora,BG344,2020-51,447.35733704323,Epidemic intelligence subnational data
Bulgaria,Stara Zagora,BG344,2020-52,224.9550089982,Epidemic intelligence subnational data
Bulgaria,Stara Zagora,BG344,2020-53,150.608176237093,Epidemic intelligence subnational data
Bulgaria,Stara Zagora,BG344,2021-01,158.266219096606,Epidemic intelligence subnational data
Bulgaria,Stara Zagora,BG344,2021-02,114.232472654405,Epidemic intelligence subnational data
Bulgaria,Stara Zagora,BG344,2021-03,95.0873655056223,Epidemic intelligence subnational data
Bulgaria,Stara Zagora,BG344,2021-04,88.3865780035482,Epidemic intelligence subnational data
Bulgaria,Stara Zagora,BG344,2021-05,91.8965143141585,Epidemic intelligence subnational data
Bulgaria,Stara Zagora,BG344,2021-06,107.531685152331,Epidemic intelligence subnational data
Bulgaria,Stara Zagora,BG344,2021-07,136.249345875506,Epidemic intelligence subnational data
Bulgaria,Stara Zagora,BG344,2021-08,191.770156606977,Epidemic intelligence subnational data
Bulgaria,Stara Zagora,BG344,2021-09,257.501691151132,Epidemic intelligence subnational data
Bulgaria,Stara Zagora,BG344,2021-10,379.711291784196,Epidemic intelligence subnational data
Bulgaria,Stara Zagora,BG344,2021-11,518.83240373202,Epidemic intelligence subnational data
Bulgaria,Stara Zagora,BG344,2021-12,586.478448991053,Epidemic intelligence subnational data
Bulgaria,Stara Zagora,BG344,2021-13,635.29847222045,Epidemic intelligence subnational data
Bulgaria,Stara Zagora,BG344,2021-14,616.791535309959,Epidemic intelligence subnational data
Bulgaria,Stara Zagora,BG344,2021-15,503.197232893847,Epidemic intelligence subnational data
Bulgaria,Stara Zagora,BG344,2021-16,371.095993567244,Epidemic intelligence subnational data
Bulgaria,Stara Zagora,BG344,2021-17,246.652797100154,Epidemic intelligence subnational data
Bulgaria,Stara Zagora,BG344,2021-18,194.003752441001,Epidemic intelligence subnational data
Bulgaria,Stara Zagora,BG344,2021-19,157.628048858313,Epidemic intelligence subnational data
Bulgaria,Stara Zagora,BG344,2021-20,82.6430458589133,Epidemic intelligence subnational data
Bulgaria,Stara Zagora,BG344,2021-21,56.4780660889099,Epidemic intelligence subnational data
Bulgaria,Stara Zagora,BG344,2021-22,52.0108744208605,Epidemic intelligence subnational data
Bulgaria,Stara Zagora,BG344,2021-23,33.1848523912239,Epidemic intelligence subnational data
Bulgaria,Stara Zagora,BG344,2021-24,18.5069369104902,Epidemic intelligence subnational data
Bulgaria,Stara Zagora,BG344,2021-25,12.444319646709,Epidemic intelligence subnational data
Bulgaria,Stara Zagora,BG344,2021-26,14.0397452424409,Epidemic intelligence subnational data
Bulgaria,Stara Zagora,BG344,2021-27,18.8260220296366,Epidemic intelligence subnational data
Bulgaria,Stara Zagora,BG344,2021-28,17.8687666721975,Epidemic intelligence subnational data
Bulgaria,Stara Zagora,BG344,2021-29,18.8260220296366,Epidemic intelligence subnational data
Bulgaria,Stara Zagora,BG344,2021-30,36.6947887018341,Epidemic intelligence subnational data
Bulgaria,Stara Zagora,BG344,2021-31,68.6033006164725,Epidemic intelligence subnational data
Bulgaria,Stara Zagora,BG344,2021-32,122.847770871358,Epidemic intelligence subnational data
Bulgaria,Stara Zagora,BG344,2021-33,207.405327445149,Epidemic intelligence subnational data
Bulgaria,Stara Zagora,BG344,2021-34,290.367458423209,Epidemic intelligence subnational data
Bulgaria,Stara Zagora,BG344,2021-35,284.304841159428,Epidemic intelligence subnational data
Bulgaria,Stara Zagora,BG344,2021-36,284.304841159428,Epidemic intelligence subnational data
Bulgaria,Stara Zagora,BG344,2021-37,336.953885818581,Epidemic intelligence subnational data
Bulgaria,Stara Zagora,BG344,2021-38,333.763034627117,Epidemic intelligence subnational data
Bulgaria,Stara Zagora,BG344,2021-39,358.651673920535,Epidemic intelligence subnational data
Bulgaria,Stara Zagora,BG344,2021-40,456.610805498475,Epidemic intelligence subnational data
Bulgaria,Stara Zagora,BG344,2021-41,602.432704948372,Epidemic intelligence subnational data
Bulgaria,Stara Zagora,BG344,2021-42,777.929520478883,Epidemic intelligence subnational data
Bulgaria,Stara Zagora,BG344,2021-43,915.774291950121,Epidemic intelligence subnational data
Bulgaria,Stara Zagora,BG344,2021-44,895.671929443898,Epidemic intelligence subnational data
Bulgaria,Stara Zagora,BG344,2021-45,718.898773436802,Epidemic intelligence subnational data
Bulgaria,Stara Zagora,BG344,2021-46,556.803532910439,Epidemic intelligence subnational data
Bulgaria,Stara Zagora,BG344,2021-47,478.627678719575,Epidemic intelligence subnational data
Bulgaria,Stara Zagora,BG344,2021-48,430.764910847618,Epidemic intelligence subnational data
Bulgaria,Stara Zagora,BG344,2021-49,372.37233404383,Epidemic intelligence subnational data
Bulgaria,Stara Zagora,BG344,2021-50,316.532438193212,Epidemic intelligence subnational data
Bulgaria,Stara Zagora,BG344,2021-51,269.307840559548,Epidemic intelligence subnational data
Bulgaria,Stara Zagora,BG344,2021-52,286.219351874306,Epidemic intelligence subnational data
Bulgaria,Stara Zagora,BG344,2022-01,595.731917446298,Epidemic intelligence subnational data
Bulgaria,Stara Zagora,BG344,2022-02,1063.82978723404,Epidemic intelligence subnational data
Bulgaria,Stara Zagora,BG344,2022-03,1632.75855467204,Epidemic intelligence subnational data
Bulgaria,Stara Zagora,BG344,2022-04,2082.98765778759,Epidemic intelligence subnational data
Bulgaria,Sofia,BG412X,2020-14,,Epidemic intelligence subnational data
Bulgaria,Sofia,BG412X,2020-15,19.2658305724328,Epidemic intelligence subnational data
Bulgaria,Sofia,BG412X,2020-16,15.2842255874633,Epidemic intelligence subnational data
Bulgaria,Sofia,BG412X,2020-17,14.6420312350489,Epidemic intelligence subnational data
Bulgaria,Sofia,BG412X,2020-18,12.7796676130471,Epidemic intelligence subnational data
Bulgaria,Sofia,BG412X,2020-19,9.69713472145783,Epidemic intelligence subnational data
Bulgaria,Sofia,BG412X,2020-20,12.5870093073228,Epidemic intelligence subnational data
Bulgaria,Sofia,BG412X,2020-21,11.3668400377353,Epidemic intelligence subnational data
Bulgaria,Sofia,BG412X,2020-22,6.87147957083436,Epidemic intelligence subnational data
Bulgaria,Sofia,BG412X,2020-23,0.770633222897311,Epidemic intelligence subnational data
Bulgaria,Sofia,BG412X,2020-24,6.16506578317849,Epidemic intelligence subnational data
Bulgaria,Sofia,BG412X,2020-25,17.0181503389823,Epidemic intelligence subnational data
Bulgaria,Sofia,BG412X,2020-26,22.926338381195,Epidemic intelligence subnational data
Bulgaria,Sofia,BG412X,2020-28,80.5953912280105,Epidemic intelligence subnational data
Bulgaria,Sofia,BG412X,2020-29,102.044682598652,Epidemic intelligence subnational data
Bulgaria,Sofia,BG412X,2020-30,61.2653412203362,Epidemic intelligence subnational data
Bulgaria,Sofia,BG412X,2020-31,42.3206078241107,Epidemic intelligence subnational data
Bulgaria,Sofia,BG412X,2020-32,34.8069339008619,Epidemic intelligence subnational data
Bulgaria,Sofia,BG412X,2020-33,28.8987458586492,Epidemic intelligence subnational data
Bulgaria,Sofia,BG412X,2020-34,19.9080249248472,Epidemic intelligence subnational data
Bulgaria,Sofia,BG412X,2020-35,18.1098807380868,Epidemic intelligence subnational data
Bulgaria,Sofia,BG412X,2020-36,20.8070970182274,Epidemic intelligence subnational data
Bulgaria,Sofia,BG412X,2020-37,23.8254104745752,Epidemic intelligence subnational data
Bulgaria,Sofia,BG412X,2020-38,22.4768023345049,Epidemic intelligence subnational data
Bulgaria,Sofia,BG412X,2020-39,31.2106455273411,Epidemic intelligence subnational data
Bulgaria,Sofia,BG412X,2020-40,92.0264507009872,Epidemic intelligence subnational data
Bulgaria,Sofia,BG412X,2020-41,142.759804541727,Epidemic intelligence subnational data
Bulgaria,Sofia,BG412X,2020-42,204.667340114478,Epidemic intelligence subnational data
Bulgaria,Sofia,BG412X,2020-43,416.848354152204,Epidemic intelligence subnational data
Bulgaria,Sofia,BG412X,2020-44,656.643725343751,Epidemic intelligence subnational data
Bulgaria,Sofia,BG412X,2020-45,948.264180775141,Epidemic intelligence subnational data
Bulgaria,Sofia,BG412X,2020-46,1052.74920191297,Epidemic intelligence subnational data
Bulgaria,Sofia,BG412X,2020-47,911.915980428485,Epidemic intelligence subnational data
Bulgaria,Sofia,BG412X,2020-48,758.816846812886,Epidemic intelligence subnational data
Bulgaria,Sofia,BG412X,2020-49,596.53433395776,Epidemic intelligence subnational data
Bulgaria,Sofia,BG412X,2020-50,502.902397375737,Epidemic intelligence subnational data
Bulgaria,Sofia,BG412X,2020-51,363.225125725599,Epidemic intelligence subnational data
Bulgaria,Sofia,BG412X,2020-52,211.603039120553,Epidemic intelligence subnational data
Bulgaria,Sofia,BG412X,2020-53,163.310023818989,Epidemic intelligence subnational data
Bulgaria,Sofia,BG412X,2021-01,158.108249564432,Epidemic intelligence subnational data
Bulgaria,Sofia,BG412X,2021-02,127.218701213298,Epidemic intelligence subnational data
Bulgaria,Sofia,BG412X,2021-03,105.319873795966,Epidemic intelligence subnational data
Bulgaria,Sofia,BG412X,2021-04,124.521484933157,Epidemic intelligence subnational data
Bulgaria,Sofia,BG412X,2021-05,163.37424325423,Epidemic intelligence subnational data
Bulgaria,Sofia,BG412X,2021-06,202.804976492476,Epidemic intelligence subnational data
Bulgaria,Sofia,BG412X,2021-07,263.685001101363,Epidemic intelligence subnational data
Bulgaria,Sofia,BG412X,2021-08,368.17002223919,Epidemic intelligence subnational data
Bulgaria,Sofia,BG412X,2021-09,492.049312819933,Epidemic intelligence subnational data
Bulgaria,Sofia,BG412X,2021-10,662.744571691688,Epidemic intelligence subnational data
Bulgaria,Sofia,BG412X,2021-11,889.310739223497,Epidemic intelligence subnational data
Bulgaria,Sofia,BG412X,2021-12,1005.48369757527,Epidemic intelligence subnational data
Bulgaria,Sofia,BG412X,2021-13,954.750343734527,Epidemic intelligence subnational data
Bulgaria,Sofia,BG412X,2021-14,773.394658612693,Epidemic intelligence subnational data
Bulgaria,Sofia,BG412X,2021-15,565.259468995178,Epidemic intelligence subnational data
Bulgaria,Sofia,BG412X,2021-16,416.270379235031,Epidemic intelligence subnational data
Bulgaria,Sofia,BG412X,2021-17,281.473784663243,Epidemic intelligence subnational data
Bulgaria,Sofia,BG412X,2021-18,187.520750905012,Epidemic intelligence subnational data
Bulgaria,Sofia,BG412X,2021-19,130.108575799163,Epidemic intelligence subnational data
Bulgaria,Sofia,BG412X,2021-20,76.2284696315924,Epidemic intelligence subnational data
Bulgaria,Sofia,BG412X,2021-21,51.8250842398442,Epidemic intelligence subnational data
Bulgaria,Sofia,BG412X,2021-22,44.7609463632855,Epidemic intelligence subnational data
Bulgaria,Sofia,BG412X,2021-23,31.6601815740312,Epidemic intelligence subnational data
Bulgaria,Sofia,BG412X,2021-24,27.5501377185789,Epidemic intelligence subnational data
Bulgaria,Sofia,BG412X,2021-25,24.5318242622311,Epidemic intelligence subnational data
Bulgaria,Sofia,BG412X,2021-26,26.843723930923,Epidemic intelligence subnational data
Bulgaria,Sofia,BG412X,2021-27,23.8896299098167,Epidemic intelligence subnational data
Bulgaria,Sofia,BG412X,2021-28,20.0364637953301,Epidemic intelligence subnational data
Bulgaria,Sofia,BG412X,2021-29,26.9721628014059,Epidemic intelligence subnational data
Bulgaria,Sofia,BG412X,2021-30,43.669215964181,Epidemic intelligence subnational data
Bulgaria,Sofia,BG412X,2021-31,82.1366576738051,Epidemic intelligence subnational data
Bulgaria,Sofia,BG412X,2021-32,146.998287267662,Epidemic intelligence subnational data
Bulgaria,Sofia,BG412X,2021-33,215.070888623591,Epidemic intelligence subnational data
Bulgaria,Sofia,BG412X,2021-34,243.776976176516,Epidemic intelligence subnational data
Bulgaria,Sofia,BG412X,2021-35,223.997390122152,Epidemic intelligence subnational data
Bulgaria,Sofia,BG412X,2021-36,243.327440129826,Epidemic intelligence subnational data
Bulgaria,Sofia,BG412X,2021-37,300.418518059469,Epidemic intelligence subnational data
Bulgaria,Sofia,BG412X,2021-38,327.262241990392,Epidemic intelligence subnational data
Bulgaria,Sofia,BG412X,2021-39,414.985990530202,Epidemic intelligence subnational data
Bulgaria,Sofia,BG412X,2021-40,530.002999047626,Epidemic intelligence subnational data
Bulgaria,Sofia,BG412X,2021-41,726.899787497889,Epidemic intelligence subnational data
Bulgaria,Sofia,BG412X,2021-42,1085.05157783941,Epidemic intelligence subnational data
Bulgaria,Sofia,BG412X,2021-43,1303.39765766032,Epidemic intelligence subnational data
Bulgaria,Sofia,BG412X,2021-44,1194.7383732318,Epidemic intelligence subnational data
Bulgaria,Sofia,BG412X,2021-45,906.457328432962,Epidemic intelligence subnational data
Bulgaria,Sofia,BG412X,2021-46,690.551587151232,Epidemic intelligence subnational data
Bulgaria,Sofia,BG412X,2021-47,601.736108212317,Epidemic intelligence subnational data
Bulgaria,Sofia,BG412X,2021-48,523.131519476791,Epidemic intelligence subnational data
Bulgaria,Sofia,BG412X,2021-49,426.352830567937,Epidemic intelligence subnational data
Bulgaria,Sofia,BG412X,2021-50,372.793821576574,Epidemic intelligence subnational data
Bulgaria,Sofia,BG412X,2021-51,376.197451644371,Epidemic intelligence subnational data
Bulgaria,Sofia,BG412X,2021-52,516.516917646923,Epidemic intelligence subnational data
Bulgaria,Sofia,BG412X,2022-01,1151.32603500858,Epidemic intelligence subnational data
Bulgaria,Sofia,BG412X,2022-02,1814.32748444124,Epidemic intelligence subnational data
Bulgaria,Sofia,BG412X,2022-03,2272.98269093562,Epidemic intelligence subnational data
Bulgaria,Sofia,BG412X,2022-04,2406.17379962637,Epidemic intelligence subnational data
Bulgaria,Blagoevgrad,BG413,2020-13,,Epidemic intelligence subnational data
Bulgaria,Blagoevgrad,BG413,2020-14,-17.1790653266996,Epidemic intelligence subnational data
Bulgaria,Blagoevgrad,BG413,2020-15,4.95549961347103,Epidemic intelligence subnational data
Bulgaria,Blagoevgrad,BG413,2020-16,1.32146656359228,Epidemic intelligence subnational data
Bulgaria,Blagoevgrad,BG413,2020-17,7.92879938155365,Epidemic intelligence subnational data
Bulgaria,Blagoevgrad,BG413,2020-18,13.8753989177189,Epidemic intelligence subnational data
Bulgaria,Blagoevgrad,BG413,2020-19,14.8664988404131,Epidemic intelligence subnational data
Bulgaria,Blagoevgrad,BG413,2020-20,9.91099922694206,Epidemic intelligence subnational data
Bulgaria,Blagoevgrad,BG413,2020-21,13.2146656359228,Epidemic intelligence subnational data
Bulgaria,Blagoevgrad,BG413,2020-22,12.5539323541266,Epidemic intelligence subnational data
Bulgaria,Blagoevgrad,BG413,2020-23,6.27696617706331,Epidemic intelligence subnational data
Bulgaria,Blagoevgrad,BG413,2020-24,6.60733281796137,Epidemic intelligence subnational data
Bulgaria,Blagoevgrad,BG413,2020-25,7.92879938155365,Epidemic intelligence subnational data
Bulgaria,Blagoevgrad,BG413,2020-26,11.8931990723305,Epidemic intelligence subnational data
Bulgaria,Blagoevgrad,BG413,2020-28,53.1890291845891,Epidemic intelligence subnational data
Bulgaria,Blagoevgrad,BG413,2020-29,74.9932274838616,Epidemic intelligence subnational data
Bulgaria,Blagoevgrad,BG413,2020-30,92.8330260923573,Epidemic intelligence subnational data
Bulgaria,Blagoevgrad,BG413,2020-31,113.315757828038,Epidemic intelligence subnational data
Bulgaria,Blagoevgrad,BG413,2020-32,123.557123695878,Epidemic intelligence subnational data
Bulgaria,Blagoevgrad,BG413,2020-33,121.905290491387,Epidemic intelligence subnational data
Bulgaria,Blagoevgrad,BG413,2020-34,89.1989930424786,Epidemic intelligence subnational data
Bulgaria,Blagoevgrad,BG413,2020-35,74.9932274838616,Epidemic intelligence subnational data
Bulgaria,Blagoevgrad,BG413,2020-36,89.1989930424786,Epidemic intelligence subnational data
Bulgaria,Blagoevgrad,BG413,2020-37,109.351358137261,Epidemic intelligence subnational data
Bulgaria,Blagoevgrad,BG413,2020-38,90.5204596060708,Epidemic intelligence subnational data
Bulgaria,Blagoevgrad,BG413,2020-39,107.69952493277,Epidemic intelligence subnational data
Bulgaria,Blagoevgrad,BG413,2020-40,114.967591032528,Epidemic intelligence subnational data
Bulgaria,Blagoevgrad,BG413,2020-41,154.281221299398,Epidemic intelligence subnational data
Bulgaria,Blagoevgrad,BG413,2020-42,230.265548705954,Epidemic intelligence subnational data
Bulgaria,Blagoevgrad,BG413,2020-43,305.919509471612,Epidemic intelligence subnational data
Bulgaria,Blagoevgrad,BG413,2020-44,406.350968304625,Epidemic intelligence subnational data
Bulgaria,Blagoevgrad,BG413,2020-45,588.38298743946,Epidemic intelligence subnational data
Bulgaria,Blagoevgrad,BG413,2020-46,737.708709125387,Epidemic intelligence subnational data
Bulgaria,Blagoevgrad,BG413,2020-47,708.636444726357,Epidemic intelligence subnational data
Bulgaria,Blagoevgrad,BG413,2020-48,590.365187284849,Epidemic intelligence subnational data
Bulgaria,Blagoevgrad,BG413,2020-49,537.506524741158,Epidemic intelligence subnational data
Bulgaria,Blagoevgrad,BG413,2020-50,490.264095092734,Epidemic intelligence subnational data
Bulgaria,Blagoevgrad,BG413,2020-51,347.545706224768,Epidemic intelligence subnational data
Bulgaria,Blagoevgrad,BG413,2020-52,199.541451102434,Epidemic intelligence subnational data
Bulgaria,Blagoevgrad,BG413,2020-53,120.253457286897,Epidemic intelligence subnational data
Bulgaria,Blagoevgrad,BG413,2021-01,124.87859025947,Epidemic intelligence subnational data
Bulgaria,Blagoevgrad,BG413,2021-02,115.297957673426,Epidemic intelligence subnational data
Bulgaria,Blagoevgrad,BG413,2021-03,79.9487270973326,Epidemic intelligence subnational data
Bulgaria,Blagoevgrad,BG413,2021-04,88.8686264015805,Epidemic intelligence subnational data
Bulgaria,Blagoevgrad,BG413,2021-05,149.325721685927,Epidemic intelligence subnational data
Bulgaria,Blagoevgrad,BG413,2021-06,175.094319675976,Epidemic intelligence subnational data
Bulgaria,Blagoevgrad,BG413,2021-07,189.630451875491,Epidemic intelligence subnational data
Bulgaria,Blagoevgrad,BG413,2021-08,258.34671318229,Epidemic intelligence subnational data
Bulgaria,Blagoevgrad,BG413,2021-09,319.464541748432,Epidemic intelligence subnational data
Bulgaria,Blagoevgrad,BG413,2021-10,401.725835332052,Epidemic intelligence subnational data
Bulgaria,Blagoevgrad,BG413,2021-11,553.364123504265,Epidemic intelligence subnational data
Bulgaria,Blagoevgrad,BG413,2021-12,611.178285661427,Epidemic intelligence subnational data
Bulgaria,Blagoevgrad,BG413,2021-13,586.73115423497,Epidemic intelligence subnational data
Bulgaria,Blagoevgrad,BG413,2021-14,494.228494783511,Epidemic intelligence subnational data
Bulgaria,Blagoevgrad,BG413,2021-15,359.438905297099,Epidemic intelligence subnational data
Bulgaria,Blagoevgrad,BG413,2021-16,275.525778508989,Epidemic intelligence subnational data
Bulgaria,Blagoevgrad,BG413,2021-17,200.20218438423,Epidemic intelligence subnational data
Bulgaria,Blagoevgrad,BG413,2021-18,157.915254349277,Epidemic intelligence subnational data
Bulgaria,Blagoevgrad,BG413,2021-19,137.102155972699,Epidemic intelligence subnational data
Bulgaria,Blagoevgrad,BG413,2021-20,90.8508262469689,Epidemic intelligence subnational data
Bulgaria,Blagoevgrad,BG413,2021-21,67.0644281023079,Epidemic intelligence subnational data
Bulgaria,Blagoevgrad,BG413,2021-22,57.1534288753659,Epidemic intelligence subnational data
Bulgaria,Blagoevgrad,BG413,2021-23,39.9743635486663,Epidemic intelligence subnational data
Bulgaria,Blagoevgrad,BG413,2021-24,31.3848308853165,Epidemic intelligence subnational data
Bulgaria,Blagoevgrad,BG413,2021-25,19.8219984538841,Epidemic intelligence subnational data
Bulgaria,Blagoevgrad,BG413,2021-26,11.8931990723305,Epidemic intelligence subnational data
Bulgaria,Blagoevgrad,BG413,2021-27,10.9020991496363,Epidemic intelligence subnational data
Bulgaria,Blagoevgrad,BG413,2021-28,16.8486986858015,Epidemic intelligence subnational data
Bulgaria,Blagoevgrad,BG413,2021-29,21.1434650174764,Epidemic intelligence subnational data
Bulgaria,Blagoevgrad,BG413,2021-30,30.3937309626223,Epidemic intelligence subnational data
Bulgaria,Blagoevgrad,BG413,2021-31,50.5460960574045,Epidemic intelligence subnational data
Bulgaria,Blagoevgrad,BG413,2021-32,82.2612935836191,Epidemic intelligence subnational data
Bulgaria,Blagoevgrad,BG413,2021-33,133.46812292282,Epidemic intelligence subnational data
Bulgaria,Blagoevgrad,BG413,2021-34,226.301149015177,Epidemic intelligence subnational data
Bulgaria,Blagoevgrad,BG413,2021-35,279.490178199766,Epidemic intelligence subnational data
Bulgaria,Blagoevgrad,BG413,2021-36,318.803808466636,Epidemic intelligence subnational data
Bulgaria,Blagoevgrad,BG413,2021-37,390.493369541517,Epidemic intelligence subnational data
Bulgaria,Blagoevgrad,BG413,2021-38,395.448869154988,Epidemic intelligence subnational data
Bulgaria,Blagoevgrad,BG413,2021-39,414.610134327076,Epidemic intelligence subnational data
Bulgaria,Blagoevgrad,BG413,2021-40,460.531097411908,Epidemic intelligence subnational data
Bulgaria,Blagoevgrad,BG413,2021-41,504.139494010453,Epidemic intelligence subnational data
Bulgaria,Blagoevgrad,BG413,2021-42,661.394015077934,Epidemic intelligence subnational data
Bulgaria,Blagoevgrad,BG413,2021-43,874.480498457188,Epidemic intelligence subnational data
Bulgaria,Blagoevgrad,BG413,2021-44,969.95645767673,Epidemic intelligence subnational data
Bulgaria,Blagoevgrad,BG413,2021-45,838.1401679584,Epidemic intelligence subnational data
Bulgaria,Blagoevgrad,BG413,2021-46,629.348450910821,Epidemic intelligence subnational data
Bulgaria,Blagoevgrad,BG413,2021-47,518.675626209968,Epidemic intelligence subnational data
Bulgaria,Blagoevgrad,BG413,2021-48,425.512233476713,Epidemic intelligence subnational data
Bulgaria,Blagoevgrad,BG413,2021-49,330.366640898069,Epidemic intelligence subnational data
Bulgaria,Blagoevgrad,BG413,2021-50,254.712680132411,Epidemic intelligence subnational data
Bulgaria,Blagoevgrad,BG413,2021-51,221.345649401706,Epidemic intelligence subnational data
Bulgaria,Blagoevgrad,BG413,2021-52,354.483405683628,Epidemic intelligence subnational data
Bulgaria,Blagoevgrad,BG413,2022-01,1165.20314244749,Epidemic intelligence subnational data
Bulgaria,Blagoevgrad,BG413,2022-02,2176.78579687738,Epidemic intelligence subnational data
Bulgaria,Blagoevgrad,BG413,2022-03,2510.12573754353,Epidemic intelligence subnational data
Bulgaria,Blagoevgrad,BG413,2022-04,2055.21087302689,Epidemic intelligence subnational data
Bulgaria,Pernik,BG414,2020-14,,Epidemic intelligence subnational data
Bulgaria,Pernik,BG414,2020-15,0,Epidemic intelligence subnational data
Bulgaria,Pernik,BG414,2020-16,0,Epidemic intelligence subnational data
Bulgaria,Pernik,BG414,2020-17,2.51698968034231,Epidemic intelligence subnational data
Bulgaria,Pernik,BG414,2020-18,9.22896216125514,Epidemic intelligence subnational data
Bulgaria,Pernik,BG414,2020-19,10.0679587213692,Epidemic intelligence subnational data
Bulgaria,Pernik,BG414,2020-20,6.71197248091283,Epidemic intelligence subnational data
Bulgaria,Pernik,BG414,2020-21,3.35598624045641,Epidemic intelligence subnational data
Bulgaria,Pernik,BG414,2020-22,0.838996560114104,Epidemic intelligence subnational data
Bulgaria,Pernik,BG414,2020-23,13.4239449618257,Epidemic intelligence subnational data
Bulgaria,Pernik,BG414,2020-24,13.4239449618257,Epidemic intelligence subnational data
Bulgaria,Pernik,BG414,2020-25,6.71197248091283,Epidemic intelligence subnational data
Bulgaria,Pernik,BG414,2020-26,12.5849484017116,Epidemic intelligence subnational data
Bulgaria,Pernik,BG414,2020-28,27.6868864837654,Epidemic intelligence subnational data
Bulgaria,Pernik,BG414,2020-29,36.0768520849065,Epidemic intelligence subnational data
Bulgaria,Pernik,BG414,2020-30,35.2378555247924,Epidemic intelligence subnational data
Bulgaria,Pernik,BG414,2020-31,34.3988589646783,Epidemic intelligence subnational data
Bulgaria,Pernik,BG414,2020-32,36.0768520849065,Epidemic intelligence subnational data
Bulgaria,Pernik,BG414,2020-33,28.5258830438795,Epidemic intelligence subnational data
Bulgaria,Pernik,BG414,2020-34,17.6189277623962,Epidemic intelligence subnational data
Bulgaria,Pernik,BG414,2020-35,14.2629415219398,Epidemic intelligence subnational data
Bulgaria,Pernik,BG414,2020-36,8.38996560114104,Epidemic intelligence subnational data
Bulgaria,Pernik,BG414,2020-37,12.5849484017116,Epidemic intelligence subnational data
Bulgaria,Pernik,BG414,2020-38,12.5849484017116,Epidemic intelligence subnational data
Bulgaria,Pernik,BG414,2020-39,20.9749140028526,Epidemic intelligence subnational data
Bulgaria,Pernik,BG414,2020-40,34.3988589646783,Epidemic intelligence subnational data
Bulgaria,Pernik,BG414,2020-41,52.8567832871885,Epidemic intelligence subnational data
Bulgaria,Pernik,BG414,2020-42,99.0015940934642,Epidemic intelligence subnational data
Bulgaria,Pernik,BG414,2020-43,218.139105629667,Epidemic intelligence subnational data
Bulgaria,Pernik,BG414,2020-44,399.362362614313,Epidemic intelligence subnational data
Bulgaria,Pernik,BG414,2020-45,625.052437285007,Epidemic intelligence subnational data
Bulgaria,Pernik,BG414,2020-46,718.181055457673,Epidemic intelligence subnational data
Bulgaria,Pernik,BG414,2020-47,750.901921302123,Epidemic intelligence subnational data
Bulgaria,Pernik,BG414,2020-48,743.350952261096,Epidemic intelligence subnational data
Bulgaria,Pernik,BG414,2020-49,604.077523282155,Epidemic intelligence subnational data
Bulgaria,Pernik,BG414,2020-50,563.805688396678,Epidemic intelligence subnational data
Bulgaria,Pernik,BG414,2020-51,479.906032385267,Epidemic intelligence subnational data
Bulgaria,Pernik,BG414,2020-52,293.648796039936,Epidemic intelligence subnational data
Bulgaria,Pernik,BG414,2020-53,228.207064351036,Epidemic intelligence subnational data
Bulgaria,Pernik,BG414,2021-01,218.978102189781,Epidemic intelligence subnational data
Bulgaria,Pernik,BG414,2021-02,150.180384260425,Epidemic intelligence subnational data
Bulgaria,Pernik,BG414,2021-03,98.1625975333501,Epidemic intelligence subnational data
Bulgaria,Pernik,BG414,2021-04,99.8405906535783,Epidemic intelligence subnational data
Bulgaria,Pernik,BG414,2021-05,135.078446178371,Epidemic intelligence subnational data
Bulgaria,Pernik,BG414,2021-06,179.545263864418,Epidemic intelligence subnational data
Bulgaria,Pernik,BG414,2021-07,241.631009312862,Epidemic intelligence subnational data
Bulgaria,Pernik,BG414,2021-08,315.462706602903,Epidemic intelligence subnational data
Bulgaria,Pernik,BG414,2021-09,397.684369494085,Epidemic intelligence subnational data
Bulgaria,Pernik,BG414,2021-10,525.211846631429,Epidemic intelligence subnational data
Bulgaria,Pernik,BG414,2021-11,717.342058897559,Epidemic intelligence subnational data
Bulgaria,Pernik,BG414,2021-12,891.014346841178,Epidemic intelligence subnational data
Bulgaria,Pernik,BG414,2021-13,832.284587633191,Epidemic intelligence subnational data
Bulgaria,Pernik,BG414,2021-14,688.816175853679,Epidemic intelligence subnational data
Bulgaria,Pernik,BG414,2021-15,541.991777833711,Epidemic intelligence subnational data
Bulgaria,Pernik,BG414,2021-16,397.684369494085,Epidemic intelligence subnational data
Bulgaria,Pernik,BG414,2021-17,332.242637805185,Epidemic intelligence subnational data
Bulgaria,Pernik,BG414,2021-18,206.39315378807,Epidemic intelligence subnational data
Bulgaria,Pernik,BG414,2021-19,131.722459937914,Epidemic intelligence subnational data
Bulgaria,Pernik,BG414,2021-20,91.4506250524373,Epidemic intelligence subnational data
Bulgaria,Pernik,BG414,2021-21,42.7888245658193,Epidemic intelligence subnational data
Bulgaria,Pernik,BG414,2021-22,36.0768520849065,Epidemic intelligence subnational data
Bulgaria,Pernik,BG414,2021-23,26.0088933635372,Epidemic intelligence subnational data
Bulgaria,Pernik,BG414,2021-24,21.8139105629667,Epidemic intelligence subnational data
Bulgaria,Pernik,BG414,2021-25,15.1019380820539,Epidemic intelligence subnational data
Bulgaria,Pernik,BG414,2021-26,10.9069552814834,Epidemic intelligence subnational data
Bulgaria,Pernik,BG414,2021-27,10.9069552814834,Epidemic intelligence subnational data
Bulgaria,Pernik,BG414,2021-28,8.38996560114104,Epidemic intelligence subnational data
Bulgaria,Pernik,BG414,2021-29,15.940934642168,Epidemic intelligence subnational data
Bulgaria,Pernik,BG414,2021-30,28.5258830438795,Epidemic intelligence subnational data
Bulgaria,Pernik,BG414,2021-31,62.0857454484437,Epidemic intelligence subnational data
Bulgaria,Pernik,BG414,2021-32,116.62052185586,Epidemic intelligence subnational data
Bulgaria,Pernik,BG414,2021-33,180.384260424532,Epidemic intelligence subnational data
Bulgaria,Pernik,BG414,2021-34,242.470005872976,Epidemic intelligence subnational data
Bulgaria,Pernik,BG414,2021-35,234.080040271835,Epidemic intelligence subnational data
Bulgaria,Pernik,BG414,2021-36,221.495091870123,Epidemic intelligence subnational data
Bulgaria,Pernik,BG414,2021-37,269.317895796627,Epidemic intelligence subnational data
Bulgaria,Pernik,BG414,2021-38,354.895544928266,Epidemic intelligence subnational data
Bulgaria,Pernik,BG414,2021-39,508.431915429147,Epidemic intelligence subnational data
Bulgaria,Pernik,BG414,2021-40,719.020052017787,Epidemic intelligence subnational data
Bulgaria,Pernik,BG414,2021-41,906.116284923232,Epidemic intelligence subnational data
Bulgaria,Pernik,BG414,2021-42,1125.09438711301,Epidemic intelligence subnational data
Bulgaria,Pernik,BG414,2021-43,1233.32494336773,Epidemic intelligence subnational data
Bulgaria,Pernik,BG414,2021-44,1117.54341807199,Epidemic intelligence subnational data
Bulgaria,Pernik,BG414,2021-45,940.51514388791,Epidemic intelligence subnational data
Bulgaria,Pernik,BG414,2021-46,804.597701149425,Epidemic intelligence subnational data
Bulgaria,Pernik,BG414,2021-47,719.020052017787,Epidemic intelligence subnational data
Bulgaria,Pernik,BG414,2021-48,584.78060239953,Epidemic intelligence subnational data
Bulgaria,Pernik,BG414,2021-49,429.566238778421,Epidemic intelligence subnational data
Bulgaria,Pernik,BG414,2021-50,364.963503649635,Epidemic intelligence subnational data
Bulgaria,Pernik,BG414,2021-51,380.904438291803,Epidemic intelligence subnational data
Bulgaria,Pernik,BG414,2021-52,513.465894789831,Epidemic intelligence subnational data
Bulgaria,Pernik,BG414,2022-01,969.880023491904,Epidemic intelligence subnational data
Bulgaria,Pernik,BG414,2022-02,1499.2868529239,Epidemic intelligence subnational data
Bulgaria,Pernik,BG414,2022-03,1899.48821209833,Epidemic intelligence subnational data
Bulgaria,Pernik,BG414,2022-04,1948.15001258495,Epidemic intelligence subnational data
Bulgaria,Kyustendil,BG415,2020-15,,Epidemic intelligence subnational data
Bulgaria,Kyustendil,BG415,2020-16,13.6851558824787,Epidemic intelligence subnational data
Bulgaria,Kyustendil,BG415,2020-17,37.6341786768165,Epidemic intelligence subnational data
Bulgaria,Kyustendil,BG415,2020-18,46.1874011033657,Epidemic intelligence subnational data
Bulgaria,Kyustendil,BG415,2020-19,17.9617670957533,Epidemic intelligence subnational data
Bulgaria,Kyustendil,BG415,2020-20,11.119189154514,Epidemic intelligence subnational data
Bulgaria,Kyustendil,BG415,2020-21,6.84257794123936,Epidemic intelligence subnational data
Bulgaria,Kyustendil,BG415,2020-22,1.71064448530984,Epidemic intelligence subnational data
Bulgaria,Kyustendil,BG415,2020-23,2.56596672796476,Epidemic intelligence subnational data
Bulgaria,Kyustendil,BG415,2020-24,21.383056066373,Epidemic intelligence subnational data
Bulgaria,Kyustendil,BG415,2020-25,66.7151349270838,Epidemic intelligence subnational data
Bulgaria,Kyustendil,BG415,2020-26,109.48124705983,Epidemic intelligence subnational data
Bulgaria,Kyustendil,BG415,2020-28,168.498481803019,Epidemic intelligence subnational data
Bulgaria,Kyustendil,BG415,2020-29,153.102681435231,Epidemic intelligence subnational data
Bulgaria,Kyustendil,BG415,2020-30,88.0981909934568,Epidemic intelligence subnational data
Bulgaria,Kyustendil,BG415,2020-31,72.7023906256682,Epidemic intelligence subnational data
Bulgaria,Kyustendil,BG415,2020-32,42.766112132746,Epidemic intelligence subnational data
Bulgaria,Kyustendil,BG415,2020-33,21.383056066373,Epidemic intelligence subnational data
Bulgaria,Kyustendil,BG415,2020-34,23.0937005516829,Epidemic intelligence subnational data
Bulgaria,Kyustendil,BG415,2020-35,25.6596672796476,Epidemic intelligence subnational data
Bulgaria,Kyustendil,BG415,2020-36,19.6724115810632,Epidemic intelligence subnational data
Bulgaria,Kyustendil,BG415,2020-37,12.8298336398238,Epidemic intelligence subnational data
Bulgaria,Kyustendil,BG415,2020-38,11.9745113971689,Epidemic intelligence subnational data
Bulgaria,Kyustendil,BG415,2020-39,19.6724115810632,Epidemic intelligence subnational data
Bulgaria,Kyustendil,BG415,2020-40,27.3703117649575,Epidemic intelligence subnational data
Bulgaria,Kyustendil,BG415,2020-41,33.3575674635419,Epidemic intelligence subnational data
Bulgaria,Kyustendil,BG415,2020-42,59.0172347431895,Epidemic intelligence subnational data
Bulgaria,Kyustendil,BG415,2020-43,155.668648163196,Epidemic intelligence subnational data
Bulgaria,Kyustendil,BG415,2020-44,283.111662318779,Epidemic intelligence subnational data
Bulgaria,Kyustendil,BG415,2020-45,588.461702946585,Epidemic intelligence subnational data
Bulgaria,Kyustendil,BG415,2020-46,982.765256810503,Epidemic intelligence subnational data
Bulgaria,Kyustendil,BG415,2020-47,1111.06359320874,Epidemic intelligence subnational data
Bulgaria,Kyustendil,BG415,2020-48,1032.37394688449,Epidemic intelligence subnational data
Bulgaria,Kyustendil,BG415,2020-49,869.007398537399,Epidemic intelligence subnational data
Bulgaria,Kyustendil,BG415,2020-50,658.598126844289,Epidemic intelligence subnational data
Bulgaria,Kyustendil,BG415,2020-51,438.780310481974,Epidemic intelligence subnational data
Bulgaria,Kyustendil,BG415,2020-52,242.911516913997,Epidemic intelligence subnational data
Bulgaria,Kyustendil,BG415,2020-53,177.907026472223,Epidemic intelligence subnational data
Bulgaria,Kyustendil,BG415,2021-01,183.038959928153,Epidemic intelligence subnational data
Bulgaria,Kyustendil,BG415,2021-02,148.826070221956,Epidemic intelligence subnational data
Bulgaria,Kyustendil,BG415,2021-03,171.919770773639,Epidemic intelligence subnational data
Bulgaria,Kyustendil,BG415,2021-04,242.056194671342,Epidemic intelligence subnational data
Bulgaria,Kyustendil,BG415,2021-05,359.235341915067,Epidemic intelligence subnational data
Bulgaria,Kyustendil,BG415,2021-06,418.252576658256,Epidemic intelligence subnational data
Bulgaria,Kyustendil,BG415,2021-07,448.188855151178,Epidemic intelligence subnational data
Bulgaria,Kyustendil,BG415,2021-08,536.287046144635,Epidemic intelligence subnational data
Bulgaria,Kyustendil,BG415,2021-09,538.8530128726,Epidemic intelligence subnational data
Bulgaria,Kyustendil,BG415,2021-10,608.134114527648,Epidemic intelligence subnational data
Bulgaria,Kyustendil,BG415,2021-11,731.300517469957,Epidemic intelligence subnational data
Bulgaria,Kyustendil,BG415,2021-12,702.21956121969,Epidemic intelligence subnational data
Bulgaria,Kyustendil,BG415,2021-13,608.134114527648,Epidemic intelligence subnational data
Bulgaria,Kyustendil,BG415,2021-14,530.299790446051,Epidemic intelligence subnational data
Bulgaria,Kyustendil,BG415,2021-15,419.107898900911,Epidemic intelligence subnational data
Bulgaria,Kyustendil,BG415,2021-16,313.903263054356,Epidemic intelligence subnational data
Bulgaria,Kyustendil,BG415,2021-17,218.96249411966,Epidemic intelligence subnational data
Bulgaria,Kyustendil,BG415,2021-18,165.0771928324,Epidemic intelligence subnational data
Bulgaria,Kyustendil,BG415,2021-19,131.719625368858,Epidemic intelligence subnational data
Bulgaria,Kyustendil,BG415,2021-20,80.4002908095625,Epidemic intelligence subnational data
Bulgaria,Kyustendil,BG415,2021-21,62.4385237138092,Epidemic intelligence subnational data
Bulgaria,Kyustendil,BG415,2021-22,40.2001454047813,Epidemic intelligence subnational data
Bulgaria,Kyustendil,BG415,2021-23,32.502245220887,Epidemic intelligence subnational data
Bulgaria,Kyustendil,BG415,2021-24,36.7788564341616,Epidemic intelligence subnational data
Bulgaria,Kyustendil,BG415,2021-25,25.6596672796476,Epidemic intelligence subnational data
Bulgaria,Kyustendil,BG415,2021-26,12.8298336398238,Epidemic intelligence subnational data
Bulgaria,Kyustendil,BG415,2021-27,5.98725569858444,Epidemic intelligence subnational data
Bulgaria,Kyustendil,BG415,2021-28,5.98725569858444,Epidemic intelligence subnational data
Bulgaria,Kyustendil,BG415,2021-29,5.98725569858444,Epidemic intelligence subnational data
Bulgaria,Kyustendil,BG415,2021-30,15.3958003677886,Epidemic intelligence subnational data
Bulgaria,Kyustendil,BG415,2021-31,29.9362784929222,Epidemic intelligence subnational data
Bulgaria,Kyustendil,BG415,2021-32,73.5577128683231,Epidemic intelligence subnational data
Bulgaria,Kyustendil,BG415,2021-33,133.430269854168,Epidemic intelligence subnational data
Bulgaria,Kyustendil,BG415,2021-34,178.762348714878,Epidemic intelligence subnational data
Bulgaria,Kyustendil,BG415,2021-35,227.515716546209,Epidemic intelligence subnational data
Bulgaria,Kyustendil,BG415,2021-36,266.860539708335,Epidemic intelligence subnational data
Bulgaria,Kyustendil,BG415,2021-37,352.392763973827,Epidemic intelligence subnational data
Bulgaria,Kyustendil,BG415,2021-38,398.580165077193,Epidemic intelligence subnational data
Bulgaria,Kyustendil,BG415,2021-39,429.37176581277,Epidemic intelligence subnational data
Bulgaria,Kyustendil,BG415,2021-40,570.499935850832,Epidemic intelligence subnational data
Bulgaria,Kyustendil,BG415,2021-41,724.457939528718,Epidemic intelligence subnational data
Bulgaria,Kyustendil,BG415,2021-42,916.905444126075,Epidemic intelligence subnational data
Bulgaria,Kyustendil,BG415,2021-43,1040.92716931104,Epidemic intelligence subnational data
Bulgaria,Kyustendil,BG415,2021-44,1059.74425864945,Epidemic intelligence subnational data
Bulgaria,Kyustendil,BG415,2021-45,941.709789163067,Epidemic intelligence subnational data
Bulgaria,Kyustendil,BG415,2021-46,696.232305521105,Epidemic intelligence subnational data
Bulgaria,Kyustendil,BG415,2021-47,496.086900739854,Epidemic intelligence subnational data
Bulgaria,Kyustendil,BG415,2021-48,381.473720224094,Epidemic intelligence subnational data
Bulgaria,Kyustendil,BG415,2021-49,319.89051875294,Epidemic intelligence subnational data
Bulgaria,Kyustendil,BG415,2021-50,256.596672796476,Epidemic intelligence subnational data
Bulgaria,Kyustendil,BG415,2021-51,248.898772612582,Epidemic intelligence subnational data
Bulgaria,Kyustendil,BG415,2021-52,361.801308643031,Epidemic intelligence subnational data
Bulgaria,Kyustendil,BG415,2022-01,738.998417653851,Epidemic intelligence subnational data
Bulgaria,Kyustendil,BG415,2022-02,1119.61681563529,Epidemic intelligence subnational data
Bulgaria,Kyustendil,BG415,2022-03,1484.83941324894,Epidemic intelligence subnational data
Bulgaria,Kyustendil,BG415,2022-04,1758.54253089852,Epidemic intelligence subnational data
Bulgaria,Plovdiv,BG421,2020-14,,Epidemic intelligence subnational data
Bulgaria,Plovdiv,BG421,2020-15,3.89921430831687,Epidemic intelligence subnational data
Bulgaria,Plovdiv,BG421,2020-16,1.19975824871288,Epidemic intelligence subnational data
Bulgaria,Plovdiv,BG421,2020-17,3.59927474613865,Epidemic intelligence subnational data
Bulgaria,Plovdiv,BG421,2020-18,6.14876102465353,Epidemic intelligence subnational data
Bulgaria,Plovdiv,BG421,2020-19,3.29933518396043,Epidemic intelligence subnational data
Bulgaria,Plovdiv,BG421,2020-20,1.94960715415844,Epidemic intelligence subnational data
Bulgaria,Plovdiv,BG421,2020-21,1.49969781089111,Epidemic intelligence subnational data
Bulgaria,Plovdiv,BG421,2020-22,0.149969781089111,Epidemic intelligence subnational data
Bulgaria,Plovdiv,BG421,2020-23,1.04978846762377,Epidemic intelligence subnational data
Bulgaria,Plovdiv,BG421,2020-24,2.69945605960399,Epidemic intelligence subnational data
Bulgaria,Plovdiv,BG421,2020-25,6.44870058683176,Epidemic intelligence subnational data
Bulgaria,Plovdiv,BG421,2020-26,12.4474918303962,Epidemic intelligence subnational data
Bulgaria,Plovdiv,BG421,2020-28,53.2392722866342,Epidemic intelligence subnational data
Bulgaria,Plovdiv,BG421,2020-29,68.3862201766344,Epidemic intelligence subnational data
Bulgaria,Plovdiv,BG421,2020-30,51.2896651324758,Epidemic intelligence subnational data
Bulgaria,Plovdiv,BG421,2020-31,43.0413271725747,Epidemic intelligence subnational data
Bulgaria,Plovdiv,BG421,2020-32,45.5908134510896,Epidemic intelligence subnational data
Bulgaria,Plovdiv,BG421,2020-33,46.3406623565352,Epidemic intelligence subnational data
Bulgaria,Plovdiv,BG421,2020-34,27.5944397203963,Epidemic intelligence subnational data
Bulgaria,Plovdiv,BG421,2020-35,22.3454973822775,Epidemic intelligence subnational data
Bulgaria,Plovdiv,BG421,2020-36,22.3454973822775,Epidemic intelligence subnational data
Bulgaria,Plovdiv,BG421,2020-37,20.6958297902973,Epidemic intelligence subnational data
Bulgaria,Plovdiv,BG421,2020-38,19.7960111037626,Epidemic intelligence subnational data
Bulgaria,Plovdiv,BG421,2020-39,27.4444699393072,Epidemic intelligence subnational data
Bulgaria,Plovdiv,BG421,2020-40,41.3916595805945,Epidemic intelligence subnational data
Bulgaria,Plovdiv,BG421,2020-41,78.8841048528721,Epidemic intelligence subnational data
Bulgaria,Plovdiv,BG421,2020-42,144.120959626635,Epidemic intelligence subnational data
Bulgaria,Plovdiv,BG421,2020-43,235.002646966636,Epidemic intelligence subnational data
Bulgaria,Plovdiv,BG421,2020-44,314.936540287132,Epidemic intelligence subnational data
Bulgaria,Plovdiv,BG421,2020-45,462.656774659906,Epidemic intelligence subnational data
Bulgaria,Plovdiv,BG421,2020-46,621.624742614363,Epidemic intelligence subnational data
Bulgaria,Plovdiv,BG421,2020-47,676.06377314971,Epidemic intelligence subnational data
Bulgaria,Plovdiv,BG421,2020-48,650.418940583473,Epidemic intelligence subnational data
Bulgaria,Plovdiv,BG421,2020-49,582.782569312284,Epidemic intelligence subnational data
Bulgaria,Plovdiv,BG421,2020-50,544.090365791293,Epidemic intelligence subnational data
Bulgaria,Plovdiv,BG421,2020-51,410.017381497628,Epidemic intelligence subnational data
Bulgaria,Plovdiv,BG421,2020-52,220.155638638814,Epidemic intelligence subnational data
Bulgaria,Plovdiv,BG421,2020-53,151.76941846218,Epidemic intelligence subnational data
Bulgaria,Plovdiv,BG421,2021-01,136.922410134358,Epidemic intelligence subnational data
Bulgaria,Plovdiv,BG421,2021-02,97.3303879268327,Epidemic intelligence subnational data
Bulgaria,Plovdiv,BG421,2021-03,80.5337724448524,Epidemic intelligence subnational data
Bulgaria,Plovdiv,BG421,2021-04,93.581143399605,Epidemic intelligence subnational data
Bulgaria,Plovdiv,BG421,2021-05,109.477940195051,Epidemic intelligence subnational data
Bulgaria,Plovdiv,BG421,2021-06,134.672863418021,Epidemic intelligence subnational data
Bulgaria,Plovdiv,BG421,2021-07,163.467061387131,Epidemic intelligence subnational data
Bulgaria,Plovdiv,BG421,2021-08,222.255215574062,Epidemic intelligence subnational data
Bulgaria,Plovdiv,BG421,2021-09,287.042161004558,Epidemic intelligence subnational data
Bulgaria,Plovdiv,BG421,2021-10,372.075026882083,Epidemic intelligence subnational data
Bulgaria,Plovdiv,BG421,2021-11,472.10487086852,Epidemic intelligence subnational data
Bulgaria,Plovdiv,BG421,2021-12,548.289519661788,Epidemic intelligence subnational data
Bulgaria,Plovdiv,BG421,2021-13,588.781360555848,Epidemic intelligence subnational data
Bulgaria,Plovdiv,BG421,2021-14,538.391514109907,Epidemic intelligence subnational data
Bulgaria,Plovdiv,BG421,2021-15,438.36167012347,Epidemic intelligence subnational data
Bulgaria,Plovdiv,BG421,2021-16,349.879499280895,Epidemic intelligence subnational data
Bulgaria,Plovdiv,BG421,2021-17,241.301377772379,Epidemic intelligence subnational data
Bulgaria,Plovdiv,BG421,2021-18,166.616426790002,Epidemic intelligence subnational data
Bulgaria,Plovdiv,BG421,2021-19,127.474313925744,Epidemic intelligence subnational data
Bulgaria,Plovdiv,BG421,2021-20,69.4360086442582,Epidemic intelligence subnational data
Bulgaria,Plovdiv,BG421,2021-21,52.7893629433669,Epidemic intelligence subnational data
Bulgaria,Plovdiv,BG421,2021-22,45.5908134510896,Epidemic intelligence subnational data
Bulgaria,Plovdiv,BG421,2021-23,27.7444095014855,Epidemic intelligence subnational data
Bulgaria,Plovdiv,BG421,2021-24,20.9957693524755,Epidemic intelligence subnational data
Bulgaria,Plovdiv,BG421,2021-25,14.2471292034655,Epidemic intelligence subnational data
Bulgaria,Plovdiv,BG421,2021-26,8.09836817881197,Epidemic intelligence subnational data
Bulgaria,Plovdiv,BG421,2021-27,8.69824730316841,Epidemic intelligence subnational data
Bulgaria,Plovdiv,BG421,2021-28,10.9477940195051,Epidemic intelligence subnational data
Bulgaria,Plovdiv,BG421,2021-29,16.3467061387131,Epidemic intelligence subnational data
Bulgaria,Plovdiv,BG421,2021-30,40.0419315507925,Epidemic intelligence subnational data
Bulgaria,Plovdiv,BG421,2021-31,87.5823521560406,Epidemic intelligence subnational data
Bulgaria,Plovdiv,BG421,2021-32,157.018360800299,Epidemic intelligence subnational data
Bulgaria,Plovdiv,BG421,2021-33,251.949232229706,Epidemic intelligence subnational data
Bulgaria,Plovdiv,BG421,2021-34,318.835754595449,Epidemic intelligence subnational data
Bulgaria,Plovdiv,BG421,2021-35,304.588625391984,Epidemic intelligence subnational data
Bulgaria,Plovdiv,BG421,2021-36,290.04155662634,Epidemic intelligence subnational data
Bulgaria,Plovdiv,BG421,2021-37,303.238897362182,Epidemic intelligence subnational data
Bulgaria,Plovdiv,BG421,2021-38,292.441073123766,Epidemic intelligence subnational data
Bulgaria,Plovdiv,BG421,2021-39,317.03611722238,Epidemic intelligence subnational data
Bulgaria,Plovdiv,BG421,2021-40,371.325177976638,Epidemic intelligence subnational data
Bulgaria,Plovdiv,BG421,2021-41,471.355021963074,Epidemic intelligence subnational data
Bulgaria,Plovdiv,BG421,2021-42,667.065586284364,Epidemic intelligence subnational data
Bulgaria,Plovdiv,BG421,2021-43,835.331680666346,Epidemic intelligence subnational data
Bulgaria,Plovdiv,BG421,2021-44,858.726966516247,Epidemic intelligence subnational data
Bulgaria,Plovdiv,BG421,2021-45,714.755976670701,Epidemic intelligence subnational data
Bulgaria,Plovdiv,BG421,2021-46,542.89060754258,Epidemic intelligence subnational data
Bulgaria,Plovdiv,BG421,2021-47,443.310672899411,Epidemic intelligence subnational data
Bulgaria,Plovdiv,BG421,2021-48,363.676719141093,Epidemic intelligence subnational data
Bulgaria,Plovdiv,BG421,2021-49,317.336056784558,Epidemic intelligence subnational data
Bulgaria,Plovdiv,BG421,2021-50,304.438655610894,Epidemic intelligence subnational data
Bulgaria,Plovdiv,BG421,2021-51,259.297751503072,Epidemic intelligence subnational data
Bulgaria,Plovdiv,BG421,2021-52,293.490861591389,Epidemic intelligence subnational data
Bulgaria,Plovdiv,BG421,2022-01,613.82631399773,Epidemic intelligence subnational data
Bulgaria,Plovdiv,BG421,2022-02,960.256508313575,Epidemic intelligence subnational data
Bulgaria,Plovdiv,BG421,2022-03,1464.15497277299,Epidemic intelligence subnational data
Bulgaria,Plovdiv,BG421,2022-04,1861.27495309695,Epidemic intelligence subnational data
Bulgaria,Haskovo,BG422,2020-13,,Epidemic intelligence subnational data
Bulgaria,Haskovo,BG422,2020-14,0.88763830514342,Epidemic intelligence subnational data
Bulgaria,Haskovo,BG422,2020-15,3.55055322057368,Epidemic intelligence subnational data
Bulgaria,Haskovo,BG422,2020-16,4.88201067828881,Epidemic intelligence subnational data
Bulgaria,Haskovo,BG422,2020-17,10.2078405091493,Epidemic intelligence subnational data
Bulgaria,Haskovo,BG422,2020-18,12.8707554245796,Epidemic intelligence subnational data
Bulgaria,Haskovo,BG422,2020-19,5.32582983086052,Epidemic intelligence subnational data
Bulgaria,Haskovo,BG422,2020-20,0.44381915257171,Epidemic intelligence subnational data
Bulgaria,Haskovo,BG422,2020-21,0.44381915257171,Epidemic intelligence subnational data
Bulgaria,Haskovo,BG422,2020-22,0.88763830514342,Epidemic intelligence subnational data
Bulgaria,Haskovo,BG422,2020-23,0.88763830514342,Epidemic intelligence subnational data
Bulgaria,Haskovo,BG422,2020-24,3.99437237314539,Epidemic intelligence subnational data
Bulgaria,Haskovo,BG422,2020-25,3.55055322057368,Epidemic intelligence subnational data
Bulgaria,Haskovo,BG422,2020-26,1.33145745771513,Epidemic intelligence subnational data
Bulgaria,Haskovo,BG422,2020-28,4.88201067828881,Epidemic intelligence subnational data
Bulgaria,Haskovo,BG422,2020-29,3.99437237314539,Epidemic intelligence subnational data
Bulgaria,Haskovo,BG422,2020-30,7.54492559371907,Epidemic intelligence subnational data
Bulgaria,Haskovo,BG422,2020-31,19.0842235605835,Epidemic intelligence subnational data
Bulgaria,Haskovo,BG422,2020-32,12.8707554245796,Epidemic intelligence subnational data
Bulgaria,Haskovo,BG422,2020-33,17.7527661028684,Epidemic intelligence subnational data
Bulgaria,Haskovo,BG422,2020-34,28.4044257645894,Epidemic intelligence subnational data
Bulgaria,Haskovo,BG422,2020-35,22.6347767811572,Epidemic intelligence subnational data
Bulgaria,Haskovo,BG422,2020-36,23.9662342388724,Epidemic intelligence subnational data
Bulgaria,Haskovo,BG422,2020-37,22.1909576285855,Epidemic intelligence subnational data
Bulgaria,Haskovo,BG422,2020-38,13.3145745771513,Epidemic intelligence subnational data
Bulgaria,Haskovo,BG422,2020-39,11.5392979668645,Epidemic intelligence subnational data
Bulgaria,Haskovo,BG422,2020-40,13.758393729723,Epidemic intelligence subnational data
Bulgaria,Haskovo,BG422,2020-41,35.0617130531651,Epidemic intelligence subnational data
Bulgaria,Haskovo,BG422,2020-42,57.2526706817506,Epidemic intelligence subnational data
Bulgaria,Haskovo,BG422,2020-43,93.2020220400591,Epidemic intelligence subnational data
Bulgaria,Haskovo,BG422,2020-44,151.342331026953,Epidemic intelligence subnational data
Bulgaria,Haskovo,BG422,2020-45,212.589374081849,Epidemic intelligence subnational data
Bulgaria,Haskovo,BG422,2020-46,307.566672732195,Epidemic intelligence subnational data
Bulgaria,Haskovo,BG422,2020-47,375.914822228238,Epidemic intelligence subnational data
Bulgaria,Haskovo,BG422,2020-48,416.302365112264,Epidemic intelligence subnational data
Bulgaria,Haskovo,BG422,2020-49,424.291109858555,Epidemic intelligence subnational data
Bulgaria,Haskovo,BG422,2020-50,403.875428840256,Epidemic intelligence subnational data
Bulgaria,Haskovo,BG422,2020-51,369.701354092235,Epidemic intelligence subnational data
Bulgaria,Haskovo,BG422,2020-52,240.549980693867,Epidemic intelligence subnational data
Bulgaria,Haskovo,BG422,2020-53,146.904139501236,Epidemic intelligence subnational data
Bulgaria,Haskovo,BG422,2021-01,160.218714078387,Epidemic intelligence subnational data
Bulgaria,Haskovo,BG422,2021-02,144.241224585806,Epidemic intelligence subnational data
Bulgaria,Haskovo,BG422,2021-03,105.185139159495,Epidemic intelligence subnational data
Bulgaria,Haskovo,BG422,2021-04,128.707554245796,Epidemic intelligence subnational data
Bulgaria,Haskovo,BG422,2021-05,157.111980010385,Epidemic intelligence subnational data
Bulgaria,Haskovo,BG422,2021-06,189.51077814812,Epidemic intelligence subnational data
Bulgaria,Haskovo,BG422,2021-07,231.673597642433,Epidemic intelligence subnational data
Bulgaria,Haskovo,BG422,2021-08,281.825161883036,Epidemic intelligence subnational data
Bulgaria,Haskovo,BG422,2021-09,340.409290022502,Epidemic intelligence subnational data
Bulgaria,Haskovo,BG422,2021-10,406.094524603115,Epidemic intelligence subnational data
Bulgaria,Haskovo,BG422,2021-11,512.167302067753,Epidemic intelligence subnational data
Bulgaria,Haskovo,BG422,2021-12,540.571727832343,Epidemic intelligence subnational data
Bulgaria,Haskovo,BG422,2021-13,507.285291389465,Epidemic intelligence subnational data
Bulgaria,Haskovo,BG422,2021-14,463.791014437437,Epidemic intelligence subnational data
Bulgaria,Haskovo,BG422,2021-15,364.375524261374,Epidemic intelligence subnational data
Bulgaria,Haskovo,BG422,2021-16,248.982544592729,Epidemic intelligence subnational data
Bulgaria,Haskovo,BG422,2021-17,158.887256620672,Epidemic intelligence subnational data
Bulgaria,Haskovo,BG422,2021-18,106.072777464639,Epidemic intelligence subnational data
Bulgaria,Haskovo,BG422,2021-19,79.4436283103361,Epidemic intelligence subnational data
Bulgaria,Haskovo,BG422,2021-20,51.0392025457467,Epidemic intelligence subnational data
Bulgaria,Haskovo,BG422,2021-21,33.73025559545,Epidemic intelligence subnational data
Bulgaria,Haskovo,BG422,2021-22,29.7358832223046,Epidemic intelligence subnational data
Bulgaria,Haskovo,BG422,2021-23,22.1909576285855,Epidemic intelligence subnational data
Bulgaria,Haskovo,BG422,2021-24,11.0954788142928,Epidemic intelligence subnational data
Bulgaria,Haskovo,BG422,2021-25,7.54492559371907,Epidemic intelligence subnational data
Bulgaria,Haskovo,BG422,2021-26,7.10110644114736,Epidemic intelligence subnational data
Bulgaria,Haskovo,BG422,2021-27,7.54492559371907,Epidemic intelligence subnational data
Bulgaria,Haskovo,BG422,2021-28,10.651659661721,Epidemic intelligence subnational data
Bulgaria,Haskovo,BG422,2021-29,15.5336703400099,Epidemic intelligence subnational data
Bulgaria,Haskovo,BG422,2021-30,24.4100533914441,Epidemic intelligence subnational data
Bulgaria,Haskovo,BG422,2021-31,63.4661388177545,Epidemic intelligence subnational data
Bulgaria,Haskovo,BG422,2021-32,126.932277635509,Epidemic intelligence subnational data
Bulgaria,Haskovo,BG422,2021-33,215.252288997279,Epidemic intelligence subnational data
Bulgaria,Haskovo,BG422,2021-34,309.785768495054,Epidemic intelligence subnational data
Bulgaria,Haskovo,BG422,2021-35,294.695917307616,Epidemic intelligence subnational data
Bulgaria,Haskovo,BG422,2021-36,257.415108491592,Epidemic intelligence subnational data
Bulgaria,Haskovo,BG422,2021-37,269.398225611028,Epidemic intelligence subnational data
Bulgaria,Haskovo,BG422,2021-38,244.544353067012,Epidemic intelligence subnational data
Bulgaria,Haskovo,BG422,2021-39,244.544353067012,Epidemic intelligence subnational data
Bulgaria,Haskovo,BG422,2021-40,237.887065778437,Epidemic intelligence subnational data
Bulgaria,Haskovo,BG422,2021-41,259.63420425445,Epidemic intelligence subnational data
Bulgaria,Haskovo,BG422,2021-42,413.639450196834,Epidemic intelligence subnational data
Bulgaria,Haskovo,BG422,2021-43,578.74017495351,Epidemic intelligence subnational data
Bulgaria,Haskovo,BG422,2021-44,663.065813942135,Epidemic intelligence subnational data
Bulgaria,Haskovo,BG422,2021-45,586.728919699801,Epidemic intelligence subnational data
Bulgaria,Haskovo,BG422,2021-46,520.156046814044,Epidemic intelligence subnational data
Bulgaria,Haskovo,BG422,2021-47,517.493131898614,Epidemic intelligence subnational data
Bulgaria,Haskovo,BG422,2021-48,439.380961045993,Epidemic intelligence subnational data
Bulgaria,Haskovo,BG422,2021-49,352.392407141938,Epidemic intelligence subnational data
Bulgaria,Haskovo,BG422,2021-50,291.145364087042,Epidemic intelligence subnational data
Bulgaria,Haskovo,BG422,2021-51,252.976916965875,Epidemic intelligence subnational data
Bulgaria,Haskovo,BG422,2021-52,323.544162224777,Epidemic intelligence subnational data
Bulgaria,Haskovo,BG422,2022-01,498.40890833803,Epidemic intelligence subnational data
Bulgaria,Haskovo,BG422,2022-02,640.874856313549,Epidemic intelligence subnational data
Bulgaria,Haskovo,BG422,2022-03,928.469667180018,Epidemic intelligence subnational data
Bulgaria,Haskovo,BG422,2022-04,1279.53061686424,Epidemic intelligence subnational data
Bulgaria,Pazardzhik,BG423,2020-14,,Epidemic intelligence subnational data
Bulgaria,Pazardzhik,BG423,2020-15,2.76925024527645,Epidemic intelligence subnational data
Bulgaria,Pazardzhik,BG423,2020-16,-0.395607177896636,Epidemic intelligence subnational data
Bulgaria,Pazardzhik,BG423,2020-17,4.35167895686299,Epidemic intelligence subnational data
Bulgaria,Pazardzhik,BG423,2020-18,17.8023230053486,Epidemic intelligence subnational data
Bulgaria,Pazardzhik,BG423,2020-19,14.2418584042789,Epidemic intelligence subnational data
Bulgaria,Pazardzhik,BG423,2020-20,9.49457226951926,Epidemic intelligence subnational data
Bulgaria,Pazardzhik,BG423,2020-21,22.1540019622116,Epidemic intelligence subnational data
Bulgaria,Pazardzhik,BG423,2020-22,20.9671804285217,Epidemic intelligence subnational data
Bulgaria,Pazardzhik,BG423,2020-23,12.2638225147957,Epidemic intelligence subnational data
Bulgaria,Pazardzhik,BG423,2020-24,15.8242871158654,Epidemic intelligence subnational data
Bulgaria,Pazardzhik,BG423,2020-25,19.3847517169352,Epidemic intelligence subnational data
Bulgaria,Pazardzhik,BG423,2020-26,33.626610121214,Epidemic intelligence subnational data
Bulgaria,Pazardzhik,BG423,2020-28,73.9785422666709,Epidemic intelligence subnational data
Bulgaria,Pazardzhik,BG423,2020-29,66.0663987087382,Epidemic intelligence subnational data
Bulgaria,Pazardzhik,BG423,2020-30,34.8134316549039,Epidemic intelligence subnational data
Bulgaria,Pazardzhik,BG423,2020-31,31.2529670538342,Epidemic intelligence subnational data
Bulgaria,Pazardzhik,BG423,2020-32,35.6046460106972,Epidemic intelligence subnational data
Bulgaria,Pazardzhik,BG423,2020-33,39.1651106117669,Epidemic intelligence subnational data
Bulgaria,Pazardzhik,BG423,2020-34,32.0441814096275,Epidemic intelligence subnational data
Bulgaria,Pazardzhik,BG423,2020-35,36.0002531885939,Epidemic intelligence subnational data
Bulgaria,Pazardzhik,BG423,2020-36,37.5826819001804,Epidemic intelligence subnational data
Bulgaria,Pazardzhik,BG423,2020-37,29.6705383422477,Epidemic intelligence subnational data
Bulgaria,Pazardzhik,BG423,2020-38,22.1540019622116,Epidemic intelligence subnational data
Bulgaria,Pazardzhik,BG423,2020-39,36.0002531885939,Epidemic intelligence subnational data
Bulgaria,Pazardzhik,BG423,2020-40,41.9343608570434,Epidemic intelligence subnational data
Bulgaria,Pazardzhik,BG423,2020-41,43.9123967465266,Epidemic intelligence subnational data
Bulgaria,Pazardzhik,BG423,2020-42,70.0224704877045,Epidemic intelligence subnational data
Bulgaria,Pazardzhik,BG423,2020-43,123.033832325854,Epidemic intelligence subnational data
Bulgaria,Pazardzhik,BG423,2020-44,174.858372630313,Epidemic intelligence subnational data
Bulgaria,Pazardzhik,BG423,2020-45,254.771022565433,Epidemic intelligence subnational data
Bulgaria,Pazardzhik,BG423,2020-46,391.255498939773,Epidemic intelligence subnational data
Bulgaria,Pazardzhik,BG423,2020-47,470.772541696997,Epidemic intelligence subnational data
Bulgaria,Pazardzhik,BG423,2020-48,449.014146912682,Epidemic intelligence subnational data
Bulgaria,Pazardzhik,BG423,2020-49,437.541538753679,Epidemic intelligence subnational data
Bulgaria,Pazardzhik,BG423,2020-50,414.596322435674,Epidemic intelligence subnational data
Bulgaria,Pazardzhik,BG423,2020-51,309.364813115169,Epidemic intelligence subnational data
Bulgaria,Pazardzhik,BG423,2020-52,196.616767414628,Epidemic intelligence subnational data
Bulgaria,Pazardzhik,BG423,2020-53,139.253726619616,Epidemic intelligence subnational data
Bulgaria,Pazardzhik,BG423,2021-01,121.451403614267,Epidemic intelligence subnational data
Bulgaria,Pazardzhik,BG423,2021-02,102.066651897332,Epidemic intelligence subnational data
Bulgaria,Pazardzhik,BG423,2021-03,107.605152387885,Epidemic intelligence subnational data
Bulgaria,Pazardzhik,BG423,2021-04,136.880083552236,Epidemic intelligence subnational data
Bulgaria,Pazardzhik,BG423,2021-05,164.176978827104,Epidemic intelligence subnational data
Bulgaria,Pazardzhik,BG423,2021-06,199.781624837801,Epidemic intelligence subnational data
Bulgaria,Pazardzhik,BG423,2021-07,205.320125328354,Epidemic intelligence subnational data
Bulgaria,Pazardzhik,BG423,2021-08,216.792733487356,Epidemic intelligence subnational data
Bulgaria,Pazardzhik,BG423,2021-09,302.24388391303,Epidemic intelligence subnational data
Bulgaria,Pazardzhik,BG423,2021-10,349.321138082729,Epidemic intelligence subnational data
Bulgaria,Pazardzhik,BG423,2021-11,385.71699844922,Epidemic intelligence subnational data
Bulgaria,Pazardzhik,BG423,2021-12,426.068930594677,Epidemic intelligence subnational data
Bulgaria,Pazardzhik,BG423,2021-13,449.409754090578,Epidemic intelligence subnational data
Bulgaria,Pazardzhik,BG423,2021-14,424.882109060987,Epidemic intelligence subnational data
Bulgaria,Pazardzhik,BG423,2021-15,354.859638573282,Epidemic intelligence subnational data
Bulgaria,Pazardzhik,BG423,2021-16,289.980061398234,Epidemic intelligence subnational data
Bulgaria,Pazardzhik,BG423,2021-17,183.957337721936,Epidemic intelligence subnational data
Bulgaria,Pazardzhik,BG423,2021-18,109.583188277368,Epidemic intelligence subnational data
Bulgaria,Pazardzhik,BG423,2021-19,81.495078646707,Epidemic intelligence subnational data
Bulgaria,Pazardzhik,BG423,2021-20,52.2201474823559,Epidemic intelligence subnational data
Bulgaria,Pazardzhik,BG423,2021-21,39.5607177896636,Epidemic intelligence subnational data
Bulgaria,Pazardzhik,BG423,2021-22,37.5826819001804,Epidemic intelligence subnational data
Bulgaria,Pazardzhik,BG423,2021-23,24.9232522074881,Epidemic intelligence subnational data
Bulgaria,Pazardzhik,BG423,2021-24,18.1979301832452,Epidemic intelligence subnational data
Bulgaria,Pazardzhik,BG423,2021-25,13.055036870589,Epidemic intelligence subnational data
Bulgaria,Pazardzhik,BG423,2021-26,12.2638225147957,Epidemic intelligence subnational data
Bulgaria,Pazardzhik,BG423,2021-27,9.09896509162262,Epidemic intelligence subnational data
Bulgaria,Pazardzhik,BG423,2021-28,9.49457226951926,Epidemic intelligence subnational data
Bulgaria,Pazardzhik,BG423,2021-29,17.406715827452,Epidemic intelligence subnational data
Bulgaria,Pazardzhik,BG423,2021-30,32.0441814096275,Epidemic intelligence subnational data
Bulgaria,Pazardzhik,BG423,2021-31,77.9346140456373,Epidemic intelligence subnational data
Bulgaria,Pazardzhik,BG423,2021-32,154.286799379688,Epidemic intelligence subnational data
Bulgaria,Pazardzhik,BG423,2021-33,234.990663670602,Epidemic intelligence subnational data
Bulgaria,Pazardzhik,BG423,2021-34,293.540525999304,Epidemic intelligence subnational data
Bulgaria,Pazardzhik,BG423,2021-35,298.287812134063,Epidemic intelligence subnational data
Bulgaria,Pazardzhik,BG423,2021-36,255.562236921227,Epidemic intelligence subnational data
Bulgaria,Pazardzhik,BG423,2021-37,241.320378516948,Epidemic intelligence subnational data
Bulgaria,Pazardzhik,BG423,2021-38,233.803842136912,Epidemic intelligence subnational data
Bulgaria,Pazardzhik,BG423,2021-39,245.672057473811,Epidemic intelligence subnational data
Bulgaria,Pazardzhik,BG423,2021-40,256.749058454917,Epidemic intelligence subnational data
Bulgaria,Pazardzhik,BG423,2021-41,280.089881950818,Epidemic intelligence subnational data
Bulgaria,Pazardzhik,BG423,2021-42,428.838180839953,Epidemic intelligence subnational data
Bulgaria,Pazardzhik,BG423,2021-43,599.344874513403,Epidemic intelligence subnational data
Bulgaria,Pazardzhik,BG423,2021-44,635.740734879894,Epidemic intelligence subnational data
Bulgaria,Pazardzhik,BG423,2021-45,556.22369212267,Epidemic intelligence subnational data
Bulgaria,Pazardzhik,BG423,2021-46,455.343861759028,Epidemic intelligence subnational data
Bulgaria,Pazardzhik,BG423,2021-47,375.431211823907,Epidemic intelligence subnational data
Bulgaria,Pazardzhik,BG423,2021-48,306.199955691996,Epidemic intelligence subnational data
Bulgaria,Pazardzhik,BG423,2021-49,245.672057473811,Epidemic intelligence subnational data
Bulgaria,Pazardzhik,BG423,2021-50,224.309269867393,Epidemic intelligence subnational data
Bulgaria,Pazardzhik,BG423,2021-51,191.473874101972,Epidemic intelligence subnational data
Bulgaria,Pazardzhik,BG423,2021-52,204.133303794664,Epidemic intelligence subnational data
Bulgaria,Pazardzhik,BG423,2022-01,439.519574643162,Epidemic intelligence subnational data
Bulgaria,Pazardzhik,BG423,2022-02,799.917713706998,Epidemic intelligence subnational data
Bulgaria,Pazardzhik,BG423,2022-03,1127.08484982752,Epidemic intelligence subnational data
Bulgaria,Pazardzhik,BG423,2022-04,1378.29540779188,Epidemic intelligence subnational data
Bulgaria,Smolyan,BG424,2020-13,,Epidemic intelligence subnational data
Bulgaria,Smolyan,BG424,2020-14,-156.47336089325,Epidemic intelligence subnational data
Bulgaria,Smolyan,BG424,2020-15,20.2835838194954,Epidemic intelligence subnational data
Bulgaria,Smolyan,BG424,2020-16,18.3518139319244,Epidemic intelligence subnational data
Bulgaria,Smolyan,BG424,2020-17,6.76119460649847,Epidemic intelligence subnational data
Bulgaria,Smolyan,BG424,2020-18,4.82942471892748,Epidemic intelligence subnational data
Bulgaria,Smolyan,BG424,2020-19,4.82942471892748,Epidemic intelligence subnational data
Bulgaria,Smolyan,BG424,2020-20,3.86353977514199,Epidemic intelligence subnational data
Bulgaria,Smolyan,BG424,2020-21,4.82942471892748,Epidemic intelligence subnational data
Bulgaria,Smolyan,BG424,2020-22,0.965884943785496,Epidemic intelligence subnational data
Bulgaria,Smolyan,BG424,2020-23,1.93176988757099,Epidemic intelligence subnational data
Bulgaria,Smolyan,BG424,2020-24,43.4648224703473,Epidemic intelligence subnational data
Bulgaria,Smolyan,BG424,2020-25,60.8507514584863,Epidemic intelligence subnational data
Bulgaria,Smolyan,BG424,2020-26,184.48402426303,Epidemic intelligence subnational data
Bulgaria,Smolyan,BG424,2020-28,274.311324035081,Epidemic intelligence subnational data
Bulgaria,Smolyan,BG424,2020-29,136.189777073755,Epidemic intelligence subnational data
Bulgaria,Smolyan,BG424,2020-30,54.0895568519878,Epidemic intelligence subnational data
Bulgaria,Smolyan,BG424,2020-31,50.2260170768458,Epidemic intelligence subnational data
Bulgaria,Smolyan,BG424,2020-32,66.6460611211992,Epidemic intelligence subnational data
Bulgaria,Smolyan,BG424,2020-33,80.1684503341962,Epidemic intelligence subnational data
Bulgaria,Smolyan,BG424,2020-34,67.6119460649847,Epidemic intelligence subnational data
Bulgaria,Smolyan,BG424,2020-35,58.9189815709153,Epidemic intelligence subnational data
Bulgaria,Smolyan,BG424,2020-36,57.9530966271298,Epidemic intelligence subnational data
Bulgaria,Smolyan,BG424,2020-37,42.4989375265618,Epidemic intelligence subnational data
Bulgaria,Smolyan,BG424,2020-38,28.9765483135649,Epidemic intelligence subnational data
Bulgaria,Smolyan,BG424,2020-39,49.2601321330603,Epidemic intelligence subnational data
Bulgaria,Smolyan,BG424,2020-40,55.0554417957733,Epidemic intelligence subnational data
Bulgaria,Smolyan,BG424,2020-41,68.5778310087702,Epidemic intelligence subnational data
Bulgaria,Smolyan,BG424,2020-42,112.042653479118,Epidemic intelligence subnational data
Bulgaria,Smolyan,BG424,2020-43,144.882741567824,Epidemic intelligence subnational data
Bulgaria,Smolyan,BG424,2020-44,180.620484487888,Epidemic intelligence subnational data
Bulgaria,Smolyan,BG424,2020-45,258.857164934513,Epidemic intelligence subnational data
Bulgaria,Smolyan,BG424,2020-46,284.936058416721,Epidemic intelligence subnational data
Bulgaria,Smolyan,BG424,2020-47,228.914731677163,Epidemic intelligence subnational data
Bulgaria,Smolyan,BG424,2020-48,242.43712089016,Epidemic intelligence subnational data
Bulgaria,Smolyan,BG424,2020-49,288.799598191863,Epidemic intelligence subnational data
Bulgaria,Smolyan,BG424,2020-50,283.00428852915,Epidemic intelligence subnational data
Bulgaria,Smolyan,BG424,2020-51,220.221767183093,Epidemic intelligence subnational data
Bulgaria,Smolyan,BG424,2020-52,153.575706061894,Epidemic intelligence subnational data
Bulgaria,Smolyan,BG424,2020-53,121.701502916973,Epidemic intelligence subnational data
Bulgaria,Smolyan,BG424,2021-01,100.452034153692,Epidemic intelligence subnational data
Bulgaria,Smolyan,BG424,2021-02,66.6460611211992,Epidemic intelligence subnational data
Bulgaria,Smolyan,BG424,2021-03,54.0895568519878,Epidemic intelligence subnational data
Bulgaria,Smolyan,BG424,2021-04,65.6801761774137,Epidemic intelligence subnational data
Bulgaria,Smolyan,BG424,2021-05,56.9872116833443,Epidemic intelligence subnational data
Bulgaria,Smolyan,BG424,2021-06,69.5437159525557,Epidemic intelligence subnational data
Bulgaria,Smolyan,BG424,2021-07,98.5202642661206,Epidemic intelligence subnational data
Bulgaria,Smolyan,BG424,2021-08,172.893404937604,Epidemic intelligence subnational data
Bulgaria,Smolyan,BG424,2021-09,275.277208978866,Epidemic intelligence subnational data
Bulgaria,Smolyan,BG424,2021-10,428.85291504076,Epidemic intelligence subnational data
Bulgaria,Smolyan,BG424,2021-11,619.132248966503,Epidemic intelligence subnational data
Bulgaria,Smolyan,BG424,2021-12,734.072557276977,Epidemic intelligence subnational data
Bulgaria,Smolyan,BG424,2021-13,673.221805818491,Epidemic intelligence subnational data
Bulgaria,Smolyan,BG424,2021-14,502.260170768458,Epidemic intelligence subnational data
Bulgaria,Smolyan,BG424,2021-15,393.115172120697,Epidemic intelligence subnational data
Bulgaria,Smolyan,BG424,2021-16,304.253757292431,Epidemic intelligence subnational data
Bulgaria,Smolyan,BG424,2021-17,216.358227407951,Epidemic intelligence subnational data
Bulgaria,Smolyan,BG424,2021-18,159.371015724607,Epidemic intelligence subnational data
Bulgaria,Smolyan,BG424,2021-19,129.428582467256,Epidemic intelligence subnational data
Bulgaria,Smolyan,BG424,2021-20,101.417919097477,Epidemic intelligence subnational data
Bulgaria,Smolyan,BG424,2021-21,82.1002202217672,Epidemic intelligence subnational data
Bulgaria,Smolyan,BG424,2021-22,61.8166364022718,Epidemic intelligence subnational data
Bulgaria,Smolyan,BG424,2021-23,30.9083182011359,Epidemic intelligence subnational data
Bulgaria,Smolyan,BG424,2021-24,27.0447784259939,Epidemic intelligence subnational data
Bulgaria,Smolyan,BG424,2021-25,25.1130085384229,Epidemic intelligence subnational data
Bulgaria,Smolyan,BG424,2021-26,10.6247343816405,Epidemic intelligence subnational data
Bulgaria,Smolyan,BG424,2021-27,4.82942471892748,Epidemic intelligence subnational data
Bulgaria,Smolyan,BG424,2021-28,9.65884943785496,Epidemic intelligence subnational data
Bulgaria,Smolyan,BG424,2021-29,18.3518139319244,Epidemic intelligence subnational data
Bulgaria,Smolyan,BG424,2021-30,21.2494687632809,Epidemic intelligence subnational data
Bulgaria,Smolyan,BG424,2021-31,30.9083182011359,Epidemic intelligence subnational data
Bulgaria,Smolyan,BG424,2021-32,56.0213267395588,Epidemic intelligence subnational data
Bulgaria,Smolyan,BG424,2021-33,136.189777073755,Epidemic intelligence subnational data
Bulgaria,Smolyan,BG424,2021-34,239.539466058803,Epidemic intelligence subnational data
Bulgaria,Smolyan,BG424,2021-35,246.300660665302,Epidemic intelligence subnational data
Bulgaria,Smolyan,BG424,2021-36,220.221767183093,Epidemic intelligence subnational data
Bulgaria,Smolyan,BG424,2021-37,240.505351002589,Epidemic intelligence subnational data
Bulgaria,Smolyan,BG424,2021-38,286.867828304292,Epidemic intelligence subnational data
Bulgaria,Smolyan,BG424,2021-39,258.857164934513,Epidemic intelligence subnational data
Bulgaria,Smolyan,BG424,2021-40,240.505351002589,Epidemic intelligence subnational data
Bulgaria,Smolyan,BG424,2021-41,314.878491674072,Epidemic intelligence subnational data
Bulgaria,Smolyan,BG424,2021-42,396.978711895839,Epidemic intelligence subnational data
Bulgaria,Smolyan,BG424,2021-43,490.669551443032,Epidemic intelligence subnational data
Bulgaria,Smolyan,BG424,2021-44,477.147162230035,Epidemic intelligence subnational data
Bulgaria,Smolyan,BG424,2021-45,400.842251670981,Epidemic intelligence subnational data
Bulgaria,Smolyan,BG424,2021-46,374.763358188773,Epidemic intelligence subnational data
Bulgaria,Smolyan,BG424,2021-47,391.183402233126,Epidemic intelligence subnational data
Bulgaria,Smolyan,BG424,2021-48,396.978711895839,Epidemic intelligence subnational data
Bulgaria,Smolyan,BG424,2021-49,330.33265077464,Epidemic intelligence subnational data
Bulgaria,Smolyan,BG424,2021-50,259.823049878299,Epidemic intelligence subnational data
Bulgaria,Smolyan,BG424,2021-51,205.733493026311,Epidemic intelligence subnational data
Bulgaria,Smolyan,BG424,2021-52,225.051191902021,Epidemic intelligence subnational data
Bulgaria,Smolyan,BG424,2022-01,491.635436386818,Epidemic intelligence subnational data
Bulgaria,Smolyan,BG424,2022-02,919.522466483792,Epidemic intelligence subnational data
Bulgaria,Smolyan,BG424,2022-03,1438.2026812966,Epidemic intelligence subnational data
Bulgaria,Smolyan,BG424,2022-04,1741.49055364525,Epidemic intelligence subnational data
Bulgaria,Kardzhali,BG425,2020-15,,Epidemic intelligence subnational data
Bulgaria,Kardzhali,BG425,2020-16,2.52838107759602,Epidemic intelligence subnational data
Bulgaria,Kardzhali,BG425,2020-17,0,Epidemic intelligence subnational data
Bulgaria,Kardzhali,BG425,2020-18,0,Epidemic intelligence subnational data
Bulgaria,Kardzhali,BG425,2020-19,1.26419053879801,Epidemic intelligence subnational data
Bulgaria,Kardzhali,BG425,2020-20,1.26419053879801,Epidemic intelligence subnational data
Bulgaria,Kardzhali,BG425,2020-21,0,Epidemic intelligence subnational data
Bulgaria,Kardzhali,BG425,2020-22,0,Epidemic intelligence subnational data
Bulgaria,Kardzhali,BG425,2020-23,1.89628580819701,Epidemic intelligence subnational data
Bulgaria,Kardzhali,BG425,2020-24,15.1702864655761,Epidemic intelligence subnational data
Bulgaria,Kardzhali,BG425,2020-25,17.6986675431721,Epidemic intelligence subnational data
Bulgaria,Kardzhali,BG425,2020-26,12.6419053879801,Epidemic intelligence subnational data
Bulgaria,Kardzhali,BG425,2020-28,28.4442871229552,Epidemic intelligence subnational data
Bulgaria,Kardzhali,BG425,2020-29,26.5480013147582,Epidemic intelligence subnational data
Bulgaria,Kardzhali,BG425,2020-30,18.9628580819701,Epidemic intelligence subnational data
Bulgaria,Kardzhali,BG425,2020-31,24.0196202371621,Epidemic intelligence subnational data
Bulgaria,Kardzhali,BG425,2020-32,16.4344770043741,Epidemic intelligence subnational data
Bulgaria,Kardzhali,BG425,2020-33,13.2740006573791,Epidemic intelligence subnational data
Bulgaria,Kardzhali,BG425,2020-34,15.8023817349751,Epidemic intelligence subnational data
Bulgaria,Kardzhali,BG425,2020-35,14.5381911961771,Epidemic intelligence subnational data
Bulgaria,Kardzhali,BG425,2020-36,29.7084776617532,Epidemic intelligence subnational data
Bulgaria,Kardzhali,BG425,2020-37,49.3034310131223,Epidemic intelligence subnational data
Bulgaria,Kardzhali,BG425,2020-38,29.7084776617532,Epidemic intelligence subnational data
Bulgaria,Kardzhali,BG425,2020-39,16.4344770043741,Epidemic intelligence subnational data
Bulgaria,Kardzhali,BG425,2020-40,54.3601931683143,Epidemic intelligence subnational data
Bulgaria,Kardzhali,BG425,2020-41,89.7575282546585,Epidemic intelligence subnational data
Bulgaria,Kardzhali,BG425,2020-42,113.777148491821,Epidemic intelligence subnational data
Bulgaria,Kardzhali,BG425,2020-43,218.072867942656,Epidemic intelligence subnational data
Bulgaria,Kardzhali,BG425,2020-44,266.74420368638,Epidemic intelligence subnational data
Bulgaria,Kardzhali,BG425,2020-45,218.704963212055,Epidemic intelligence subnational data
Bulgaria,Kardzhali,BG425,2020-46,168.769436929534,Epidemic intelligence subnational data
Bulgaria,Kardzhali,BG425,2020-47,126.419053879801,Epidemic intelligence subnational data
Bulgaria,Kardzhali,BG425,2020-48,104.927814720235,Epidemic intelligence subnational data
Bulgaria,Kardzhali,BG425,2020-49,121.994386994008,Epidemic intelligence subnational data
Bulgaria,Kardzhali,BG425,2020-50,156.759626810953,Epidemic intelligence subnational data
Bulgaria,Kardzhali,BG425,2020-51,143.485626153574,Epidemic intelligence subnational data
Bulgaria,Kardzhali,BG425,2020-52,102.399433642639,Epidemic intelligence subnational data
Bulgaria,Kardzhali,BG425,2020-53,84.0686708300675,Epidemic intelligence subnational data
Bulgaria,Kardzhali,BG425,2021-01,108.720386336629,Epidemic intelligence subnational data
Bulgaria,Kardzhali,BG425,2021-02,103.031528912038,Epidemic intelligence subnational data
Bulgaria,Kardzhali,BG425,2021-03,75.8514323278805,Epidemic intelligence subnational data
Bulgaria,Kardzhali,BG425,2021-04,88.4933377158605,Epidemic intelligence subnational data
Bulgaria,Kardzhali,BG425,2021-05,91.6538140628556,Epidemic intelligence subnational data
Bulgaria,Kardzhali,BG425,2021-06,70.7946701726884,Epidemic intelligence subnational data
Bulgaria,Kardzhali,BG425,2021-07,63.2095269399004,Epidemic intelligence subnational data
Bulgaria,Kardzhali,BG425,2021-08,82.1723850218705,Epidemic intelligence subnational data
Bulgaria,Kardzhali,BG425,2021-09,120.73019645521,Epidemic intelligence subnational data
Bulgaria,Kardzhali,BG425,2021-10,175.090389623524,Epidemic intelligence subnational data
Bulgaria,Kardzhali,BG425,2021-11,249.677631412607,Epidemic intelligence subnational data
Bulgaria,Kardzhali,BG425,2021-12,310.358777274911,Epidemic intelligence subnational data
Bulgaria,Kardzhali,BG425,2021-13,393.16325756618,Epidemic intelligence subnational data
Bulgaria,Kardzhali,BG425,2021-14,416.550782533944,Epidemic intelligence subnational data
Bulgaria,Kardzhali,BG425,2021-15,336.27468332027,Epidemic intelligence subnational data
Bulgaria,Kardzhali,BG425,2021-16,252.838107759602,Epidemic intelligence subnational data
Bulgaria,Kardzhali,BG425,2021-17,168.137341660135,Epidemic intelligence subnational data
Bulgaria,Kardzhali,BG425,2021-18,96.0784809486486,Epidemic intelligence subnational data
Bulgaria,Kardzhali,BG425,2021-19,67.0020985562944,Epidemic intelligence subnational data
Bulgaria,Kardzhali,BG425,2021-20,67.6341938256934,Epidemic intelligence subnational data
Bulgaria,Kardzhali,BG425,2021-21,57.5206695153094,Epidemic intelligence subnational data
Bulgaria,Kardzhali,BG425,2021-22,30.9726682005512,Epidemic intelligence subnational data
Bulgaria,Kardzhali,BG425,2021-23,17.6986675431721,Epidemic intelligence subnational data
Bulgaria,Kardzhali,BG425,2021-24,18.3307628125711,Epidemic intelligence subnational data
Bulgaria,Kardzhali,BG425,2021-25,18.3307628125711,Epidemic intelligence subnational data
Bulgaria,Kardzhali,BG425,2021-26,11.3777148491821,Epidemic intelligence subnational data
Bulgaria,Kardzhali,BG425,2021-27,3.79257161639402,Epidemic intelligence subnational data
Bulgaria,Kardzhali,BG425,2021-28,5.05676215519203,Epidemic intelligence subnational data
Bulgaria,Kardzhali,BG425,2021-29,12.0098101185811,Epidemic intelligence subnational data
Bulgaria,Kardzhali,BG425,2021-30,15.1702864655761,Epidemic intelligence subnational data
Bulgaria,Kardzhali,BG425,2021-31,34.7652398169452,Epidemic intelligence subnational data
Bulgaria,Kardzhali,BG425,2021-32,72.0588607114864,Epidemic intelligence subnational data
Bulgaria,Kardzhali,BG425,2021-33,121.362291724609,Epidemic intelligence subnational data
Bulgaria,Kardzhali,BG425,2021-34,164.344770043741,Epidemic intelligence subnational data
Bulgaria,Kardzhali,BG425,2021-35,171.29781800713,Epidemic intelligence subnational data
Bulgaria,Kardzhali,BG425,2021-36,161.184293696746,Epidemic intelligence subnational data
Bulgaria,Kardzhali,BG425,2021-37,144.117721422973,Epidemic intelligence subnational data
Bulgaria,Kardzhali,BG425,2021-38,121.994386994008,Epidemic intelligence subnational data
Bulgaria,Kardzhali,BG425,2021-39,108.720386336629,Epidemic intelligence subnational data
Bulgaria,Kardzhali,BG425,2021-40,112.512957953023,Epidemic intelligence subnational data
Bulgaria,Kardzhali,BG425,2021-41,130.211625496195,Epidemic intelligence subnational data
Bulgaria,Kardzhali,BG425,2021-42,189.628580819701,Epidemic intelligence subnational data
Bulgaria,Kardzhali,BG425,2021-43,248.413440873809,Epidemic intelligence subnational data
Bulgaria,Kardzhali,BG425,2021-44,252.838107759602,Epidemic intelligence subnational data
Bulgaria,Kardzhali,BG425,2021-45,222.497534828449,Epidemic intelligence subnational data
Bulgaria,Kardzhali,BG425,2021-46,201.006295668883,Epidemic intelligence subnational data
Bulgaria,Kardzhali,BG425,2021-47,202.270486207681,Epidemic intelligence subnational data
Bulgaria,Kardzhali,BG425,2021-48,189.628580819701,Epidemic intelligence subnational data
Bulgaria,Kardzhali,BG425,2021-49,152.33495992516,Epidemic intelligence subnational data
Bulgaria,Kardzhali,BG425,2021-50,97.9747667568456,Epidemic intelligence subnational data
Bulgaria,Kardzhali,BG425,2021-51,70.7946701726884,Epidemic intelligence subnational data
Bulgaria,Kardzhali,BG425,2021-52,89.1254329852595,Epidemic intelligence subnational data
Bulgaria,Kardzhali,BG425,2022-01,149.174483578165,Epidemic intelligence subnational data
Bulgaria,Kardzhali,BG425,2022-02,235.771535485828,Epidemic intelligence subnational data
Bulgaria,Kardzhali,BG425,2022-03,370.407827867816,Epidemic intelligence subnational data
Bulgaria,Kardzhali,BG425,2022-04,558.772218148719,Epidemic intelligence subnational data
Croatia,Bjelovarsko-Bilogorska Zupanija,HR021,2020-16,,Epidemic intelligence subnational data
Croatia,Bjelovarsko-Bilogorska Zupanija,HR021,2020-17,0,Epidemic intelligence subnational data
Croatia,Bjelovarsko-Bilogorska Zupanija,HR021,2020-18,0,Epidemic intelligence subnational data
Croatia,Bjelovarsko-Bilogorska Zupanija,HR021,2020-19,0,Epidemic intelligence subnational data
Croatia,Bjelovarsko-Bilogorska Zupanija,HR021,2020-20,0,Epidemic intelligence subnational data
Croatia,Bjelovarsko-Bilogorska Zupanija,HR021,2020-21,0,Epidemic intelligence subnational data
Croatia,Bjelovarsko-Bilogorska Zupanija,HR021,2020-22,0,Epidemic intelligence subnational data
Croatia,Bjelovarsko-Bilogorska Zupanija,HR021,2020-23,0,Epidemic intelligence subnational data
Croatia,Bjelovarsko-Bilogorska Zupanija,HR021,2020-24,0,Epidemic intelligence subnational data
Croatia,Bjelovarsko-Bilogorska Zupanija,HR021,2020-25,0.932957662381281,Epidemic intelligence subnational data
Croatia,Bjelovarsko-Bilogorska Zupanija,HR021,2020-26,1.86591532476256,Epidemic intelligence subnational data
Croatia,Bjelovarsko-Bilogorska Zupanija,HR021,2020-27,2.79887298714384,Epidemic intelligence subnational data
Croatia,Bjelovarsko-Bilogorska Zupanija,HR021,2020-28,2.79887298714384,Epidemic intelligence subnational data
Croatia,Bjelovarsko-Bilogorska Zupanija,HR021,2020-29,0.932957662381281,Epidemic intelligence subnational data
Croatia,Bjelovarsko-Bilogorska Zupanija,HR021,2020-30,13.0614072733379,Epidemic intelligence subnational data
Croatia,Bjelovarsko-Bilogorska Zupanija,HR021,2020-31,19.5921109100069,Epidemic intelligence subnational data
Croatia,Bjelovarsko-Bilogorska Zupanija,HR021,2020-32,7.46366129905025,Epidemic intelligence subnational data
Croatia,Bjelovarsko-Bilogorska Zupanija,HR021,2020-33,5.59774597428769,Epidemic intelligence subnational data
Croatia,Bjelovarsko-Bilogorska Zupanija,HR021,2020-34,14.9273225981005,Epidemic intelligence subnational data
Croatia,Bjelovarsko-Bilogorska Zupanija,HR021,2020-35,18.6591532476256,Epidemic intelligence subnational data
Croatia,Bjelovarsko-Bilogorska Zupanija,HR021,2020-36,65.3070363666897,Epidemic intelligence subnational data
Croatia,Bjelovarsko-Bilogorska Zupanija,HR021,2020-37,102.625342861941,Epidemic intelligence subnational data
Croatia,Bjelovarsko-Bilogorska Zupanija,HR021,2020-38,84.8991472766966,Epidemic intelligence subnational data
Croatia,Bjelovarsko-Bilogorska Zupanija,HR021,2020-39,70.9047823409774,Epidemic intelligence subnational data
Croatia,Bjelovarsko-Bilogorska Zupanija,HR021,2020-40,69.9718246785961,Epidemic intelligence subnational data
Croatia,Bjelovarsko-Bilogorska Zupanija,HR021,2020-41,105.424215849085,Epidemic intelligence subnational data
Croatia,Bjelovarsko-Bilogorska Zupanija,HR021,2020-42,187.524490138638,Epidemic intelligence subnational data
Croatia,Bjelovarsko-Bilogorska Zupanija,HR021,2020-43,402.104752486332,Epidemic intelligence subnational data
Croatia,Bjelovarsko-Bilogorska Zupanija,HR021,2020-44,530.852909894949,Epidemic intelligence subnational data
Croatia,Bjelovarsko-Bilogorska Zupanija,HR021,2020-45,449.685593267778,Epidemic intelligence subnational data
Croatia,Bjelovarsko-Bilogorska Zupanija,HR021,2020-46,445.953762618252,Epidemic intelligence subnational data
Croatia,Bjelovarsko-Bilogorska Zupanija,HR021,2020-47,616.685014834027,Epidemic intelligence subnational data
Croatia,Bjelovarsko-Bilogorska Zupanija,HR021,2020-48,790.215140036945,Epidemic intelligence subnational data
Croatia,Bjelovarsko-Bilogorska Zupanija,HR021,2020-49,951.616815628907,Epidemic intelligence subnational data
Croatia,Bjelovarsko-Bilogorska Zupanija,HR021,2020-50,1208.18017278376,Epidemic intelligence subnational data
Croatia,Bjelovarsko-Bilogorska Zupanija,HR021,2020-51,1266.95650551378,Epidemic intelligence subnational data
Croatia,Bjelovarsko-Bilogorska Zupanija,HR021,2020-52,941.354281342713,Epidemic intelligence subnational data
Croatia,Bjelovarsko-Bilogorska Zupanija,HR021,2020-53,566.305301065438,Epidemic intelligence subnational data
Croatia,Bjelovarsko-Bilogorska Zupanija,HR021,2021-01,422.62982105872,Epidemic intelligence subnational data
Croatia,Bjelovarsko-Bilogorska Zupanija,HR021,2021-02,365.719403653462,Epidemic intelligence subnational data
Croatia,Bjelovarsko-Bilogorska Zupanija,HR021,2021-03,244.434907543896,Epidemic intelligence subnational data
Croatia,Bjelovarsko-Bilogorska Zupanija,HR021,2021-04,173.530125202918,Epidemic intelligence subnational data
Croatia,Bjelovarsko-Bilogorska Zupanija,HR021,2021-05,149.273225981005,Epidemic intelligence subnational data
Croatia,Bjelovarsko-Bilogorska Zupanija,HR021,2021-06,93.2957662381281,Epidemic intelligence subnational data
Croatia,Bjelovarsko-Bilogorska Zupanija,HR021,2021-07,59.709290392402,Epidemic intelligence subnational data
Croatia,Bjelovarsko-Bilogorska Zupanija,HR021,2021-08,42.9160524695389,Epidemic intelligence subnational data
Croatia,Bjelovarsko-Bilogorska Zupanija,HR021,2021-09,40.1171794823951,Epidemic intelligence subnational data
Croatia,Bjelovarsko-Bilogorska Zupanija,HR021,2021-10,59.709290392402,Epidemic intelligence subnational data
Croatia,Bjelovarsko-Bilogorska Zupanija,HR021,2021-11,107.290131173847,Epidemic intelligence subnational data
Croatia,Bjelovarsko-Bilogorska Zupanija,HR021,2021-12,192.189278450544,Epidemic intelligence subnational data
Croatia,Bjelovarsko-Bilogorska Zupanija,HR021,2021-13,361.987573003937,Epidemic intelligence subnational data
Croatia,Bjelovarsko-Bilogorska Zupanija,HR021,2021-14,435.691228332058,Epidemic intelligence subnational data
Croatia,Bjelovarsko-Bilogorska Zupanija,HR021,2021-15,421.696863396339,Epidemic intelligence subnational data
Croatia,Bjelovarsko-Bilogorska Zupanija,HR021,2021-16,474.875450152072,Epidemic intelligence subnational data
Croatia,Bjelovarsko-Bilogorska Zupanija,HR021,2021-17,429.160524695389,Epidemic intelligence subnational data
Croatia,Bjelovarsko-Bilogorska Zupanija,HR021,2021-18,376.914895602038,Epidemic intelligence subnational data
Croatia,Bjelovarsko-Bilogorska Zupanija,HR021,2021-19,300.412367286773,Epidemic intelligence subnational data
Croatia,Bjelovarsko-Bilogorska Zupanija,HR021,2021-20,165.133506241487,Epidemic intelligence subnational data
Croatia,Bjelovarsko-Bilogorska Zupanija,HR021,2021-21,101.69238519956,Epidemic intelligence subnational data
Croatia,Bjelovarsko-Bilogorska Zupanija,HR021,2021-22,83.9661896143153,Epidemic intelligence subnational data
Croatia,Bjelovarsko-Bilogorska Zupanija,HR021,2021-23,56.9104174052582,Epidemic intelligence subnational data
Croatia,Bjelovarsko-Bilogorska Zupanija,HR021,2021-24,15.8602802604818,Epidemic intelligence subnational data
Croatia,Bjelovarsko-Bilogorska Zupanija,HR021,2021-25,4.66478831190641,Epidemic intelligence subnational data
Croatia,Bjelovarsko-Bilogorska Zupanija,HR021,2021-26,6.53070363666897,Epidemic intelligence subnational data
Croatia,Bjelovarsko-Bilogorska Zupanija,HR021,2021-27,2.79887298714384,Epidemic intelligence subnational data
Croatia,Bjelovarsko-Bilogorska Zupanija,HR021,2021-28,6.53070363666897,Epidemic intelligence subnational data
Croatia,Bjelovarsko-Bilogorska Zupanija,HR021,2021-29,14.9273225981005,Epidemic intelligence subnational data
Croatia,Bjelovarsko-Bilogorska Zupanija,HR021,2021-30,20.5250685723882,Epidemic intelligence subnational data
Croatia,Bjelovarsko-Bilogorska Zupanija,HR021,2021-31,25.1898568842946,Epidemic intelligence subnational data
Croatia,Bjelovarsko-Bilogorska Zupanija,HR021,2021-32,35.4523911704887,Epidemic intelligence subnational data
Croatia,Bjelovarsko-Bilogorska Zupanija,HR021,2021-33,97.9605545500345,Epidemic intelligence subnational data
Croatia,Bjelovarsko-Bilogorska Zupanija,HR021,2021-34,181.92674416435,Epidemic intelligence subnational data
Croatia,Bjelovarsko-Bilogorska Zupanija,HR021,2021-35,211.781389360551,Epidemic intelligence subnational data
Croatia,Bjelovarsko-Bilogorska Zupanija,HR021,2021-36,252.831526505327,Epidemic intelligence subnational data
Croatia,Bjelovarsko-Bilogorska Zupanija,HR021,2021-37,299.479409624391,Epidemic intelligence subnational data
Croatia,Bjelovarsko-Bilogorska Zupanija,HR021,2021-38,326.535181833448,Epidemic intelligence subnational data
Croatia,Bjelovarsko-Bilogorska Zupanija,HR021,2021-39,463.679958203497,Epidemic intelligence subnational data
Croatia,Bjelovarsko-Bilogorska Zupanija,HR021,2021-40,583.098538988301,Epidemic intelligence subnational data
Croatia,Bjelovarsko-Bilogorska Zupanija,HR021,2021-41,670.796559252141,Epidemic intelligence subnational data
Croatia,Bjelovarsko-Bilogorska Zupanija,HR021,2021-42,850.857388091728,Epidemic intelligence subnational data
Croatia,Bjelovarsko-Bilogorska Zupanija,HR021,2021-43,1097.15821096039,Epidemic intelligence subnational data
Croatia,Bjelovarsko-Bilogorska Zupanija,HR021,2021-44,1177.39256992518,Epidemic intelligence subnational data
Croatia,Bjelovarsko-Bilogorska Zupanija,HR021,2021-45,1294.01227772284,Epidemic intelligence subnational data
Croatia,Bjelovarsko-Bilogorska Zupanija,HR021,2021-46,1270.68833616331,Epidemic intelligence subnational data
Croatia,Bjelovarsko-Bilogorska Zupanija,HR021,2021-47,1128.87877148135,Epidemic intelligence subnational data
Croatia,Bjelovarsko-Bilogorska Zupanija,HR021,2021-48,1160.59933200231,Epidemic intelligence subnational data
Croatia,Bjelovarsko-Bilogorska Zupanija,HR021,2021-49,1022.52159796988,Epidemic intelligence subnational data
Croatia,Bjelovarsko-Bilogorska Zupanija,HR021,2021-50,782.751478737895,Epidemic intelligence subnational data
Croatia,Bjelovarsko-Bilogorska Zupanija,HR021,2021-51,500.065307036367,Epidemic intelligence subnational data
Croatia,Bjelovarsko-Bilogorska Zupanija,HR021,2021-52,390.909260537757,Epidemic intelligence subnational data
Croatia,Bjelovarsko-Bilogorska Zupanija,HR021,2022-01,733.304722631687,Epidemic intelligence subnational data
Croatia,Bjelovarsko-Bilogorska Zupanija,HR021,2022-02,1198.85059615995,Epidemic intelligence subnational data
Croatia,Bjelovarsko-Bilogorska Zupanija,HR021,2022-03,1550.57563487769,Epidemic intelligence subnational data
Croatia,Bjelovarsko-Bilogorska Zupanija,HR021,2022-04,1810.87082268207,Epidemic intelligence subnational data
Croatia,Viroviticko-Podravska Zupanija,HR022,2020-16,,Epidemic intelligence subnational data
Croatia,Viroviticko-Podravska Zupanija,HR022,2020-17,6.70951812240845,Epidemic intelligence subnational data
Croatia,Viroviticko-Podravska Zupanija,HR022,2020-18,2.68380724896338,Epidemic intelligence subnational data
Croatia,Viroviticko-Podravska Zupanija,HR022,2020-19,2.68380724896338,Epidemic intelligence subnational data
Croatia,Viroviticko-Podravska Zupanija,HR022,2020-20,0,Epidemic intelligence subnational data
Croatia,Viroviticko-Podravska Zupanija,HR022,2020-21,0,Epidemic intelligence subnational data
Croatia,Viroviticko-Podravska Zupanija,HR022,2020-22,0,Epidemic intelligence subnational data
Croatia,Viroviticko-Podravska Zupanija,HR022,2020-23,0,Epidemic intelligence subnational data
Croatia,Viroviticko-Podravska Zupanija,HR022,2020-24,0,Epidemic intelligence subnational data
Croatia,Viroviticko-Podravska Zupanija,HR022,2020-25,0,Epidemic intelligence subnational data
Croatia,Viroviticko-Podravska Zupanija,HR022,2020-26,2.68380724896338,Epidemic intelligence subnational data
Croatia,Viroviticko-Podravska Zupanija,HR022,2020-27,4.02571087344507,Epidemic intelligence subnational data
Croatia,Viroviticko-Podravska Zupanija,HR022,2020-28,13.4190362448169,Epidemic intelligence subnational data
Croatia,Viroviticko-Podravska Zupanija,HR022,2020-29,17.444747118262,Epidemic intelligence subnational data
Croatia,Viroviticko-Podravska Zupanija,HR022,2020-30,12.0771326203352,Epidemic intelligence subnational data
Croatia,Viroviticko-Podravska Zupanija,HR022,2020-31,10.7352289958535,Epidemic intelligence subnational data
Croatia,Viroviticko-Podravska Zupanija,HR022,2020-32,5.36761449792676,Epidemic intelligence subnational data
Croatia,Viroviticko-Podravska Zupanija,HR022,2020-33,8.05142174689014,Epidemic intelligence subnational data
Croatia,Viroviticko-Podravska Zupanija,HR022,2020-34,24.1542652406704,Epidemic intelligence subnational data
Croatia,Viroviticko-Podravska Zupanija,HR022,2020-35,48.3085304813408,Epidemic intelligence subnational data
Croatia,Viroviticko-Podravska Zupanija,HR022,2020-36,71.1208920975296,Epidemic intelligence subnational data
Croatia,Viroviticko-Podravska Zupanija,HR022,2020-37,115.403711705425,Epidemic intelligence subnational data
Croatia,Viroviticko-Podravska Zupanija,HR022,2020-38,111.37800083198,Epidemic intelligence subnational data
Croatia,Viroviticko-Podravska Zupanija,HR022,2020-39,85.8818319668282,Epidemic intelligence subnational data
Croatia,Viroviticko-Podravska Zupanija,HR022,2020-40,95.2751573382,Epidemic intelligence subnational data
Croatia,Viroviticko-Podravska Zupanija,HR022,2020-41,159.686531313321,Epidemic intelligence subnational data
Croatia,Viroviticko-Podravska Zupanija,HR022,2020-42,308.637833630789,Epidemic intelligence subnational data
Croatia,Viroviticko-Podravska Zupanija,HR022,2020-43,446.853906952403,Epidemic intelligence subnational data
Croatia,Viroviticko-Podravska Zupanija,HR022,2020-44,503.213859180634,Epidemic intelligence subnational data
Croatia,Viroviticko-Podravska Zupanija,HR022,2020-45,527.368124421304,Epidemic intelligence subnational data
Croatia,Viroviticko-Podravska Zupanija,HR022,2020-46,523.342413547859,Epidemic intelligence subnational data
Croatia,Viroviticko-Podravska Zupanija,HR022,2020-47,648.139450624656,Epidemic intelligence subnational data
Croatia,Viroviticko-Podravska Zupanija,HR022,2020-48,963.486802377853,Epidemic intelligence subnational data
Croatia,Viroviticko-Podravska Zupanija,HR022,2020-49,971.538224124743,Epidemic intelligence subnational data
Croatia,Viroviticko-Podravska Zupanija,HR022,2020-50,909.810657398586,Epidemic intelligence subnational data
Croatia,Viroviticko-Podravska Zupanija,HR022,2020-51,931.281115390293,Epidemic intelligence subnational data
Croatia,Viroviticko-Podravska Zupanija,HR022,2020-52,654.848968747065,Epidemic intelligence subnational data
Croatia,Viroviticko-Podravska Zupanija,HR022,2020-53,421.357738087251,Epidemic intelligence subnational data
Croatia,Viroviticko-Podravska Zupanija,HR022,2021-01,393.177761973135,Epidemic intelligence subnational data
Croatia,Viroviticko-Podravska Zupanija,HR022,2021-02,330.108291622496,Epidemic intelligence subnational data
Croatia,Viroviticko-Podravska Zupanija,HR022,2021-03,224.097905288442,Epidemic intelligence subnational data
Croatia,Viroviticko-Podravska Zupanija,HR022,2021-04,169.079856684693,Epidemic intelligence subnational data
Croatia,Viroviticko-Podravska Zupanija,HR022,2021-05,112.719904456462,Epidemic intelligence subnational data
Croatia,Viroviticko-Podravska Zupanija,HR022,2021-06,60.385663101676,Epidemic intelligence subnational data
Croatia,Viroviticko-Podravska Zupanija,HR022,2021-07,71.1208920975296,Epidemic intelligence subnational data
Croatia,Viroviticko-Podravska Zupanija,HR022,2021-08,89.9075428402732,Epidemic intelligence subnational data
Croatia,Viroviticko-Podravska Zupanija,HR022,2021-09,96.6170609626817,Epidemic intelligence subnational data
Croatia,Viroviticko-Podravska Zupanija,HR022,2021-10,87.2237355913098,Epidemic intelligence subnational data
Croatia,Viroviticko-Podravska Zupanija,HR022,2021-11,68.4370848485662,Epidemic intelligence subnational data
Croatia,Viroviticko-Podravska Zupanija,HR022,2021-12,75.1466029709746,Epidemic intelligence subnational data
Croatia,Viroviticko-Podravska Zupanija,HR022,2021-13,95.2751573382,Epidemic intelligence subnational data
Croatia,Viroviticko-Podravska Zupanija,HR022,2021-14,130.164651574724,Epidemic intelligence subnational data
Croatia,Viroviticko-Podravska Zupanija,HR022,2021-15,159.686531313321,Epidemic intelligence subnational data
Croatia,Viroviticko-Podravska Zupanija,HR022,2021-16,189.208411051918,Epidemic intelligence subnational data
Croatia,Viroviticko-Podravska Zupanija,HR022,2021-17,207.995061794662,Epidemic intelligence subnational data
Croatia,Viroviticko-Podravska Zupanija,HR022,2021-18,170.421760309175,Epidemic intelligence subnational data
Croatia,Viroviticko-Podravska Zupanija,HR022,2021-19,159.686531313321,Epidemic intelligence subnational data
Croatia,Viroviticko-Podravska Zupanija,HR022,2021-20,152.977013190913,Epidemic intelligence subnational data
Croatia,Viroviticko-Podravska Zupanija,HR022,2021-21,97.9589645871634,Epidemic intelligence subnational data
Croatia,Viroviticko-Podravska Zupanija,HR022,2021-22,68.4370848485662,Epidemic intelligence subnational data
Croatia,Viroviticko-Podravska Zupanija,HR022,2021-23,55.0180486037493,Epidemic intelligence subnational data
Croatia,Viroviticko-Podravska Zupanija,HR022,2021-24,41.5990123589324,Epidemic intelligence subnational data
Croatia,Viroviticko-Podravska Zupanija,HR022,2021-25,26.8380724896338,Epidemic intelligence subnational data
Croatia,Viroviticko-Podravska Zupanija,HR022,2021-26,14.7609398692986,Epidemic intelligence subnational data
Croatia,Viroviticko-Podravska Zupanija,HR022,2021-27,10.7352289958535,Epidemic intelligence subnational data
Croatia,Viroviticko-Podravska Zupanija,HR022,2021-28,4.02571087344507,Epidemic intelligence subnational data
Croatia,Viroviticko-Podravska Zupanija,HR022,2021-29,2.68380724896338,Epidemic intelligence subnational data
Croatia,Viroviticko-Podravska Zupanija,HR022,2021-30,9.39332537137183,Epidemic intelligence subnational data
Croatia,Viroviticko-Podravska Zupanija,HR022,2021-31,9.39332537137183,Epidemic intelligence subnational data
Croatia,Viroviticko-Podravska Zupanija,HR022,2021-32,8.05142174689014,Epidemic intelligence subnational data
Croatia,Viroviticko-Podravska Zupanija,HR022,2021-33,46.9666268568591,Epidemic intelligence subnational data
Croatia,Viroviticko-Podravska Zupanija,HR022,2021-34,127.480844325761,Epidemic intelligence subnational data
Croatia,Viroviticko-Podravska Zupanija,HR022,2021-35,225.439808912924,Epidemic intelligence subnational data
Croatia,Viroviticko-Podravska Zupanija,HR022,2021-36,347.553038740758,Epidemic intelligence subnational data
Croatia,Viroviticko-Podravska Zupanija,HR022,2021-37,386.468243850727,Epidemic intelligence subnational data
Croatia,Viroviticko-Podravska Zupanija,HR022,2021-38,354.262556863166,Epidemic intelligence subnational data
Croatia,Viroviticko-Podravska Zupanija,HR022,2021-39,425.383448960696,Epidemic intelligence subnational data
Croatia,Viroviticko-Podravska Zupanija,HR022,2021-40,543.470967915084,Epidemic intelligence subnational data
Croatia,Viroviticko-Podravska Zupanija,HR022,2021-41,641.429932502248,Epidemic intelligence subnational data
Croatia,Viroviticko-Podravska Zupanija,HR022,2021-42,848.083090672428,Epidemic intelligence subnational data
Croatia,Viroviticko-Podravska Zupanija,HR022,2021-43,1101.70287569947,Epidemic intelligence subnational data
Croatia,Viroviticko-Podravska Zupanija,HR022,2021-44,1317.74935924102,Epidemic intelligence subnational data
Croatia,Viroviticko-Podravska Zupanija,HR022,2021-45,1700.1918922183,Epidemic intelligence subnational data
Croatia,Viroviticko-Podravska Zupanija,HR022,2021-46,1882.69078514781,Epidemic intelligence subnational data
Croatia,Viroviticko-Podravska Zupanija,HR022,2021-47,1749.84232632412,Epidemic intelligence subnational data
Croatia,Viroviticko-Podravska Zupanija,HR022,2021-48,1407.65690208129,Epidemic intelligence subnational data
Croatia,Viroviticko-Podravska Zupanija,HR022,2021-49,970.196320500262,Epidemic intelligence subnational data
Croatia,Viroviticko-Podravska Zupanija,HR022,2021-50,693.764173857034,Epidemic intelligence subnational data
Croatia,Viroviticko-Podravska Zupanija,HR022,2021-51,505.897666429597,Epidemic intelligence subnational data
Croatia,Viroviticko-Podravska Zupanija,HR022,2021-52,471.008172193073,Epidemic intelligence subnational data
Croatia,Viroviticko-Podravska Zupanija,HR022,2022-01,617.275667261577,Epidemic intelligence subnational data
Croatia,Viroviticko-Podravska Zupanija,HR022,2022-02,972.880127749225,Epidemic intelligence subnational data
Croatia,Viroviticko-Podravska Zupanija,HR022,2022-03,1366.05788972236,Epidemic intelligence subnational data
Croatia,Viroviticko-Podravska Zupanija,HR022,2022-04,1623.70338562285,Epidemic intelligence subnational data
Croatia,Pozesko-Slavonska Zupanija,HR023,2020-16,,Epidemic intelligence subnational data
Croatia,Pozesko-Slavonska Zupanija,HR023,2020-17,0,Epidemic intelligence subnational data
Croatia,Pozesko-Slavonska Zupanija,HR023,2020-18,0,Epidemic intelligence subnational data
Croatia,Pozesko-Slavonska Zupanija,HR023,2020-19,2.9838276541147,Epidemic intelligence subnational data
Croatia,Pozesko-Slavonska Zupanija,HR023,2020-20,7.45956913528675,Epidemic intelligence subnational data
Croatia,Pozesko-Slavonska Zupanija,HR023,2020-21,4.47574148117205,Epidemic intelligence subnational data
Croatia,Pozesko-Slavonska Zupanija,HR023,2020-22,0,Epidemic intelligence subnational data
Croatia,Pozesko-Slavonska Zupanija,HR023,2020-23,0,Epidemic intelligence subnational data
Croatia,Pozesko-Slavonska Zupanija,HR023,2020-24,0,Epidemic intelligence subnational data
Croatia,Pozesko-Slavonska Zupanija,HR023,2020-25,0,Epidemic intelligence subnational data
Croatia,Pozesko-Slavonska Zupanija,HR023,2020-26,14.9191382705735,Epidemic intelligence subnational data
Croatia,Pozesko-Slavonska Zupanija,HR023,2020-27,95.4824849316703,Epidemic intelligence subnational data
Croatia,Pozesko-Slavonska Zupanija,HR023,2020-28,102.942054066957,Epidemic intelligence subnational data
Croatia,Pozesko-Slavonska Zupanija,HR023,2020-29,25.3625350599749,Epidemic intelligence subnational data
Croatia,Pozesko-Slavonska Zupanija,HR023,2020-30,10.4433967894014,Epidemic intelligence subnational data
Croatia,Pozesko-Slavonska Zupanija,HR023,2020-31,7.45956913528675,Epidemic intelligence subnational data
Croatia,Pozesko-Slavonska Zupanija,HR023,2020-32,5.9676553082294,Epidemic intelligence subnational data
Croatia,Pozesko-Slavonska Zupanija,HR023,2020-33,23.8706212329176,Epidemic intelligence subnational data
Croatia,Pozesko-Slavonska Zupanija,HR023,2020-34,52.2169839470072,Epidemic intelligence subnational data
Croatia,Pozesko-Slavonska Zupanija,HR023,2020-35,120.845019991645,Epidemic intelligence subnational data
Croatia,Pozesko-Slavonska Zupanija,HR023,2020-36,159.634779495136,Epidemic intelligence subnational data
Croatia,Pozesko-Slavonska Zupanija,HR023,2020-37,162.618607149251,Epidemic intelligence subnational data
Croatia,Pozesko-Slavonska Zupanija,HR023,2020-38,179.029659246882,Epidemic intelligence subnational data
Croatia,Pozesko-Slavonska Zupanija,HR023,2020-39,187.981142209226,Epidemic intelligence subnational data
Croatia,Pozesko-Slavonska Zupanija,HR023,2020-40,144.715641224563,Epidemic intelligence subnational data
Croatia,Pozesko-Slavonska Zupanija,HR023,2020-41,122.336933818703,Epidemic intelligence subnational data
Croatia,Pozesko-Slavonska Zupanija,HR023,2020-42,167.094348630423,Epidemic intelligence subnational data
Croatia,Pozesko-Slavonska Zupanija,HR023,2020-43,255.117264426807,Epidemic intelligence subnational data
Croatia,Pozesko-Slavonska Zupanija,HR023,2020-44,277.495971832667,Epidemic intelligence subnational data
Croatia,Pozesko-Slavonska Zupanija,HR023,2020-45,323.745300471445,Epidemic intelligence subnational data
Croatia,Pozesko-Slavonska Zupanija,HR023,2020-46,410.276302440771,Epidemic intelligence subnational data
Croatia,Pozesko-Slavonska Zupanija,HR023,2020-47,552.008116011219,Epidemic intelligence subnational data
Croatia,Pozesko-Slavonska Zupanija,HR023,2020-48,728.053947603987,Epidemic intelligence subnational data
Croatia,Pozesko-Slavonska Zupanija,HR023,2020-49,778.779017723936,Epidemic intelligence subnational data
Croatia,Pozesko-Slavonska Zupanija,HR023,2020-50,847.407053768574,Epidemic intelligence subnational data
Croatia,Pozesko-Slavonska Zupanija,HR023,2020-51,805.633466610969,Epidemic intelligence subnational data
Croatia,Pozesko-Slavonska Zupanija,HR023,2020-52,541.564719221818,Epidemic intelligence subnational data
Croatia,Pozesko-Slavonska Zupanija,HR023,2020-53,307.334248373814,Epidemic intelligence subnational data
Croatia,Pozesko-Slavonska Zupanija,HR023,2021-01,238.706212329176,Epidemic intelligence subnational data
Croatia,Pozesko-Slavonska Zupanija,HR023,2021-02,202.9002804798,Epidemic intelligence subnational data
Croatia,Pozesko-Slavonska Zupanija,HR023,2021-03,146.20755505162,Epidemic intelligence subnational data
Croatia,Pozesko-Slavonska Zupanija,HR023,2021-04,102.942054066957,Epidemic intelligence subnational data
Croatia,Pozesko-Slavonska Zupanija,HR023,2021-05,74.5956913528675,Epidemic intelligence subnational data
Croatia,Pozesko-Slavonska Zupanija,HR023,2021-06,40.2816733305484,Epidemic intelligence subnational data
Croatia,Pozesko-Slavonska Zupanija,HR023,2021-07,46.2493286387778,Epidemic intelligence subnational data
Croatia,Pozesko-Slavonska Zupanija,HR023,2021-08,64.152294563466,Epidemic intelligence subnational data
Croatia,Pozesko-Slavonska Zupanija,HR023,2021-09,67.1361222175807,Epidemic intelligence subnational data
Croatia,Pozesko-Slavonska Zupanija,HR023,2021-10,88.0229157963836,Epidemic intelligence subnational data
Croatia,Pozesko-Slavonska Zupanija,HR023,2021-11,131.288416781047,Epidemic intelligence subnational data
Croatia,Pozesko-Slavonska Zupanija,HR023,2021-12,153.667124186907,Epidemic intelligence subnational data
Croatia,Pozesko-Slavonska Zupanija,HR023,2021-13,237.214298502119,Epidemic intelligence subnational data
Croatia,Pozesko-Slavonska Zupanija,HR023,2021-14,305.842334546757,Epidemic intelligence subnational data
Croatia,Pozesko-Slavonska Zupanija,HR023,2021-15,378.946112072567,Epidemic intelligence subnational data
Croatia,Pozesko-Slavonska Zupanija,HR023,2021-16,480.396252312467,Epidemic intelligence subnational data
Croatia,Pozesko-Slavonska Zupanija,HR023,2021-17,498.299218237155,Epidemic intelligence subnational data
Croatia,Pozesko-Slavonska Zupanija,HR023,2021-18,384.913767380796,Epidemic intelligence subnational data
Croatia,Pozesko-Slavonska Zupanija,HR023,2021-19,214.835591096258,Epidemic intelligence subnational data
Croatia,Pozesko-Slavonska Zupanija,HR023,2021-20,135.764158262219,Epidemic intelligence subnational data
Croatia,Pozesko-Slavonska Zupanija,HR023,2021-21,77.5795190069822,Epidemic intelligence subnational data
Croatia,Pozesko-Slavonska Zupanija,HR023,2021-22,40.2816733305484,Epidemic intelligence subnational data
Croatia,Pozesko-Slavonska Zupanija,HR023,2021-23,25.3625350599749,Epidemic intelligence subnational data
Croatia,Pozesko-Slavonska Zupanija,HR023,2021-24,13.4272244435161,Epidemic intelligence subnational data
Croatia,Pozesko-Slavonska Zupanija,HR023,2021-25,5.9676553082294,Epidemic intelligence subnational data
Croatia,Pozesko-Slavonska Zupanija,HR023,2021-26,5.9676553082294,Epidemic intelligence subnational data
Croatia,Pozesko-Slavonska Zupanija,HR023,2021-27,8.9514829623441,Epidemic intelligence subnational data
Croatia,Pozesko-Slavonska Zupanija,HR023,2021-28,7.45956913528675,Epidemic intelligence subnational data
Croatia,Pozesko-Slavonska Zupanija,HR023,2021-29,8.9514829623441,Epidemic intelligence subnational data
Croatia,Pozesko-Slavonska Zupanija,HR023,2021-30,10.4433967894014,Epidemic intelligence subnational data
Croatia,Pozesko-Slavonska Zupanija,HR023,2021-31,11.9353106164588,Epidemic intelligence subnational data
Croatia,Pozesko-Slavonska Zupanija,HR023,2021-32,26.8544488870323,Epidemic intelligence subnational data
Croatia,Pozesko-Slavonska Zupanija,HR023,2021-33,47.7412424658352,Epidemic intelligence subnational data
Croatia,Pozesko-Slavonska Zupanija,HR023,2021-34,53.7088977740646,Epidemic intelligence subnational data
Croatia,Pozesko-Slavonska Zupanija,HR023,2021-35,86.5310019693263,Epidemic intelligence subnational data
Croatia,Pozesko-Slavonska Zupanija,HR023,2021-36,186.489228382169,Epidemic intelligence subnational data
Croatia,Pozesko-Slavonska Zupanija,HR023,2021-37,301.366593065585,Epidemic intelligence subnational data
Croatia,Pozesko-Slavonska Zupanija,HR023,2021-38,480.396252312467,Epidemic intelligence subnational data
Croatia,Pozesko-Slavonska Zupanija,HR023,2021-39,663.90165304052,Epidemic intelligence subnational data
Croatia,Pozesko-Slavonska Zupanija,HR023,2021-40,707.167154025184,Epidemic intelligence subnational data
Croatia,Pozesko-Slavonska Zupanija,HR023,2021-41,626.603807364087,Epidemic intelligence subnational data
Croatia,Pozesko-Slavonska Zupanija,HR023,2021-42,659.425911559348,Epidemic intelligence subnational data
Croatia,Pozesko-Slavonska Zupanija,HR023,2021-43,883.212985617951,Epidemic intelligence subnational data
Croatia,Pozesko-Slavonska Zupanija,HR023,2021-44,1172.64426806708,Epidemic intelligence subnational data
Croatia,Pozesko-Slavonska Zupanija,HR023,2021-45,1408.36665274214,Epidemic intelligence subnational data
Croatia,Pozesko-Slavonska Zupanija,HR023,2021-46,1283.04589126932,Epidemic intelligence subnational data
Croatia,Pozesko-Slavonska Zupanija,HR023,2021-47,1147.2817330071,Epidemic intelligence subnational data
Croatia,Pozesko-Slavonska Zupanija,HR023,2021-48,1053.29116190249,Epidemic intelligence subnational data
Croatia,Pozesko-Slavonska Zupanija,HR023,2021-49,784.746673032166,Epidemic intelligence subnational data
Croatia,Pozesko-Slavonska Zupanija,HR023,2021-50,625.111893537029,Epidemic intelligence subnational data
Croatia,Pozesko-Slavonska Zupanija,HR023,2021-51,520.677925643015,Epidemic intelligence subnational data
Croatia,Pozesko-Slavonska Zupanija,HR023,2021-52,502.774959718327,Epidemic intelligence subnational data
Croatia,Pozesko-Slavonska Zupanija,HR023,2022-01,775.795190069822,Epidemic intelligence subnational data
Croatia,Pozesko-Slavonska Zupanija,HR023,2022-02,1120.42728412007,Epidemic intelligence subnational data
Croatia,Pozesko-Slavonska Zupanija,HR023,2022-03,1802.23190308528,Epidemic intelligence subnational data
Croatia,Pozesko-Slavonska Zupanija,HR023,2022-04,2302.02303514949,Epidemic intelligence subnational data
Croatia,Brodsko-Posavska Zupanija,HR024,2020-16,,Epidemic intelligence subnational data
Croatia,Brodsko-Posavska Zupanija,HR024,2020-17,2.88176133252644,Epidemic intelligence subnational data
Croatia,Brodsko-Posavska Zupanija,HR024,2020-18,0,Epidemic intelligence subnational data
Croatia,Brodsko-Posavska Zupanija,HR024,2020-19,7.2044033313161,Epidemic intelligence subnational data
Croatia,Brodsko-Posavska Zupanija,HR024,2020-20,12.2474856632374,Epidemic intelligence subnational data
Croatia,Brodsko-Posavska Zupanija,HR024,2020-21,7.92484366444771,Epidemic intelligence subnational data
Croatia,Brodsko-Posavska Zupanija,HR024,2020-22,3.60220166565805,Epidemic intelligence subnational data
Croatia,Brodsko-Posavska Zupanija,HR024,2020-23,0.72044033313161,Epidemic intelligence subnational data
Croatia,Brodsko-Posavska Zupanija,HR024,2020-24,0,Epidemic intelligence subnational data
Croatia,Brodsko-Posavska Zupanija,HR024,2020-25,1.44088066626322,Epidemic intelligence subnational data
Croatia,Brodsko-Posavska Zupanija,HR024,2020-26,6.48396299818449,Epidemic intelligence subnational data
Croatia,Brodsko-Posavska Zupanija,HR024,2020-27,26.6562923258696,Epidemic intelligence subnational data
Croatia,Brodsko-Posavska Zupanija,HR024,2020-28,55.473905651134,Epidemic intelligence subnational data
Croatia,Brodsko-Posavska Zupanija,HR024,2020-29,46.108181320423,Epidemic intelligence subnational data
Croatia,Brodsko-Posavska Zupanija,HR024,2020-30,19.4518889945535,Epidemic intelligence subnational data
Croatia,Brodsko-Posavska Zupanija,HR024,2020-31,13.6883663295006,Epidemic intelligence subnational data
Croatia,Brodsko-Posavska Zupanija,HR024,2020-32,21.6132099939483,Epidemic intelligence subnational data
Croatia,Brodsko-Posavska Zupanija,HR024,2020-33,46.108181320423,Epidemic intelligence subnational data
Croatia,Brodsko-Posavska Zupanija,HR024,2020-34,105.184288637215,Epidemic intelligence subnational data
Croatia,Brodsko-Posavska Zupanija,HR024,2020-35,124.636177631769,Epidemic intelligence subnational data
Croatia,Brodsko-Posavska Zupanija,HR024,2020-36,100.141206305294,Epidemic intelligence subnational data
Croatia,Brodsko-Posavska Zupanija,HR024,2020-37,102.302527304689,Epidemic intelligence subnational data
Croatia,Brodsko-Posavska Zupanija,HR024,2020-38,100.861646638425,Epidemic intelligence subnational data
Croatia,Brodsko-Posavska Zupanija,HR024,2020-39,63.3987493155817,Epidemic intelligence subnational data
Croatia,Brodsko-Posavska Zupanija,HR024,2020-40,30.2584939915276,Epidemic intelligence subnational data
Croatia,Brodsko-Posavska Zupanija,HR024,2020-41,45.3877409872914,Epidemic intelligence subnational data
Croatia,Brodsko-Posavska Zupanija,HR024,2020-42,110.947811302268,Epidemic intelligence subnational data
Croatia,Brodsko-Posavska Zupanija,HR024,2020-43,308.348462580329,Epidemic intelligence subnational data
Croatia,Brodsko-Posavska Zupanija,HR024,2020-44,611.653842828737,Epidemic intelligence subnational data
Croatia,Brodsko-Posavska Zupanija,HR024,2020-45,858.044436759748,Epidemic intelligence subnational data
Croatia,Brodsko-Posavska Zupanija,HR024,2020-46,889.023371084407,Epidemic intelligence subnational data
Croatia,Brodsko-Posavska Zupanija,HR024,2020-47,961.067404397568,Epidemic intelligence subnational data
Croatia,Brodsko-Posavska Zupanija,HR024,2020-48,1098.67150802571,Epidemic intelligence subnational data
Croatia,Brodsko-Posavska Zupanija,HR024,2020-49,1080.66049969742,Epidemic intelligence subnational data
Croatia,Brodsko-Posavska Zupanija,HR024,2020-50,1118.84383735339,Epidemic intelligence subnational data
Croatia,Brodsko-Posavska Zupanija,HR024,2020-51,981.239733725253,Epidemic intelligence subnational data
Croatia,Brodsko-Posavska Zupanija,HR024,2020-52,626.062649491369,Epidemic intelligence subnational data
Croatia,Brodsko-Posavska Zupanija,HR024,2020-53,463.243134203625,Epidemic intelligence subnational data
Croatia,Brodsko-Posavska Zupanija,HR024,2021-01,421.457594881992,Epidemic intelligence subnational data
Croatia,Brodsko-Posavska Zupanija,HR024,2021-02,335.004754906199,Epidemic intelligence subnational data
Croatia,Brodsko-Posavska Zupanija,HR024,2021-03,263.681161926169,Epidemic intelligence subnational data
Croatia,Brodsko-Posavska Zupanija,HR024,2021-04,220.454741938273,Epidemic intelligence subnational data
Croatia,Brodsko-Posavska Zupanija,HR024,2021-05,180.110083282903,Epidemic intelligence subnational data
Croatia,Brodsko-Posavska Zupanija,HR024,2021-06,143.36762629319,Epidemic intelligence subnational data
Croatia,Brodsko-Posavska Zupanija,HR024,2021-07,157.776432955823,Epidemic intelligence subnational data
Croatia,Brodsko-Posavska Zupanija,HR024,2021-08,208.927696608167,Epidemic intelligence subnational data
Croatia,Brodsko-Posavska Zupanija,HR024,2021-09,208.927696608167,Epidemic intelligence subnational data
Croatia,Brodsko-Posavska Zupanija,HR024,2021-10,178.669202616639,Epidemic intelligence subnational data
Croatia,Brodsko-Posavska Zupanija,HR024,2021-11,203.164173943114,Epidemic intelligence subnational data
Croatia,Brodsko-Posavska Zupanija,HR024,2021-12,264.401602259301,Epidemic intelligence subnational data
Croatia,Brodsko-Posavska Zupanija,HR024,2021-13,356.617964900147,Epidemic intelligence subnational data
Croatia,Brodsko-Posavska Zupanija,HR024,2021-14,448.113887207862,Epidemic intelligence subnational data
Croatia,Brodsko-Posavska Zupanija,HR024,2021-15,584.277110169736,Epidemic intelligence subnational data
Croatia,Brodsko-Posavska Zupanija,HR024,2021-16,749.978386790006,Epidemic intelligence subnational data
Croatia,Brodsko-Posavska Zupanija,HR024,2021-17,778.075559782139,Epidemic intelligence subnational data
Croatia,Brodsko-Posavska Zupanija,HR024,2021-18,623.901328491974,Epidemic intelligence subnational data
Croatia,Brodsko-Posavska Zupanija,HR024,2021-19,381.833376559753,Epidemic intelligence subnational data
Croatia,Brodsko-Posavska Zupanija,HR024,2021-20,216.132099939483,Epidemic intelligence subnational data
Croatia,Brodsko-Posavska Zupanija,HR024,2021-21,109.506930636005,Epidemic intelligence subnational data
Croatia,Brodsko-Posavska Zupanija,HR024,2021-22,59.076107316792,Epidemic intelligence subnational data
Croatia,Brodsko-Posavska Zupanija,HR024,2021-23,51.8717039854759,Epidemic intelligence subnational data
Croatia,Brodsko-Posavska Zupanija,HR024,2021-24,32.4198149909225,Epidemic intelligence subnational data
Croatia,Brodsko-Posavska Zupanija,HR024,2021-25,18.0110083282903,Epidemic intelligence subnational data
Croatia,Brodsko-Posavska Zupanija,HR024,2021-26,11.5270453301058,Epidemic intelligence subnational data
Croatia,Brodsko-Posavska Zupanija,HR024,2021-27,6.48396299818449,Epidemic intelligence subnational data
Croatia,Brodsko-Posavska Zupanija,HR024,2021-28,5.76352266505288,Epidemic intelligence subnational data
Croatia,Brodsko-Posavska Zupanija,HR024,2021-29,8.64528399757932,Epidemic intelligence subnational data
Croatia,Brodsko-Posavska Zupanija,HR024,2021-30,17.2905679951586,Epidemic intelligence subnational data
Croatia,Brodsko-Posavska Zupanija,HR024,2021-31,18.7314486614219,Epidemic intelligence subnational data
Croatia,Brodsko-Posavska Zupanija,HR024,2021-32,39.6242183222386,Epidemic intelligence subnational data
Croatia,Brodsko-Posavska Zupanija,HR024,2021-33,100.141206305294,Epidemic intelligence subnational data
Croatia,Brodsko-Posavska Zupanija,HR024,2021-34,146.249387625717,Epidemic intelligence subnational data
Croatia,Brodsko-Posavska Zupanija,HR024,2021-35,204.605054609377,Epidemic intelligence subnational data
Croatia,Brodsko-Posavska Zupanija,HR024,2021-36,290.337454252039,Epidemic intelligence subnational data
Croatia,Brodsko-Posavska Zupanija,HR024,2021-37,350.134001901963,Epidemic intelligence subnational data
Croatia,Brodsko-Posavska Zupanija,HR024,2021-38,358.779285899542,Epidemic intelligence subnational data
Croatia,Brodsko-Posavska Zupanija,HR024,2021-39,407.769228552491,Epidemic intelligence subnational data
Croatia,Brodsko-Posavska Zupanija,HR024,2021-40,461.802253537362,Epidemic intelligence subnational data
Croatia,Brodsko-Posavska Zupanija,HR024,2021-41,474.049739200599,Epidemic intelligence subnational data
Croatia,Brodsko-Posavska Zupanija,HR024,2021-42,570.588743840235,Epidemic intelligence subnational data
Croatia,Brodsko-Posavska Zupanija,HR024,2021-43,760.064551453849,Epidemic intelligence subnational data
Croatia,Brodsko-Posavska Zupanija,HR024,2021-44,974.755770727068,Epidemic intelligence subnational data
Croatia,Brodsko-Posavska Zupanija,HR024,2021-45,1231.23252932192,Epidemic intelligence subnational data
Croatia,Brodsko-Posavska Zupanija,HR024,2021-46,1350.10518428864,Epidemic intelligence subnational data
Croatia,Brodsko-Posavska Zupanija,HR024,2021-47,1265.81366531224,Epidemic intelligence subnational data
Croatia,Brodsko-Posavska Zupanija,HR024,2021-48,1106.59635169015,Epidemic intelligence subnational data
Croatia,Brodsko-Posavska Zupanija,HR024,2021-49,866.689720757327,Epidemic intelligence subnational data
Croatia,Brodsko-Posavska Zupanija,HR024,2021-50,676.493472810582,Epidemic intelligence subnational data
Croatia,Brodsko-Posavska Zupanija,HR024,2021-51,555.459496844471,Epidemic intelligence subnational data
Croatia,Brodsko-Posavska Zupanija,HR024,2021-52,664.245987147344,Epidemic intelligence subnational data
Croatia,Brodsko-Posavska Zupanija,HR024,2022-01,1440.88066626322,Epidemic intelligence subnational data
Croatia,Brodsko-Posavska Zupanija,HR024,2022-02,2100.08357107864,Epidemic intelligence subnational data
Croatia,Brodsko-Posavska Zupanija,HR024,2022-03,2165.64364139362,Epidemic intelligence subnational data
Croatia,Brodsko-Posavska Zupanija,HR024,2022-04,2073.42727875277,Epidemic intelligence subnational data
Croatia,Osjecko-Baranjska Zupanija,HR025,2020-16,,Epidemic intelligence subnational data
Croatia,Osjecko-Baranjska Zupanija,HR025,2020-17,6.9076842533884,Epidemic intelligence subnational data
Croatia,Osjecko-Baranjska Zupanija,HR025,2020-18,5.81699726601129,Epidemic intelligence subnational data
Croatia,Osjecko-Baranjska Zupanija,HR025,2020-19,5.08987260775987,Epidemic intelligence subnational data
Croatia,Osjecko-Baranjska Zupanija,HR025,2020-20,1.81781164562853,Epidemic intelligence subnational data
Croatia,Osjecko-Baranjska Zupanija,HR025,2020-21,0.727124658251411,Epidemic intelligence subnational data
Croatia,Osjecko-Baranjska Zupanija,HR025,2020-22,0.727124658251411,Epidemic intelligence subnational data
Croatia,Osjecko-Baranjska Zupanija,HR025,2020-23,0,Epidemic intelligence subnational data
Croatia,Osjecko-Baranjska Zupanija,HR025,2020-24,0.363562329125705,Epidemic intelligence subnational data
Croatia,Osjecko-Baranjska Zupanija,HR025,2020-25,9.81618288639404,Epidemic intelligence subnational data
Croatia,Osjecko-Baranjska Zupanija,HR025,2020-26,58.1699726601129,Epidemic intelligence subnational data
Croatia,Osjecko-Baranjska Zupanija,HR025,2020-27,78.1659007620266,Epidemic intelligence subnational data
Croatia,Osjecko-Baranjska Zupanija,HR025,2020-28,67.6225932173812,Epidemic intelligence subnational data
Croatia,Osjecko-Baranjska Zupanija,HR025,2020-29,52.7165377232273,Epidemic intelligence subnational data
Croatia,Osjecko-Baranjska Zupanija,HR025,2020-30,30.902797975685,Epidemic intelligence subnational data
Croatia,Osjecko-Baranjska Zupanija,HR025,2020-31,29.4485486591821,Epidemic intelligence subnational data
Croatia,Osjecko-Baranjska Zupanija,HR025,2020-32,24.722238380548,Epidemic intelligence subnational data
Croatia,Osjecko-Baranjska Zupanija,HR025,2020-33,34.1748589378163,Epidemic intelligence subnational data
Croatia,Osjecko-Baranjska Zupanija,HR025,2020-34,47.9902274445931,Epidemic intelligence subnational data
Croatia,Osjecko-Baranjska Zupanija,HR025,2020-35,42.1732301785818,Epidemic intelligence subnational data
Croatia,Osjecko-Baranjska Zupanija,HR025,2020-36,32.7206096213135,Epidemic intelligence subnational data
Croatia,Osjecko-Baranjska Zupanija,HR025,2020-37,39.9918562038276,Epidemic intelligence subnational data
Croatia,Osjecko-Baranjska Zupanija,HR025,2020-38,42.1732301785818,Epidemic intelligence subnational data
Croatia,Osjecko-Baranjska Zupanija,HR025,2020-39,37.8104822290734,Epidemic intelligence subnational data
Croatia,Osjecko-Baranjska Zupanija,HR025,2020-40,53.8072247106044,Epidemic intelligence subnational data
Croatia,Osjecko-Baranjska Zupanija,HR025,2020-41,109.795823395963,Epidemic intelligence subnational data
Croatia,Osjecko-Baranjska Zupanija,HR025,2020-42,257.402129020999,Epidemic intelligence subnational data
Croatia,Osjecko-Baranjska Zupanija,HR025,2020-43,506.805886801233,Epidemic intelligence subnational data
Croatia,Osjecko-Baranjska Zupanija,HR025,2020-44,670.772497236926,Epidemic intelligence subnational data
Croatia,Osjecko-Baranjska Zupanija,HR025,2020-45,725.670408934908,Epidemic intelligence subnational data
Croatia,Osjecko-Baranjska Zupanija,HR025,2020-46,754.028270606713,Epidemic intelligence subnational data
Croatia,Osjecko-Baranjska Zupanija,HR025,2020-47,967.439357803502,Epidemic intelligence subnational data
Croatia,Osjecko-Baranjska Zupanija,HR025,2020-48,1127.40678261881,Epidemic intelligence subnational data
Croatia,Osjecko-Baranjska Zupanija,HR025,2020-49,1059.78418940143,Epidemic intelligence subnational data
Croatia,Osjecko-Baranjska Zupanija,HR025,2020-50,1124.86184631493,Epidemic intelligence subnational data
Croatia,Osjecko-Baranjska Zupanija,HR025,2020-51,1085.59711476936,Epidemic intelligence subnational data
Croatia,Osjecko-Baranjska Zupanija,HR025,2020-52,763.844453493107,Epidemic intelligence subnational data
Croatia,Osjecko-Baranjska Zupanija,HR025,2020-53,430.094235355709,Epidemic intelligence subnational data
Croatia,Osjecko-Baranjska Zupanija,HR025,2021-01,296.30329823745,Epidemic intelligence subnational data
Croatia,Osjecko-Baranjska Zupanija,HR025,2021-02,245.041009830725,Epidemic intelligence subnational data
Croatia,Osjecko-Baranjska Zupanija,HR025,2021-03,168.329358385202,Epidemic intelligence subnational data
Croatia,Osjecko-Baranjska Zupanija,HR025,2021-04,119.612006282357,Epidemic intelligence subnational data
Croatia,Osjecko-Baranjska Zupanija,HR025,2021-05,93.4355185853063,Epidemic intelligence subnational data
Croatia,Osjecko-Baranjska Zupanija,HR025,2021-06,82.5286487115351,Epidemic intelligence subnational data
Croatia,Osjecko-Baranjska Zupanija,HR025,2021-07,79.9837124076552,Epidemic intelligence subnational data
Croatia,Osjecko-Baranjska Zupanija,HR025,2021-08,90.5270199523006,Epidemic intelligence subnational data
Croatia,Osjecko-Baranjska Zupanija,HR025,2021-09,123.974754231866,Epidemic intelligence subnational data
Croatia,Osjecko-Baranjska Zupanija,HR025,2021-10,119.248443953231,Epidemic intelligence subnational data
Croatia,Osjecko-Baranjska Zupanija,HR025,2021-11,103.978826129952,Epidemic intelligence subnational data
Croatia,Osjecko-Baranjska Zupanija,HR025,2021-12,169.420045372579,Epidemic intelligence subnational data
Croatia,Osjecko-Baranjska Zupanija,HR025,2021-13,262.492001628759,Epidemic intelligence subnational data
Croatia,Osjecko-Baranjska Zupanija,HR025,2021-14,322.843348263626,Epidemic intelligence subnational data
Croatia,Osjecko-Baranjska Zupanija,HR025,2021-15,419.187365481938,Epidemic intelligence subnational data
Croatia,Osjecko-Baranjska Zupanija,HR025,2021-16,516.258507358502,Epidemic intelligence subnational data
Croatia,Osjecko-Baranjska Zupanija,HR025,2021-17,499.534640218719,Epidemic intelligence subnational data
Croatia,Osjecko-Baranjska Zupanija,HR025,2021-18,427.185736722704,Epidemic intelligence subnational data
Croatia,Osjecko-Baranjska Zupanija,HR025,2021-19,358.10889418882,Epidemic intelligence subnational data
Croatia,Osjecko-Baranjska Zupanija,HR025,2021-20,246.495259147228,Epidemic intelligence subnational data
Croatia,Osjecko-Baranjska Zupanija,HR025,2021-21,122.884067244488,Epidemic intelligence subnational data
Croatia,Osjecko-Baranjska Zupanija,HR025,2021-22,56.71572334361,Epidemic intelligence subnational data
Croatia,Osjecko-Baranjska Zupanija,HR025,2021-23,35.6291082543191,Epidemic intelligence subnational data
Croatia,Osjecko-Baranjska Zupanija,HR025,2021-24,25.0858007096737,Epidemic intelligence subnational data
Croatia,Osjecko-Baranjska Zupanija,HR025,2021-25,15.6331801524053,Epidemic intelligence subnational data
Croatia,Osjecko-Baranjska Zupanija,HR025,2021-26,13.0882438485254,Epidemic intelligence subnational data
Croatia,Osjecko-Baranjska Zupanija,HR025,2021-27,19.2688034436624,Epidemic intelligence subnational data
Croatia,Osjecko-Baranjska Zupanija,HR025,2021-28,21.0866150892909,Epidemic intelligence subnational data
Croatia,Osjecko-Baranjska Zupanija,HR025,2021-29,17.4509917980339,Epidemic intelligence subnational data
Croatia,Osjecko-Baranjska Zupanija,HR025,2021-30,16.7238671397825,Epidemic intelligence subnational data
Croatia,Osjecko-Baranjska Zupanija,HR025,2021-31,20.3594904310395,Epidemic intelligence subnational data
Croatia,Osjecko-Baranjska Zupanija,HR025,2021-32,34.538421266942,Epidemic intelligence subnational data
Croatia,Osjecko-Baranjska Zupanija,HR025,2021-33,65.8047815717527,Epidemic intelligence subnational data
Croatia,Osjecko-Baranjska Zupanija,HR025,2021-34,118.52131929498,Epidemic intelligence subnational data
Croatia,Osjecko-Baranjska Zupanija,HR025,2021-35,161.421674131813,Epidemic intelligence subnational data
Croatia,Osjecko-Baranjska Zupanija,HR025,2021-36,193.415159094875,Epidemic intelligence subnational data
Croatia,Osjecko-Baranjska Zupanija,HR025,2021-37,256.675004362748,Epidemic intelligence subnational data
Croatia,Osjecko-Baranjska Zupanija,HR025,2021-38,292.667674946193,Epidemic intelligence subnational data
Croatia,Osjecko-Baranjska Zupanija,HR025,2021-39,324.297597580129,Epidemic intelligence subnational data
Croatia,Osjecko-Baranjska Zupanija,HR025,2021-40,365.380140771334,Epidemic intelligence subnational data
Croatia,Osjecko-Baranjska Zupanija,HR025,2021-41,387.193880518876,Epidemic intelligence subnational data
Croatia,Osjecko-Baranjska Zupanija,HR025,2021-42,512.98644639637,Epidemic intelligence subnational data
Croatia,Osjecko-Baranjska Zupanija,HR025,2021-43,826.013611773603,Epidemic intelligence subnational data
Croatia,Osjecko-Baranjska Zupanija,HR025,2021-44,1096.50398464313,Epidemic intelligence subnational data
Croatia,Osjecko-Baranjska Zupanija,HR025,2021-45,1299.37176429527,Epidemic intelligence subnational data
Croatia,Osjecko-Baranjska Zupanija,HR025,2021-46,1368.81216915828,Epidemic intelligence subnational data
Croatia,Osjecko-Baranjska Zupanija,HR025,2021-47,1311.36932115642,Epidemic intelligence subnational data
Croatia,Osjecko-Baranjska Zupanija,HR025,2021-48,1207.39049502647,Epidemic intelligence subnational data
Croatia,Osjecko-Baranjska Zupanija,HR025,2021-49,1031.0627654005,Epidemic intelligence subnational data
Croatia,Osjecko-Baranjska Zupanija,HR025,2021-50,945.989180385085,Epidemic intelligence subnational data
Croatia,Osjecko-Baranjska Zupanija,HR025,2021-51,795.837938456169,Epidemic intelligence subnational data
Croatia,Osjecko-Baranjska Zupanija,HR025,2021-52,723.489034960154,Epidemic intelligence subnational data
Croatia,Osjecko-Baranjska Zupanija,HR025,2022-01,1009.97615031121,Epidemic intelligence subnational data
Croatia,Osjecko-Baranjska Zupanija,HR025,2022-02,1550.95689605026,Epidemic intelligence subnational data
Croatia,Osjecko-Baranjska Zupanija,HR025,2022-03,2002.50130882439,Epidemic intelligence subnational data
Croatia,Osjecko-Baranjska Zupanija,HR025,2022-04,1969.05357454482,Epidemic intelligence subnational data
Croatia,Vukovarsko-Srijemska Zupanija,HR026,2020-16,,Epidemic intelligence subnational data
Croatia,Vukovarsko-Srijemska Zupanija,HR026,2020-17,2.62305402179758,Epidemic intelligence subnational data
Croatia,Vukovarsko-Srijemska Zupanija,HR026,2020-18,0.655763505449395,Epidemic intelligence subnational data
Croatia,Vukovarsko-Srijemska Zupanija,HR026,2020-19,0,Epidemic intelligence subnational data
Croatia,Vukovarsko-Srijemska Zupanija,HR026,2020-20,0,Epidemic intelligence subnational data
Croatia,Vukovarsko-Srijemska Zupanija,HR026,2020-21,0.655763505449395,Epidemic intelligence subnational data
Croatia,Vukovarsko-Srijemska Zupanija,HR026,2020-22,0.655763505449395,Epidemic intelligence subnational data
Croatia,Vukovarsko-Srijemska Zupanija,HR026,2020-23,0,Epidemic intelligence subnational data
Croatia,Vukovarsko-Srijemska Zupanija,HR026,2020-24,0,Epidemic intelligence subnational data
Croatia,Vukovarsko-Srijemska Zupanija,HR026,2020-25,0.655763505449395,Epidemic intelligence subnational data
Croatia,Vukovarsko-Srijemska Zupanija,HR026,2020-26,9.18068907629153,Epidemic intelligence subnational data
Croatia,Vukovarsko-Srijemska Zupanija,HR026,2020-27,28.8535942397734,Epidemic intelligence subnational data
Croatia,Vukovarsko-Srijemska Zupanija,HR026,2020-28,57.0514249740973,Epidemic intelligence subnational data
Croatia,Vukovarsko-Srijemska Zupanija,HR026,2020-29,102.299106850106,Epidemic intelligence subnational data
Croatia,Vukovarsko-Srijemska Zupanija,HR026,2020-30,158.039004813304,Epidemic intelligence subnational data
Croatia,Vukovarsko-Srijemska Zupanija,HR026,2020-31,141.644917177069,Epidemic intelligence subnational data
Croatia,Vukovarsko-Srijemska Zupanija,HR026,2020-32,89.1838367411177,Epidemic intelligence subnational data
Croatia,Vukovarsko-Srijemska Zupanija,HR026,2020-33,68.8551680721865,Epidemic intelligence subnational data
Croatia,Vukovarsko-Srijemska Zupanija,HR026,2020-34,51.8053169305022,Epidemic intelligence subnational data
Croatia,Vukovarsko-Srijemska Zupanija,HR026,2020-35,47.2149723923564,Epidemic intelligence subnational data
Croatia,Vukovarsko-Srijemska Zupanija,HR026,2020-36,50.4937899196034,Epidemic intelligence subnational data
Croatia,Vukovarsko-Srijemska Zupanija,HR026,2020-37,59.0187154904455,Epidemic intelligence subnational data
Croatia,Vukovarsko-Srijemska Zupanija,HR026,2020-38,51.8053169305022,Epidemic intelligence subnational data
Croatia,Vukovarsko-Srijemska Zupanija,HR026,2020-39,71.478222093984,Epidemic intelligence subnational data
Croatia,Vukovarsko-Srijemska Zupanija,HR026,2020-40,139.021863155272,Epidemic intelligence subnational data
Croatia,Vukovarsko-Srijemska Zupanija,HR026,2020-41,196.073288129369,Epidemic intelligence subnational data
Croatia,Vukovarsko-Srijemska Zupanija,HR026,2020-42,258.370821147062,Epidemic intelligence subnational data
Croatia,Vukovarsko-Srijemska Zupanija,HR026,2020-43,399.359974818681,Epidemic intelligence subnational data
Croatia,Vukovarsko-Srijemska Zupanija,HR026,2020-44,539.693364984852,Epidemic intelligence subnational data
Croatia,Vukovarsko-Srijemska Zupanija,HR026,2020-45,700.355423819954,Epidemic intelligence subnational data
Croatia,Vukovarsko-Srijemska Zupanija,HR026,2020-46,760.029902815849,Epidemic intelligence subnational data
Croatia,Vukovarsko-Srijemska Zupanija,HR026,2020-47,751.504977245006,Epidemic intelligence subnational data
Croatia,Vukovarsko-Srijemska Zupanija,HR026,2020-48,869.542408225897,Epidemic intelligence subnational data
Croatia,Vukovarsko-Srijemska Zupanija,HR026,2020-49,889.215313389379,Epidemic intelligence subnational data
Croatia,Vukovarsko-Srijemska Zupanija,HR026,2020-50,874.132752764043,Epidemic intelligence subnational data
Croatia,Vukovarsko-Srijemska Zupanija,HR026,2020-51,761.341429826747,Epidemic intelligence subnational data
Croatia,Vukovarsko-Srijemska Zupanija,HR026,2020-52,451.165291749184,Epidemic intelligence subnational data
Croatia,Vukovarsko-Srijemska Zupanija,HR026,2020-53,255.092003619815,Epidemic intelligence subnational data
Croatia,Vukovarsko-Srijemska Zupanija,HR026,2021-01,205.253977205661,Epidemic intelligence subnational data
Croatia,Vukovarsko-Srijemska Zupanija,HR026,2021-02,175.088855954988,Epidemic intelligence subnational data
Croatia,Vukovarsko-Srijemska Zupanija,HR026,2021-03,139.677626660721,Epidemic intelligence subnational data
Croatia,Vukovarsko-Srijemska Zupanija,HR026,2021-04,104.922160871903,Epidemic intelligence subnational data
Croatia,Vukovarsko-Srijemska Zupanija,HR026,2021-05,110.168268915498,Epidemic intelligence subnational data
Croatia,Vukovarsko-Srijemska Zupanija,HR026,2021-06,112.791322937296,Epidemic intelligence subnational data
Croatia,Vukovarsko-Srijemska Zupanija,HR026,2021-07,109.512505410049,Epidemic intelligence subnational data
Croatia,Vukovarsko-Srijemska Zupanija,HR026,2021-08,114.102849948195,Epidemic intelligence subnational data
Croatia,Vukovarsko-Srijemska Zupanija,HR026,2021-09,120.004721497239,Epidemic intelligence subnational data
Croatia,Vukovarsko-Srijemska Zupanija,HR026,2021-10,129.185410573531,Epidemic intelligence subnational data
Croatia,Vukovarsko-Srijemska Zupanija,HR026,2021-11,140.98915367162,Epidemic intelligence subnational data
Croatia,Vukovarsko-Srijemska Zupanija,HR026,2021-12,219.025010820098,Epidemic intelligence subnational data
Croatia,Vukovarsko-Srijemska Zupanija,HR026,2021-13,376.408252127953,Epidemic intelligence subnational data
Croatia,Vukovarsko-Srijemska Zupanija,HR026,2021-14,423.623224520309,Epidemic intelligence subnational data
Croatia,Vukovarsko-Srijemska Zupanija,HR026,2021-15,460.345980825475,Epidemic intelligence subnational data
Croatia,Vukovarsko-Srijemska Zupanija,HR026,2021-16,610.515823573387,Epidemic intelligence subnational data
Croatia,Vukovarsko-Srijemska Zupanija,HR026,2021-17,621.663803166026,Epidemic intelligence subnational data
Croatia,Vukovarsko-Srijemska Zupanija,HR026,2021-18,502.314845174236,Epidemic intelligence subnational data
Croatia,Vukovarsko-Srijemska Zupanija,HR026,2021-19,318.045300142956,Epidemic intelligence subnational data
Croatia,Vukovarsko-Srijemska Zupanija,HR026,2021-20,167.875457395045,Epidemic intelligence subnational data
Croatia,Vukovarsko-Srijemska Zupanija,HR026,2021-21,114.102849948195,Epidemic intelligence subnational data
Croatia,Vukovarsko-Srijemska Zupanija,HR026,2021-22,67.5436410612877,Epidemic intelligence subnational data
Croatia,Vukovarsko-Srijemska Zupanija,HR026,2021-23,41.3131008433119,Epidemic intelligence subnational data
Croatia,Vukovarsko-Srijemska Zupanija,HR026,2021-24,30.1651212506722,Epidemic intelligence subnational data
Croatia,Vukovarsko-Srijemska Zupanija,HR026,2021-25,24.2632497016276,Epidemic intelligence subnational data
Croatia,Vukovarsko-Srijemska Zupanija,HR026,2021-26,23.6074861961782,Epidemic intelligence subnational data
Croatia,Vukovarsko-Srijemska Zupanija,HR026,2021-27,23.6074861961782,Epidemic intelligence subnational data
Croatia,Vukovarsko-Srijemska Zupanija,HR026,2021-28,26.2305402179758,Epidemic intelligence subnational data
Croatia,Vukovarsko-Srijemska Zupanija,HR026,2021-29,24.919013207077,Epidemic intelligence subnational data
Croatia,Vukovarsko-Srijemska Zupanija,HR026,2021-30,21.64019567983,Epidemic intelligence subnational data
Croatia,Vukovarsko-Srijemska Zupanija,HR026,2021-31,17.0498511416843,Epidemic intelligence subnational data
Croatia,Vukovarsko-Srijemska Zupanija,HR026,2021-32,15.0825606253361,Epidemic intelligence subnational data
Croatia,Vukovarsko-Srijemska Zupanija,HR026,2021-33,42.6246278542107,Epidemic intelligence subnational data
Croatia,Vukovarsko-Srijemska Zupanija,HR026,2021-34,87.8723097302189,Epidemic intelligence subnational data
Croatia,Vukovarsko-Srijemska Zupanija,HR026,2021-35,121.972012013587,Epidemic intelligence subnational data
Croatia,Vukovarsko-Srijemska Zupanija,HR026,2021-36,144.267971198867,Epidemic intelligence subnational data
Croatia,Vukovarsko-Srijemska Zupanija,HR026,2021-37,195.41752462392,Epidemic intelligence subnational data
Croatia,Vukovarsko-Srijemska Zupanija,HR026,2021-38,258.370821147062,Epidemic intelligence subnational data
Croatia,Vukovarsko-Srijemska Zupanija,HR026,2021-39,320.668354164754,Epidemic intelligence subnational data
Croatia,Vukovarsko-Srijemska Zupanija,HR026,2021-40,394.113866775086,Epidemic intelligence subnational data
Croatia,Vukovarsko-Srijemska Zupanija,HR026,2021-41,480.674649494406,Epidemic intelligence subnational data
Croatia,Vukovarsko-Srijemska Zupanija,HR026,2021-42,644.615525856755,Epidemic intelligence subnational data
Croatia,Vukovarsko-Srijemska Zupanija,HR026,2021-43,886.592259367582,Epidemic intelligence subnational data
Croatia,Vukovarsko-Srijemska Zupanija,HR026,2021-44,1043.97550067544,Epidemic intelligence subnational data
Croatia,Vukovarsko-Srijemska Zupanija,HR026,2021-45,1132.50357391111,Epidemic intelligence subnational data
Croatia,Vukovarsko-Srijemska Zupanija,HR026,2021-46,1104.96150668223,Epidemic intelligence subnational data
Croatia,Vukovarsko-Srijemska Zupanija,HR026,2021-47,984.301021679542,Epidemic intelligence subnational data
Croatia,Vukovarsko-Srijemska Zupanija,HR026,2021-48,926.593833199995,Epidemic intelligence subnational data
Croatia,Vukovarsko-Srijemska Zupanija,HR026,2021-49,810.523692735452,Epidemic intelligence subnational data
Croatia,Vukovarsko-Srijemska Zupanija,HR026,2021-50,647.894343384002,Epidemic intelligence subnational data
Croatia,Vukovarsko-Srijemska Zupanija,HR026,2021-51,523.955040854066,Epidemic intelligence subnational data
Croatia,Vukovarsko-Srijemska Zupanija,HR026,2021-52,517.397405799572,Epidemic intelligence subnational data
Croatia,Vukovarsko-Srijemska Zupanija,HR026,2022-01,1009.87579839207,Epidemic intelligence subnational data
Croatia,Vukovarsko-Srijemska Zupanija,HR026,2022-02,1741.70787047359,Epidemic intelligence subnational data
Croatia,Vukovarsko-Srijemska Zupanija,HR026,2022-03,1942.37150314111,Epidemic intelligence subnational data
Croatia,Vukovarsko-Srijemska Zupanija,HR026,2022-04,1798.75929544769,Epidemic intelligence subnational data
Croatia,Karlovacka Zupanija,HR027,2020-16,,Epidemic intelligence subnational data
Croatia,Karlovacka Zupanija,HR027,2020-17,1.72167415594925,Epidemic intelligence subnational data
Croatia,Karlovacka Zupanija,HR027,2020-18,0.860837077974623,Epidemic intelligence subnational data
Croatia,Karlovacka Zupanija,HR027,2020-19,0,Epidemic intelligence subnational data
Croatia,Karlovacka Zupanija,HR027,2020-20,0.860837077974623,Epidemic intelligence subnational data
Croatia,Karlovacka Zupanija,HR027,2020-21,0.860837077974623,Epidemic intelligence subnational data
Croatia,Karlovacka Zupanija,HR027,2020-22,0,Epidemic intelligence subnational data
Croatia,Karlovacka Zupanija,HR027,2020-23,0,Epidemic intelligence subnational data
Croatia,Karlovacka Zupanija,HR027,2020-24,0,Epidemic intelligence subnational data
Croatia,Karlovacka Zupanija,HR027,2020-25,0,Epidemic intelligence subnational data
Croatia,Karlovacka Zupanija,HR027,2020-26,8.60837077974623,Epidemic intelligence subnational data
Croatia,Karlovacka Zupanija,HR027,2020-27,17.2167415594925,Epidemic intelligence subnational data
Croatia,Karlovacka Zupanija,HR027,2020-28,33.5726460410103,Epidemic intelligence subnational data
Croatia,Karlovacka Zupanija,HR027,2020-29,28.4076235731625,Epidemic intelligence subnational data
Croatia,Karlovacka Zupanija,HR027,2020-30,12.0517190916447,Epidemic intelligence subnational data
Croatia,Karlovacka Zupanija,HR027,2020-31,13.773393247594,Epidemic intelligence subnational data
Croatia,Karlovacka Zupanija,HR027,2020-32,12.0517190916447,Epidemic intelligence subnational data
Croatia,Karlovacka Zupanija,HR027,2020-33,30.1292977291118,Epidemic intelligence subnational data
Croatia,Karlovacka Zupanija,HR027,2020-34,50.7893876005027,Epidemic intelligence subnational data
Croatia,Karlovacka Zupanija,HR027,2020-35,35.2943201969595,Epidemic intelligence subnational data
Croatia,Karlovacka Zupanija,HR027,2020-36,31.850971885061,Epidemic intelligence subnational data
Croatia,Karlovacka Zupanija,HR027,2020-37,46.4852022106296,Epidemic intelligence subnational data
Croatia,Karlovacka Zupanija,HR027,2020-38,80.9186853296145,Epidemic intelligence subnational data
Croatia,Karlovacka Zupanija,HR027,2020-39,105.022123512904,Epidemic intelligence subnational data
Croatia,Karlovacka Zupanija,HR027,2020-40,92.1095673432846,Epidemic intelligence subnational data
Croatia,Karlovacka Zupanija,HR027,2020-41,136.873095397965,Epidemic intelligence subnational data
Croatia,Karlovacka Zupanija,HR027,2020-42,258.251123392387,Epidemic intelligence subnational data
Croatia,Karlovacka Zupanija,HR027,2020-43,453.661140092626,Epidemic intelligence subnational data
Croatia,Karlovacka Zupanija,HR027,2020-44,531.997314188317,Epidemic intelligence subnational data
Croatia,Karlovacka Zupanija,HR027,2020-45,533.718988344266,Epidemic intelligence subnational data
Croatia,Karlovacka Zupanija,HR027,2020-46,580.204190554896,Epidemic intelligence subnational data
Croatia,Karlovacka Zupanija,HR027,2020-47,701.582218549317,Epidemic intelligence subnational data
Croatia,Karlovacka Zupanija,HR027,2020-48,1113.92317889916,Epidemic intelligence subnational data
Croatia,Karlovacka Zupanija,HR027,2020-49,1274.03887540244,Epidemic intelligence subnational data
Croatia,Karlovacka Zupanija,HR027,2020-50,1177.62512266928,Epidemic intelligence subnational data
Croatia,Karlovacka Zupanija,HR027,2020-51,1109.61899350929,Epidemic intelligence subnational data
Croatia,Karlovacka Zupanija,HR027,2020-52,834.151128557409,Epidemic intelligence subnational data
Croatia,Karlovacka Zupanija,HR027,2020-53,515.641409706799,Epidemic intelligence subnational data
Croatia,Karlovacka Zupanija,HR027,2021-01,371.020780607062,Epidemic intelligence subnational data
Croatia,Karlovacka Zupanija,HR027,2021-02,301.292977291118,Epidemic intelligence subnational data
Croatia,Karlovacka Zupanija,HR027,2021-03,190.244994232392,Epidemic intelligence subnational data
Croatia,Karlovacka Zupanija,HR027,2021-04,155.811511113407,Epidemic intelligence subnational data
Croatia,Karlovacka Zupanija,HR027,2021-05,136.873095397965,Epidemic intelligence subnational data
Croatia,Karlovacka Zupanija,HR027,2021-06,133.429747086067,Epidemic intelligence subnational data
Croatia,Karlovacka Zupanija,HR027,2021-07,151.507325723534,Epidemic intelligence subnational data
Croatia,Karlovacka Zupanija,HR027,2021-08,171.30657851695,Epidemic intelligence subnational data
Croatia,Karlovacka Zupanija,HR027,2021-09,240.17354475492,Epidemic intelligence subnational data
Croatia,Karlovacka Zupanija,HR027,2021-10,294.406280667321,Epidemic intelligence subnational data
Croatia,Karlovacka Zupanija,HR027,2021-11,407.175937881996,Epidemic intelligence subnational data
Croatia,Karlovacka Zupanija,HR027,2021-12,629.271903999449,Epidemic intelligence subnational data
Croatia,Karlovacka Zupanija,HR027,2021-13,810.04769037412,Epidemic intelligence subnational data
Croatia,Karlovacka Zupanija,HR027,2021-14,742.902398292099,Epidemic intelligence subnational data
Croatia,Karlovacka Zupanija,HR027,2021-15,695.556359003495,Epidemic intelligence subnational data
Croatia,Karlovacka Zupanija,HR027,2021-16,743.763235370074,Epidemic intelligence subnational data
Croatia,Karlovacka Zupanija,HR027,2021-17,606.890139972109,Epidemic intelligence subnational data
Croatia,Karlovacka Zupanija,HR027,2021-18,448.496117624778,Epidemic intelligence subnational data
Croatia,Karlovacka Zupanija,HR027,2021-19,273.74619079593,Epidemic intelligence subnational data
Croatia,Karlovacka Zupanija,HR027,2021-20,143.759792021762,Epidemic intelligence subnational data
Croatia,Karlovacka Zupanija,HR027,2021-21,98.9962639670816,Epidemic intelligence subnational data
Croatia,Karlovacka Zupanija,HR027,2021-22,56.8152471463251,Epidemic intelligence subnational data
Croatia,Karlovacka Zupanija,HR027,2021-23,37.8768314308834,Epidemic intelligence subnational data
Croatia,Karlovacka Zupanija,HR027,2021-24,22.3817640273402,Epidemic intelligence subnational data
Croatia,Karlovacka Zupanija,HR027,2021-25,13.773393247594,Epidemic intelligence subnational data
Croatia,Karlovacka Zupanija,HR027,2021-26,11.1908820136701,Epidemic intelligence subnational data
Croatia,Karlovacka Zupanija,HR027,2021-27,11.1908820136701,Epidemic intelligence subnational data
Croatia,Karlovacka Zupanija,HR027,2021-28,13.773393247594,Epidemic intelligence subnational data
Croatia,Karlovacka Zupanija,HR027,2021-29,16.3559044815178,Epidemic intelligence subnational data
Croatia,Karlovacka Zupanija,HR027,2021-30,22.3817640273402,Epidemic intelligence subnational data
Croatia,Karlovacka Zupanija,HR027,2021-31,22.3817640273402,Epidemic intelligence subnational data
Croatia,Karlovacka Zupanija,HR027,2021-32,43.0418538987311,Epidemic intelligence subnational data
Croatia,Karlovacka Zupanija,HR027,2021-33,99.8571010450562,Epidemic intelligence subnational data
Croatia,Karlovacka Zupanija,HR027,2021-34,181.636623452645,Epidemic intelligence subnational data
Croatia,Karlovacka Zupanija,HR027,2021-35,222.095966117453,Epidemic intelligence subnational data
Croatia,Karlovacka Zupanija,HR027,2021-36,265.998657094158,Epidemic intelligence subnational data
Croatia,Karlovacka Zupanija,HR027,2021-37,342.6131570339,Epidemic intelligence subnational data
Croatia,Karlovacka Zupanija,HR027,2021-38,384.794173854656,Epidemic intelligence subnational data
Croatia,Karlovacka Zupanija,HR027,2021-39,380.489988464783,Epidemic intelligence subnational data
Croatia,Karlovacka Zupanija,HR027,2021-40,493.259645679459,Epidemic intelligence subnational data
Croatia,Karlovacka Zupanija,HR027,2021-41,705.025566861216,Epidemic intelligence subnational data
Croatia,Karlovacka Zupanija,HR027,2021-42,955.529156551831,Epidemic intelligence subnational data
Croatia,Karlovacka Zupanija,HR027,2021-43,1388.53020677307,Epidemic intelligence subnational data
Croatia,Karlovacka Zupanija,HR027,2021-44,1694.98820653203,Epidemic intelligence subnational data
Croatia,Karlovacka Zupanija,HR027,2021-45,1752.66429075633,Epidemic intelligence subnational data
Croatia,Karlovacka Zupanija,HR027,2021-46,1599.43529087685,Epidemic intelligence subnational data
Croatia,Karlovacka Zupanija,HR027,2021-47,1466.86638086876,Epidemic intelligence subnational data
Croatia,Karlovacka Zupanija,HR027,2021-48,1395.41690339686,Epidemic intelligence subnational data
Croatia,Karlovacka Zupanija,HR027,2021-49,1179.34679682523,Epidemic intelligence subnational data
Croatia,Karlovacka Zupanija,HR027,2021-50,960.694179019679,Epidemic intelligence subnational data
Croatia,Karlovacka Zupanija,HR027,2021-51,728.268167966531,Epidemic intelligence subnational data
Croatia,Karlovacka Zupanija,HR027,2021-52,631.854415233373,Epidemic intelligence subnational data
Croatia,Karlovacka Zupanija,HR027,2022-01,847.063684727029,Epidemic intelligence subnational data
Croatia,Karlovacka Zupanija,HR027,2022-02,1310.19403267738,Epidemic intelligence subnational data
Croatia,Karlovacka Zupanija,HR027,2022-03,1552.95008866622,Epidemic intelligence subnational data
Croatia,Karlovacka Zupanija,HR027,2022-04,1549.50674035432,Epidemic intelligence subnational data
Croatia,Sisacko-Moslavacka Zupanija,HR028,2020-16,,Epidemic intelligence subnational data
Croatia,Sisacko-Moslavacka Zupanija,HR028,2020-17,2.71709596782958,Epidemic intelligence subnational data
Croatia,Sisacko-Moslavacka Zupanija,HR028,2020-18,0,Epidemic intelligence subnational data
Croatia,Sisacko-Moslavacka Zupanija,HR028,2020-19,1.35854798391479,Epidemic intelligence subnational data
Croatia,Sisacko-Moslavacka Zupanija,HR028,2020-20,1.35854798391479,Epidemic intelligence subnational data
Croatia,Sisacko-Moslavacka Zupanija,HR028,2020-21,0,Epidemic intelligence subnational data
Croatia,Sisacko-Moslavacka Zupanija,HR028,2020-22,0,Epidemic intelligence subnational data
Croatia,Sisacko-Moslavacka Zupanija,HR028,2020-23,0,Epidemic intelligence subnational data
Croatia,Sisacko-Moslavacka Zupanija,HR028,2020-24,0,Epidemic intelligence subnational data
Croatia,Sisacko-Moslavacka Zupanija,HR028,2020-25,0.679273991957396,Epidemic intelligence subnational data
Croatia,Sisacko-Moslavacka Zupanija,HR028,2020-26,6.11346592761656,Epidemic intelligence subnational data
Croatia,Sisacko-Moslavacka Zupanija,HR028,2020-27,14.2647538311053,Epidemic intelligence subnational data
Croatia,Sisacko-Moslavacka Zupanija,HR028,2020-28,23.0953157265515,Epidemic intelligence subnational data
Croatia,Sisacko-Moslavacka Zupanija,HR028,2020-29,16.3025758069775,Epidemic intelligence subnational data
Croatia,Sisacko-Moslavacka Zupanija,HR028,2020-30,13.5854798391479,Epidemic intelligence subnational data
Croatia,Sisacko-Moslavacka Zupanija,HR028,2020-31,13.5854798391479,Epidemic intelligence subnational data
Croatia,Sisacko-Moslavacka Zupanija,HR028,2020-32,4.07564395174438,Epidemic intelligence subnational data
Croatia,Sisacko-Moslavacka Zupanija,HR028,2020-33,16.3025758069775,Epidemic intelligence subnational data
Croatia,Sisacko-Moslavacka Zupanija,HR028,2020-34,33.9636995978698,Epidemic intelligence subnational data
Croatia,Sisacko-Moslavacka Zupanija,HR028,2020-35,48.2284534289751,Epidemic intelligence subnational data
Croatia,Sisacko-Moslavacka Zupanija,HR028,2020-36,55.0211933485491,Epidemic intelligence subnational data
Croatia,Sisacko-Moslavacka Zupanija,HR028,2020-37,42.1149875013586,Epidemic intelligence subnational data
Croatia,Sisacko-Moslavacka Zupanija,HR028,2020-38,20.3782197587219,Epidemic intelligence subnational data
Croatia,Sisacko-Moslavacka Zupanija,HR028,2020-39,15.6233018150201,Epidemic intelligence subnational data
Croatia,Sisacko-Moslavacka Zupanija,HR028,2020-40,107.325290729269,Epidemic intelligence subnational data
Croatia,Sisacko-Moslavacka Zupanija,HR028,2020-41,173.894141941093,Epidemic intelligence subnational data
Croatia,Sisacko-Moslavacka Zupanija,HR028,2020-42,193.593087707858,Epidemic intelligence subnational data
Croatia,Sisacko-Moslavacka Zupanija,HR028,2020-43,383.110531463971,Epidemic intelligence subnational data
Croatia,Sisacko-Moslavacka Zupanija,HR028,2020-44,526.437343766982,Epidemic intelligence subnational data
Croatia,Sisacko-Moslavacka Zupanija,HR028,2020-45,547.494837517661,Epidemic intelligence subnational data
Croatia,Sisacko-Moslavacka Zupanija,HR028,2020-46,537.3057276383,Epidemic intelligence subnational data
Croatia,Sisacko-Moslavacka Zupanija,HR028,2020-47,721.388979458755,Epidemic intelligence subnational data
Croatia,Sisacko-Moslavacka Zupanija,HR028,2020-48,1043.36485164656,Epidemic intelligence subnational data
Croatia,Sisacko-Moslavacka Zupanija,HR028,2020-49,1215.22117161178,Epidemic intelligence subnational data
Croatia,Sisacko-Moslavacka Zupanija,HR028,2020-50,1466.55254863602,Epidemic intelligence subnational data
Croatia,Sisacko-Moslavacka Zupanija,HR028,2020-51,1359.90653189871,Epidemic intelligence subnational data
Croatia,Sisacko-Moslavacka Zupanija,HR028,2020-52,961.172698619715,Epidemic intelligence subnational data
Croatia,Sisacko-Moslavacka Zupanija,HR028,2020-53,578.062167155744,Epidemic intelligence subnational data
Croatia,Sisacko-Moslavacka Zupanija,HR028,2021-01,411.640039126182,Epidemic intelligence subnational data
Croatia,Sisacko-Moslavacka Zupanija,HR028,2021-02,467.340506466688,Epidemic intelligence subnational data
Croatia,Sisacko-Moslavacka Zupanija,HR028,2021-03,389.223997391588,Epidemic intelligence subnational data
Croatia,Sisacko-Moslavacka Zupanija,HR028,2021-04,333.523530051081,Epidemic intelligence subnational data
Croatia,Sisacko-Moslavacka Zupanija,HR028,2021-05,234.349527225302,Epidemic intelligence subnational data
Croatia,Sisacko-Moslavacka Zupanija,HR028,2021-06,128.382784479948,Epidemic intelligence subnational data
Croatia,Sisacko-Moslavacka Zupanija,HR028,2021-07,97.815454841865,Epidemic intelligence subnational data
Croatia,Sisacko-Moslavacka Zupanija,HR028,2021-08,108.004564721226,Epidemic intelligence subnational data
Croatia,Sisacko-Moslavacka Zupanija,HR028,2021-09,114.7973046408,Epidemic intelligence subnational data
Croatia,Sisacko-Moslavacka Zupanija,HR028,2021-10,97.1361808499076,Epidemic intelligence subnational data
Croatia,Sisacko-Moslavacka Zupanija,HR028,2021-11,94.419084882078,Epidemic intelligence subnational data
Croatia,Sisacko-Moslavacka Zupanija,HR028,2021-12,120.231496576459,Epidemic intelligence subnational data
Croatia,Sisacko-Moslavacka Zupanija,HR028,2021-13,169.139223997392,Epidemic intelligence subnational data
Croatia,Sisacko-Moslavacka Zupanija,HR028,2021-14,245.897185088577,Epidemic intelligence subnational data
Croatia,Sisacko-Moslavacka Zupanija,HR028,2021-15,335.561352026954,Epidemic intelligence subnational data
Croatia,Sisacko-Moslavacka Zupanija,HR028,2021-16,442.886642756222,Epidemic intelligence subnational data
Croatia,Sisacko-Moslavacka Zupanija,HR028,2021-17,472.09542441039,Epidemic intelligence subnational data
Croatia,Sisacko-Moslavacka Zupanija,HR028,2021-18,430.659710900989,Epidemic intelligence subnational data
Croatia,Sisacko-Moslavacka Zupanija,HR028,2021-19,332.844256059124,Epidemic intelligence subnational data
Croatia,Sisacko-Moslavacka Zupanija,HR028,2021-20,203.102923595261,Epidemic intelligence subnational data
Croatia,Sisacko-Moslavacka Zupanija,HR028,2021-21,141.968264319096,Epidemic intelligence subnational data
Croatia,Sisacko-Moslavacka Zupanija,HR028,2021-22,84.9092489946745,Epidemic intelligence subnational data
Croatia,Sisacko-Moslavacka Zupanija,HR028,2021-23,34.6429735898272,Epidemic intelligence subnational data
Croatia,Sisacko-Moslavacka Zupanija,HR028,2021-24,18.3403977828497,Epidemic intelligence subnational data
Croatia,Sisacko-Moslavacka Zupanija,HR028,2021-25,10.1891098793609,Epidemic intelligence subnational data
Croatia,Sisacko-Moslavacka Zupanija,HR028,2021-26,6.79273991957396,Epidemic intelligence subnational data
Croatia,Sisacko-Moslavacka Zupanija,HR028,2021-27,9.50983588740354,Epidemic intelligence subnational data
Croatia,Sisacko-Moslavacka Zupanija,HR028,2021-28,17.6611237908923,Epidemic intelligence subnational data
Croatia,Sisacko-Moslavacka Zupanija,HR028,2021-29,18.3403977828497,Epidemic intelligence subnational data
Croatia,Sisacko-Moslavacka Zupanija,HR028,2021-30,16.3025758069775,Epidemic intelligence subnational data
Croatia,Sisacko-Moslavacka Zupanija,HR028,2021-31,27.1709596782958,Epidemic intelligence subnational data
Croatia,Sisacko-Moslavacka Zupanija,HR028,2021-32,44.1528094772307,Epidemic intelligence subnational data
Croatia,Sisacko-Moslavacka Zupanija,HR028,2021-33,61.1346592761656,Epidemic intelligence subnational data
Croatia,Sisacko-Moslavacka Zupanija,HR028,2021-34,80.1543310509727,Epidemic intelligence subnational data
Croatia,Sisacko-Moslavacka Zupanija,HR028,2021-35,80.8336050429301,Epidemic intelligence subnational data
Croatia,Sisacko-Moslavacka Zupanija,HR028,2021-36,101.891098793609,Epidemic intelligence subnational data
Croatia,Sisacko-Moslavacka Zupanija,HR028,2021-37,153.515922182372,Epidemic intelligence subnational data
Croatia,Sisacko-Moslavacka Zupanija,HR028,2021-38,203.782197587219,Epidemic intelligence subnational data
Croatia,Sisacko-Moslavacka Zupanija,HR028,2021-39,271.709596782958,Epidemic intelligence subnational data
Croatia,Sisacko-Moslavacka Zupanija,HR028,2021-40,304.314748396913,Epidemic intelligence subnational data
Croatia,Sisacko-Moslavacka Zupanija,HR028,2021-41,355.939571785676,Epidemic intelligence subnational data
Croatia,Sisacko-Moslavacka Zupanija,HR028,2021-42,545.457015541789,Epidemic intelligence subnational data
Croatia,Sisacko-Moslavacka Zupanija,HR028,2021-43,802.901858493642,Epidemic intelligence subnational data
Croatia,Sisacko-Moslavacka Zupanija,HR028,2021-44,1079.3663732203,Epidemic intelligence subnational data
Croatia,Sisacko-Moslavacka Zupanija,HR028,2021-45,1470.62819258776,Epidemic intelligence subnational data
Croatia,Sisacko-Moslavacka Zupanija,HR028,2021-46,1534.47994783176,Epidemic intelligence subnational data
Croatia,Sisacko-Moslavacka Zupanija,HR028,2021-47,1386.39821758504,Epidemic intelligence subnational data
Croatia,Sisacko-Moslavacka Zupanija,HR028,2021-48,1272.2801869362,Epidemic intelligence subnational data
Croatia,Sisacko-Moslavacka Zupanija,HR028,2021-49,1045.40267362243,Epidemic intelligence subnational data
Croatia,Sisacko-Moslavacka Zupanija,HR028,2021-50,967.286164547332,Epidemic intelligence subnational data
Croatia,Sisacko-Moslavacka Zupanija,HR028,2021-51,833.469188131725,Epidemic intelligence subnational data
Croatia,Sisacko-Moslavacka Zupanija,HR028,2021-52,790.674926638409,Epidemic intelligence subnational data
Croatia,Sisacko-Moslavacka Zupanija,HR028,2022-01,1186.69166394957,Epidemic intelligence subnational data
Croatia,Sisacko-Moslavacka Zupanija,HR028,2022-02,1703.61917182915,Epidemic intelligence subnational data
Croatia,Sisacko-Moslavacka Zupanija,HR028,2022-03,2234.81143353983,Epidemic intelligence subnational data
Croatia,Sisacko-Moslavacka Zupanija,HR028,2022-04,2520.7857841539,Epidemic intelligence subnational data
Croatia,Primorsko-Goranska Zupanija,HR031,2020-16,,Epidemic intelligence subnational data
Croatia,Primorsko-Goranska Zupanija,HR031,2020-17,1.41871641632233,Epidemic intelligence subnational data
Croatia,Primorsko-Goranska Zupanija,HR031,2020-18,0,Epidemic intelligence subnational data
Croatia,Primorsko-Goranska Zupanija,HR031,2020-19,0.354679104080583,Epidemic intelligence subnational data
Croatia,Primorsko-Goranska Zupanija,HR031,2020-20,0.354679104080583,Epidemic intelligence subnational data
Croatia,Primorsko-Goranska Zupanija,HR031,2020-21,0,Epidemic intelligence subnational data
Croatia,Primorsko-Goranska Zupanija,HR031,2020-22,0,Epidemic intelligence subnational data
Croatia,Primorsko-Goranska Zupanija,HR031,2020-23,0,Epidemic intelligence subnational data
Croatia,Primorsko-Goranska Zupanija,HR031,2020-24,0.354679104080583,Epidemic intelligence subnational data
Croatia,Primorsko-Goranska Zupanija,HR031,2020-25,1.06403731224175,Epidemic intelligence subnational data
Croatia,Primorsko-Goranska Zupanija,HR031,2020-26,6.73890297753108,Epidemic intelligence subnational data
Croatia,Primorsko-Goranska Zupanija,HR031,2020-27,10.6403731224175,Epidemic intelligence subnational data
Croatia,Primorsko-Goranska Zupanija,HR031,2020-28,6.73890297753108,Epidemic intelligence subnational data
Croatia,Primorsko-Goranska Zupanija,HR031,2020-29,9.22165670609516,Epidemic intelligence subnational data
Croatia,Primorsko-Goranska Zupanija,HR031,2020-30,12.768447746901,Epidemic intelligence subnational data
Croatia,Primorsko-Goranska Zupanija,HR031,2020-31,6.02954476936991,Epidemic intelligence subnational data
Croatia,Primorsko-Goranska Zupanija,HR031,2020-32,4.96550745712816,Epidemic intelligence subnational data
Croatia,Primorsko-Goranska Zupanija,HR031,2020-33,15.2512014754651,Epidemic intelligence subnational data
Croatia,Primorsko-Goranska Zupanija,HR031,2020-34,29.793044742769,Epidemic intelligence subnational data
Croatia,Primorsko-Goranska Zupanija,HR031,2020-35,49.3003954672011,Epidemic intelligence subnational data
Croatia,Primorsko-Goranska Zupanija,HR031,2020-36,59.586089485538,Epidemic intelligence subnational data
Croatia,Primorsko-Goranska Zupanija,HR031,2020-37,52.1378282998457,Epidemic intelligence subnational data
Croatia,Primorsko-Goranska Zupanija,HR031,2020-38,42.56149248967,Epidemic intelligence subnational data
Croatia,Primorsko-Goranska Zupanija,HR031,2020-39,63.4875596304244,Epidemic intelligence subnational data
Croatia,Primorsko-Goranska Zupanija,HR031,2020-40,78.3840820018089,Epidemic intelligence subnational data
Croatia,Primorsko-Goranska Zupanija,HR031,2020-41,73.4185745446807,Epidemic intelligence subnational data
Croatia,Primorsko-Goranska Zupanija,HR031,2020-42,118.817499866995,Epidemic intelligence subnational data
Croatia,Primorsko-Goranska Zupanija,HR031,2020-43,314.955044423558,Epidemic intelligence subnational data
Croatia,Primorsko-Goranska Zupanija,HR031,2020-44,484.136977069996,Epidemic intelligence subnational data
Croatia,Primorsko-Goranska Zupanija,HR031,2020-45,618.560357516537,Epidemic intelligence subnational data
Croatia,Primorsko-Goranska Zupanija,HR031,2020-46,739.151252903935,Epidemic intelligence subnational data
Croatia,Primorsko-Goranska Zupanija,HR031,2020-47,918.26420046463,Epidemic intelligence subnational data
Croatia,Primorsko-Goranska Zupanija,HR031,2020-48,1138.16524499459,Epidemic intelligence subnational data
Croatia,Primorsko-Goranska Zupanija,HR031,2020-49,1233.21924488819,Epidemic intelligence subnational data
Croatia,Primorsko-Goranska Zupanija,HR031,2020-50,1437.86908794268,Epidemic intelligence subnational data
Croatia,Primorsko-Goranska Zupanija,HR031,2020-51,1403.11053574279,Epidemic intelligence subnational data
Croatia,Primorsko-Goranska Zupanija,HR031,2020-52,1046.6580361418,Epidemic intelligence subnational data
Croatia,Primorsko-Goranska Zupanija,HR031,2020-53,677.791767897994,Epidemic intelligence subnational data
Croatia,Primorsko-Goranska Zupanija,HR031,2021-01,464.274947241483,Epidemic intelligence subnational data
Croatia,Primorsko-Goranska Zupanija,HR031,2021-02,365.319477203001,Epidemic intelligence subnational data
Croatia,Primorsko-Goranska Zupanija,HR031,2021-03,242.245828087038,Epidemic intelligence subnational data
Croatia,Primorsko-Goranska Zupanija,HR031,2021-04,192.945432619837,Epidemic intelligence subnational data
Croatia,Primorsko-Goranska Zupanija,HR031,2021-05,179.467626664775,Epidemic intelligence subnational data
Croatia,Primorsko-Goranska Zupanija,HR031,2021-06,160.669634148504,Epidemic intelligence subnational data
Croatia,Primorsko-Goranska Zupanija,HR031,2021-07,132.649984926138,Epidemic intelligence subnational data
Croatia,Primorsko-Goranska Zupanija,HR031,2021-08,158.18688041994,Epidemic intelligence subnational data
Croatia,Primorsko-Goranska Zupanija,HR031,2021-09,256.787671354342,Epidemic intelligence subnational data
Croatia,Primorsko-Goranska Zupanija,HR031,2021-10,445.122275621132,Epidemic intelligence subnational data
Croatia,Primorsko-Goranska Zupanija,HR031,2021-11,766.10686481406,Epidemic intelligence subnational data
Croatia,Primorsko-Goranska Zupanija,HR031,2021-12,1148.45093901293,Epidemic intelligence subnational data
Croatia,Primorsko-Goranska Zupanija,HR031,2021-13,1468.37149089361,Epidemic intelligence subnational data
Croatia,Primorsko-Goranska Zupanija,HR031,2021-14,1445.31734912838,Epidemic intelligence subnational data
Croatia,Primorsko-Goranska Zupanija,HR031,2021-15,1335.3668268634,Epidemic intelligence subnational data
Croatia,Primorsko-Goranska Zupanija,HR031,2021-16,1236.76603592899,Epidemic intelligence subnational data
Croatia,Primorsko-Goranska Zupanija,HR031,2021-17,955.505506393091,Epidemic intelligence subnational data
Croatia,Primorsko-Goranska Zupanija,HR031,2021-18,675.663693273511,Epidemic intelligence subnational data
Croatia,Primorsko-Goranska Zupanija,HR031,2021-19,445.122275621132,Epidemic intelligence subnational data
Croatia,Primorsko-Goranska Zupanija,HR031,2021-20,271.329514621646,Epidemic intelligence subnational data
Croatia,Primorsko-Goranska Zupanija,HR031,2021-21,151.447977442409,Epidemic intelligence subnational data
Croatia,Primorsko-Goranska Zupanija,HR031,2021-22,98.2461118303215,Epidemic intelligence subnational data
Croatia,Primorsko-Goranska Zupanija,HR031,2021-23,72.354537232439,Epidemic intelligence subnational data
Croatia,Primorsko-Goranska Zupanija,HR031,2021-24,48.2363581549593,Epidemic intelligence subnational data
Croatia,Primorsko-Goranska Zupanija,HR031,2021-25,36.5319477203001,Epidemic intelligence subnational data
Croatia,Primorsko-Goranska Zupanija,HR031,2021-26,51.073790987604,Epidemic intelligence subnational data
Croatia,Primorsko-Goranska Zupanija,HR031,2021-27,56.0392984447321,Epidemic intelligence subnational data
Croatia,Primorsko-Goranska Zupanija,HR031,2021-28,38.6600223447836,Epidemic intelligence subnational data
Croatia,Primorsko-Goranska Zupanija,HR031,2021-29,32.9851566794942,Epidemic intelligence subnational data
Croatia,Primorsko-Goranska Zupanija,HR031,2021-30,36.1772686162195,Epidemic intelligence subnational data
Croatia,Primorsko-Goranska Zupanija,HR031,2021-31,32.6304775754136,Epidemic intelligence subnational data
Croatia,Primorsko-Goranska Zupanija,HR031,2021-32,40.7880969692671,Epidemic intelligence subnational data
Croatia,Primorsko-Goranska Zupanija,HR031,2021-33,52.8471865080069,Epidemic intelligence subnational data
Croatia,Primorsko-Goranska Zupanija,HR031,2021-34,61.3594850059409,Epidemic intelligence subnational data
Croatia,Primorsko-Goranska Zupanija,HR031,2021-35,129.103193885332,Epidemic intelligence subnational data
Croatia,Primorsko-Goranska Zupanija,HR031,2021-36,217.063611697317,Epidemic intelligence subnational data
Croatia,Primorsko-Goranska Zupanija,HR031,2021-37,277.713738495097,Epidemic intelligence subnational data
Croatia,Primorsko-Goranska Zupanija,HR031,2021-38,295.447693699126,Epidemic intelligence subnational data
Croatia,Primorsko-Goranska Zupanija,HR031,2021-39,308.925499654188,Epidemic intelligence subnational data
Croatia,Primorsko-Goranska Zupanija,HR031,2021-40,344.393410062246,Epidemic intelligence subnational data
Croatia,Primorsko-Goranska Zupanija,HR031,2021-41,469.949812906773,Epidemic intelligence subnational data
Croatia,Primorsko-Goranska Zupanija,HR031,2021-42,894.14602138715,Epidemic intelligence subnational data
Croatia,Primorsko-Goranska Zupanija,HR031,2021-43,1392.47016262037,Epidemic intelligence subnational data
Croatia,Primorsko-Goranska Zupanija,HR031,2021-44,1703.16905779496,Epidemic intelligence subnational data
Croatia,Primorsko-Goranska Zupanija,HR031,2021-45,1922.00606501268,Epidemic intelligence subnational data
Croatia,Primorsko-Goranska Zupanija,HR031,2021-46,1847.16877405168,Epidemic intelligence subnational data
Croatia,Primorsko-Goranska Zupanija,HR031,2021-47,1651.74058770328,Epidemic intelligence subnational data
Croatia,Primorsko-Goranska Zupanija,HR031,2021-48,1532.21372962812,Epidemic intelligence subnational data
Croatia,Primorsko-Goranska Zupanija,HR031,2021-49,1321.53434180425,Epidemic intelligence subnational data
Croatia,Primorsko-Goranska Zupanija,HR031,2021-50,1179.66270017202,Epidemic intelligence subnational data
Croatia,Primorsko-Goranska Zupanija,HR031,2021-51,1104.47073010694,Epidemic intelligence subnational data
Croatia,Primorsko-Goranska Zupanija,HR031,2021-52,1406.30264767951,Epidemic intelligence subnational data
Croatia,Primorsko-Goranska Zupanija,HR031,2022-01,2421.74892266222,Epidemic intelligence subnational data
Croatia,Primorsko-Goranska Zupanija,HR031,2022-02,3062.29938463175,Epidemic intelligence subnational data
Croatia,Primorsko-Goranska Zupanija,HR031,2022-03,3495.71724981823,Epidemic intelligence subnational data
Croatia,Primorsko-Goranska Zupanija,HR031,2022-04,4142.29725655713,Epidemic intelligence subnational data
Croatia,Licko-Senjska Zupanija,HR032,2020-16,,Epidemic intelligence subnational data
Croatia,Licko-Senjska Zupanija,HR032,2020-17,13.5299688810716,Epidemic intelligence subnational data
Croatia,Licko-Senjska Zupanija,HR032,2020-18,0,Epidemic intelligence subnational data
Croatia,Licko-Senjska Zupanija,HR032,2020-19,0,Epidemic intelligence subnational data
Croatia,Licko-Senjska Zupanija,HR032,2020-20,0,Epidemic intelligence subnational data
Croatia,Licko-Senjska Zupanija,HR032,2020-21,0,Epidemic intelligence subnational data
Croatia,Licko-Senjska Zupanija,HR032,2020-22,0,Epidemic intelligence subnational data
Croatia,Licko-Senjska Zupanija,HR032,2020-23,0,Epidemic intelligence subnational data
Croatia,Licko-Senjska Zupanija,HR032,2020-24,0,Epidemic intelligence subnational data
Croatia,Licko-Senjska Zupanija,HR032,2020-25,0,Epidemic intelligence subnational data
Croatia,Licko-Senjska Zupanija,HR032,2020-26,0,Epidemic intelligence subnational data
Croatia,Licko-Senjska Zupanija,HR032,2020-27,9.01997925404772,Epidemic intelligence subnational data
Croatia,Licko-Senjska Zupanija,HR032,2020-28,15.7849636945835,Epidemic intelligence subnational data
Croatia,Licko-Senjska Zupanija,HR032,2020-29,6.76498444053579,Epidemic intelligence subnational data
Croatia,Licko-Senjska Zupanija,HR032,2020-30,0,Epidemic intelligence subnational data
Croatia,Licko-Senjska Zupanija,HR032,2020-31,0,Epidemic intelligence subnational data
Croatia,Licko-Senjska Zupanija,HR032,2020-32,11.2749740675597,Epidemic intelligence subnational data
Croatia,Licko-Senjska Zupanija,HR032,2020-33,29.3149325756551,Epidemic intelligence subnational data
Croatia,Licko-Senjska Zupanija,HR032,2020-34,56.3748703377982,Epidemic intelligence subnational data
Croatia,Licko-Senjska Zupanija,HR032,2020-35,74.4148288458937,Epidemic intelligence subnational data
Croatia,Licko-Senjska Zupanija,HR032,2020-36,103.729761421549,Epidemic intelligence subnational data
Croatia,Licko-Senjska Zupanija,HR032,2020-37,99.2197717945249,Epidemic intelligence subnational data
Croatia,Licko-Senjska Zupanija,HR032,2020-38,130.789699183692,Epidemic intelligence subnational data
Croatia,Licko-Senjska Zupanija,HR032,2020-39,142.064673251252,Epidemic intelligence subnational data
Croatia,Licko-Senjska Zupanija,HR032,2020-40,171.379605826907,Epidemic intelligence subnational data
Croatia,Licko-Senjska Zupanija,HR032,2020-41,202.949533216074,Epidemic intelligence subnational data
Croatia,Licko-Senjska Zupanija,HR032,2020-42,331.484237586254,Epidemic intelligence subnational data
Croatia,Licko-Senjska Zupanija,HR032,2020-43,523.158796734768,Epidemic intelligence subnational data
Croatia,Licko-Senjska Zupanija,HR032,2020-44,464.528931583457,Epidemic intelligence subnational data
Croatia,Licko-Senjska Zupanija,HR032,2020-45,412.664050872683,Epidemic intelligence subnational data
Croatia,Licko-Senjska Zupanija,HR032,2020-46,568.258693005006,Epidemic intelligence subnational data
Croatia,Licko-Senjska Zupanija,HR032,2020-47,1086.90750011275,Epidemic intelligence subnational data
Croatia,Licko-Senjska Zupanija,HR032,2020-48,1477.02160285031,Epidemic intelligence subnational data
Croatia,Licko-Senjska Zupanija,HR032,2020-49,1438.68669102061,Epidemic intelligence subnational data
Croatia,Licko-Senjska Zupanija,HR032,2020-50,1468.00162359627,Epidemic intelligence subnational data
Croatia,Licko-Senjska Zupanija,HR032,2020-51,1213.18720966942,Epidemic intelligence subnational data
Croatia,Licko-Senjska Zupanija,HR032,2020-52,703.558381815722,Epidemic intelligence subnational data
Croatia,Licko-Senjska Zupanija,HR032,2020-53,385.60411311054,Epidemic intelligence subnational data
Croatia,Licko-Senjska Zupanija,HR032,2021-01,263.834393180896,Epidemic intelligence subnational data
Croatia,Licko-Senjska Zupanija,HR032,2021-02,205.204528029586,Epidemic intelligence subnational data
Croatia,Licko-Senjska Zupanija,HR032,2021-03,126.279709556668,Epidemic intelligence subnational data
Croatia,Licko-Senjska Zupanija,HR032,2021-04,137.554683624228,Epidemic intelligence subnational data
Croatia,Licko-Senjska Zupanija,HR032,2021-05,155.594642132323,Epidemic intelligence subnational data
Croatia,Licko-Senjska Zupanija,HR032,2021-06,171.379605826907,Epidemic intelligence subnational data
Croatia,Licko-Senjska Zupanija,HR032,2021-07,155.594642132323,Epidemic intelligence subnational data
Croatia,Licko-Senjska Zupanija,HR032,2021-08,171.379605826907,Epidemic intelligence subnational data
Croatia,Licko-Senjska Zupanija,HR032,2021-09,261.579398367384,Epidemic intelligence subnational data
Croatia,Licko-Senjska Zupanija,HR032,2021-10,369.819149415956,Epidemic intelligence subnational data
Croatia,Licko-Senjska Zupanija,HR032,2021-11,489.333874532089,Epidemic intelligence subnational data
Croatia,Licko-Senjska Zupanija,HR032,2021-12,577.278672259054,Epidemic intelligence subnational data
Croatia,Licko-Senjska Zupanija,HR032,2021-13,613.358589275245,Epidemic intelligence subnational data
Croatia,Licko-Senjska Zupanija,HR032,2021-14,566.003698191494,Epidemic intelligence subnational data
Croatia,Licko-Senjska Zupanija,HR032,2021-15,505.118838226672,Epidemic intelligence subnational data
Croatia,Licko-Senjska Zupanija,HR032,2021-16,475.803905651017,Epidemic intelligence subnational data
Croatia,Licko-Senjska Zupanija,HR032,2021-17,369.819149415956,Epidemic intelligence subnational data
Croatia,Licko-Senjska Zupanija,HR032,2021-18,261.579398367384,Epidemic intelligence subnational data
Croatia,Licko-Senjska Zupanija,HR032,2021-19,196.184548775538,Epidemic intelligence subnational data
Croatia,Licko-Senjska Zupanija,HR032,2021-20,146.574662878275,Epidemic intelligence subnational data
Croatia,Licko-Senjska Zupanija,HR032,2021-21,110.494745862085,Epidemic intelligence subnational data
Croatia,Licko-Senjska Zupanija,HR032,2021-22,69.9048392188698,Epidemic intelligence subnational data
Croatia,Licko-Senjska Zupanija,HR032,2021-23,67.6498444053579,Epidemic intelligence subnational data
Croatia,Licko-Senjska Zupanija,HR032,2021-24,42.8449014567267,Epidemic intelligence subnational data
Croatia,Licko-Senjska Zupanija,HR032,2021-25,13.5299688810716,Epidemic intelligence subnational data
Croatia,Licko-Senjska Zupanija,HR032,2021-26,22.5499481351193,Epidemic intelligence subnational data
Croatia,Licko-Senjska Zupanija,HR032,2021-27,31.569927389167,Epidemic intelligence subnational data
Croatia,Licko-Senjska Zupanija,HR032,2021-28,27.0599377621432,Epidemic intelligence subnational data
Croatia,Licko-Senjska Zupanija,HR032,2021-29,29.3149325756551,Epidemic intelligence subnational data
Croatia,Licko-Senjska Zupanija,HR032,2021-30,47.3548910837505,Epidemic intelligence subnational data
Croatia,Licko-Senjska Zupanija,HR032,2021-31,58.6298651513102,Epidemic intelligence subnational data
Croatia,Licko-Senjska Zupanija,HR032,2021-32,130.789699183692,Epidemic intelligence subnational data
Croatia,Licko-Senjska Zupanija,HR032,2021-33,160.104631759347,Epidemic intelligence subnational data
Croatia,Licko-Senjska Zupanija,HR032,2021-34,124.024714743156,Epidemic intelligence subnational data
Croatia,Licko-Senjska Zupanija,HR032,2021-35,207.459522843098,Epidemic intelligence subnational data
Croatia,Licko-Senjska Zupanija,HR032,2021-36,275.109367248455,Epidemic intelligence subnational data
Croatia,Licko-Senjska Zupanija,HR032,2021-37,311.189284264646,Epidemic intelligence subnational data
Croatia,Licko-Senjska Zupanija,HR032,2021-38,324.719253145718,Epidemic intelligence subnational data
Croatia,Licko-Senjska Zupanija,HR032,2021-39,333.739232399766,Epidemic intelligence subnational data
Croatia,Licko-Senjska Zupanija,HR032,2021-40,502.86384341316,Epidemic intelligence subnational data
Croatia,Licko-Senjska Zupanija,HR032,2021-41,586.298651513102,Epidemic intelligence subnational data
Croatia,Licko-Senjska Zupanija,HR032,2021-42,798.268163983223,Epidemic intelligence subnational data
Croatia,Licko-Senjska Zupanija,HR032,2021-43,1294.36702295585,Epidemic intelligence subnational data
Croatia,Licko-Senjska Zupanija,HR032,2021-44,1625.8512605421,Epidemic intelligence subnational data
Croatia,Licko-Senjska Zupanija,HR032,2021-45,1803.99585080954,Epidemic intelligence subnational data
Croatia,Licko-Senjska Zupanija,HR032,2021-46,1598.79132277996,Epidemic intelligence subnational data
Croatia,Licko-Senjska Zupanija,HR032,2021-47,1174.85229783972,Epidemic intelligence subnational data
Croatia,Licko-Senjska Zupanija,HR032,2021-48,971.902764623641,Epidemic intelligence subnational data
Croatia,Licko-Senjska Zupanija,HR032,2021-49,904.252920218284,Epidemic intelligence subnational data
Croatia,Licko-Senjska Zupanija,HR032,2021-50,879.447977269652,Epidemic intelligence subnational data
Croatia,Licko-Senjska Zupanija,HR032,2021-51,696.793397375186,Epidemic intelligence subnational data
Croatia,Licko-Senjska Zupanija,HR032,2021-52,644.928516664412,Epidemic intelligence subnational data
Croatia,Licko-Senjska Zupanija,HR032,2022-01,1156.81233933162,Epidemic intelligence subnational data
Croatia,Licko-Senjska Zupanija,HR032,2022-02,1623.59626572859,Epidemic intelligence subnational data
Croatia,Licko-Senjska Zupanija,HR032,2022-03,1695.75609976097,Epidemic intelligence subnational data
Croatia,Licko-Senjska Zupanija,HR032,2022-04,1930.27556036621,Epidemic intelligence subnational data
Croatia,Zadarska Zupanija,HR033,2020-16,,Epidemic intelligence subnational data
Croatia,Zadarska Zupanija,HR033,2020-17,6.54547618339234,Epidemic intelligence subnational data
Croatia,Zadarska Zupanija,HR033,2020-18,2.38017315759722,Epidemic intelligence subnational data
Croatia,Zadarska Zupanija,HR033,2020-19,1.19008657879861,Epidemic intelligence subnational data
Croatia,Zadarska Zupanija,HR033,2020-20,1.19008657879861,Epidemic intelligence subnational data
Croatia,Zadarska Zupanija,HR033,2020-21,0,Epidemic intelligence subnational data
Croatia,Zadarska Zupanija,HR033,2020-22,0,Epidemic intelligence subnational data
Croatia,Zadarska Zupanija,HR033,2020-23,0,Epidemic intelligence subnational data
Croatia,Zadarska Zupanija,HR033,2020-24,0,Epidemic intelligence subnational data
Croatia,Zadarska Zupanija,HR033,2020-25,1.78512986819791,Epidemic intelligence subnational data
Croatia,Zadarska Zupanija,HR033,2020-26,7.73556276219095,Epidemic intelligence subnational data
Croatia,Zadarska Zupanija,HR033,2020-27,13.685995656184,Epidemic intelligence subnational data
Croatia,Zadarska Zupanija,HR033,2020-28,32.1323376275624,Epidemic intelligence subnational data
Croatia,Zadarska Zupanija,HR033,2020-29,33.322424206361,Epidemic intelligence subnational data
Croatia,Zadarska Zupanija,HR033,2020-30,12.4959090773854,Epidemic intelligence subnational data
Croatia,Zadarska Zupanija,HR033,2020-31,8.92564934098956,Epidemic intelligence subnational data
Croatia,Zadarska Zupanija,HR033,2020-32,12.4959090773854,Epidemic intelligence subnational data
Croatia,Zadarska Zupanija,HR033,2020-33,39.2728571003541,Epidemic intelligence subnational data
Croatia,Zadarska Zupanija,HR033,2020-34,103.537532355479,Epidemic intelligence subnational data
Croatia,Zadarska Zupanija,HR033,2020-35,130.314480378448,Epidemic intelligence subnational data
Croatia,Zadarska Zupanija,HR033,2020-36,127.93430722085,Epidemic intelligence subnational data
Croatia,Zadarska Zupanija,HR033,2020-37,118.413614590461,Epidemic intelligence subnational data
Croatia,Zadarska Zupanija,HR033,2020-38,80.330844068906,Epidemic intelligence subnational data
Croatia,Zadarska Zupanija,HR033,2020-39,47.6034631519443,Epidemic intelligence subnational data
Croatia,Zadarska Zupanija,HR033,2020-40,39.8679003897534,Epidemic intelligence subnational data
Croatia,Zadarska Zupanija,HR033,2020-41,52.958852756538,Epidemic intelligence subnational data
Croatia,Zadarska Zupanija,HR033,2020-42,89.2564934098956,Epidemic intelligence subnational data
Croatia,Zadarska Zupanija,HR033,2020-43,165.422034453007,Epidemic intelligence subnational data
Croatia,Zadarska Zupanija,HR033,2020-44,243.372705364315,Epidemic intelligence subnational data
Croatia,Zadarska Zupanija,HR033,2020-45,324.298592722621,Epidemic intelligence subnational data
Croatia,Zadarska Zupanija,HR033,2020-46,416.530302579513,Epidemic intelligence subnational data
Croatia,Zadarska Zupanija,HR033,2020-47,717.027163726161,Epidemic intelligence subnational data
Croatia,Zadarska Zupanija,HR033,2020-48,1037.75549671239,Epidemic intelligence subnational data
Croatia,Zadarska Zupanija,HR033,2020-49,1044.89601618518,Epidemic intelligence subnational data
Croatia,Zadarska Zupanija,HR033,2020-50,1053.22662223677,Epidemic intelligence subnational data
Croatia,Zadarska Zupanija,HR033,2020-51,980.631340930053,Epidemic intelligence subnational data
Croatia,Zadarska Zupanija,HR033,2020-52,627.175627026866,Epidemic intelligence subnational data
Croatia,Zadarska Zupanija,HR033,2020-53,355.835887060784,Epidemic intelligence subnational data
Croatia,Zadarska Zupanija,HR033,2021-01,286.215822201065,Epidemic intelligence subnational data
Croatia,Zadarska Zupanija,HR033,2021-02,254.083484573503,Epidemic intelligence subnational data
Croatia,Zadarska Zupanija,HR033,2021-03,220.166017077742,Epidemic intelligence subnational data
Croatia,Zadarska Zupanija,HR033,2021-04,197.554372080569,Epidemic intelligence subnational data
Croatia,Zadarska Zupanija,HR033,2021-05,186.843592871381,Epidemic intelligence subnational data
Croatia,Zadarska Zupanija,HR033,2021-06,150.545952218024,Epidemic intelligence subnational data
Croatia,Zadarska Zupanija,HR033,2021-07,105.917705513076,Epidemic intelligence subnational data
Croatia,Zadarska Zupanija,HR033,2021-08,144.000476034632,Epidemic intelligence subnational data
Croatia,Zadarska Zupanija,HR033,2021-09,221.356103656541,Epidemic intelligence subnational data
Croatia,Zadarska Zupanija,HR033,2021-10,292.761298384458,Epidemic intelligence subnational data
Croatia,Zadarska Zupanija,HR033,2021-11,376.662402189759,Epidemic intelligence subnational data
Croatia,Zadarska Zupanija,HR033,2021-12,536.134003748773,Epidemic intelligence subnational data
Croatia,Zadarska Zupanija,HR033,2021-13,778.911665823689,Epidemic intelligence subnational data
Croatia,Zadarska Zupanija,HR033,2021-14,906.845973044539,Epidemic intelligence subnational data
Croatia,Zadarska Zupanija,HR033,2021-15,869.953289101782,Epidemic intelligence subnational data
Croatia,Zadarska Zupanija,HR033,2021-16,768.795929903901,Epidemic intelligence subnational data
Croatia,Zadarska Zupanija,HR033,2021-17,621.820237422273,Epidemic intelligence subnational data
Croatia,Zadarska Zupanija,HR033,2021-18,436.16673112969,Epidemic intelligence subnational data
Croatia,Zadarska Zupanija,HR033,2021-19,246.347921811312,Epidemic intelligence subnational data
Croatia,Zadarska Zupanija,HR033,2021-20,129.719437089048,Epidemic intelligence subnational data
Croatia,Zadarska Zupanija,HR033,2021-21,111.868138407069,Epidemic intelligence subnational data
Croatia,Zadarska Zupanija,HR033,2021-22,98.7771860402844,Epidemic intelligence subnational data
Croatia,Zadarska Zupanija,HR033,2021-23,95.8019695932879,Epidemic intelligence subnational data
Croatia,Zadarska Zupanija,HR033,2021-24,124.959090773854,Epidemic intelligence subnational data
Croatia,Zadarska Zupanija,HR033,2021-25,158.876558269614,Epidemic intelligence subnational data
Croatia,Zadarska Zupanija,HR033,2021-26,211.835411026152,Epidemic intelligence subnational data
Croatia,Zadarska Zupanija,HR033,2021-27,217.190800630746,Epidemic intelligence subnational data
Croatia,Zadarska Zupanija,HR033,2021-28,193.984112344173,Epidemic intelligence subnational data
Croatia,Zadarska Zupanija,HR033,2021-29,202.314718395763,Epidemic intelligence subnational data
Croatia,Zadarska Zupanija,HR033,2021-30,177.322900240993,Epidemic intelligence subnational data
Croatia,Zadarska Zupanija,HR033,2021-31,177.917943530392,Epidemic intelligence subnational data
Croatia,Zadarska Zupanija,HR033,2021-32,194.579155633572,Epidemic intelligence subnational data
Croatia,Zadarska Zupanija,HR033,2021-33,179.70307339859,Epidemic intelligence subnational data
Croatia,Zadarska Zupanija,HR033,2021-34,207.075064710958,Epidemic intelligence subnational data
Croatia,Zadarska Zupanija,HR033,2021-35,265.389307072089,Epidemic intelligence subnational data
Croatia,Zadarska Zupanija,HR033,2021-36,314.182856802832,Epidemic intelligence subnational data
Croatia,Zadarska Zupanija,HR033,2021-37,363.571449822975,Epidemic intelligence subnational data
Croatia,Zadarska Zupanija,HR033,2021-38,324.89363601202,Epidemic intelligence subnational data
Croatia,Zadarska Zupanija,HR033,2021-39,266.579393650888,Epidemic intelligence subnational data
Croatia,Zadarska Zupanija,HR033,2021-40,280.860432596471,Epidemic intelligence subnational data
Croatia,Zadarska Zupanija,HR033,2021-41,345.125107851596,Epidemic intelligence subnational data
Croatia,Zadarska Zupanija,HR033,2021-42,664.663354259022,Epidemic intelligence subnational data
Croatia,Zadarska Zupanija,HR033,2021-43,1066.91261789295,Epidemic intelligence subnational data
Croatia,Zadarska Zupanija,HR033,2021-44,1236.49995537175,Epidemic intelligence subnational data
Croatia,Zadarska Zupanija,HR033,2021-45,1377.52521495939,Epidemic intelligence subnational data
Croatia,Zadarska Zupanija,HR033,2021-46,1363.8392193032,Epidemic intelligence subnational data
Croatia,Zadarska Zupanija,HR033,2021-47,1165.68980393324,Epidemic intelligence subnational data
Croatia,Zadarska Zupanija,HR033,2021-48,1042.51584302758,Epidemic intelligence subnational data
Croatia,Zadarska Zupanija,HR033,2021-49,993.127250007438,Epidemic intelligence subnational data
Croatia,Zadarska Zupanija,HR033,2021-50,1080.59861354914,Epidemic intelligence subnational data
Croatia,Zadarska Zupanija,HR033,2021-51,1202.58248787599,Epidemic intelligence subnational data
Croatia,Zadarska Zupanija,HR033,2021-52,1642.91452203148,Epidemic intelligence subnational data
Croatia,Zadarska Zupanija,HR033,2022-01,2571.77709678379,Epidemic intelligence subnational data
Croatia,Zadarska Zupanija,HR033,2022-02,2997.82809199369,Epidemic intelligence subnational data
Croatia,Zadarska Zupanija,HR033,2022-03,2953.79488857814,Epidemic intelligence subnational data
Croatia,Zadarska Zupanija,HR033,2022-04,2913.92698818839,Epidemic intelligence subnational data
Croatia,Sibensko-Kninska Zupanija,HR034,2020-16,,Epidemic intelligence subnational data
Croatia,Sibensko-Kninska Zupanija,HR034,2020-17,9.10019312632079,Epidemic intelligence subnational data
Croatia,Sibensko-Kninska Zupanija,HR034,2020-18,7.07792798713839,Epidemic intelligence subnational data
Croatia,Sibensko-Kninska Zupanija,HR034,2020-19,2.0222651391824,Epidemic intelligence subnational data
Croatia,Sibensko-Kninska Zupanija,HR034,2020-20,2.0222651391824,Epidemic intelligence subnational data
Croatia,Sibensko-Kninska Zupanija,HR034,2020-21,1.0111325695912,Epidemic intelligence subnational data
Croatia,Sibensko-Kninska Zupanija,HR034,2020-22,0,Epidemic intelligence subnational data
Croatia,Sibensko-Kninska Zupanija,HR034,2020-23,0,Epidemic intelligence subnational data
Croatia,Sibensko-Kninska Zupanija,HR034,2020-24,0,Epidemic intelligence subnational data
Croatia,Sibensko-Kninska Zupanija,HR034,2020-25,2.0222651391824,Epidemic intelligence subnational data
Croatia,Sibensko-Kninska Zupanija,HR034,2020-26,4.0445302783648,Epidemic intelligence subnational data
Croatia,Sibensko-Kninska Zupanija,HR034,2020-27,13.1447234046856,Epidemic intelligence subnational data
Croatia,Sibensko-Kninska Zupanija,HR034,2020-28,27.3005793789624,Epidemic intelligence subnational data
Croatia,Sibensko-Kninska Zupanija,HR034,2020-29,25.27831423978,Epidemic intelligence subnational data
Croatia,Sibensko-Kninska Zupanija,HR034,2020-30,25.27831423978,Epidemic intelligence subnational data
Croatia,Sibensko-Kninska Zupanija,HR034,2020-31,21.2337839614152,Epidemic intelligence subnational data
Croatia,Sibensko-Kninska Zupanija,HR034,2020-32,10.111325695912,Epidemic intelligence subnational data
Croatia,Sibensko-Kninska Zupanija,HR034,2020-33,79.8794729977047,Epidemic intelligence subnational data
Croatia,Sibensko-Kninska Zupanija,HR034,2020-34,193.126320791919,Epidemic intelligence subnational data
Croatia,Sibensko-Kninska Zupanija,HR034,2020-35,192.115188222328,Epidemic intelligence subnational data
Croatia,Sibensko-Kninska Zupanija,HR034,2020-36,135.491764325221,Epidemic intelligence subnational data
Croatia,Sibensko-Kninska Zupanija,HR034,2020-37,98.0798592503463,Epidemic intelligence subnational data
Croatia,Sibensko-Kninska Zupanija,HR034,2020-38,64.7124844538367,Epidemic intelligence subnational data
Croatia,Sibensko-Kninska Zupanija,HR034,2020-39,40.445302783648,Epidemic intelligence subnational data
Croatia,Sibensko-Kninska Zupanija,HR034,2020-40,33.3673747965096,Epidemic intelligence subnational data
Croatia,Sibensko-Kninska Zupanija,HR034,2020-41,45.500965631604,Epidemic intelligence subnational data
Croatia,Sibensko-Kninska Zupanija,HR034,2020-42,111.224582655032,Epidemic intelligence subnational data
Croatia,Sibensko-Kninska Zupanija,HR034,2020-43,257.838805245756,Epidemic intelligence subnational data
Croatia,Sibensko-Kninska Zupanija,HR034,2020-44,374.119050748744,Epidemic intelligence subnational data
Croatia,Sibensko-Kninska Zupanija,HR034,2020-45,424.675679228304,Epidemic intelligence subnational data
Croatia,Sibensko-Kninska Zupanija,HR034,2020-46,496.466091669279,Epidemic intelligence subnational data
Croatia,Sibensko-Kninska Zupanija,HR034,2020-47,706.781666144248,Epidemic intelligence subnational data
Croatia,Sibensko-Kninska Zupanija,HR034,2020-48,989.898785629784,Epidemic intelligence subnational data
Croatia,Sibensko-Kninska Zupanija,HR034,2020-49,1108.20129627195,Epidemic intelligence subnational data
Croatia,Sibensko-Kninska Zupanija,HR034,2020-50,1387.27388547913,Epidemic intelligence subnational data
Croatia,Sibensko-Kninska Zupanija,HR034,2020-51,1371.09576436567,Epidemic intelligence subnational data
Croatia,Sibensko-Kninska Zupanija,HR034,2020-52,898.896854366576,Epidemic intelligence subnational data
Croatia,Sibensko-Kninska Zupanija,HR034,2020-53,548.03385271843,Epidemic intelligence subnational data
Croatia,Sibensko-Kninska Zupanija,HR034,2021-01,341.762808521825,Epidemic intelligence subnational data
Croatia,Sibensko-Kninska Zupanija,HR034,2021-02,306.373168586133,Epidemic intelligence subnational data
Croatia,Sibensko-Kninska Zupanija,HR034,2021-03,314.462229142863,Epidemic intelligence subnational data
Croatia,Sibensko-Kninska Zupanija,HR034,2021-04,295.25071032063,Epidemic intelligence subnational data
Croatia,Sibensko-Kninska Zupanija,HR034,2021-05,208.293309335787,Epidemic intelligence subnational data
Croatia,Sibensko-Kninska Zupanija,HR034,2021-06,158.747813425818,Epidemic intelligence subnational data
Croatia,Sibensko-Kninska Zupanija,HR034,2021-07,138.525162033994,Epidemic intelligence subnational data
Croatia,Sibensko-Kninska Zupanija,HR034,2021-08,170.881404260913,Epidemic intelligence subnational data
Croatia,Sibensko-Kninska Zupanija,HR034,2021-09,204.248779057422,Epidemic intelligence subnational data
Croatia,Sibensko-Kninska Zupanija,HR034,2021-10,266.938998372077,Epidemic intelligence subnational data
Croatia,Sibensko-Kninska Zupanija,HR034,2021-11,490.399296251732,Epidemic intelligence subnational data
Croatia,Sibensko-Kninska Zupanija,HR034,2021-12,815.983983660098,Epidemic intelligence subnational data
Croatia,Sibensko-Kninska Zupanija,HR034,2021-13,1142.57980363806,Epidemic intelligence subnational data
Croatia,Sibensko-Kninska Zupanija,HR034,2021-14,1139.54640592928,Epidemic intelligence subnational data
Croatia,Sibensko-Kninska Zupanija,HR034,2021-15,1026.29955813507,Epidemic intelligence subnational data
Croatia,Sibensko-Kninska Zupanija,HR034,2021-16,1034.3886186918,Epidemic intelligence subnational data
Croatia,Sibensko-Kninska Zupanija,HR034,2021-17,832.162104773557,Epidemic intelligence subnational data
Croatia,Sibensko-Kninska Zupanija,HR034,2021-18,493.432693960505,Epidemic intelligence subnational data
Croatia,Sibensko-Kninska Zupanija,HR034,2021-19,284.128252055127,Epidemic intelligence subnational data
Croatia,Sibensko-Kninska Zupanija,HR034,2021-20,177.959332248051,Epidemic intelligence subnational data
Croatia,Sibensko-Kninska Zupanija,HR034,2021-21,116.280245502988,Epidemic intelligence subnational data
Croatia,Sibensko-Kninska Zupanija,HR034,2021-22,107.180052376667,Epidemic intelligence subnational data
Croatia,Sibensko-Kninska Zupanija,HR034,2021-23,115.269112933397,Epidemic intelligence subnational data
Croatia,Sibensko-Kninska Zupanija,HR034,2021-24,89.9907986936167,Epidemic intelligence subnational data
Croatia,Sibensko-Kninska Zupanija,HR034,2021-25,43.4787004924216,Epidemic intelligence subnational data
Croatia,Sibensko-Kninska Zupanija,HR034,2021-26,46.5120982011952,Epidemic intelligence subnational data
Croatia,Sibensko-Kninska Zupanija,HR034,2021-27,74.8238101497487,Epidemic intelligence subnational data
Croatia,Sibensko-Kninska Zupanija,HR034,2021-28,105.157787237485,Epidemic intelligence subnational data
Croatia,Sibensko-Kninska Zupanija,HR034,2021-29,112.235715224623,Epidemic intelligence subnational data
Croatia,Sibensko-Kninska Zupanija,HR034,2021-30,101.11325695912,Epidemic intelligence subnational data
Croatia,Sibensko-Kninska Zupanija,HR034,2021-31,99.0909918199375,Epidemic intelligence subnational data
Croatia,Sibensko-Kninska Zupanija,HR034,2021-32,164.814608843365,Epidemic intelligence subnational data
Croatia,Sibensko-Kninska Zupanija,HR034,2021-33,195.148585931101,Epidemic intelligence subnational data
Croatia,Sibensko-Kninska Zupanija,HR034,2021-34,158.747813425818,Epidemic intelligence subnational data
Croatia,Sibensko-Kninska Zupanija,HR034,2021-35,176.94819967846,Epidemic intelligence subnational data
Croatia,Sibensko-Kninska Zupanija,HR034,2021-36,200.204248779057,Epidemic intelligence subnational data
Croatia,Sibensko-Kninska Zupanija,HR034,2021-37,310.417698864498,Epidemic intelligence subnational data
Croatia,Sibensko-Kninska Zupanija,HR034,2021-38,379.1747135967,Epidemic intelligence subnational data
Croatia,Sibensko-Kninska Zupanija,HR034,2021-39,366.029990192014,Epidemic intelligence subnational data
Croatia,Sibensko-Kninska Zupanija,HR034,2021-40,348.840736508964,Epidemic intelligence subnational data
Croatia,Sibensko-Kninska Zupanija,HR034,2021-41,367.041122761605,Epidemic intelligence subnational data
Croatia,Sibensko-Kninska Zupanija,HR034,2021-42,691.61467760038,Epidemic intelligence subnational data
Croatia,Sibensko-Kninska Zupanija,HR034,2021-43,1295.26082164633,Epidemic intelligence subnational data
Croatia,Sibensko-Kninska Zupanija,HR034,2021-44,1684.54686093894,Epidemic intelligence subnational data
Croatia,Sibensko-Kninska Zupanija,HR034,2021-45,1888.79563999636,Epidemic intelligence subnational data
Croatia,Sibensko-Kninska Zupanija,HR034,2021-46,1835.20561380803,Epidemic intelligence subnational data
Croatia,Sibensko-Kninska Zupanija,HR034,2021-47,1594.55606224532,Epidemic intelligence subnational data
Croatia,Sibensko-Kninska Zupanija,HR034,2021-48,1443.89730937623,Epidemic intelligence subnational data
Croatia,Sibensko-Kninska Zupanija,HR034,2021-49,1404.46313916218,Epidemic intelligence subnational data
Croatia,Sibensko-Kninska Zupanija,HR034,2021-50,1608.7119182196,Epidemic intelligence subnational data
Croatia,Sibensko-Kninska Zupanija,HR034,2021-51,1891.82903770513,Epidemic intelligence subnational data
Croatia,Sibensko-Kninska Zupanija,HR034,2021-52,2411.55117847501,Epidemic intelligence subnational data
Croatia,Sibensko-Kninska Zupanija,HR034,2022-01,2762.41418012316,Epidemic intelligence subnational data
Croatia,Sibensko-Kninska Zupanija,HR034,2022-02,2864.53856965187,Epidemic intelligence subnational data
Croatia,Sibensko-Kninska Zupanija,HR034,2022-03,3005.08599682504,Epidemic intelligence subnational data
Croatia,Sibensko-Kninska Zupanija,HR034,2022-04,2942.39577751039,Epidemic intelligence subnational data
Croatia,Splitsko-Dalmatinska Zupanija,HR035,2020-16,,Epidemic intelligence subnational data
Croatia,Splitsko-Dalmatinska Zupanija,HR035,2020-17,22.9832222477591,Epidemic intelligence subnational data
Croatia,Splitsko-Dalmatinska Zupanija,HR035,2020-18,15.6196656052732,Epidemic intelligence subnational data
Croatia,Splitsko-Dalmatinska Zupanija,HR035,2020-19,16.9584940857252,Epidemic intelligence subnational data
Croatia,Splitsko-Dalmatinska Zupanija,HR035,2020-20,11.3800420838419,Epidemic intelligence subnational data
Croatia,Splitsko-Dalmatinska Zupanija,HR035,2020-21,1.11569040037666,Epidemic intelligence subnational data
Croatia,Splitsko-Dalmatinska Zupanija,HR035,2020-22,0.223138080075331,Epidemic intelligence subnational data
Croatia,Splitsko-Dalmatinska Zupanija,HR035,2020-23,0,Epidemic intelligence subnational data
Croatia,Splitsko-Dalmatinska Zupanija,HR035,2020-24,0,Epidemic intelligence subnational data
Croatia,Splitsko-Dalmatinska Zupanija,HR035,2020-25,3.79334736128063,Epidemic intelligence subnational data
Croatia,Splitsko-Dalmatinska Zupanija,HR035,2020-26,8.25610896278726,Epidemic intelligence subnational data
Croatia,Splitsko-Dalmatinska Zupanija,HR035,2020-27,9.81807552331458,Epidemic intelligence subnational data
Croatia,Splitsko-Dalmatinska Zupanija,HR035,2020-28,21.4212556872318,Epidemic intelligence subnational data
Croatia,Splitsko-Dalmatinska Zupanija,HR035,2020-29,26.1071553688138,Epidemic intelligence subnational data
Croatia,Splitsko-Dalmatinska Zupanija,HR035,2020-30,36.1483689722037,Epidemic intelligence subnational data
Croatia,Splitsko-Dalmatinska Zupanija,HR035,2020-31,43.065649454539,Epidemic intelligence subnational data
Croatia,Splitsko-Dalmatinska Zupanija,HR035,2020-32,41.9499590541623,Epidemic intelligence subnational data
Croatia,Splitsko-Dalmatinska Zupanija,HR035,2020-33,88.8089558699819,Epidemic intelligence subnational data
Croatia,Splitsko-Dalmatinska Zupanija,HR035,2020-34,215.997661512921,Epidemic intelligence subnational data
Croatia,Splitsko-Dalmatinska Zupanija,HR035,2020-35,282.49280937537,Epidemic intelligence subnational data
Croatia,Splitsko-Dalmatinska Zupanija,HR035,2020-36,253.038582805426,Epidemic intelligence subnational data
Croatia,Splitsko-Dalmatinska Zupanija,HR035,2020-37,195.46895814599,Epidemic intelligence subnational data
Croatia,Splitsko-Dalmatinska Zupanija,HR035,2020-38,140.800128527534,Epidemic intelligence subnational data
Croatia,Splitsko-Dalmatinska Zupanija,HR035,2020-39,117.370630119624,Epidemic intelligence subnational data
Croatia,Splitsko-Dalmatinska Zupanija,HR035,2020-40,100.188997953824,Epidemic intelligence subnational data
Croatia,Splitsko-Dalmatinska Zupanija,HR035,2020-41,138.568747726781,Epidemic intelligence subnational data
Croatia,Splitsko-Dalmatinska Zupanija,HR035,2020-42,236.972641040002,Epidemic intelligence subnational data
Croatia,Splitsko-Dalmatinska Zupanija,HR035,2020-43,456.540511834128,Epidemic intelligence subnational data
Croatia,Splitsko-Dalmatinska Zupanija,HR035,2020-44,594.886121480834,Epidemic intelligence subnational data
Croatia,Splitsko-Dalmatinska Zupanija,HR035,2020-45,669.414240225994,Epidemic intelligence subnational data
Croatia,Splitsko-Dalmatinska Zupanija,HR035,2020-46,793.925288908029,Epidemic intelligence subnational data
Croatia,Splitsko-Dalmatinska Zupanija,HR035,2020-47,967.080439046486,Epidemic intelligence subnational data
Croatia,Splitsko-Dalmatinska Zupanija,HR035,2020-48,1207.17701320754,Epidemic intelligence subnational data
Croatia,Splitsko-Dalmatinska Zupanija,HR035,2020-49,1184.64006711993,Epidemic intelligence subnational data
Croatia,Splitsko-Dalmatinska Zupanija,HR035,2020-50,1157.41722135074,Epidemic intelligence subnational data
Croatia,Splitsko-Dalmatinska Zupanija,HR035,2020-51,1092.48404004882,Epidemic intelligence subnational data
Croatia,Splitsko-Dalmatinska Zupanija,HR035,2020-52,726.760726805355,Epidemic intelligence subnational data
Croatia,Splitsko-Dalmatinska Zupanija,HR035,2020-53,461.22641151571,Epidemic intelligence subnational data
Croatia,Splitsko-Dalmatinska Zupanija,HR035,2021-01,398.078334854391,Epidemic intelligence subnational data
Croatia,Splitsko-Dalmatinska Zupanija,HR035,2021-02,334.930258193073,Epidemic intelligence subnational data
Croatia,Splitsko-Dalmatinska Zupanija,HR035,2021-03,259.955863287761,Epidemic intelligence subnational data
Croatia,Splitsko-Dalmatinska Zupanija,HR035,2021-04,233.848707918947,Epidemic intelligence subnational data
Croatia,Splitsko-Dalmatinska Zupanija,HR035,2021-05,240.542850321207,Epidemic intelligence subnational data
Croatia,Splitsko-Dalmatinska Zupanija,HR035,2021-06,218.8984565539,Epidemic intelligence subnational data
Croatia,Splitsko-Dalmatinska Zupanija,HR035,2021-07,175.832807099361,Epidemic intelligence subnational data
Croatia,Splitsko-Dalmatinska Zupanija,HR035,2021-08,204.171343268928,Epidemic intelligence subnational data
Croatia,Splitsko-Dalmatinska Zupanija,HR035,2021-09,258.617034807309,Epidemic intelligence subnational data
Croatia,Splitsko-Dalmatinska Zupanija,HR035,2021-10,307.930550503957,Epidemic intelligence subnational data
Croatia,Splitsko-Dalmatinska Zupanija,HR035,2021-11,420.615280942,Epidemic intelligence subnational data
Croatia,Splitsko-Dalmatinska Zupanija,HR035,2021-12,605.596749324449,Epidemic intelligence subnational data
Croatia,Splitsko-Dalmatinska Zupanija,HR035,2021-13,721.182274803471,Epidemic intelligence subnational data
Croatia,Splitsko-Dalmatinska Zupanija,HR035,2021-14,814.230854194884,Epidemic intelligence subnational data
Croatia,Splitsko-Dalmatinska Zupanija,HR035,2021-15,895.453115342305,Epidemic intelligence subnational data
Croatia,Splitsko-Dalmatinska Zupanija,HR035,2021-16,859.974160610327,Epidemic intelligence subnational data
Croatia,Splitsko-Dalmatinska Zupanija,HR035,2021-17,710.917923120006,Epidemic intelligence subnational data
Croatia,Splitsko-Dalmatinska Zupanija,HR035,2021-18,458.325616474731,Epidemic intelligence subnational data
Croatia,Splitsko-Dalmatinska Zupanija,HR035,2021-19,240.096574161057,Epidemic intelligence subnational data
Croatia,Splitsko-Dalmatinska Zupanija,HR035,2021-20,136.337366926028,Epidemic intelligence subnational data
Croatia,Splitsko-Dalmatinska Zupanija,HR035,2021-21,87.2469893094546,Epidemic intelligence subnational data
Croatia,Splitsko-Dalmatinska Zupanija,HR035,2021-22,57.1233484992848,Epidemic intelligence subnational data
Croatia,Splitsko-Dalmatinska Zupanija,HR035,2021-23,38.8260259331077,Epidemic intelligence subnational data
Croatia,Splitsko-Dalmatinska Zupanija,HR035,2021-24,24.7683268883618,Epidemic intelligence subnational data
Croatia,Splitsko-Dalmatinska Zupanija,HR035,2021-25,18.2973225661772,Epidemic intelligence subnational data
Croatia,Splitsko-Dalmatinska Zupanija,HR035,2021-26,14.5039752048965,Epidemic intelligence subnational data
Croatia,Splitsko-Dalmatinska Zupanija,HR035,2021-27,19.1898748864785,Epidemic intelligence subnational data
Croatia,Splitsko-Dalmatinska Zupanija,HR035,2021-28,57.1233484992848,Epidemic intelligence subnational data
Croatia,Splitsko-Dalmatinska Zupanija,HR035,2021-29,108.668244996686,Epidemic intelligence subnational data
Croatia,Splitsko-Dalmatinska Zupanija,HR035,2021-30,121.38711556098,Epidemic intelligence subnational data
Croatia,Splitsko-Dalmatinska Zupanija,HR035,2021-31,132.097743404596,Epidemic intelligence subnational data
Croatia,Splitsko-Dalmatinska Zupanija,HR035,2021-32,173.378288218533,Epidemic intelligence subnational data
Croatia,Splitsko-Dalmatinska Zupanija,HR035,2021-33,265.088039129494,Epidemic intelligence subnational data
Croatia,Splitsko-Dalmatinska Zupanija,HR035,2021-34,388.929673571303,Epidemic intelligence subnational data
Croatia,Splitsko-Dalmatinska Zupanija,HR035,2021-35,471.713901279251,Epidemic intelligence subnational data
Croatia,Splitsko-Dalmatinska Zupanija,HR035,2021-36,503.622646730023,Epidemic intelligence subnational data
Croatia,Splitsko-Dalmatinska Zupanija,HR035,2021-37,569.894656512396,Epidemic intelligence subnational data
Croatia,Splitsko-Dalmatinska Zupanija,HR035,2021-38,550.035367385692,Epidemic intelligence subnational data
Croatia,Splitsko-Dalmatinska Zupanija,HR035,2021-39,470.375072798799,Epidemic intelligence subnational data
Croatia,Splitsko-Dalmatinska Zupanija,HR035,2021-40,477.292353281134,Epidemic intelligence subnational data
Croatia,Splitsko-Dalmatinska Zupanija,HR035,2021-41,453.416578713073,Epidemic intelligence subnational data
Croatia,Splitsko-Dalmatinska Zupanija,HR035,2021-42,637.728632855297,Epidemic intelligence subnational data
Croatia,Splitsko-Dalmatinska Zupanija,HR035,2021-43,998.319770257033,Epidemic intelligence subnational data
Croatia,Splitsko-Dalmatinska Zupanija,HR035,2021-44,1275.01098955044,Epidemic intelligence subnational data
Croatia,Splitsko-Dalmatinska Zupanija,HR035,2021-45,1513.54559715097,Epidemic intelligence subnational data
Croatia,Splitsko-Dalmatinska Zupanija,HR035,2021-46,1459.76931985282,Epidemic intelligence subnational data
Croatia,Splitsko-Dalmatinska Zupanija,HR035,2021-47,1296.2091071576,Epidemic intelligence subnational data
Croatia,Splitsko-Dalmatinska Zupanija,HR035,2021-48,1191.55734760227,Epidemic intelligence subnational data
Croatia,Splitsko-Dalmatinska Zupanija,HR035,2021-49,1050.08780483451,Epidemic intelligence subnational data
Croatia,Splitsko-Dalmatinska Zupanija,HR035,2021-50,1064.59178003941,Epidemic intelligence subnational data
Croatia,Splitsko-Dalmatinska Zupanija,HR035,2021-51,1147.37600774735,Epidemic intelligence subnational data
Croatia,Splitsko-Dalmatinska Zupanija,HR035,2021-52,2045.95305621071,Epidemic intelligence subnational data
Croatia,Splitsko-Dalmatinska Zupanija,HR035,2022-01,3626.66321546436,Epidemic intelligence subnational data
Croatia,Splitsko-Dalmatinska Zupanija,HR035,2022-02,4104.8481210658,Epidemic intelligence subnational data
Croatia,Splitsko-Dalmatinska Zupanija,HR035,2022-03,3812.31409808704,Epidemic intelligence subnational data
Croatia,Splitsko-Dalmatinska Zupanija,HR035,2022-04,3729.97614653924,Epidemic intelligence subnational data
Croatia,Istarska Zupanija,HR036,2020-16,,Epidemic intelligence subnational data
Croatia,Istarska Zupanija,HR036,2020-17,1.90517015550951,Epidemic intelligence subnational data
Croatia,Istarska Zupanija,HR036,2020-18,0,Epidemic intelligence subnational data
Croatia,Istarska Zupanija,HR036,2020-19,0.476292538877379,Epidemic intelligence subnational data
Croatia,Istarska Zupanija,HR036,2020-20,0.952585077754757,Epidemic intelligence subnational data
Croatia,Istarska Zupanija,HR036,2020-21,0.476292538877379,Epidemic intelligence subnational data
Croatia,Istarska Zupanija,HR036,2020-22,0,Epidemic intelligence subnational data
Croatia,Istarska Zupanija,HR036,2020-23,0,Epidemic intelligence subnational data
Croatia,Istarska Zupanija,HR036,2020-24,0,Epidemic intelligence subnational data
Croatia,Istarska Zupanija,HR036,2020-25,2.38146269438689,Epidemic intelligence subnational data
Croatia,Istarska Zupanija,HR036,2020-26,4.28663284989641,Epidemic intelligence subnational data
Croatia,Istarska Zupanija,HR036,2020-27,2.85775523326427,Epidemic intelligence subnational data
Croatia,Istarska Zupanija,HR036,2020-28,21.9094567883594,Epidemic intelligence subnational data
Croatia,Istarska Zupanija,HR036,2020-29,33.3404777214165,Epidemic intelligence subnational data
Croatia,Istarska Zupanija,HR036,2020-30,51.4395941987569,Epidemic intelligence subnational data
Croatia,Istarska Zupanija,HR036,2020-31,43.8189135767188,Epidemic intelligence subnational data
Croatia,Istarska Zupanija,HR036,2020-32,6.6680955442833,Epidemic intelligence subnational data
Croatia,Istarska Zupanija,HR036,2020-33,11.9073134719345,Epidemic intelligence subnational data
Croatia,Istarska Zupanija,HR036,2020-34,43.8189135767188,Epidemic intelligence subnational data
Croatia,Istarska Zupanija,HR036,2020-35,51.9158867376343,Epidemic intelligence subnational data
Croatia,Istarska Zupanija,HR036,2020-36,35.245647876926,Epidemic intelligence subnational data
Croatia,Istarska Zupanija,HR036,2020-37,27.1486747160106,Epidemic intelligence subnational data
Croatia,Istarska Zupanija,HR036,2020-38,12.8598985496892,Epidemic intelligence subnational data
Croatia,Istarska Zupanija,HR036,2020-39,9.52585077754757,Epidemic intelligence subnational data
Croatia,Istarska Zupanija,HR036,2020-40,11.9073134719345,Epidemic intelligence subnational data
Croatia,Istarska Zupanija,HR036,2020-41,13.3361910885666,Epidemic intelligence subnational data
Croatia,Istarska Zupanija,HR036,2020-42,47.6292538877379,Epidemic intelligence subnational data
Croatia,Istarska Zupanija,HR036,2020-43,201.948036484009,Epidemic intelligence subnational data
Croatia,Istarska Zupanija,HR036,2020-44,274.820794932247,Epidemic intelligence subnational data
Croatia,Istarska Zupanija,HR036,2020-45,362.458622085685,Epidemic intelligence subnational data
Croatia,Istarska Zupanija,HR036,2020-46,477.721416494011,Epidemic intelligence subnational data
Croatia,Istarska Zupanija,HR036,2020-47,520.587744992975,Epidemic intelligence subnational data
Croatia,Istarska Zupanija,HR036,2020-48,606.79669452978,Epidemic intelligence subnational data
Croatia,Istarska Zupanija,HR036,2020-49,565.835536186326,Epidemic intelligence subnational data
Croatia,Istarska Zupanija,HR036,2020-50,546.307542092353,Epidemic intelligence subnational data
Croatia,Istarska Zupanija,HR036,2020-51,514.872234526446,Epidemic intelligence subnational data
Croatia,Istarska Zupanija,HR036,2020-52,392.941344573837,Epidemic intelligence subnational data
Croatia,Istarska Zupanija,HR036,2020-53,256.24538591603,Epidemic intelligence subnational data
Croatia,Istarska Zupanija,HR036,2021-01,190.517015550951,Epidemic intelligence subnational data
Croatia,Istarska Zupanija,HR036,2021-02,169.083851301469,Epidemic intelligence subnational data
Croatia,Istarska Zupanija,HR036,2021-03,92.4007525422114,Epidemic intelligence subnational data
Croatia,Istarska Zupanija,HR036,2021-04,54.7736419708985,Epidemic intelligence subnational data
Croatia,Istarska Zupanija,HR036,2021-05,44.2952061155962,Epidemic intelligence subnational data
Croatia,Istarska Zupanija,HR036,2021-06,33.3404777214165,Epidemic intelligence subnational data
Croatia,Istarska Zupanija,HR036,2021-07,30.0064299492749,Epidemic intelligence subnational data
Croatia,Istarska Zupanija,HR036,2021-08,30.4827224881522,Epidemic intelligence subnational data
Croatia,Istarska Zupanija,HR036,2021-09,29.0538448715201,Epidemic intelligence subnational data
Croatia,Istarska Zupanija,HR036,2021-10,51.4395941987569,Epidemic intelligence subnational data
Croatia,Istarska Zupanija,HR036,2021-11,70.9675882927294,Epidemic intelligence subnational data
Croatia,Istarska Zupanija,HR036,2021-12,83.8274868424186,Epidemic intelligence subnational data
Croatia,Istarska Zupanija,HR036,2021-13,99.0688480864947,Epidemic intelligence subnational data
Croatia,Istarska Zupanija,HR036,2021-14,99.5451406253721,Epidemic intelligence subnational data
Croatia,Istarska Zupanija,HR036,2021-15,114.786501869448,Epidemic intelligence subnational data
Croatia,Istarska Zupanija,HR036,2021-16,113.833916791694,Epidemic intelligence subnational data
Croatia,Istarska Zupanija,HR036,2021-17,89.0667047700698,Epidemic intelligence subnational data
Croatia,Istarska Zupanija,HR036,2021-18,76.6830987592579,Epidemic intelligence subnational data
Croatia,Istarska Zupanija,HR036,2021-19,61.4417375151818,Epidemic intelligence subnational data
Croatia,Istarska Zupanija,HR036,2021-20,37.1508180324355,Epidemic intelligence subnational data
Croatia,Istarska Zupanija,HR036,2021-21,24.7672120216237,Epidemic intelligence subnational data
Croatia,Istarska Zupanija,HR036,2021-22,21.9094567883594,Epidemic intelligence subnational data
Croatia,Istarska Zupanija,HR036,2021-23,14.7650687051987,Epidemic intelligence subnational data
Croatia,Istarska Zupanija,HR036,2021-24,9.04955823867019,Epidemic intelligence subnational data
Croatia,Istarska Zupanija,HR036,2021-25,4.28663284989641,Epidemic intelligence subnational data
Croatia,Istarska Zupanija,HR036,2021-26,1.90517015550951,Epidemic intelligence subnational data
Croatia,Istarska Zupanija,HR036,2021-27,2.38146269438689,Epidemic intelligence subnational data
Croatia,Istarska Zupanija,HR036,2021-28,2.85775523326427,Epidemic intelligence subnational data
Croatia,Istarska Zupanija,HR036,2021-29,3.81034031101903,Epidemic intelligence subnational data
Croatia,Istarska Zupanija,HR036,2021-30,10.9547283941797,Epidemic intelligence subnational data
Croatia,Istarska Zupanija,HR036,2021-31,21.9094567883594,Epidemic intelligence subnational data
Croatia,Istarska Zupanija,HR036,2021-32,32.8641851825391,Epidemic intelligence subnational data
Croatia,Istarska Zupanija,HR036,2021-33,43.3426210378414,Epidemic intelligence subnational data
Croatia,Istarska Zupanija,HR036,2021-34,42.8663284989641,Epidemic intelligence subnational data
Croatia,Istarska Zupanija,HR036,2021-35,47.1529613488605,Epidemic intelligence subnational data
Croatia,Istarska Zupanija,HR036,2021-36,75.7305136815032,Epidemic intelligence subnational data
Croatia,Istarska Zupanija,HR036,2021-37,126.217522802505,Epidemic intelligence subnational data
Croatia,Istarska Zupanija,HR036,2021-38,135.267081041175,Epidemic intelligence subnational data
Croatia,Istarska Zupanija,HR036,2021-39,122.407182491486,Epidemic intelligence subnational data
Croatia,Istarska Zupanija,HR036,2021-40,122.883475030364,Epidemic intelligence subnational data
Croatia,Istarska Zupanija,HR036,2021-41,128.598985496892,Epidemic intelligence subnational data
Croatia,Istarska Zupanija,HR036,2021-42,214.807935033698,Epidemic intelligence subnational data
Croatia,Istarska Zupanija,HR036,2021-43,416.279678978829,Epidemic intelligence subnational data
Croatia,Istarska Zupanija,HR036,2021-44,678.716867900264,Epidemic intelligence subnational data
Croatia,Istarska Zupanija,HR036,2021-45,859.708032673668,Epidemic intelligence subnational data
Croatia,Istarska Zupanija,HR036,2021-46,928.294158272011,Epidemic intelligence subnational data
Croatia,Istarska Zupanija,HR036,2021-47,1038.31773475269,Epidemic intelligence subnational data
Croatia,Istarska Zupanija,HR036,2021-48,1034.50739444167,Epidemic intelligence subnational data
Croatia,Istarska Zupanija,HR036,2021-49,956.395418065776,Epidemic intelligence subnational data
Croatia,Istarska Zupanija,HR036,2021-50,912.576504489057,Epidemic intelligence subnational data
Croatia,Istarska Zupanija,HR036,2021-51,866.376128217951,Epidemic intelligence subnational data
Croatia,Istarska Zupanija,HR036,2021-52,960.682050915673,Epidemic intelligence subnational data
Croatia,Istarska Zupanija,HR036,2022-01,1169.29818294396,Epidemic intelligence subnational data
Croatia,Istarska Zupanija,HR036,2022-02,1242.1709413922,Epidemic intelligence subnational data
Croatia,Istarska Zupanija,HR036,2022-03,1436.97458979305,Epidemic intelligence subnational data
Croatia,Istarska Zupanija,HR036,2022-04,1661.3083756043,Epidemic intelligence subnational data
Croatia,Dubrovacko-Neretvanska Zupanija,HR037,2020-16,,Epidemic intelligence subnational data
Croatia,Dubrovacko-Neretvanska Zupanija,HR037,2020-17,9.79999836666694,Epidemic intelligence subnational data
Croatia,Dubrovacko-Neretvanska Zupanija,HR037,2020-18,4.89999918333347,Epidemic intelligence subnational data
Croatia,Dubrovacko-Neretvanska Zupanija,HR037,2020-19,4.89999918333347,Epidemic intelligence subnational data
Croatia,Dubrovacko-Neretvanska Zupanija,HR037,2020-20,2.44999959166674,Epidemic intelligence subnational data
Croatia,Dubrovacko-Neretvanska Zupanija,HR037,2020-21,0,Epidemic intelligence subnational data
Croatia,Dubrovacko-Neretvanska Zupanija,HR037,2020-22,0,Epidemic intelligence subnational data
Croatia,Dubrovacko-Neretvanska Zupanija,HR037,2020-23,0,Epidemic intelligence subnational data
Croatia,Dubrovacko-Neretvanska Zupanija,HR037,2020-24,0,Epidemic intelligence subnational data
Croatia,Dubrovacko-Neretvanska Zupanija,HR037,2020-25,3.26666612222231,Epidemic intelligence subnational data
Croatia,Dubrovacko-Neretvanska Zupanija,HR037,2020-26,6.53333224444463,Epidemic intelligence subnational data
Croatia,Dubrovacko-Neretvanska Zupanija,HR037,2020-27,17.1499971416671,Epidemic intelligence subnational data
Croatia,Dubrovacko-Neretvanska Zupanija,HR037,2020-28,29.3999951000008,Epidemic intelligence subnational data
Croatia,Dubrovacko-Neretvanska Zupanija,HR037,2020-29,26.9499955083341,Epidemic intelligence subnational data
Croatia,Dubrovacko-Neretvanska Zupanija,HR037,2020-30,17.1499971416671,Epidemic intelligence subnational data
Croatia,Dubrovacko-Neretvanska Zupanija,HR037,2020-31,12.2499979583337,Epidemic intelligence subnational data
Croatia,Dubrovacko-Neretvanska Zupanija,HR037,2020-32,12.2499979583337,Epidemic intelligence subnational data
Croatia,Dubrovacko-Neretvanska Zupanija,HR037,2020-33,26.1333289777785,Epidemic intelligence subnational data
Croatia,Dubrovacko-Neretvanska Zupanija,HR037,2020-34,72.6833212194465,Epidemic intelligence subnational data
Croatia,Dubrovacko-Neretvanska Zupanija,HR037,2020-35,115.149980808337,Epidemic intelligence subnational data
Croatia,Dubrovacko-Neretvanska Zupanija,HR037,2020-36,178.849970191672,Epidemic intelligence subnational data
Croatia,Dubrovacko-Neretvanska Zupanija,HR037,2020-37,175.583304069449,Epidemic intelligence subnational data
Croatia,Dubrovacko-Neretvanska Zupanija,HR037,2020-38,97.1833171361138,Epidemic intelligence subnational data
Croatia,Dubrovacko-Neretvanska Zupanija,HR037,2020-39,69.4166550972242,Epidemic intelligence subnational data
Croatia,Dubrovacko-Neretvanska Zupanija,HR037,2020-40,111.066648155559,Epidemic intelligence subnational data
Croatia,Dubrovacko-Neretvanska Zupanija,HR037,2020-41,155.16664080556,Epidemic intelligence subnational data
Croatia,Dubrovacko-Neretvanska Zupanija,HR037,2020-42,213.966631005562,Epidemic intelligence subnational data
Croatia,Dubrovacko-Neretvanska Zupanija,HR037,2020-43,392.816601197233,Epidemic intelligence subnational data
Croatia,Dubrovacko-Neretvanska Zupanija,HR037,2020-44,557.78324036946,Epidemic intelligence subnational data
Croatia,Dubrovacko-Neretvanska Zupanija,HR037,2020-45,606.783232202795,Epidemic intelligence subnational data
Croatia,Dubrovacko-Neretvanska Zupanija,HR037,2020-46,582.283236286127,Epidemic intelligence subnational data
Croatia,Dubrovacko-Neretvanska Zupanija,HR037,2020-47,629.649895058351,Epidemic intelligence subnational data
Croatia,Dubrovacko-Neretvanska Zupanija,HR037,2020-48,674.566554238908,Epidemic intelligence subnational data
Croatia,Dubrovacko-Neretvanska Zupanija,HR037,2020-49,498.983250169458,Epidemic intelligence subnational data
Croatia,Dubrovacko-Neretvanska Zupanija,HR037,2020-50,427.116595480567,Epidemic intelligence subnational data
Croatia,Dubrovacko-Neretvanska Zupanija,HR037,2020-51,396.083267319455,Epidemic intelligence subnational data
Croatia,Dubrovacko-Neretvanska Zupanija,HR037,2020-52,253.166624472229,Epidemic intelligence subnational data
Croatia,Dubrovacko-Neretvanska Zupanija,HR037,2020-53,173.949971008338,Epidemic intelligence subnational data
Croatia,Dubrovacko-Neretvanska Zupanija,HR037,2021-01,153.533307744449,Epidemic intelligence subnational data
Croatia,Dubrovacko-Neretvanska Zupanija,HR037,2021-02,187.016635497227,Epidemic intelligence subnational data
Croatia,Dubrovacko-Neretvanska Zupanija,HR037,2021-03,165.783305702782,Epidemic intelligence subnational data
Croatia,Dubrovacko-Neretvanska Zupanija,HR037,2021-04,158.433306927782,Epidemic intelligence subnational data
Croatia,Dubrovacko-Neretvanska Zupanija,HR037,2021-05,179.666636722227,Epidemic intelligence subnational data
Croatia,Dubrovacko-Neretvanska Zupanija,HR037,2021-06,163.333306111116,Epidemic intelligence subnational data
Croatia,Dubrovacko-Neretvanska Zupanija,HR037,2021-07,217.233297127784,Epidemic intelligence subnational data
Croatia,Dubrovacko-Neretvanska Zupanija,HR037,2021-08,391.183268136122,Epidemic intelligence subnational data
Croatia,Dubrovacko-Neretvanska Zupanija,HR037,2021-09,514.499914250014,Epidemic intelligence subnational data
Croatia,Dubrovacko-Neretvanska Zupanija,HR037,2021-10,486.733252211125,Epidemic intelligence subnational data
Croatia,Dubrovacko-Neretvanska Zupanija,HR037,2021-11,472.033254661124,Epidemic intelligence subnational data
Croatia,Dubrovacko-Neretvanska Zupanija,HR037,2021-12,541.449909758348,Epidemic intelligence subnational data
Croatia,Dubrovacko-Neretvanska Zupanija,HR037,2021-13,643.533226077796,Epidemic intelligence subnational data
Croatia,Dubrovacko-Neretvanska Zupanija,HR037,2021-14,640.266559955573,Epidemic intelligence subnational data
Croatia,Dubrovacko-Neretvanska Zupanija,HR037,2021-15,579.833236694461,Epidemic intelligence subnational data
Croatia,Dubrovacko-Neretvanska Zupanija,HR037,2021-16,499.799916700014,Epidemic intelligence subnational data
Croatia,Dubrovacko-Neretvanska Zupanija,HR037,2021-17,329.933278344454,Epidemic intelligence subnational data
Croatia,Dubrovacko-Neretvanska Zupanija,HR037,2021-18,194.366634272228,Epidemic intelligence subnational data
Croatia,Dubrovacko-Neretvanska Zupanija,HR037,2021-19,142.099976316671,Epidemic intelligence subnational data
Croatia,Dubrovacko-Neretvanska Zupanija,HR037,2021-20,109.433315094448,Epidemic intelligence subnational data
Croatia,Dubrovacko-Neretvanska Zupanija,HR037,2021-21,58.7999902000016,Epidemic intelligence subnational data
Croatia,Dubrovacko-Neretvanska Zupanija,HR037,2021-22,31.033328161112,Epidemic intelligence subnational data
Croatia,Dubrovacko-Neretvanska Zupanija,HR037,2021-23,23.6833293861118,Epidemic intelligence subnational data
Croatia,Dubrovacko-Neretvanska Zupanija,HR037,2021-24,34.2999942833343,Epidemic intelligence subnational data
Croatia,Dubrovacko-Neretvanska Zupanija,HR037,2021-25,49.8166583638903,Epidemic intelligence subnational data
Croatia,Dubrovacko-Neretvanska Zupanija,HR037,2021-26,40.0166599972233,Epidemic intelligence subnational data
Croatia,Dubrovacko-Neretvanska Zupanija,HR037,2021-27,51.4499914250014,Epidemic intelligence subnational data
Croatia,Dubrovacko-Neretvanska Zupanija,HR037,2021-28,85.7499857083357,Epidemic intelligence subnational data
Croatia,Dubrovacko-Neretvanska Zupanija,HR037,2021-29,136.383310602782,Epidemic intelligence subnational data
Croatia,Dubrovacko-Neretvanska Zupanija,HR037,2021-30,220.499963250006,Epidemic intelligence subnational data
Croatia,Dubrovacko-Neretvanska Zupanija,HR037,2021-31,228.666628555562,Epidemic intelligence subnational data
Croatia,Dubrovacko-Neretvanska Zupanija,HR037,2021-32,161.699973050005,Epidemic intelligence subnational data
Croatia,Dubrovacko-Neretvanska Zupanija,HR037,2021-33,125.766645705559,Epidemic intelligence subnational data
Croatia,Dubrovacko-Neretvanska Zupanija,HR037,2021-34,134.74997754167,Epidemic intelligence subnational data
Croatia,Dubrovacko-Neretvanska Zupanija,HR037,2021-35,203.349966108339,Epidemic intelligence subnational data
Croatia,Dubrovacko-Neretvanska Zupanija,HR037,2021-36,359.333273444454,Epidemic intelligence subnational data
Croatia,Dubrovacko-Neretvanska Zupanija,HR037,2021-37,511.233248127792,Epidemic intelligence subnational data
Croatia,Dubrovacko-Neretvanska Zupanija,HR037,2021-38,481.833253027791,Epidemic intelligence subnational data
Croatia,Dubrovacko-Neretvanska Zupanija,HR037,2021-39,395.2666007889,Epidemic intelligence subnational data
Croatia,Dubrovacko-Neretvanska Zupanija,HR037,2021-40,414.049930991678,Epidemic intelligence subnational data
Croatia,Dubrovacko-Neretvanska Zupanija,HR037,2021-41,480.19991996668,Epidemic intelligence subnational data
Croatia,Dubrovacko-Neretvanska Zupanija,HR037,2021-42,758.683206886132,Epidemic intelligence subnational data
Croatia,Dubrovacko-Neretvanska Zupanija,HR037,2021-43,1246.23312562781,Epidemic intelligence subnational data
Croatia,Dubrovacko-Neretvanska Zupanija,HR037,2021-44,1775.43303742783,Epidemic intelligence subnational data
Croatia,Dubrovacko-Neretvanska Zupanija,HR037,2021-45,1951.01634149728,Epidemic intelligence subnational data
Croatia,Dubrovacko-Neretvanska Zupanija,HR037,2021-46,1466.73308887782,Epidemic intelligence subnational data
Croatia,Dubrovacko-Neretvanska Zupanija,HR037,2021-47,969.383171769471,Epidemic intelligence subnational data
Croatia,Dubrovacko-Neretvanska Zupanija,HR037,2021-48,805.2331991278,Epidemic intelligence subnational data
Croatia,Dubrovacko-Neretvanska Zupanija,HR037,2021-49,732.549877908354,Epidemic intelligence subnational data
Croatia,Dubrovacko-Neretvanska Zupanija,HR037,2021-50,818.299863616689,Epidemic intelligence subnational data
Croatia,Dubrovacko-Neretvanska Zupanija,HR037,2021-51,1081.26648645559,Epidemic intelligence subnational data
Croatia,Dubrovacko-Neretvanska Zupanija,HR037,2021-52,2392.01626799729,Epidemic intelligence subnational data
Croatia,Dubrovacko-Neretvanska Zupanija,HR037,2022-01,4069.44932175845,Epidemic intelligence subnational data
Croatia,Dubrovacko-Neretvanska Zupanija,HR037,2022-02,4211.54929807512,Epidemic intelligence subnational data
Croatia,Dubrovacko-Neretvanska Zupanija,HR037,2022-03,3909.38268176955,Epidemic intelligence subnational data
Croatia,Dubrovacko-Neretvanska Zupanija,HR037,2022-04,3799.13270014455,Epidemic intelligence subnational data
Croatia,Grad Zagreb,HR050,2020-16,,Epidemic intelligence subnational data
Croatia,Grad Zagreb,HR050,2020-17,5.33273143744396,Epidemic intelligence subnational data
Croatia,Grad Zagreb,HR050,2020-18,1.98427216276985,Epidemic intelligence subnational data
Croatia,Grad Zagreb,HR050,2020-19,0.992136081384923,Epidemic intelligence subnational data
Croatia,Grad Zagreb,HR050,2020-20,0.620085050865577,Epidemic intelligence subnational data
Croatia,Grad Zagreb,HR050,2020-21,0.744102061038692,Epidemic intelligence subnational data
Croatia,Grad Zagreb,HR050,2020-22,0,Epidemic intelligence subnational data
Croatia,Grad Zagreb,HR050,2020-23,0,Epidemic intelligence subnational data
Croatia,Grad Zagreb,HR050,2020-24,0.620085050865577,Epidemic intelligence subnational data
Croatia,Grad Zagreb,HR050,2020-25,7.68905463073315,Epidemic intelligence subnational data
Croatia,Grad Zagreb,HR050,2020-26,27.5317762584316,Epidemic intelligence subnational data
Croatia,Grad Zagreb,HR050,2020-27,34.4767288281261,Epidemic intelligence subnational data
Croatia,Grad Zagreb,HR050,2020-28,33.7326267670874,Epidemic intelligence subnational data
Croatia,Grad Zagreb,HR050,2020-29,31.0042525432788,Epidemic intelligence subnational data
Croatia,Grad Zagreb,HR050,2020-30,23.1911809023726,Epidemic intelligence subnational data
Croatia,Grad Zagreb,HR050,2020-31,20.2147726582178,Epidemic intelligence subnational data
Croatia,Grad Zagreb,HR050,2020-32,22.0750278108145,Epidemic intelligence subnational data
Croatia,Grad Zagreb,HR050,2020-33,51.9631272625353,Epidemic intelligence subnational data
Croatia,Grad Zagreb,HR050,2020-34,88.4241282534312,Epidemic intelligence subnational data
Croatia,Grad Zagreb,HR050,2020-35,100.70181226057,Epidemic intelligence subnational data
Croatia,Grad Zagreb,HR050,2020-36,91.7725875281054,Epidemic intelligence subnational data
Croatia,Grad Zagreb,HR050,2020-37,72.5499509512725,Epidemic intelligence subnational data
Croatia,Grad Zagreb,HR050,2020-38,58.9080798322298,Epidemic intelligence subnational data
Croatia,Grad Zagreb,HR050,2020-39,55.6836375677288,Epidemic intelligence subnational data
Croatia,Grad Zagreb,HR050,2020-40,78.1307164090627,Epidemic intelligence subnational data
Croatia,Grad Zagreb,HR050,2020-41,174.615950323746,Epidemic intelligence subnational data
Croatia,Grad Zagreb,HR050,2020-42,374.903421753328,Epidemic intelligence subnational data
Croatia,Grad Zagreb,HR050,2020-43,711.485587363163,Epidemic intelligence subnational data
Croatia,Grad Zagreb,HR050,2020-44,897.139051592316,Epidemic intelligence subnational data
Croatia,Grad Zagreb,HR050,2020-45,896.270932521105,Epidemic intelligence subnational data
Croatia,Grad Zagreb,HR050,2020-46,855.46933617415,Epidemic intelligence subnational data
Croatia,Grad Zagreb,HR050,2020-47,944.389532468273,Epidemic intelligence subnational data
Croatia,Grad Zagreb,HR050,2020-48,989.531724171287,Epidemic intelligence subnational data
Croatia,Grad Zagreb,HR050,2020-49,854.849251123284,Epidemic intelligence subnational data
Croatia,Grad Zagreb,HR050,2020-50,875.932142852714,Epidemic intelligence subnational data
Croatia,Grad Zagreb,HR050,2020-51,803.506208911614,Epidemic intelligence subnational data
Croatia,Grad Zagreb,HR050,2020-52,536.993654049589,Epidemic intelligence subnational data
Croatia,Grad Zagreb,HR050,2020-53,319.963886246638,Epidemic intelligence subnational data
Croatia,Grad Zagreb,HR050,2021-01,249.646241478481,Epidemic intelligence subnational data
Croatia,Grad Zagreb,HR050,2021-02,209.464730182392,Epidemic intelligence subnational data
Croatia,Grad Zagreb,HR050,2021-03,174.119882283054,Epidemic intelligence subnational data
Croatia,Grad Zagreb,HR050,2021-04,155.64134776726,Epidemic intelligence subnational data
Croatia,Grad Zagreb,HR050,2021-05,120.792567908614,Epidemic intelligence subnational data
Croatia,Grad Zagreb,HR050,2021-06,94.5009617519139,Epidemic intelligence subnational data
Croatia,Grad Zagreb,HR050,2021-07,87.1839581517001,Epidemic intelligence subnational data
Croatia,Grad Zagreb,HR050,2021-08,101.693948341955,Epidemic intelligence subnational data
Croatia,Grad Zagreb,HR050,2021-09,109.631036993034,Epidemic intelligence subnational data
Croatia,Grad Zagreb,HR050,2021-10,138.775034383716,Epidemic intelligence subnational data
Croatia,Grad Zagreb,HR050,2021-11,205.00011781616,Epidemic intelligence subnational data
Croatia,Grad Zagreb,HR050,2021-12,328.397042938409,Epidemic intelligence subnational data
Croatia,Grad Zagreb,HR050,2021-13,517.771017472757,Epidemic intelligence subnational data
Croatia,Grad Zagreb,HR050,2021-14,646.252640012104,Epidemic intelligence subnational data
Croatia,Grad Zagreb,HR050,2021-15,755.635642984792,Epidemic intelligence subnational data
Croatia,Grad Zagreb,HR050,2021-16,826.945423834333,Epidemic intelligence subnational data
Croatia,Grad Zagreb,HR050,2021-17,777.83468780578,Epidemic intelligence subnational data
Croatia,Grad Zagreb,HR050,2021-18,663.366987415994,Epidemic intelligence subnational data
Croatia,Grad Zagreb,HR050,2021-19,479.325744319091,Epidemic intelligence subnational data
Croatia,Grad Zagreb,HR050,2021-20,305.205862036037,Epidemic intelligence subnational data
Croatia,Grad Zagreb,HR050,2021-21,186.025515259673,Epidemic intelligence subnational data
Croatia,Grad Zagreb,HR050,2021-22,109.010951942168,Epidemic intelligence subnational data
Croatia,Grad Zagreb,HR050,2021-23,65.4809813714049,Epidemic intelligence subnational data
Croatia,Grad Zagreb,HR050,2021-24,35.7168989298572,Epidemic intelligence subnational data
Croatia,Grad Zagreb,HR050,2021-25,16.4942623530243,Epidemic intelligence subnational data
Croatia,Grad Zagreb,HR050,2021-26,12.7737520478309,Epidemic intelligence subnational data
Croatia,Grad Zagreb,HR050,2021-27,15.5021262716394,Epidemic intelligence subnational data
Croatia,Grad Zagreb,HR050,2021-28,19.5946876073522,Epidemic intelligence subnational data
Croatia,Grad Zagreb,HR050,2021-29,30.8802355331057,Epidemic intelligence subnational data
Croatia,Grad Zagreb,HR050,2021-30,50.1028721099386,Epidemic intelligence subnational data
Croatia,Grad Zagreb,HR050,2021-31,64.6128623001931,Epidemic intelligence subnational data
Croatia,Grad Zagreb,HR050,2021-32,95.741131853645,Epidemic intelligence subnational data
Croatia,Grad Zagreb,HR050,2021-33,144.851867882199,Epidemic intelligence subnational data
Croatia,Grad Zagreb,HR050,2021-34,169.903303937168,Epidemic intelligence subnational data
Croatia,Grad Zagreb,HR050,2021-35,212.813189457066,Epidemic intelligence subnational data
Croatia,Grad Zagreb,HR050,2021-36,284.495021337127,Epidemic intelligence subnational data
Croatia,Grad Zagreb,HR050,2021-37,403.055283062625,Epidemic intelligence subnational data
Croatia,Grad Zagreb,HR050,2021-38,518.143068503276,Epidemic intelligence subnational data
Croatia,Grad Zagreb,HR050,2021-39,570.478246796331,Epidemic intelligence subnational data
Croatia,Grad Zagreb,HR050,2021-40,571.346365867542,Epidemic intelligence subnational data
Croatia,Grad Zagreb,HR050,2021-41,571.098331847196,Epidemic intelligence subnational data
Croatia,Grad Zagreb,HR050,2021-42,828.929695997103,Epidemic intelligence subnational data
Croatia,Grad Zagreb,HR050,2021-43,1309.86766144844,Epidemic intelligence subnational data
Croatia,Grad Zagreb,HR050,2021-44,1741.07480582037,Epidemic intelligence subnational data
Croatia,Grad Zagreb,HR050,2021-45,2038.09554518498,Epidemic intelligence subnational data
Croatia,Grad Zagreb,HR050,2021-46,2032.14272869667,Epidemic intelligence subnational data
Croatia,Grad Zagreb,HR050,2021-47,1995.30967667525,Epidemic intelligence subnational data
Croatia,Grad Zagreb,HR050,2021-48,1923.87587881554,Epidemic intelligence subnational data
Croatia,Grad Zagreb,HR050,2021-49,1592.87447866349,Epidemic intelligence subnational data
Croatia,Grad Zagreb,HR050,2021-50,1308.50347433654,Epidemic intelligence subnational data
Croatia,Grad Zagreb,HR050,2021-51,1099.28677817449,Epidemic intelligence subnational data
Croatia,Grad Zagreb,HR050,2021-52,1179.64980076667,Epidemic intelligence subnational data
Croatia,Grad Zagreb,HR050,2022-01,1955.74825043003,Epidemic intelligence subnational data
Croatia,Grad Zagreb,HR050,2022-02,2907.95085453921,Epidemic intelligence subnational data
Croatia,Grad Zagreb,HR050,2022-03,3421.38127665591,Epidemic intelligence subnational data
Croatia,Grad Zagreb,HR050,2022-04,3381.44779938016,Epidemic intelligence subnational data
Croatia,Medimurska Zupanija,HR061,2020-16,,Epidemic intelligence subnational data
Croatia,Medimurska Zupanija,HR061,2020-17,0,Epidemic intelligence subnational data
Croatia,Medimurska Zupanija,HR061,2020-18,0,Epidemic intelligence subnational data
Croatia,Medimurska Zupanija,HR061,2020-19,0,Epidemic intelligence subnational data
Croatia,Medimurska Zupanija,HR061,2020-20,0,Epidemic intelligence subnational data
Croatia,Medimurska Zupanija,HR061,2020-21,0,Epidemic intelligence subnational data
Croatia,Medimurska Zupanija,HR061,2020-22,0,Epidemic intelligence subnational data
Croatia,Medimurska Zupanija,HR061,2020-23,0,Epidemic intelligence subnational data
Croatia,Medimurska Zupanija,HR061,2020-24,0,Epidemic intelligence subnational data
Croatia,Medimurska Zupanija,HR061,2020-25,0.912933529309731,Epidemic intelligence subnational data
Croatia,Medimurska Zupanija,HR061,2020-26,2.73880058792919,Epidemic intelligence subnational data
Croatia,Medimurska Zupanija,HR061,2020-27,2.73880058792919,Epidemic intelligence subnational data
Croatia,Medimurska Zupanija,HR061,2020-28,0.912933529309731,Epidemic intelligence subnational data
Croatia,Medimurska Zupanija,HR061,2020-29,0,Epidemic intelligence subnational data
Croatia,Medimurska Zupanija,HR061,2020-30,0.912933529309731,Epidemic intelligence subnational data
Croatia,Medimurska Zupanija,HR061,2020-31,0.912933529309731,Epidemic intelligence subnational data
Croatia,Medimurska Zupanija,HR061,2020-32,0.912933529309731,Epidemic intelligence subnational data
Croatia,Medimurska Zupanija,HR061,2020-33,10.042268822407,Epidemic intelligence subnational data
Croatia,Medimurska Zupanija,HR061,2020-34,25.5621388206725,Epidemic intelligence subnational data
Croatia,Medimurska Zupanija,HR061,2020-35,30.1268064672211,Epidemic intelligence subnational data
Croatia,Medimurska Zupanija,HR061,2020-36,26.4750723499822,Epidemic intelligence subnational data
Croatia,Medimurska Zupanija,HR061,2020-37,23.736271762053,Epidemic intelligence subnational data
Croatia,Medimurska Zupanija,HR061,2020-38,52.0372111706547,Epidemic intelligence subnational data
Croatia,Medimurska Zupanija,HR061,2020-39,72.1217488154688,Epidemic intelligence subnational data
Croatia,Medimurska Zupanija,HR061,2020-40,94.945087048212,Epidemic intelligence subnational data
Croatia,Medimurska Zupanija,HR061,2020-41,190.803107625734,Epidemic intelligence subnational data
Croatia,Medimurska Zupanija,HR061,2020-42,381.606215251468,Epidemic intelligence subnational data
Croatia,Medimurska Zupanija,HR061,2020-43,737.650291682263,Epidemic intelligence subnational data
Croatia,Medimurska Zupanija,HR061,2020-44,1064.48049517515,Epidemic intelligence subnational data
Croatia,Medimurska Zupanija,HR061,2020-45,1314.62428220601,Epidemic intelligence subnational data
Croatia,Medimurska Zupanija,HR061,2020-46,1418.69870454732,Epidemic intelligence subnational data
Croatia,Medimurska Zupanija,HR061,2020-47,1621.36994805408,Epidemic intelligence subnational data
Croatia,Medimurska Zupanija,HR061,2020-48,2014.84429918658,Epidemic intelligence subnational data
Croatia,Medimurska Zupanija,HR061,2020-49,2098.83418388307,Epidemic intelligence subnational data
Croatia,Medimurska Zupanija,HR061,2020-50,2036.75470389001,Epidemic intelligence subnational data
Croatia,Medimurska Zupanija,HR061,2020-51,1707.1856998092,Epidemic intelligence subnational data
Croatia,Medimurska Zupanija,HR061,2020-52,1147.55744634233,Epidemic intelligence subnational data
Croatia,Medimurska Zupanija,HR061,2020-53,747.69256050467,Epidemic intelligence subnational data
Croatia,Medimurska Zupanija,HR061,2021-01,604.361996403042,Epidemic intelligence subnational data
Croatia,Medimurska Zupanija,HR061,2021-02,520.372111706547,Epidemic intelligence subnational data
Croatia,Medimurska Zupanija,HR061,2021-03,346.001807608388,Epidemic intelligence subnational data
Croatia,Medimurska Zupanija,HR061,2021-04,253.795521148105,Epidemic intelligence subnational data
Croatia,Medimurska Zupanija,HR061,2021-05,238.27565114984,Epidemic intelligence subnational data
Croatia,Medimurska Zupanija,HR061,2021-06,207.235911153309,Epidemic intelligence subnational data
Croatia,Medimurska Zupanija,HR061,2021-07,145.156431160247,Epidemic intelligence subnational data
Croatia,Medimurska Zupanija,HR061,2021-08,137.852962925769,Epidemic intelligence subnational data
Croatia,Medimurska Zupanija,HR061,2021-09,157.024567041274,Epidemic intelligence subnational data
Croatia,Medimurska Zupanija,HR061,2021-10,176.196171156778,Epidemic intelligence subnational data
Croatia,Medimurska Zupanija,HR061,2021-11,187.151373508495,Epidemic intelligence subnational data
Croatia,Medimurska Zupanija,HR061,2021-12,279.357659968778,Epidemic intelligence subnational data
Croatia,Medimurska Zupanija,HR061,2021-13,423.601157599715,Epidemic intelligence subnational data
Croatia,Medimurska Zupanija,HR061,2021-14,578.79985758237,Epidemic intelligence subnational data
Croatia,Medimurska Zupanija,HR061,2021-15,864.548052256315,Epidemic intelligence subnational data
Croatia,Medimurska Zupanija,HR061,2021-16,1051.69942576481,Epidemic intelligence subnational data
Croatia,Medimurska Zupanija,HR061,2021-17,992.358746359678,Epidemic intelligence subnational data
Croatia,Medimurska Zupanija,HR061,2021-18,871.851520490793,Epidemic intelligence subnational data
Croatia,Medimurska Zupanija,HR061,2021-19,686.526014040918,Epidemic intelligence subnational data
Croatia,Medimurska Zupanija,HR061,2021-20,443.685695244529,Epidemic intelligence subnational data
Croatia,Medimurska Zupanija,HR061,2021-21,291.225795849804,Epidemic intelligence subnational data
Croatia,Medimurska Zupanija,HR061,2021-22,200.845376448141,Epidemic intelligence subnational data
Croatia,Medimurska Zupanija,HR061,2021-23,139.678829984389,Epidemic intelligence subnational data
Croatia,Medimurska Zupanija,HR061,2021-24,103.161488812,Epidemic intelligence subnational data
Croatia,Medimurska Zupanija,HR061,2021-25,62.9924135223714,Epidemic intelligence subnational data
Croatia,Medimurska Zupanija,HR061,2021-26,49.2984105827255,Epidemic intelligence subnational data
Croatia,Medimurska Zupanija,HR061,2021-27,39.2561417603184,Epidemic intelligence subnational data
Croatia,Medimurska Zupanija,HR061,2021-28,22.8233382327433,Epidemic intelligence subnational data
Croatia,Medimurska Zupanija,HR061,2021-29,18.2586705861946,Epidemic intelligence subnational data
Croatia,Medimurska Zupanija,HR061,2021-30,16.4328035275752,Epidemic intelligence subnational data
Croatia,Medimurska Zupanija,HR061,2021-31,13.694002939646,Epidemic intelligence subnational data
Croatia,Medimurska Zupanija,HR061,2021-32,35.6044076430795,Epidemic intelligence subnational data
Croatia,Medimurska Zupanija,HR061,2021-33,58.4277458758228,Epidemic intelligence subnational data
Croatia,Medimurska Zupanija,HR061,2021-34,69.3829482275396,Epidemic intelligence subnational data
Croatia,Medimurska Zupanija,HR061,2021-35,78.5122835206369,Epidemic intelligence subnational data
Croatia,Medimurska Zupanija,HR061,2021-36,95.8580205775218,Epidemic intelligence subnational data
Croatia,Medimurska Zupanija,HR061,2021-37,157.937500570584,Epidemic intelligence subnational data
Croatia,Medimurska Zupanija,HR061,2021-38,217.278179975716,Epidemic intelligence subnational data
Croatia,Medimurska Zupanija,HR061,2021-39,272.0541917343,Epidemic intelligence subnational data
Croatia,Medimurska Zupanija,HR061,2021-40,314.049134082547,Epidemic intelligence subnational data
Croatia,Medimurska Zupanija,HR061,2021-41,306.74566584807,Epidemic intelligence subnational data
Croatia,Medimurska Zupanija,HR061,2021-42,548.673051115148,Epidemic intelligence subnational data
Croatia,Medimurska Zupanija,HR061,2021-43,1069.95809635101,Epidemic intelligence subnational data
Croatia,Medimurska Zupanija,HR061,2021-44,1686.18822863507,Epidemic intelligence subnational data
Croatia,Medimurska Zupanija,HR061,2021-45,2574.47255265344,Epidemic intelligence subnational data
Croatia,Medimurska Zupanija,HR061,2021-46,2790.83779909985,Epidemic intelligence subnational data
Croatia,Medimurska Zupanija,HR061,2021-47,2185.5628691675,Epidemic intelligence subnational data
Croatia,Medimurska Zupanija,HR061,2021-48,1772.00398039019,Epidemic intelligence subnational data
Croatia,Medimurska Zupanija,HR061,2021-49,1329.23121867497,Epidemic intelligence subnational data
Croatia,Medimurska Zupanija,HR061,2021-50,937.582734601094,Epidemic intelligence subnational data
Croatia,Medimurska Zupanija,HR061,2021-51,701.132950509873,Epidemic intelligence subnational data
Croatia,Medimurska Zupanija,HR061,2021-52,568.757588759962,Epidemic intelligence subnational data
Croatia,Medimurska Zupanija,HR061,2022-01,675.570811689201,Epidemic intelligence subnational data
Croatia,Medimurska Zupanija,HR061,2022-02,1277.19400750431,Epidemic intelligence subnational data
Croatia,Medimurska Zupanija,HR061,2022-03,2841.96207674119,Epidemic intelligence subnational data
Croatia,Medimurska Zupanija,HR061,2022-04,4558.27711184349,Epidemic intelligence subnational data
Croatia,Varazdinska Zupanija,HR062,2020-16,,Epidemic intelligence subnational data
Croatia,Varazdinska Zupanija,HR062,2020-17,9.00046802433727,Epidemic intelligence subnational data
Croatia,Varazdinska Zupanija,HR062,2020-18,6.60034321784733,Epidemic intelligence subnational data
Croatia,Varazdinska Zupanija,HR062,2020-19,0.600031201622484,Epidemic intelligence subnational data
Croatia,Varazdinska Zupanija,HR062,2020-20,0,Epidemic intelligence subnational data
Croatia,Varazdinska Zupanija,HR062,2020-21,0,Epidemic intelligence subnational data
Croatia,Varazdinska Zupanija,HR062,2020-22,0,Epidemic intelligence subnational data
Croatia,Varazdinska Zupanija,HR062,2020-23,0,Epidemic intelligence subnational data
Croatia,Varazdinska Zupanija,HR062,2020-24,0,Epidemic intelligence subnational data
Croatia,Varazdinska Zupanija,HR062,2020-25,0,Epidemic intelligence subnational data
Croatia,Varazdinska Zupanija,HR062,2020-26,1.80009360486745,Epidemic intelligence subnational data
Croatia,Varazdinska Zupanija,HR062,2020-27,3.60018720973491,Epidemic intelligence subnational data
Croatia,Varazdinska Zupanija,HR062,2020-28,5.40028081460236,Epidemic intelligence subnational data
Croatia,Varazdinska Zupanija,HR062,2020-29,4.20021841135739,Epidemic intelligence subnational data
Croatia,Varazdinska Zupanija,HR062,2020-30,5.40028081460236,Epidemic intelligence subnational data
Croatia,Varazdinska Zupanija,HR062,2020-31,7.20037441946981,Epidemic intelligence subnational data
Croatia,Varazdinska Zupanija,HR062,2020-32,5.40028081460236,Epidemic intelligence subnational data
Croatia,Varazdinska Zupanija,HR062,2020-33,10.8005616292047,Epidemic intelligence subnational data
Croatia,Varazdinska Zupanija,HR062,2020-34,39.602059307084,Epidemic intelligence subnational data
Croatia,Varazdinska Zupanija,HR062,2020-35,42.6022153151964,Epidemic intelligence subnational data
Croatia,Varazdinska Zupanija,HR062,2020-36,26.4013728713893,Epidemic intelligence subnational data
Croatia,Varazdinska Zupanija,HR062,2020-37,24.0012480648994,Epidemic intelligence subnational data
Croatia,Varazdinska Zupanija,HR062,2020-38,13.2006864356947,Epidemic intelligence subnational data
Croatia,Varazdinska Zupanija,HR062,2020-39,11.4005928308272,Epidemic intelligence subnational data
Croatia,Varazdinska Zupanija,HR062,2020-40,26.4013728713893,Epidemic intelligence subnational data
Croatia,Varazdinska Zupanija,HR062,2020-41,90.0046802433727,Epidemic intelligence subnational data
Croatia,Varazdinska Zupanija,HR062,2020-42,236.412293439259,Epidemic intelligence subnational data
Croatia,Varazdinska Zupanija,HR062,2020-43,509.426490177489,Epidemic intelligence subnational data
Croatia,Varazdinska Zupanija,HR062,2020-44,856.244524715285,Epidemic intelligence subnational data
Croatia,Varazdinska Zupanija,HR062,2020-45,1386.07207574794,Epidemic intelligence subnational data
Croatia,Varazdinska Zupanija,HR062,2020-46,1689.68786376892,Epidemic intelligence subnational data
Croatia,Varazdinska Zupanija,HR062,2020-47,1933.30053162765,Epidemic intelligence subnational data
Croatia,Varazdinska Zupanija,HR062,2020-48,2247.71688127783,Epidemic intelligence subnational data
Croatia,Varazdinska Zupanija,HR062,2020-49,2086.30848804138,Epidemic intelligence subnational data
Croatia,Varazdinska Zupanija,HR062,2020-50,1819.894634521,Epidemic intelligence subnational data
Croatia,Varazdinska Zupanija,HR062,2020-51,1458.67585114426,Epidemic intelligence subnational data
Croatia,Varazdinska Zupanija,HR062,2020-52,874.845491965582,Epidemic intelligence subnational data
Croatia,Varazdinska Zupanija,HR062,2020-53,522.027145411561,Epidemic intelligence subnational data
Croatia,Varazdinska Zupanija,HR062,2021-01,460.823962846068,Epidemic intelligence subnational data
Croatia,Varazdinska Zupanija,HR062,2021-02,375.619532215675,Epidemic intelligence subnational data
Croatia,Varazdinska Zupanija,HR062,2021-03,267.013884722006,Epidemic intelligence subnational data
Croatia,Varazdinska Zupanija,HR062,2021-04,217.811326188962,Epidemic intelligence subnational data
Croatia,Varazdinska Zupanija,HR062,2021-05,186.609703704593,Epidemic intelligence subnational data
Croatia,Varazdinska Zupanija,HR062,2021-06,150.607831607244,Epidemic intelligence subnational data
Croatia,Varazdinska Zupanija,HR062,2021-07,120.006240324497,Epidemic intelligence subnational data
Croatia,Varazdinska Zupanija,HR062,2021-08,103.80539788069,Epidemic intelligence subnational data
Croatia,Varazdinska Zupanija,HR062,2021-09,134.406989163436,Epidemic intelligence subnational data
Croatia,Varazdinska Zupanija,HR062,2021-10,227.411825414922,Epidemic intelligence subnational data
Croatia,Varazdinska Zupanija,HR062,2021-11,348.018096941041,Epidemic intelligence subnational data
Croatia,Varazdinska Zupanija,HR062,2021-12,468.024337265538,Epidemic intelligence subnational data
Croatia,Varazdinska Zupanija,HR062,2021-13,554.428830299176,Epidemic intelligence subnational data
Croatia,Varazdinska Zupanija,HR062,2021-14,718.237348342114,Epidemic intelligence subnational data
Croatia,Varazdinska Zupanija,HR062,2021-15,942.048986547301,Epidemic intelligence subnational data
Croatia,Varazdinska Zupanija,HR062,2021-16,987.651357870609,Epidemic intelligence subnational data
Croatia,Varazdinska Zupanija,HR062,2021-17,1004.45223151604,Epidemic intelligence subnational data
Croatia,Varazdinska Zupanija,HR062,2021-18,994.851732290079,Epidemic intelligence subnational data
Croatia,Varazdinska Zupanija,HR062,2021-19,768.639969278403,Epidemic intelligence subnational data
Croatia,Varazdinska Zupanija,HR062,2021-20,483.625148507722,Epidemic intelligence subnational data
Croatia,Varazdinska Zupanija,HR062,2021-21,306.61594402909,Epidemic intelligence subnational data
Croatia,Varazdinska Zupanija,HR062,2021-22,208.810858164625,Epidemic intelligence subnational data
Croatia,Varazdinska Zupanija,HR062,2021-23,124.206458735854,Epidemic intelligence subnational data
Croatia,Varazdinska Zupanija,HR062,2021-24,63.0032761703609,Epidemic intelligence subnational data
Croatia,Varazdinska Zupanija,HR062,2021-25,38.401996903839,Epidemic intelligence subnational data
Croatia,Varazdinska Zupanija,HR062,2021-26,29.4015288795017,Epidemic intelligence subnational data
Croatia,Varazdinska Zupanija,HR062,2021-27,20.4010608551645,Epidemic intelligence subnational data
Croatia,Varazdinska Zupanija,HR062,2021-28,15.0007800405621,Epidemic intelligence subnational data
Croatia,Varazdinska Zupanija,HR062,2021-29,21.0010920567869,Epidemic intelligence subnational data
Croatia,Varazdinska Zupanija,HR062,2021-30,22.8011856616544,Epidemic intelligence subnational data
Croatia,Varazdinska Zupanija,HR062,2021-31,27.0014040730118,Epidemic intelligence subnational data
Croatia,Varazdinska Zupanija,HR062,2021-32,42.0021841135739,Epidemic intelligence subnational data
Croatia,Varazdinska Zupanija,HR062,2021-33,52.8027457427786,Epidemic intelligence subnational data
Croatia,Varazdinska Zupanija,HR062,2021-34,70.2036505898307,Epidemic intelligence subnational data
Croatia,Varazdinska Zupanija,HR062,2021-35,115.80602191314,Epidemic intelligence subnational data
Croatia,Varazdinska Zupanija,HR062,2021-36,202.210514946777,Epidemic intelligence subnational data
Croatia,Varazdinska Zupanija,HR062,2021-37,316.216443255049,Epidemic intelligence subnational data
Croatia,Varazdinska Zupanija,HR062,2021-38,344.417909731306,Epidemic intelligence subnational data
Croatia,Varazdinska Zupanija,HR062,2021-39,316.216443255049,Epidemic intelligence subnational data
Croatia,Varazdinska Zupanija,HR062,2021-40,350.418221747531,Epidemic intelligence subnational data
Croatia,Varazdinska Zupanija,HR062,2021-41,454.223619628221,Epidemic intelligence subnational data
Croatia,Varazdinska Zupanija,HR062,2021-42,694.836131478837,Epidemic intelligence subnational data
Croatia,Varazdinska Zupanija,HR062,2021-43,994.251701088457,Epidemic intelligence subnational data
Croatia,Varazdinska Zupanija,HR062,2021-44,1323.06879957758,Epidemic intelligence subnational data
Croatia,Varazdinska Zupanija,HR062,2021-45,1896.09859712705,Epidemic intelligence subnational data
Croatia,Varazdinska Zupanija,HR062,2021-46,2052.1067095489,Epidemic intelligence subnational data
Croatia,Varazdinska Zupanija,HR062,2021-47,2026.90539908075,Epidemic intelligence subnational data
Croatia,Varazdinska Zupanija,HR062,2021-48,1956.70174849092,Epidemic intelligence subnational data
Croatia,Varazdinska Zupanija,HR062,2021-49,1519.87903370975,Epidemic intelligence subnational data
Croatia,Varazdinska Zupanija,HR062,2021-50,1262.46564821371,Epidemic intelligence subnational data
Croatia,Varazdinska Zupanija,HR062,2021-51,953.449579378128,Epidemic intelligence subnational data
Croatia,Varazdinska Zupanija,HR062,2021-52,764.439750867045,Epidemic intelligence subnational data
Croatia,Varazdinska Zupanija,HR062,2022-01,927.048206506738,Epidemic intelligence subnational data
Croatia,Varazdinska Zupanija,HR062,2022-02,1287.66695868185,Epidemic intelligence subnational data
Croatia,Varazdinska Zupanija,HR062,2022-03,2290.31909659302,Epidemic intelligence subnational data
Croatia,Varazdinska Zupanija,HR062,2022-04,3574.38586806514,Epidemic intelligence subnational data
Croatia,Koprivnicko-Krizevacka Zupanija,HR063,2020-16,,Epidemic intelligence subnational data
Croatia,Koprivnicko-Krizevacka Zupanija,HR063,2020-17,38.2905599760918,Epidemic intelligence subnational data
Croatia,Koprivnicko-Krizevacka Zupanija,HR063,2020-18,21.4800702304905,Epidemic intelligence subnational data
Croatia,Koprivnicko-Krizevacka Zupanija,HR063,2020-19,16.8104897456013,Epidemic intelligence subnational data
Croatia,Koprivnicko-Krizevacka Zupanija,HR063,2020-20,15.8765736486234,Epidemic intelligence subnational data
Croatia,Koprivnicko-Krizevacka Zupanija,HR063,2020-21,4.66958048488924,Epidemic intelligence subnational data
Croatia,Koprivnicko-Krizevacka Zupanija,HR063,2020-22,2.80174829093354,Epidemic intelligence subnational data
Croatia,Koprivnicko-Krizevacka Zupanija,HR063,2020-23,1.8678321939557,Epidemic intelligence subnational data
Croatia,Koprivnicko-Krizevacka Zupanija,HR063,2020-24,1.8678321939557,Epidemic intelligence subnational data
Croatia,Koprivnicko-Krizevacka Zupanija,HR063,2020-25,0.933916096977848,Epidemic intelligence subnational data
Croatia,Koprivnicko-Krizevacka Zupanija,HR063,2020-26,3.73566438791139,Epidemic intelligence subnational data
Croatia,Koprivnicko-Krizevacka Zupanija,HR063,2020-27,2.80174829093354,Epidemic intelligence subnational data
Croatia,Koprivnicko-Krizevacka Zupanija,HR063,2020-28,0.933916096977848,Epidemic intelligence subnational data
Croatia,Koprivnicko-Krizevacka Zupanija,HR063,2020-29,2.80174829093354,Epidemic intelligence subnational data
Croatia,Koprivnicko-Krizevacka Zupanija,HR063,2020-30,4.66958048488924,Epidemic intelligence subnational data
Croatia,Koprivnicko-Krizevacka Zupanija,HR063,2020-31,2.80174829093354,Epidemic intelligence subnational data
Croatia,Koprivnicko-Krizevacka Zupanija,HR063,2020-32,1.8678321939557,Epidemic intelligence subnational data
Croatia,Koprivnicko-Krizevacka Zupanija,HR063,2020-33,2.80174829093354,Epidemic intelligence subnational data
Croatia,Koprivnicko-Krizevacka Zupanija,HR063,2020-34,24.281818521424,Epidemic intelligence subnational data
Croatia,Koprivnicko-Krizevacka Zupanija,HR063,2020-35,40.1583921700474,Epidemic intelligence subnational data
Croatia,Koprivnicko-Krizevacka Zupanija,HR063,2020-36,48.5636370428481,Epidemic intelligence subnational data
Croatia,Koprivnicko-Krizevacka Zupanija,HR063,2020-37,42.960140460981,Epidemic intelligence subnational data
Croatia,Koprivnicko-Krizevacka Zupanija,HR063,2020-38,17.7444058425791,Epidemic intelligence subnational data
Croatia,Koprivnicko-Krizevacka Zupanija,HR063,2020-39,26.1496507153797,Epidemic intelligence subnational data
Croatia,Koprivnicko-Krizevacka Zupanija,HR063,2020-40,42.960140460981,Epidemic intelligence subnational data
Croatia,Koprivnicko-Krizevacka Zupanija,HR063,2020-41,48.5636370428481,Epidemic intelligence subnational data
Croatia,Koprivnicko-Krizevacka Zupanija,HR063,2020-42,108.33426724943,Epidemic intelligence subnational data
Croatia,Koprivnicko-Krizevacka Zupanija,HR063,2020-43,259.628674959842,Epidemic intelligence subnational data
Croatia,Koprivnicko-Krizevacka Zupanija,HR063,2020-44,367.962942209272,Epidemic intelligence subnational data
Croatia,Koprivnicko-Krizevacka Zupanija,HR063,2020-45,464.15630019799,Epidemic intelligence subnational data
Croatia,Koprivnicko-Krizevacka Zupanija,HR063,2020-46,643.468190817737,Epidemic intelligence subnational data
Croatia,Koprivnicko-Krizevacka Zupanija,HR063,2020-47,1014.23288131794,Epidemic intelligence subnational data
Croatia,Koprivnicko-Krizevacka Zupanija,HR063,2020-48,1286.93638163547,Epidemic intelligence subnational data
Croatia,Koprivnicko-Krizevacka Zupanija,HR063,2020-49,1414.88288692144,Epidemic intelligence subnational data
Croatia,Koprivnicko-Krizevacka Zupanija,HR063,2020-50,1501.73708394038,Epidemic intelligence subnational data
Croatia,Koprivnicko-Krizevacka Zupanija,HR063,2020-51,1234.63708020471,Epidemic intelligence subnational data
Croatia,Koprivnicko-Krizevacka Zupanija,HR063,2020-52,763.943367327879,Epidemic intelligence subnational data
Croatia,Koprivnicko-Krizevacka Zupanija,HR063,2020-53,396.914341215585,Epidemic intelligence subnational data
Croatia,Koprivnicko-Krizevacka Zupanija,HR063,2021-01,289.513990063133,Epidemic intelligence subnational data
Croatia,Koprivnicko-Krizevacka Zupanija,HR063,2021-02,263.364339347753,Epidemic intelligence subnational data
Croatia,Koprivnicko-Krizevacka Zupanija,HR063,2021-03,222.272031080728,Epidemic intelligence subnational data
Croatia,Koprivnicko-Krizevacka Zupanija,HR063,2021-04,203.593709141171,Epidemic intelligence subnational data
Croatia,Koprivnicko-Krizevacka Zupanija,HR063,2021-05,174.642310134858,Epidemic intelligence subnational data
Croatia,Koprivnicko-Krizevacka Zupanija,HR063,2021-06,126.078673092009,Epidemic intelligence subnational data
Croatia,Koprivnicko-Krizevacka Zupanija,HR063,2021-07,91.5237775038291,Epidemic intelligence subnational data
Croatia,Koprivnicko-Krizevacka Zupanija,HR063,2021-08,105.532518958497,Epidemic intelligence subnational data
Croatia,Koprivnicko-Krizevacka Zupanija,HR063,2021-09,98.061190182674,Epidemic intelligence subnational data
Croatia,Koprivnicko-Krizevacka Zupanija,HR063,2021-10,80.3167843400949,Epidemic intelligence subnational data
Croatia,Koprivnicko-Krizevacka Zupanija,HR063,2021-11,91.5237775038291,Epidemic intelligence subnational data
Croatia,Koprivnicko-Krizevacka Zupanija,HR063,2021-12,98.9951062796518,Epidemic intelligence subnational data
Croatia,Koprivnicko-Krizevacka Zupanija,HR063,2021-13,169.03881355299,Epidemic intelligence subnational data
Croatia,Koprivnicko-Krizevacka Zupanija,HR063,2021-14,277.373080802421,Epidemic intelligence subnational data
Croatia,Koprivnicko-Krizevacka Zupanija,HR063,2021-15,372.632522694161,Epidemic intelligence subnational data
Croatia,Koprivnicko-Krizevacka Zupanija,HR063,2021-16,494.975531398259,Epidemic intelligence subnational data
Croatia,Koprivnicko-Krizevacka Zupanija,HR063,2021-17,522.059098210617,Epidemic intelligence subnational data
Croatia,Koprivnicko-Krizevacka Zupanija,HR063,2021-18,459.486719713101,Epidemic intelligence subnational data
Croatia,Koprivnicko-Krizevacka Zupanija,HR063,2021-19,353.954200754604,Epidemic intelligence subnational data
Croatia,Koprivnicko-Krizevacka Zupanija,HR063,2021-20,213.866786207927,Epidemic intelligence subnational data
Croatia,Koprivnicko-Krizevacka Zupanija,HR063,2021-21,120.475176510142,Epidemic intelligence subnational data
Croatia,Koprivnicko-Krizevacka Zupanija,HR063,2021-22,79.3828682431171,Epidemic intelligence subnational data
Croatia,Koprivnicko-Krizevacka Zupanija,HR063,2021-23,54.1671336247152,Epidemic intelligence subnational data
Croatia,Koprivnicko-Krizevacka Zupanija,HR063,2021-24,30.819231200269,Epidemic intelligence subnational data
Croatia,Koprivnicko-Krizevacka Zupanija,HR063,2021-25,19.6122380365348,Epidemic intelligence subnational data
Croatia,Koprivnicko-Krizevacka Zupanija,HR063,2021-26,16.8104897456013,Epidemic intelligence subnational data
Croatia,Koprivnicko-Krizevacka Zupanija,HR063,2021-27,24.281818521424,Epidemic intelligence subnational data
Croatia,Koprivnicko-Krizevacka Zupanija,HR063,2021-28,38.2905599760918,Epidemic intelligence subnational data
Croatia,Koprivnicko-Krizevacka Zupanija,HR063,2021-29,54.1671336247152,Epidemic intelligence subnational data
Croatia,Koprivnicko-Krizevacka Zupanija,HR063,2021-30,50.4314692368038,Epidemic intelligence subnational data
Croatia,Koprivnicko-Krizevacka Zupanija,HR063,2021-31,28.0174829093354,Epidemic intelligence subnational data
Croatia,Koprivnicko-Krizevacka Zupanija,HR063,2021-32,37.3566438791139,Epidemic intelligence subnational data
Croatia,Koprivnicko-Krizevacka Zupanija,HR063,2021-33,78.4489521461392,Epidemic intelligence subnational data
Croatia,Koprivnicko-Krizevacka Zupanija,HR063,2021-34,91.5237775038291,Epidemic intelligence subnational data
Croatia,Koprivnicko-Krizevacka Zupanija,HR063,2021-35,100.862938473608,Epidemic intelligence subnational data
Croatia,Koprivnicko-Krizevacka Zupanija,HR063,2021-36,197.990212559304,Epidemic intelligence subnational data
Croatia,Koprivnicko-Krizevacka Zupanija,HR063,2021-37,361.425529530427,Epidemic intelligence subnational data
Croatia,Koprivnicko-Krizevacka Zupanija,HR063,2021-38,486.570286525459,Epidemic intelligence subnational data
Croatia,Koprivnicko-Krizevacka Zupanija,HR063,2021-39,483.768538234525,Epidemic intelligence subnational data
Croatia,Koprivnicko-Krizevacka Zupanija,HR063,2021-40,484.702454331503,Epidemic intelligence subnational data
Croatia,Koprivnicko-Krizevacka Zupanija,HR063,2021-41,490.30595091337,Epidemic intelligence subnational data
Croatia,Koprivnicko-Krizevacka Zupanija,HR063,2021-42,576.226231835332,Epidemic intelligence subnational data
Croatia,Koprivnicko-Krizevacka Zupanija,HR063,2021-43,904.030781874556,Epidemic intelligence subnational data
Croatia,Koprivnicko-Krizevacka Zupanija,HR063,2021-44,1275.72938847174,Epidemic intelligence subnational data
Croatia,Koprivnicko-Krizevacka Zupanija,HR063,2021-45,1778.17624864582,Epidemic intelligence subnational data
Croatia,Koprivnicko-Krizevacka Zupanija,HR063,2021-46,1964.95946804139,Epidemic intelligence subnational data
Croatia,Koprivnicko-Krizevacka Zupanija,HR063,2021-47,2000.44827972655,Epidemic intelligence subnational data
Croatia,Koprivnicko-Krizevacka Zupanija,HR063,2021-48,1858.49303298592,Epidemic intelligence subnational data
Croatia,Koprivnicko-Krizevacka Zupanija,HR063,2021-49,1400.87414546677,Epidemic intelligence subnational data
Croatia,Koprivnicko-Krizevacka Zupanija,HR063,2021-50,1187.00735925884,Epidemic intelligence subnational data
Croatia,Koprivnicko-Krizevacka Zupanija,HR063,2021-51,962.867495984161,Epidemic intelligence subnational data
Croatia,Koprivnicko-Krizevacka Zupanija,HR063,2021-52,855.467144831708,Epidemic intelligence subnational data
Croatia,Koprivnicko-Krizevacka Zupanija,HR063,2022-01,987.149314505585,Epidemic intelligence subnational data
Croatia,Koprivnicko-Krizevacka Zupanija,HR063,2022-02,1270.12589188987,Epidemic intelligence subnational data
Croatia,Koprivnicko-Krizevacka Zupanija,HR063,2022-03,1671.70981359035,Epidemic intelligence subnational data
Croatia,Koprivnicko-Krizevacka Zupanija,HR063,2022-04,1964.95946804139,Epidemic intelligence subnational data
Croatia,Krapinsko-Zagorska Zupanija,HR064,2020-16,,Epidemic intelligence subnational data
Croatia,Krapinsko-Zagorska Zupanija,HR064,2020-17,17.6301828730787,Epidemic intelligence subnational data
Croatia,Krapinsko-Zagorska Zupanija,HR064,2020-18,5.60960364143414,Epidemic intelligence subnational data
Croatia,Krapinsko-Zagorska Zupanija,HR064,2020-19,0,Epidemic intelligence subnational data
Croatia,Krapinsko-Zagorska Zupanija,HR064,2020-20,0,Epidemic intelligence subnational data
Croatia,Krapinsko-Zagorska Zupanija,HR064,2020-21,0,Epidemic intelligence subnational data
Croatia,Krapinsko-Zagorska Zupanija,HR064,2020-22,0,Epidemic intelligence subnational data
Croatia,Krapinsko-Zagorska Zupanija,HR064,2020-23,0,Epidemic intelligence subnational data
Croatia,Krapinsko-Zagorska Zupanija,HR064,2020-24,0,Epidemic intelligence subnational data
Croatia,Krapinsko-Zagorska Zupanija,HR064,2020-25,0.801371948776305,Epidemic intelligence subnational data
Croatia,Krapinsko-Zagorska Zupanija,HR064,2020-26,1.60274389755261,Epidemic intelligence subnational data
Croatia,Krapinsko-Zagorska Zupanija,HR064,2020-27,2.40411584632892,Epidemic intelligence subnational data
Croatia,Krapinsko-Zagorska Zupanija,HR064,2020-28,7.21234753898675,Epidemic intelligence subnational data
Croatia,Krapinsko-Zagorska Zupanija,HR064,2020-29,6.41097559021044,Epidemic intelligence subnational data
Croatia,Krapinsko-Zagorska Zupanija,HR064,2020-30,6.41097559021044,Epidemic intelligence subnational data
Croatia,Krapinsko-Zagorska Zupanija,HR064,2020-31,6.41097559021044,Epidemic intelligence subnational data
Croatia,Krapinsko-Zagorska Zupanija,HR064,2020-32,2.40411584632892,Epidemic intelligence subnational data
Croatia,Krapinsko-Zagorska Zupanija,HR064,2020-33,9.61646338531566,Epidemic intelligence subnational data
Croatia,Krapinsko-Zagorska Zupanija,HR064,2020-34,19.2329267706313,Epidemic intelligence subnational data
Croatia,Krapinsko-Zagorska Zupanija,HR064,2020-35,32.8562498998285,Epidemic intelligence subnational data
Croatia,Krapinsko-Zagorska Zupanija,HR064,2020-36,44.8768291314731,Epidemic intelligence subnational data
Croatia,Krapinsko-Zagorska Zupanija,HR064,2020-37,48.8836888753546,Epidemic intelligence subnational data
Croatia,Krapinsko-Zagorska Zupanija,HR064,2020-38,71.3221034410912,Epidemic intelligence subnational data
Croatia,Krapinsko-Zagorska Zupanija,HR064,2020-39,91.3564021604988,Epidemic intelligence subnational data
Croatia,Krapinsko-Zagorska Zupanija,HR064,2020-40,135.431859343196,Epidemic intelligence subnational data
Croatia,Krapinsko-Zagorska Zupanija,HR064,2020-41,237.206096837786,Epidemic intelligence subnational data
Croatia,Krapinsko-Zagorska Zupanija,HR064,2020-42,469.603961982915,Epidemic intelligence subnational data
Croatia,Krapinsko-Zagorska Zupanija,HR064,2020-43,857.467985190646,Epidemic intelligence subnational data
Croatia,Krapinsko-Zagorska Zupanija,HR064,2020-44,1018.54374689468,Epidemic intelligence subnational data
Croatia,Krapinsko-Zagorska Zupanija,HR064,2020-45,1016.13963104836,Epidemic intelligence subnational data
Croatia,Krapinsko-Zagorska Zupanija,HR064,2020-46,978.475149455868,Epidemic intelligence subnational data
Croatia,Krapinsko-Zagorska Zupanija,HR064,2020-47,1170.0030452134,Epidemic intelligence subnational data
Croatia,Krapinsko-Zagorska Zupanija,HR064,2020-48,1549.85334893337,Epidemic intelligence subnational data
Croatia,Krapinsko-Zagorska Zupanija,HR064,2020-49,1646.01798278653,Epidemic intelligence subnational data
Croatia,Krapinsko-Zagorska Zupanija,HR064,2020-50,1623.57956822079,Epidemic intelligence subnational data
Croatia,Krapinsko-Zagorska Zupanija,HR064,2020-51,1227.7018255253,Epidemic intelligence subnational data
Croatia,Krapinsko-Zagorska Zupanija,HR064,2020-52,672.35106502332,Epidemic intelligence subnational data
Croatia,Krapinsko-Zagorska Zupanija,HR064,2020-53,371.035212283429,Epidemic intelligence subnational data
Croatia,Krapinsko-Zagorska Zupanija,HR064,2021-01,249.226676069431,Epidemic intelligence subnational data
Croatia,Krapinsko-Zagorska Zupanija,HR064,2021-02,214.76768227205,Epidemic intelligence subnational data
Croatia,Krapinsko-Zagorska Zupanija,HR064,2021-03,138.637347138301,Epidemic intelligence subnational data
Croatia,Krapinsko-Zagorska Zupanija,HR064,2021-04,106.582469187249,Epidemic intelligence subnational data
Croatia,Krapinsko-Zagorska Zupanija,HR064,2021-05,107.383841136025,Epidemic intelligence subnational data
Croatia,Krapinsko-Zagorska Zupanija,HR064,2021-06,76.130335133749,Epidemic intelligence subnational data
Croatia,Krapinsko-Zagorska Zupanija,HR064,2021-07,60.1028961582229,Epidemic intelligence subnational data
Croatia,Krapinsko-Zagorska Zupanija,HR064,2021-08,69.7193595435386,Epidemic intelligence subnational data
Croatia,Krapinsko-Zagorska Zupanija,HR064,2021-09,75.3289631849727,Epidemic intelligence subnational data
Croatia,Krapinsko-Zagorska Zupanija,HR064,2021-10,100.972865545814,Epidemic intelligence subnational data
Croatia,Krapinsko-Zagorska Zupanija,HR064,2021-11,148.253810523616,Epidemic intelligence subnational data
Croatia,Krapinsko-Zagorska Zupanija,HR064,2021-12,184.31554821855,Epidemic intelligence subnational data
Croatia,Krapinsko-Zagorska Zupanija,HR064,2021-13,223.582773708589,Epidemic intelligence subnational data
Croatia,Krapinsko-Zagorska Zupanija,HR064,2021-14,273.26783453272,Epidemic intelligence subnational data
Croatia,Krapinsko-Zagorska Zupanija,HR064,2021-15,321.350151459298,Epidemic intelligence subnational data
Croatia,Krapinsko-Zagorska Zupanija,HR064,2021-16,380.651675668745,Epidemic intelligence subnational data
Croatia,Krapinsko-Zagorska Zupanija,HR064,2021-17,378.247559822416,Epidemic intelligence subnational data
Croatia,Krapinsko-Zagorska Zupanija,HR064,2021-18,343.788566025035,Epidemic intelligence subnational data
Croatia,Krapinsko-Zagorska Zupanija,HR064,2021-19,258.843139454747,Epidemic intelligence subnational data
Croatia,Krapinsko-Zagorska Zupanija,HR064,2021-20,162.67850560159,Epidemic intelligence subnational data
Croatia,Krapinsko-Zagorska Zupanija,HR064,2021-21,96.1646338531566,Epidemic intelligence subnational data
Croatia,Krapinsko-Zagorska Zupanija,HR064,2021-22,43.2740852339205,Epidemic intelligence subnational data
Croatia,Krapinsko-Zagorska Zupanija,HR064,2021-23,30.4521340534996,Epidemic intelligence subnational data
Croatia,Krapinsko-Zagorska Zupanija,HR064,2021-24,15.2260670267498,Epidemic intelligence subnational data
Croatia,Krapinsko-Zagorska Zupanija,HR064,2021-25,11.2192072828683,Epidemic intelligence subnational data
Croatia,Krapinsko-Zagorska Zupanija,HR064,2021-26,8.01371948776305,Epidemic intelligence subnational data
Croatia,Krapinsko-Zagorska Zupanija,HR064,2021-27,10.417835334092,Epidemic intelligence subnational data
Croatia,Krapinsko-Zagorska Zupanija,HR064,2021-28,10.417835334092,Epidemic intelligence subnational data
Croatia,Krapinsko-Zagorska Zupanija,HR064,2021-29,7.21234753898675,Epidemic intelligence subnational data
Croatia,Krapinsko-Zagorska Zupanija,HR064,2021-30,8.01371948776305,Epidemic intelligence subnational data
Croatia,Krapinsko-Zagorska Zupanija,HR064,2021-31,14.4246950779735,Epidemic intelligence subnational data
Croatia,Krapinsko-Zagorska Zupanija,HR064,2021-32,27.2466462583944,Epidemic intelligence subnational data
Croatia,Krapinsko-Zagorska Zupanija,HR064,2021-33,49.6850608241309,Epidemic intelligence subnational data
Croatia,Krapinsko-Zagorska Zupanija,HR064,2021-34,68.9179875947622,Epidemic intelligence subnational data
Croatia,Krapinsko-Zagorska Zupanija,HR064,2021-35,102.575609443367,Epidemic intelligence subnational data
Croatia,Krapinsko-Zagorska Zupanija,HR064,2021-36,179.507316525892,Epidemic intelligence subnational data
Croatia,Krapinsko-Zagorska Zupanija,HR064,2021-37,254.836279710865,Epidemic intelligence subnational data
Croatia,Krapinsko-Zagorska Zupanija,HR064,2021-38,277.274694276602,Epidemic intelligence subnational data
Croatia,Krapinsko-Zagorska Zupanija,HR064,2021-39,293.302133252128,Epidemic intelligence subnational data
Croatia,Krapinsko-Zagorska Zupanija,HR064,2021-40,320.548779510522,Epidemic intelligence subnational data
Croatia,Krapinsko-Zagorska Zupanija,HR064,2021-41,356.610517205456,Epidemic intelligence subnational data
Croatia,Krapinsko-Zagorska Zupanija,HR064,2021-42,516.884906960717,Epidemic intelligence subnational data
Croatia,Krapinsko-Zagorska Zupanija,HR064,2021-43,891.926978988028,Epidemic intelligence subnational data
Croatia,Krapinsko-Zagorska Zupanija,HR064,2021-44,1443.27087974613,Epidemic intelligence subnational data
Croatia,Krapinsko-Zagorska Zupanija,HR064,2021-45,1976.98459763114,Epidemic intelligence subnational data
Croatia,Krapinsko-Zagorska Zupanija,HR064,2021-46,2014.64907922363,Epidemic intelligence subnational data
Croatia,Krapinsko-Zagorska Zupanija,HR064,2021-47,1728.55929351049,Epidemic intelligence subnational data
Croatia,Krapinsko-Zagorska Zupanija,HR064,2021-48,1412.81874569263,Epidemic intelligence subnational data
Croatia,Krapinsko-Zagorska Zupanija,HR064,2021-49,1053.80411264084,Epidemic intelligence subnational data
Croatia,Krapinsko-Zagorska Zupanija,HR064,2021-50,868.687192473515,Epidemic intelligence subnational data
Croatia,Krapinsko-Zagorska Zupanija,HR064,2021-51,707.611430769477,Epidemic intelligence subnational data
Croatia,Krapinsko-Zagorska Zupanija,HR064,2021-52,671.549693074544,Epidemic intelligence subnational data
Croatia,Krapinsko-Zagorska Zupanija,HR064,2022-01,1152.37286234033,Epidemic intelligence subnational data
Croatia,Krapinsko-Zagorska Zupanija,HR064,2022-02,1931.3063965509,Epidemic intelligence subnational data
Croatia,Krapinsko-Zagorska Zupanija,HR064,2022-03,2497.07499238697,Epidemic intelligence subnational data
Croatia,Krapinsko-Zagorska Zupanija,HR064,2022-04,2376.86920007052,Epidemic intelligence subnational data
Croatia,Zagrebacka Zupanija,HR065,2020-16,,Epidemic intelligence subnational data
Croatia,Zagrebacka Zupanija,HR065,2020-17,4.20295758892488,Epidemic intelligence subnational data
Croatia,Zagrebacka Zupanija,HR065,2020-18,1.61652214958649,Epidemic intelligence subnational data
Croatia,Zagrebacka Zupanija,HR065,2020-19,0,Epidemic intelligence subnational data
Croatia,Zagrebacka Zupanija,HR065,2020-20,0,Epidemic intelligence subnational data
Croatia,Zagrebacka Zupanija,HR065,2020-21,0.323304429917299,Epidemic intelligence subnational data
Croatia,Zagrebacka Zupanija,HR065,2020-22,0.323304429917299,Epidemic intelligence subnational data
Croatia,Zagrebacka Zupanija,HR065,2020-23,0,Epidemic intelligence subnational data
Croatia,Zagrebacka Zupanija,HR065,2020-24,0.323304429917299,Epidemic intelligence subnational data
Croatia,Zagrebacka Zupanija,HR065,2020-25,3.23304429917299,Epidemic intelligence subnational data
Croatia,Zagrebacka Zupanija,HR065,2020-26,11.6389594770228,Epidemic intelligence subnational data
Croatia,Zagrebacka Zupanija,HR065,2020-27,13.9020904864438,Epidemic intelligence subnational data
Croatia,Zagrebacka Zupanija,HR065,2020-28,12.9321771966919,Epidemic intelligence subnational data
Croatia,Zagrebacka Zupanija,HR065,2020-29,13.9020904864438,Epidemic intelligence subnational data
Croatia,Zagrebacka Zupanija,HR065,2020-30,12.6088727667747,Epidemic intelligence subnational data
Croatia,Zagrebacka Zupanija,HR065,2020-31,8.40591517784977,Epidemic intelligence subnational data
Croatia,Zagrebacka Zupanija,HR065,2020-32,5.81947973851138,Epidemic intelligence subnational data
Croatia,Zagrebacka Zupanija,HR065,2020-33,21.9847012343763,Epidemic intelligence subnational data
Croatia,Zagrebacka Zupanija,HR065,2020-34,42.9994891790007,Epidemic intelligence subnational data
Croatia,Zagrebacka Zupanija,HR065,2020-35,52.6986220765197,Epidemic intelligence subnational data
Croatia,Zagrebacka Zupanija,HR065,2020-36,55.9316663756927,Epidemic intelligence subnational data
Croatia,Zagrebacka Zupanija,HR065,2020-37,47.8490556277602,Epidemic intelligence subnational data
Croatia,Zagrebacka Zupanija,HR065,2020-38,46.8791423380083,Epidemic intelligence subnational data
Croatia,Zagrebacka Zupanija,HR065,2020-39,54.9617530859408,Epidemic intelligence subnational data
Croatia,Zagrebacka Zupanija,HR065,2020-40,63.6909726937079,Epidemic intelligence subnational data
Croatia,Zagrebacka Zupanija,HR065,2020-41,119.622639069401,Epidemic intelligence subnational data
Croatia,Zagrebacka Zupanija,HR065,2020-42,243.448235727726,Epidemic intelligence subnational data
Croatia,Zagrebacka Zupanija,HR065,2020-43,470.40794552967,Epidemic intelligence subnational data
Croatia,Zagrebacka Zupanija,HR065,2020-44,644.022424395259,Epidemic intelligence subnational data
Croatia,Zagrebacka Zupanija,HR065,2020-45,754.269234997058,Epidemic intelligence subnational data
Croatia,Zagrebacka Zupanija,HR065,2020-46,768.817934343336,Epidemic intelligence subnational data
Croatia,Zagrebacka Zupanija,HR065,2020-47,939.845977769587,Epidemic intelligence subnational data
Croatia,Zagrebacka Zupanija,HR065,2020-48,1179.09125590839,Epidemic intelligence subnational data
Croatia,Zagrebacka Zupanija,HR065,2020-49,842.531344364481,Epidemic intelligence subnational data
Croatia,Zagrebacka Zupanija,HR065,2020-50,1067.87453201684,Epidemic intelligence subnational data
Croatia,Zagrebacka Zupanija,HR065,2020-51,1455.8398479176,Epidemic intelligence subnational data
Croatia,Zagrebacka Zupanija,HR065,2020-52,981.552249228919,Epidemic intelligence subnational data
Croatia,Zagrebacka Zupanija,HR065,2020-53,517.933696727513,Epidemic intelligence subnational data
Croatia,Zagrebacka Zupanija,HR065,2021-01,417.062714593315,Epidemic intelligence subnational data
Croatia,Zagrebacka Zupanija,HR065,2021-02,394.431404499105,Epidemic intelligence subnational data
Croatia,Zagrebacka Zupanija,HR065,2021-03,273.838852139952,Epidemic intelligence subnational data
Croatia,Zagrebacka Zupanija,HR065,2021-04,229.869449671199,Epidemic intelligence subnational data
Croatia,Zagrebacka Zupanija,HR065,2021-05,191.719526940958,Epidemic intelligence subnational data
Croatia,Zagrebacka Zupanija,HR065,2021-06,139.344209294356,Epidemic intelligence subnational data
Croatia,Zagrebacka Zupanija,HR065,2021-07,116.389594770228,Epidemic intelligence subnational data
Croatia,Zagrebacka Zupanija,HR065,2021-08,121.885770078822,Epidemic intelligence subnational data
Croatia,Zagrebacka Zupanija,HR065,2021-09,137.727687144769,Epidemic intelligence subnational data
Croatia,Zagrebacka Zupanija,HR065,2021-10,162.298823818484,Epidemic intelligence subnational data
Croatia,Zagrebacka Zupanija,HR065,2021-11,227.606318661778,Epidemic intelligence subnational data
Croatia,Zagrebacka Zupanija,HR065,2021-12,350.138697600435,Epidemic intelligence subnational data
Croatia,Zagrebacka Zupanija,HR065,2021-13,541.211615681558,Epidemic intelligence subnational data
Croatia,Zagrebacka Zupanija,HR065,2021-14,635.939813647327,Epidemic intelligence subnational data
Croatia,Zagrebacka Zupanija,HR065,2021-15,776.900545091269,Epidemic intelligence subnational data
Croatia,Zagrebacka Zupanija,HR065,2021-16,979.289118219498,Epidemic intelligence subnational data
Croatia,Zagrebacka Zupanija,HR065,2021-17,971.206507471565,Epidemic intelligence subnational data
Croatia,Zagrebacka Zupanija,HR065,2021-18,770.111152063006,Epidemic intelligence subnational data
Croatia,Zagrebacka Zupanija,HR065,2021-19,509.204477119746,Epidemic intelligence subnational data
Croatia,Zagrebacka Zupanija,HR065,2021-20,322.981125487381,Epidemic intelligence subnational data
Croatia,Zagrebacka Zupanija,HR065,2021-21,187.516569352033,Epidemic intelligence subnational data
Croatia,Zagrebacka Zupanija,HR065,2021-22,110.570115031716,Epidemic intelligence subnational data
Croatia,Zagrebacka Zupanija,HR065,2021-23,73.0668011613095,Epidemic intelligence subnational data
Croatia,Zagrebacka Zupanija,HR065,2021-24,39.4431404499104,Epidemic intelligence subnational data
Croatia,Zagrebacka Zupanija,HR065,2021-25,15.5186126360303,Epidemic intelligence subnational data
Croatia,Zagrebacka Zupanija,HR065,2021-26,6.78939302826327,Epidemic intelligence subnational data
Croatia,Zagrebacka Zupanija,HR065,2021-27,8.72921960776707,Epidemic intelligence subnational data
Croatia,Zagrebacka Zupanija,HR065,2021-28,7.75930631801517,Epidemic intelligence subnational data
Croatia,Zagrebacka Zupanija,HR065,2021-29,15.8419170659476,Epidemic intelligence subnational data
Croatia,Zagrebacka Zupanija,HR065,2021-30,33.3003562814818,Epidemic intelligence subnational data
Croatia,Zagrebacka Zupanija,HR065,2021-31,52.6986220765197,Epidemic intelligence subnational data
Croatia,Zagrebacka Zupanija,HR065,2021-32,86.9688916477534,Epidemic intelligence subnational data
Croatia,Zagrebacka Zupanija,HR065,2021-33,120.269247929235,Epidemic intelligence subnational data
Croatia,Zagrebacka Zupanija,HR065,2021-34,150.659864341461,Epidemic intelligence subnational data
Croatia,Zagrebacka Zupanija,HR065,2021-35,216.61396804459,Epidemic intelligence subnational data
Croatia,Zagrebacka Zupanija,HR065,2021-36,321.687907767712,Epidemic intelligence subnational data
Croatia,Zagrebacka Zupanija,HR065,2021-37,440.340633547361,Epidemic intelligence subnational data
Croatia,Zagrebacka Zupanija,HR065,2021-38,501.768475231648,Epidemic intelligence subnational data
Croatia,Zagrebacka Zupanija,HR065,2021-39,528.602742914783,Epidemic intelligence subnational data
Croatia,Zagrebacka Zupanija,HR065,2021-40,575.158580822875,Epidemic intelligence subnational data
Croatia,Zagrebacka Zupanija,HR065,2021-41,586.150931440063,Epidemic intelligence subnational data
Croatia,Zagrebacka Zupanija,HR065,2021-42,734.87096920202,Epidemic intelligence subnational data
Croatia,Zagrebacka Zupanija,HR065,2021-43,1053.32583267056,Epidemic intelligence subnational data
Croatia,Zagrebacka Zupanija,HR065,2021-44,1350.44260376456,Epidemic intelligence subnational data
Croatia,Zagrebacka Zupanija,HR065,2021-45,1758.77609875011,Epidemic intelligence subnational data
Croatia,Zagrebacka Zupanija,HR065,2021-46,2030.35181988064,Epidemic intelligence subnational data
Croatia,Zagrebacka Zupanija,HR065,2021-47,2106.97496977104,Epidemic intelligence subnational data
Croatia,Zagrebacka Zupanija,HR065,2021-48,2068.50174261088,Epidemic intelligence subnational data
Croatia,Zagrebacka Zupanija,HR065,2021-49,1724.82913360879,Epidemic intelligence subnational data
Croatia,Zagrebacka Zupanija,HR065,2021-50,1381.1565246067,Epidemic intelligence subnational data
Croatia,Zagrebacka Zupanija,HR065,2021-51,1076.28044719469,Epidemic intelligence subnational data
Croatia,Zagrebacka Zupanija,HR065,2021-52,951.48493724661,Epidemic intelligence subnational data
Croatia,Zagrebacka Zupanija,HR065,2022-01,1267.03006084589,Epidemic intelligence subnational data
Croatia,Zagrebacka Zupanija,HR065,2022-02,1940.14988393371,Epidemic intelligence subnational data
Croatia,Zagrebacka Zupanija,HR065,2022-03,2713.49408029589,Epidemic intelligence subnational data
Croatia,Zagrebacka Zupanija,HR065,2022-04,2783.32783715803,Epidemic intelligence subnational data
Cyprus,Kypros,CY0,2020-13,,Epidemic intelligence subnational data
Cyprus,Kypros,CY0,2020-14,42.2294919510588,Epidemic intelligence subnational data
Cyprus,Kypros,CY0,2020-15,45.1574033929989,Epidemic intelligence subnational data
Cyprus,Kypros,CY0,2020-16,31.1935180545155,Epidemic intelligence subnational data
Cyprus,Kypros,CY0,2020-17,15.5404530379897,Epidemic intelligence subnational data
Cyprus,Kypros,CY0,2020-18,11.5990337892242,Epidemic intelligence subnational data
Cyprus,Kypros,CY0,2020-19,8.78373432582024,Epidemic intelligence subnational data
Cyprus,Kypros,CY0,2020-20,4.84231507705475,Epidemic intelligence subnational data
Cyprus,Kypros,CY0,2020-21,3.82880727022933,Epidemic intelligence subnational data
Cyprus,Kypros,CY0,2020-22,3.49097133462086,Epidemic intelligence subnational data
Cyprus,Kypros,CY0,2020-23,3.71619529169318,Epidemic intelligence subnational data
Cyprus,Kypros,CY0,2020-24,4.27925518437396,Epidemic intelligence subnational data
Cyprus,Kypros,CY0,2020-25,2.13962759218698,Epidemic intelligence subnational data
Cyprus,Kypros,CY0,2020-26,1.23873176389773,Epidemic intelligence subnational data
Cyprus,Kypros,CY0,2020-27,1.80179165657851,Epidemic intelligence subnational data
Cyprus,Kypros,CY0,2020-28,2.92791144194008,Epidemic intelligence subnational data
Cyprus,Kypros,CY0,2020-29,3.82880727022933,Epidemic intelligence subnational data
Cyprus,Kypros,CY0,2020-30,4.39186716291012,Epidemic intelligence subnational data
Cyprus,Kypros,CY0,2020-31,14.6395572097004,Epidemic intelligence subnational data
Cyprus,Kypros,CY0,2020-32,21.3962759218698,Epidemic intelligence subnational data
Cyprus,Kypros,CY0,2020-33,20.833216029189,Epidemic intelligence subnational data
Cyprus,Kypros,CY0,2020-34,20.3827681150444,Epidemic intelligence subnational data
Cyprus,Kypros,CY0,2020-35,15.4278410594535,Epidemic intelligence subnational data
Cyprus,Kypros,CY0,2020-36,9.12157026142871,Epidemic intelligence subnational data
Cyprus,Kypros,CY0,2020-37,5.18015101266322,Epidemic intelligence subnational data
Cyprus,Kypros,CY0,2020-38,11.486421810688,Epidemic intelligence subnational data
Cyprus,Kypros,CY0,2020-39,21.2836639433337,Epidemic intelligence subnational data
Cyprus,Kypros,CY0,2020-40,27.4773227628223,Epidemic intelligence subnational data
Cyprus,Kypros,CY0,2020-41,38.5132966593657,Epidemic intelligence subnational data
Cyprus,Kypros,CY0,2020-42,97.5219734123119,Epidemic intelligence subnational data
Cyprus,Kypros,CY0,2020-43,184.233196885153,Epidemic intelligence subnational data
Cyprus,Kypros,CY0,2020-44,234.683363269351,Epidemic intelligence subnational data
Cyprus,Kypros,CY0,2020-45,273.647107842861,Epidemic intelligence subnational data
Cyprus,Kypros,CY0,2020-46,288.399277031098,Epidemic intelligence subnational data
Cyprus,Kypros,CY0,2020-47,332.430560638735,Epidemic intelligence subnational data
Cyprus,Kypros,CY0,2020-48,384.795130658048,Epidemic intelligence subnational data
Cyprus,Kypros,CY0,2020-49,479.614416585492,Epidemic intelligence subnational data
Cyprus,Kypros,CY0,2020-50,581.303033203642,Epidemic intelligence subnational data
Cyprus,Kypros,CY0,2020-51,571.167955135388,Epidemic intelligence subnational data
Cyprus,Kypros,CY0,2020-52,534.569062111137,Epidemic intelligence subnational data
Cyprus,Kypros,CY0,2020-53,687.608740941774,Epidemic intelligence subnational data
Cyprus,Kypros,CY0,2021-01,780.401011255567,Epidemic intelligence subnational data
Cyprus,Kypros,CY0,2021-02,526.348387677997,Epidemic intelligence subnational data
Cyprus,Kypros,CY0,2021-03,282.881290082826,Epidemic intelligence subnational data
Cyprus,Kypros,CY0,2021-04,195.832230674377,Epidemic intelligence subnational data
Cyprus,Kypros,CY0,2021-05,180.967449507604,Epidemic intelligence subnational data
Cyprus,Kypros,CY0,2021-06,170.044087589597,Epidemic intelligence subnational data
Cyprus,Kypros,CY0,2021-07,158.107217864764,Epidemic intelligence subnational data
Cyprus,Kypros,CY0,2021-08,230.967167977658,Epidemic intelligence subnational data
Cyprus,Kypros,CY0,2021-09,367.002438049335,Epidemic intelligence subnational data
Cyprus,Kypros,CY0,2021-10,517.452041373641,Epidemic intelligence subnational data
Cyprus,Kypros,CY0,2021-11,588.172363894347,Epidemic intelligence subnational data
Cyprus,Kypros,CY0,2021-12,544.816752157927,Epidemic intelligence subnational data
Cyprus,Kypros,CY0,2021-13,607.091176288422,Epidemic intelligence subnational data
Cyprus,Kypros,CY0,2021-14,771.392052972675,Epidemic intelligence subnational data
Cyprus,Kypros,CY0,2021-15,962.381968569997,Epidemic intelligence subnational data
Cyprus,Kypros,CY0,2021-16,1200.3310792169,Epidemic intelligence subnational data
Cyprus,Kypros,CY0,2021-17,1115.64687135771,Epidemic intelligence subnational data
Cyprus,Kypros,CY0,2021-18,807.87833401839,Epidemic intelligence subnational data
Cyprus,Kypros,CY0,2021-19,526.686223613606,Epidemic intelligence subnational data
Cyprus,Kypros,CY0,2021-20,270.493972443849,Epidemic intelligence subnational data
Cyprus,Kypros,CY0,2021-21,155.404530379897,Epidemic intelligence subnational data
Cyprus,Kypros,CY0,2021-22,103.15257233912,Epidemic intelligence subnational data
Cyprus,Kypros,CY0,2021-23,92.3418223996487,Epidemic intelligence subnational data
Cyprus,Kypros,CY0,2021-24,102.927348382047,Epidemic intelligence subnational data
Cyprus,Kypros,CY0,2021-25,198.985366073389,Epidemic intelligence subnational data
Cyprus,Kypros,CY0,2021-26,551.010410977416,Epidemic intelligence subnational data
Cyprus,Kypros,CY0,2021-27,1192.5608526979,Epidemic intelligence subnational data
Cyprus,Kypros,CY0,2021-28,1712.15252166373,Epidemic intelligence subnational data
Cyprus,Kypros,CY0,2021-29,1730.50827416512,Epidemic intelligence subnational data
Cyprus,Kypros,CY0,2021-30,1361.25359654507,Epidemic intelligence subnational data
Cyprus,Kypros,CY0,2021-31,953.147786330032,Epidemic intelligence subnational data
Cyprus,Kypros,CY0,2021-32,702.586134087083,Epidemic intelligence subnational data
Cyprus,Kypros,CY0,2021-33,566.663475993942,Epidemic intelligence subnational data
Cyprus,Kypros,CY0,2021-34,459.569484406056,Epidemic intelligence subnational data
Cyprus,Kypros,CY0,2021-35,366.664602113727,Epidemic intelligence subnational data
Cyprus,Kypros,CY0,2021-36,282.543454147218,Epidemic intelligence subnational data
Cyprus,Kypros,CY0,2021-37,212.836639433337,Epidemic intelligence subnational data
Cyprus,Kypros,CY0,2021-38,174.886402666652,Epidemic intelligence subnational data
Cyprus,Kypros,CY0,2021-39,149.210871560408,Epidemic intelligence subnational data
Cyprus,Kypros,CY0,2021-40,154.503634551607,Epidemic intelligence subnational data
Cyprus,Kypros,CY0,2021-41,183.782748971008,Epidemic intelligence subnational data
Cyprus,Kypros,CY0,2021-42,204.503353021661,Epidemic intelligence subnational data
Cyprus,Kypros,CY0,2021-43,210.359175905541,Epidemic intelligence subnational data
Cyprus,Kypros,CY0,2021-44,376.687068203445,Epidemic intelligence subnational data
Cyprus,Kypros,CY0,2021-45,465.988367182617,Epidemic intelligence subnational data
Cyprus,Kypros,CY0,2021-46,467.67754686066,Epidemic intelligence subnational data
Cyprus,Kypros,CY0,2021-47,629.500960017117,Epidemic intelligence subnational data
Cyprus,Kypros,CY0,2021-48,723.531962094808,Epidemic intelligence subnational data
Cyprus,Kypros,CY0,2021-49,853.260961368461,Epidemic intelligence subnational data
Cyprus,Kypros,CY0,2021-50,972.517046638251,Epidemic intelligence subnational data
Cyprus,Kypros,CY0,2021-51,1115.87209531478,Epidemic intelligence subnational data
Cyprus,Kypros,CY0,2021-52,3100.88344097162,Epidemic intelligence subnational data
Cyprus,Kypros,CY0,2022-01,6037.35339328044,Epidemic intelligence subnational data
Cyprus,Kypros,CY0,2022-02,5973.0519535363,Epidemic intelligence subnational data
Cyprus,Kypros,CY0,2022-03,3556.96195404305,Epidemic intelligence subnational data
Cyprus,Kypros,CY0,2022-04,3109.44195134036,Epidemic intelligence subnational data
Czechia,Hlavni Mesto Praha,CZ010,2020-14,,Epidemic intelligence subnational data
Czechia,Hlavni Mesto Praha,CZ010,2020-15,53.9162123936306,Epidemic intelligence subnational data
Czechia,Hlavni Mesto Praha,CZ010,2020-16,37.3788867434834,Epidemic intelligence subnational data
Czechia,Hlavni Mesto Praha,CZ010,2020-17,15.7821966250263,Epidemic intelligence subnational data
Czechia,Hlavni Mesto Praha,CZ010,2020-18,9.59013861903514,Epidemic intelligence subnational data
Czechia,Hlavni Mesto Praha,CZ010,2020-19,10.9493708642527,Epidemic intelligence subnational data
Czechia,Hlavni Mesto Praha,CZ010,2020-20,15.3291192099538,Epidemic intelligence subnational data
Czechia,Hlavni Mesto Praha,CZ010,2020-21,15.7066837225143,Epidemic intelligence subnational data
Czechia,Hlavni Mesto Praha,CZ010,2020-22,12.9882192320791,Epidemic intelligence subnational data
Czechia,Hlavni Mesto Praha,CZ010,2020-23,13.2147579396154,Epidemic intelligence subnational data
Czechia,Hlavni Mesto Praha,CZ010,2020-24,14.0453998672483,Epidemic intelligence subnational data
Czechia,Hlavni Mesto Praha,CZ010,2020-25,15.7821966250263,Epidemic intelligence subnational data
Czechia,Hlavni Mesto Praha,CZ010,2020-26,13.0637321345912,Epidemic intelligence subnational data
Czechia,Hlavni Mesto Praha,CZ010,2020-27,11.5534740843494,Epidemic intelligence subnational data
Czechia,Hlavni Mesto Praha,CZ010,2020-28,13.3657837446395,Epidemic intelligence subnational data
Czechia,Hlavni Mesto Praha,CZ010,2020-29,20.8415610933362,Epidemic intelligence subnational data
Czechia,Hlavni Mesto Praha,CZ010,2020-30,42.6647899193296,Epidemic intelligence subnational data
Czechia,Hlavni Mesto Praha,CZ010,2020-31,56.7101897865779,Epidemic intelligence subnational data
Czechia,Hlavni Mesto Praha,CZ010,2020-32,56.5591639815537,Epidemic intelligence subnational data
Czechia,Hlavni Mesto Praha,CZ010,2020-33,65.6207122830042,Epidemic intelligence subnational data
Czechia,Hlavni Mesto Praha,CZ010,2020-34,76.3435444397207,Epidemic intelligence subnational data
Czechia,Hlavni Mesto Praha,CZ010,2020-35,96.5054894104481,Epidemic intelligence subnational data
Czechia,Hlavni Mesto Praha,CZ010,2020-36,156.99132432263,Epidemic intelligence subnational data
Czechia,Hlavni Mesto Praha,CZ010,2020-37,266.334007160133,Epidemic intelligence subnational data
Czechia,Hlavni Mesto Praha,CZ010,2020-38,422.796741165179,Epidemic intelligence subnational data
Czechia,Hlavni Mesto Praha,CZ010,2020-39,477.694621291467,Epidemic intelligence subnational data
Czechia,Hlavni Mesto Praha,CZ010,2020-40,523.757491823841,Epidemic intelligence subnational data
Czechia,Hlavni Mesto Praha,CZ010,2020-41,740.101957520972,Epidemic intelligence subnational data
Czechia,Hlavni Mesto Praha,CZ010,2020-42,1056.65204485164,Epidemic intelligence subnational data
Czechia,Hlavni Mesto Praha,CZ010,2020-43,1351.60544206386,Epidemic intelligence subnational data
Czechia,Hlavni Mesto Praha,CZ010,2020-44,1156.9331793877,Epidemic intelligence subnational data
Czechia,Hlavni Mesto Praha,CZ010,2020-45,725.527967336139,Epidemic intelligence subnational data
Czechia,Hlavni Mesto Praha,CZ010,2020-46,534.253785273021,Epidemic intelligence subnational data
Czechia,Hlavni Mesto Praha,CZ010,2020-47,411.469805788366,Epidemic intelligence subnational data
Czechia,Hlavni Mesto Praha,CZ010,2020-48,341.771396769709,Epidemic intelligence subnational data
Czechia,Hlavni Mesto Praha,CZ010,2020-49,356.571925662078,Epidemic intelligence subnational data
Czechia,Hlavni Mesto Praha,CZ010,2020-50,434.425728152041,Epidemic intelligence subnational data
Czechia,Hlavni Mesto Praha,CZ010,2020-51,648.202755163761,Epidemic intelligence subnational data
Czechia,Hlavni Mesto Praha,CZ010,2020-52,858.279649952389,Epidemic intelligence subnational data
Czechia,Hlavni Mesto Praha,CZ010,2020-53,1108.98248629252,Epidemic intelligence subnational data
Czechia,Hlavni Mesto Praha,CZ010,2021-01,1304.86295540888,Epidemic intelligence subnational data
Czechia,Hlavni Mesto Praha,CZ010,2021-02,1028.48573221464,Epidemic intelligence subnational data
Czechia,Hlavni Mesto Praha,CZ010,2021-03,738.063109153145,Epidemic intelligence subnational data
Czechia,Hlavni Mesto Praha,CZ010,2021-04,742.744909108895,Epidemic intelligence subnational data
Czechia,Hlavni Mesto Praha,CZ010,2021-05,839.85450173944,Epidemic intelligence subnational data
Czechia,Hlavni Mesto Praha,CZ010,2021-06,955.313729680422,Epidemic intelligence subnational data
Czechia,Hlavni Mesto Praha,CZ010,2021-07,1132.24046026624,Epidemic intelligence subnational data
Czechia,Hlavni Mesto Praha,CZ010,2021-08,1437.16156061005,Epidemic intelligence subnational data
Czechia,Hlavni Mesto Praha,CZ010,2021-09,1568.6295238836,Epidemic intelligence subnational data
Czechia,Hlavni Mesto Praha,CZ010,2021-10,1403.7093447972,Epidemic intelligence subnational data
Czechia,Hlavni Mesto Praha,CZ010,2021-11,1153.98817618973,Epidemic intelligence subnational data
Czechia,Hlavni Mesto Praha,CZ010,2021-12,872.627101429686,Epidemic intelligence subnational data
Czechia,Hlavni Mesto Praha,CZ010,2021-13,602.290910436412,Epidemic intelligence subnational data
Czechia,Hlavni Mesto Praha,CZ010,2021-14,448.924205434362,Epidemic intelligence subnational data
Czechia,Hlavni Mesto Praha,CZ010,2021-15,355.363719221885,Epidemic intelligence subnational data
Czechia,Hlavni Mesto Praha,CZ010,2021-16,266.485032965158,Epidemic intelligence subnational data
Czechia,Hlavni Mesto Praha,CZ010,2021-17,225.632552706118,Epidemic intelligence subnational data
Czechia,Hlavni Mesto Praha,CZ010,2021-18,184.402507934518,Epidemic intelligence subnational data
Czechia,Hlavni Mesto Praha,CZ010,2021-19,131.392450371033,Epidemic intelligence subnational data
Czechia,Hlavni Mesto Praha,CZ010,2021-20,96.8830539230086,Epidemic intelligence subnational data
Czechia,Hlavni Mesto Praha,CZ010,2021-21,64.7145574528592,Epidemic intelligence subnational data
Czechia,Hlavni Mesto Praha,CZ010,2021-22,44.9301769946922,Epidemic intelligence subnational data
Czechia,Hlavni Mesto Praha,CZ010,2021-23,36.3217061083142,Epidemic intelligence subnational data
Czechia,Hlavni Mesto Praha,CZ010,2021-24,33.3767029103428,Epidemic intelligence subnational data
Czechia,Hlavni Mesto Praha,CZ010,2021-25,43.4199189444504,Epidemic intelligence subnational data
Czechia,Hlavni Mesto Praha,CZ010,2021-26,57.9939091292834,Epidemic intelligence subnational data
Czechia,Hlavni Mesto Praha,CZ010,2021-27,72.7189251191405,Epidemic intelligence subnational data
Czechia,Hlavni Mesto Praha,CZ010,2021-28,84.1968863009778,Epidemic intelligence subnational data
Czechia,Hlavni Mesto Praha,CZ010,2021-29,78.3823928075471,Epidemic intelligence subnational data
Czechia,Hlavni Mesto Praha,CZ010,2021-30,54.6713414187515,Epidemic intelligence subnational data
Czechia,Hlavni Mesto Praha,CZ010,2021-31,46.6669737524702,Epidemic intelligence subnational data
Czechia,Hlavni Mesto Praha,CZ010,2021-32,57.691857519235,Epidemic intelligence subnational data
Czechia,Hlavni Mesto Praha,CZ010,2021-33,60.3348091071581,Epidemic intelligence subnational data
Czechia,Hlavni Mesto Praha,CZ010,2021-34,58.1449349343076,Epidemic intelligence subnational data
Czechia,Hlavni Mesto Praha,CZ010,2021-35,60.3348091071581,Epidemic intelligence subnational data
Czechia,Hlavni Mesto Praha,CZ010,2021-36,73.0209767291888,Epidemic intelligence subnational data
Czechia,Hlavni Mesto Praha,CZ010,2021-37,84.5744508135383,Epidemic intelligence subnational data
Czechia,Hlavni Mesto Praha,CZ010,2021-38,96.6565152154723,Epidemic intelligence subnational data
Czechia,Hlavni Mesto Praha,CZ010,2021-39,119.536924676635,Epidemic intelligence subnational data
Czechia,Hlavni Mesto Praha,CZ010,2021-40,167.940695186883,Epidemic intelligence subnational data
Czechia,Hlavni Mesto Praha,CZ010,2021-41,197.541752971622,Epidemic intelligence subnational data
Czechia,Hlavni Mesto Praha,CZ010,2021-42,353.702435366619,Epidemic intelligence subnational data
Czechia,Hlavni Mesto Praha,CZ010,2021-43,650.921219654196,Epidemic intelligence subnational data
Czechia,Hlavni Mesto Praha,CZ010,2021-44,898.528026991332,Epidemic intelligence subnational data
Czechia,Hlavni Mesto Praha,CZ010,2021-45,1220.59055620539,Epidemic intelligence subnational data
Czechia,Hlavni Mesto Praha,CZ010,2021-46,1760.73434787435,Epidemic intelligence subnational data
Czechia,Hlavni Mesto Praha,CZ010,2021-47,2194.32943409876,Epidemic intelligence subnational data
Czechia,Hlavni Mesto Praha,CZ010,2021-48,2054.85710315893,Epidemic intelligence subnational data
Czechia,Hlavni Mesto Praha,CZ010,2021-49,1578.97479152775,Epidemic intelligence subnational data
Czechia,Hlavni Mesto Praha,CZ010,2021-50,1213.56785627176,Epidemic intelligence subnational data
Czechia,Hlavni Mesto Praha,CZ010,2021-51,951.538084554818,Epidemic intelligence subnational data
Czechia,Hlavni Mesto Praha,CZ010,2021-52,893.166610912974,Epidemic intelligence subnational data
Czechia,Hlavni Mesto Praha,CZ010,2022-01,1233.50326253495,Epidemic intelligence subnational data
Czechia,Hlavni Mesto Praha,CZ010,2022-02,2379.71360976593,Epidemic intelligence subnational data
Czechia,Hlavni Mesto Praha,CZ010,2022-03,4246.69461147479,Epidemic intelligence subnational data
Czechia,Hlavni Mesto Praha,CZ010,2022-04,5455.27861618075,Epidemic intelligence subnational data
Czechia,Stredocesky Kraj,CZ020,2020-14,,Epidemic intelligence subnational data
Czechia,Stredocesky Kraj,CZ020,2020-15,29.3110954047278,Epidemic intelligence subnational data
Czechia,Stredocesky Kraj,CZ020,2020-16,19.8535744736456,Epidemic intelligence subnational data
Czechia,Stredocesky Kraj,CZ020,2020-17,8.30240387079727,Epidemic intelligence subnational data
Czechia,Stredocesky Kraj,CZ020,2020-18,6.208754199031,Epidemic intelligence subnational data
Czechia,Stredocesky Kraj,CZ020,2020-19,4.90924750621056,Epidemic intelligence subnational data
Czechia,Stredocesky Kraj,CZ020,2020-20,7.50826089185144,Epidemic intelligence subnational data
Czechia,Stredocesky Kraj,CZ020,2020-21,7.14728681051243,Epidemic intelligence subnational data
Czechia,Stredocesky Kraj,CZ020,2020-22,3.1043770995155,Epidemic intelligence subnational data
Czechia,Stredocesky Kraj,CZ020,2020-23,2.81559783444429,Epidemic intelligence subnational data
Czechia,Stredocesky Kraj,CZ020,2020-24,5.63119566888858,Epidemic intelligence subnational data
Czechia,Stredocesky Kraj,CZ020,2020-25,6.0643645664954,Epidemic intelligence subnational data
Czechia,Stredocesky Kraj,CZ020,2020-26,5.19802677128177,Epidemic intelligence subnational data
Czechia,Stredocesky Kraj,CZ020,2020-27,8.73557276840408,Epidemic intelligence subnational data
Czechia,Stredocesky Kraj,CZ020,2020-28,8.95215721720749,Epidemic intelligence subnational data
Czechia,Stredocesky Kraj,CZ020,2020-29,12.3453135817942,Epidemic intelligence subnational data
Czechia,Stredocesky Kraj,CZ020,2020-30,24.4018478985172,Epidemic intelligence subnational data
Czechia,Stredocesky Kraj,CZ020,2020-31,29.1667057721922,Epidemic intelligence subnational data
Czechia,Stredocesky Kraj,CZ020,2020-32,31.404745076494,Epidemic intelligence subnational data
Czechia,Stredocesky Kraj,CZ020,2020-33,34.2925377272061,Epidemic intelligence subnational data
Czechia,Stredocesky Kraj,CZ020,2020-34,36.3861873989724,Epidemic intelligence subnational data
Czechia,Stredocesky Kraj,CZ020,2020-35,49.3812543271768,Epidemic intelligence subnational data
Czechia,Stredocesky Kraj,CZ020,2020-36,88.8718188256647,Epidemic intelligence subnational data
Czechia,Stredocesky Kraj,CZ020,2020-37,169.441233780532,Epidemic intelligence subnational data
Czechia,Stredocesky Kraj,CZ020,2020-38,280.115887119073,Epidemic intelligence subnational data
Czechia,Stredocesky Kraj,CZ020,2020-39,343.2863513534,Epidemic intelligence subnational data
Czechia,Stredocesky Kraj,CZ020,2020-40,399.959282123625,Epidemic intelligence subnational data
Czechia,Stredocesky Kraj,CZ020,2020-41,636.397305400678,Epidemic intelligence subnational data
Czechia,Stredocesky Kraj,CZ020,2020-42,1015.70887007171,Epidemic intelligence subnational data
Czechia,Stredocesky Kraj,CZ020,2020-43,1456.67480783545,Epidemic intelligence subnational data
Czechia,Stredocesky Kraj,CZ020,2020-44,1476.23960304402,Epidemic intelligence subnational data
Czechia,Stredocesky Kraj,CZ020,2020-45,1196.9178589039,Epidemic intelligence subnational data
Czechia,Stredocesky Kraj,CZ020,2020-46,927.847778673796,Epidemic intelligence subnational data
Czechia,Stredocesky Kraj,CZ020,2020-47,634.736824626518,Epidemic intelligence subnational data
Czechia,Stredocesky Kraj,CZ020,2020-48,521.67974235114,Epidemic intelligence subnational data
Czechia,Stredocesky Kraj,CZ020,2020-49,508.612480606668,Epidemic intelligence subnational data
Czechia,Stredocesky Kraj,CZ020,2020-50,616.904705008371,Epidemic intelligence subnational data
Czechia,Stredocesky Kraj,CZ020,2020-51,809.087305913261,Epidemic intelligence subnational data
Czechia,Stredocesky Kraj,CZ020,2020-52,937.449689237413,Epidemic intelligence subnational data
Czechia,Stredocesky Kraj,CZ020,2020-53,1228.32260398039,Epidemic intelligence subnational data
Czechia,Stredocesky Kraj,CZ020,2021-01,1540.6373791549,Epidemic intelligence subnational data
Czechia,Stredocesky Kraj,CZ020,2021-02,1301.31156322714,Epidemic intelligence subnational data
Czechia,Stredocesky Kraj,CZ020,2021-03,968.854434313907,Epidemic intelligence subnational data
Czechia,Stredocesky Kraj,CZ020,2021-04,912.398087992486,Epidemic intelligence subnational data
Czechia,Stredocesky Kraj,CZ020,2021-05,1000.98112755308,Epidemic intelligence subnational data
Czechia,Stredocesky Kraj,CZ020,2021-06,1144.57661710974,Epidemic intelligence subnational data
Czechia,Stredocesky Kraj,CZ020,2021-07,1419.42228264126,Epidemic intelligence subnational data
Czechia,Stredocesky Kraj,CZ020,2021-08,1824.65178635244,Epidemic intelligence subnational data
Czechia,Stredocesky Kraj,CZ020,2021-09,2023.76508961904,Epidemic intelligence subnational data
Czechia,Stredocesky Kraj,CZ020,2021-10,1922.98112610918,Epidemic intelligence subnational data
Czechia,Stredocesky Kraj,CZ020,2021-11,1601.35321963612,Epidemic intelligence subnational data
Czechia,Stredocesky Kraj,CZ020,2021-12,1206.73635391632,Epidemic intelligence subnational data
Czechia,Stredocesky Kraj,CZ020,2021-13,802.22879836782,Epidemic intelligence subnational data
Czechia,Stredocesky Kraj,CZ020,2021-14,552.362539264956,Epidemic intelligence subnational data
Czechia,Stredocesky Kraj,CZ020,2021-15,425.877221163766,Epidemic intelligence subnational data
Czechia,Stredocesky Kraj,CZ020,2021-16,308.777229177391,Epidemic intelligence subnational data
Czechia,Stredocesky Kraj,CZ020,2021-17,248.711142042579,Epidemic intelligence subnational data
Czechia,Stredocesky Kraj,CZ020,2021-18,182.147521443665,Epidemic intelligence subnational data
Czechia,Stredocesky Kraj,CZ020,2021-19,128.939941854295,Epidemic intelligence subnational data
Czechia,Stredocesky Kraj,CZ020,2021-20,85.5508572773458,Epidemic intelligence subnational data
Czechia,Stredocesky Kraj,CZ020,2021-21,51.3305143664075,Epidemic intelligence subnational data
Czechia,Stredocesky Kraj,CZ020,2021-22,39.0573956008811,Epidemic intelligence subnational data
Czechia,Stredocesky Kraj,CZ020,2021-23,26.4954975702835,Epidemic intelligence subnational data
Czechia,Stredocesky Kraj,CZ020,2021-24,18.1930936994862,Epidemic intelligence subnational data
Czechia,Stredocesky Kraj,CZ020,2021-25,17.9765092506828,Epidemic intelligence subnational data
Czechia,Stredocesky Kraj,CZ020,2021-26,21.7306396966085,Epidemic intelligence subnational data
Czechia,Stredocesky Kraj,CZ020,2021-27,34.5091221760095,Epidemic intelligence subnational data
Czechia,Stredocesky Kraj,CZ020,2021-28,42.5227467817356,Epidemic intelligence subnational data
Czechia,Stredocesky Kraj,CZ020,2021-29,36.0974081339012,Epidemic intelligence subnational data
Czechia,Stredocesky Kraj,CZ020,2021-30,31.1881606276906,Epidemic intelligence subnational data
Czechia,Stredocesky Kraj,CZ020,2021-31,27.6506146305683,Epidemic intelligence subnational data
Czechia,Stredocesky Kraj,CZ020,2021-32,27.3618353654971,Epidemic intelligence subnational data
Czechia,Stredocesky Kraj,CZ020,2021-33,31.043770995155,Epidemic intelligence subnational data
Czechia,Stredocesky Kraj,CZ020,2021-34,32.9208362181179,Epidemic intelligence subnational data
Czechia,Stredocesky Kraj,CZ020,2021-35,33.7149791970637,Epidemic intelligence subnational data
Czechia,Stredocesky Kraj,CZ020,2021-36,46.4212668601969,Epidemic intelligence subnational data
Czechia,Stredocesky Kraj,CZ020,2021-37,49.309059510909,Epidemic intelligence subnational data
Czechia,Stredocesky Kraj,CZ020,2021-38,57.2504893003673,Epidemic intelligence subnational data
Czechia,Stredocesky Kraj,CZ020,2021-39,83.0962335242405,Epidemic intelligence subnational data
Czechia,Stredocesky Kraj,CZ020,2021-40,130.961396709793,Epidemic intelligence subnational data
Czechia,Stredocesky Kraj,CZ020,2021-41,147.49400963512,Epidemic intelligence subnational data
Czechia,Stredocesky Kraj,CZ020,2021-42,253.259415467451,Epidemic intelligence subnational data
Czechia,Stredocesky Kraj,CZ020,2021-43,492.657426211483,Epidemic intelligence subnational data
Czechia,Stredocesky Kraj,CZ020,2021-44,773.062092595627,Epidemic intelligence subnational data
Czechia,Stredocesky Kraj,CZ020,2021-45,1169.98919243601,Epidemic intelligence subnational data
Czechia,Stredocesky Kraj,CZ020,2021-46,1707.84057363113,Epidemic intelligence subnational data
Czechia,Stredocesky Kraj,CZ020,2021-47,2127.94220949347,Epidemic intelligence subnational data
Czechia,Stredocesky Kraj,CZ020,2021-48,2103.46816677869,Epidemic intelligence subnational data
Czechia,Stredocesky Kraj,CZ020,2021-49,1811.9454986893,Epidemic intelligence subnational data
Czechia,Stredocesky Kraj,CZ020,2021-50,1469.38109549858,Epidemic intelligence subnational data
Czechia,Stredocesky Kraj,CZ020,2021-51,1062.92427991085,Epidemic intelligence subnational data
Czechia,Stredocesky Kraj,CZ020,2021-52,834.06671234192,Epidemic intelligence subnational data
Czechia,Stredocesky Kraj,CZ020,2022-01,889.079162337986,Epidemic intelligence subnational data
Czechia,Stredocesky Kraj,CZ020,2022-02,1554.93195277593,Epidemic intelligence subnational data
Czechia,Stredocesky Kraj,CZ020,2022-03,3181.62555292205,Epidemic intelligence subnational data
Czechia,Stredocesky Kraj,CZ020,2022-04,4801.60503515527,Epidemic intelligence subnational data
Czechia,Jihocesky Kraj,CZ031,2020-14,,Epidemic intelligence subnational data
Czechia,Jihocesky Kraj,CZ031,2020-15,10.8681645067484,Epidemic intelligence subnational data
Czechia,Jihocesky Kraj,CZ031,2020-16,6.83141768995611,Epidemic intelligence subnational data
Czechia,Jihocesky Kraj,CZ031,2020-17,2.63941138021031,Epidemic intelligence subnational data
Czechia,Jihocesky Kraj,CZ031,2020-18,1.55259492953548,Epidemic intelligence subnational data
Czechia,Jihocesky Kraj,CZ031,2020-19,0.931556957721287,Epidemic intelligence subnational data
Czechia,Jihocesky Kraj,CZ031,2020-20,0.931556957721287,Epidemic intelligence subnational data
Czechia,Jihocesky Kraj,CZ031,2020-21,0.310518985907096,Epidemic intelligence subnational data
Czechia,Jihocesky Kraj,CZ031,2020-22,0.931556957721287,Epidemic intelligence subnational data
Czechia,Jihocesky Kraj,CZ031,2020-23,1.55259492953548,Epidemic intelligence subnational data
Czechia,Jihocesky Kraj,CZ031,2020-24,0.931556957721287,Epidemic intelligence subnational data
Czechia,Jihocesky Kraj,CZ031,2020-25,0.465778478860644,Epidemic intelligence subnational data
Czechia,Jihocesky Kraj,CZ031,2020-26,1.55259492953548,Epidemic intelligence subnational data
Czechia,Jihocesky Kraj,CZ031,2020-27,1.70785442248903,Epidemic intelligence subnational data
Czechia,Jihocesky Kraj,CZ031,2020-28,1.55259492953548,Epidemic intelligence subnational data
Czechia,Jihocesky Kraj,CZ031,2020-29,4.50252529565289,Epidemic intelligence subnational data
Czechia,Jihocesky Kraj,CZ031,2020-30,11.9549809574232,Epidemic intelligence subnational data
Czechia,Jihocesky Kraj,CZ031,2020-31,20.1837340839612,Epidemic intelligence subnational data
Czechia,Jihocesky Kraj,CZ031,2020-32,20.6495125628219,Epidemic intelligence subnational data
Czechia,Jihocesky Kraj,CZ031,2020-33,18.7863986473793,Epidemic intelligence subnational data
Czechia,Jihocesky Kraj,CZ031,2020-34,29.188784675267,Epidemic intelligence subnational data
Czechia,Jihocesky Kraj,CZ031,2020-35,36.0202023652231,Epidemic intelligence subnational data
Czechia,Jihocesky Kraj,CZ031,2020-36,58.8433478293947,Epidemic intelligence subnational data
Czechia,Jihocesky Kraj,CZ031,2020-37,102.160746363435,Epidemic intelligence subnational data
Czechia,Jihocesky Kraj,CZ031,2020-38,170.474923262996,Epidemic intelligence subnational data
Czechia,Jihocesky Kraj,CZ031,2020-39,209.289796501383,Epidemic intelligence subnational data
Czechia,Jihocesky Kraj,CZ031,2020-40,284.90116956976,Epidemic intelligence subnational data
Czechia,Jihocesky Kraj,CZ031,2020-41,553.500092379398,Epidemic intelligence subnational data
Czechia,Jihocesky Kraj,CZ031,2020-42,1009.18670419806,Epidemic intelligence subnational data
Czechia,Jihocesky Kraj,CZ031,2020-43,1527.442891677,Epidemic intelligence subnational data
Czechia,Jihocesky Kraj,CZ031,2020-44,1660.03449865933,Epidemic intelligence subnational data
Czechia,Jihocesky Kraj,CZ031,2020-45,1632.24304942065,Epidemic intelligence subnational data
Czechia,Jihocesky Kraj,CZ031,2020-46,1374.51229111776,Epidemic intelligence subnational data
Czechia,Jihocesky Kraj,CZ031,2020-47,797.878534288283,Epidemic intelligence subnational data
Czechia,Jihocesky Kraj,CZ031,2020-48,513.287883704429,Epidemic intelligence subnational data
Czechia,Jihocesky Kraj,CZ031,2020-49,461.275953564991,Epidemic intelligence subnational data
Czechia,Jihocesky Kraj,CZ031,2020-50,485.806953451651,Epidemic intelligence subnational data
Czechia,Jihocesky Kraj,CZ031,2020-51,569.957598632474,Epidemic intelligence subnational data
Czechia,Jihocesky Kraj,CZ031,2020-52,684.539104432193,Epidemic intelligence subnational data
Czechia,Jihocesky Kraj,CZ031,2020-53,884.047552877502,Epidemic intelligence subnational data
Czechia,Jihocesky Kraj,CZ031,2021-01,1178.73007050334,Epidemic intelligence subnational data
Czechia,Jihocesky Kraj,CZ031,2021-02,1128.11547580048,Epidemic intelligence subnational data
Czechia,Jihocesky Kraj,CZ031,2021-03,831.259325273296,Epidemic intelligence subnational data
Czechia,Jihocesky Kraj,CZ031,2021-04,744.469268712262,Epidemic intelligence subnational data
Czechia,Jihocesky Kraj,CZ031,2021-05,744.158749726355,Epidemic intelligence subnational data
Czechia,Jihocesky Kraj,CZ031,2021-06,764.031964824409,Epidemic intelligence subnational data
Czechia,Jihocesky Kraj,CZ031,2021-07,904.54180594737,Epidemic intelligence subnational data
Czechia,Jihocesky Kraj,CZ031,2021-08,1167.08560853182,Epidemic intelligence subnational data
Czechia,Jihocesky Kraj,CZ031,2021-09,1521.23251195886,Epidemic intelligence subnational data
Czechia,Jihocesky Kraj,CZ031,2021-10,1689.2232833346,Epidemic intelligence subnational data
Czechia,Jihocesky Kraj,CZ031,2021-11,1612.83561280146,Epidemic intelligence subnational data
Czechia,Jihocesky Kraj,CZ031,2021-12,1383.36208221611,Epidemic intelligence subnational data
Czechia,Jihocesky Kraj,CZ031,2021-13,984.034666339587,Epidemic intelligence subnational data
Czechia,Jihocesky Kraj,CZ031,2021-14,754.561135754243,Epidemic intelligence subnational data
Czechia,Jihocesky Kraj,CZ031,2021-15,633.769250236383,Epidemic intelligence subnational data
Czechia,Jihocesky Kraj,CZ031,2021-16,484.720137000977,Epidemic intelligence subnational data
Czechia,Jihocesky Kraj,CZ031,2021-17,418.269074016858,Epidemic intelligence subnational data
Czechia,Jihocesky Kraj,CZ031,2021-18,341.570884497805,Epidemic intelligence subnational data
Czechia,Jihocesky Kraj,CZ031,2021-19,232.423460951461,Epidemic intelligence subnational data
Czechia,Jihocesky Kraj,CZ031,2021-20,144.3913284468,Epidemic intelligence subnational data
Czechia,Jihocesky Kraj,CZ031,2021-21,89.7399869271507,Epidemic intelligence subnational data
Czechia,Jihocesky Kraj,CZ031,2021-22,70.7983287868179,Epidemic intelligence subnational data
Czechia,Jihocesky Kraj,CZ031,2021-23,59.6196452941624,Epidemic intelligence subnational data
Czechia,Jihocesky Kraj,CZ031,2021-24,36.4859808440838,Epidemic intelligence subnational data
Czechia,Jihocesky Kraj,CZ031,2021-25,15.3706898024012,Epidemic intelligence subnational data
Czechia,Jihocesky Kraj,CZ031,2021-26,8.22875312653804,Epidemic intelligence subnational data
Czechia,Jihocesky Kraj,CZ031,2021-27,10.7129050137948,Epidemic intelligence subnational data
Czechia,Jihocesky Kraj,CZ031,2021-28,13.8180948728658,Epidemic intelligence subnational data
Czechia,Jihocesky Kraj,CZ031,2021-29,14.43913284468,Epidemic intelligence subnational data
Czechia,Jihocesky Kraj,CZ031,2021-30,16.3022467601225,Epidemic intelligence subnational data
Czechia,Jihocesky Kraj,CZ031,2021-31,22.3573669853109,Epidemic intelligence subnational data
Czechia,Jihocesky Kraj,CZ031,2021-32,28.1019682245922,Epidemic intelligence subnational data
Czechia,Jihocesky Kraj,CZ031,2021-33,34.4676074356876,Epidemic intelligence subnational data
Czechia,Jihocesky Kraj,CZ031,2021-34,34.3123479427341,Epidemic intelligence subnational data
Czechia,Jihocesky Kraj,CZ031,2021-35,36.3307213511302,Epidemic intelligence subnational data
Czechia,Jihocesky Kraj,CZ031,2021-36,46.7331073790179,Epidemic intelligence subnational data
Czechia,Jihocesky Kraj,CZ031,2021-37,40.3674681679225,Epidemic intelligence subnational data
Czechia,Jihocesky Kraj,CZ031,2021-38,53.4092655760205,Epidemic intelligence subnational data
Czechia,Jihocesky Kraj,CZ031,2021-39,89.2742084482901,Epidemic intelligence subnational data
Czechia,Jihocesky Kraj,CZ031,2021-40,153.551638531059,Epidemic intelligence subnational data
Czechia,Jihocesky Kraj,CZ031,2021-41,237.081245740068,Epidemic intelligence subnational data
Czechia,Jihocesky Kraj,CZ031,2021-42,419.66640945344,Epidemic intelligence subnational data
Czechia,Jihocesky Kraj,CZ031,2021-43,694.941490460081,Epidemic intelligence subnational data
Czechia,Jihocesky Kraj,CZ031,2021-44,1031.07829270451,Epidemic intelligence subnational data
Czechia,Jihocesky Kraj,CZ031,2021-45,1418.91650610247,Epidemic intelligence subnational data
Czechia,Jihocesky Kraj,CZ031,2021-46,1879.72668118861,Epidemic intelligence subnational data
Czechia,Jihocesky Kraj,CZ031,2021-47,2409.93784962497,Epidemic intelligence subnational data
Czechia,Jihocesky Kraj,CZ031,2021-48,2464.89971013053,Epidemic intelligence subnational data
Czechia,Jihocesky Kraj,CZ031,2021-49,1955.9590922288,Epidemic intelligence subnational data
Czechia,Jihocesky Kraj,CZ031,2021-50,1384.13837968088,Epidemic intelligence subnational data
Czechia,Jihocesky Kraj,CZ031,2021-51,899.573502172857,Epidemic intelligence subnational data
Czechia,Jihocesky Kraj,CZ031,2021-52,678.949762685865,Epidemic intelligence subnational data
Czechia,Jihocesky Kraj,CZ031,2022-01,683.607547474471,Epidemic intelligence subnational data
Czechia,Jihocesky Kraj,CZ031,2022-02,907.802255299395,Epidemic intelligence subnational data
Czechia,Jihocesky Kraj,CZ031,2022-03,1842.61966237271,Epidemic intelligence subnational data
Czechia,Jihocesky Kraj,CZ031,2022-04,3234.0552382224,Epidemic intelligence subnational data
Czechia,Plzensky Kraj,CZ032,2020-14,,Epidemic intelligence subnational data
Czechia,Plzensky Kraj,CZ032,2020-15,65.4349303863882,Epidemic intelligence subnational data
Czechia,Plzensky Kraj,CZ032,2020-16,53.0599305982889,Epidemic intelligence subnational data
Czechia,Plzensky Kraj,CZ032,2020-17,16.2739723240758,Epidemic intelligence subnational data
Czechia,Plzensky Kraj,CZ032,2020-18,8.64554779716528,Epidemic intelligence subnational data
Czechia,Plzensky Kraj,CZ032,2020-19,5.76369853144352,Epidemic intelligence subnational data
Czechia,Plzensky Kraj,CZ032,2020-20,6.44178071161334,Epidemic intelligence subnational data
Czechia,Plzensky Kraj,CZ032,2020-21,4.74657526118878,Epidemic intelligence subnational data
Czechia,Plzensky Kraj,CZ032,2020-22,1.52568490538211,Epidemic intelligence subnational data
Czechia,Plzensky Kraj,CZ032,2020-23,0.678082180169826,Epidemic intelligence subnational data
Czechia,Plzensky Kraj,CZ032,2020-24,0.508561635127369,Epidemic intelligence subnational data
Czechia,Plzensky Kraj,CZ032,2020-25,1.35616436033965,Epidemic intelligence subnational data
Czechia,Plzensky Kraj,CZ032,2020-26,2.37328763059439,Epidemic intelligence subnational data
Czechia,Plzensky Kraj,CZ032,2020-27,1.52568490538211,Epidemic intelligence subnational data
Czechia,Plzensky Kraj,CZ032,2020-28,1.1866438152972,Epidemic intelligence subnational data
Czechia,Plzensky Kraj,CZ032,2020-29,2.37328763059439,Epidemic intelligence subnational data
Czechia,Plzensky Kraj,CZ032,2020-30,5.93321907648598,Epidemic intelligence subnational data
Czechia,Plzensky Kraj,CZ032,2020-31,9.66267106742002,Epidemic intelligence subnational data
Czechia,Plzensky Kraj,CZ032,2020-32,18.6472599546702,Epidemic intelligence subnational data
Czechia,Plzensky Kraj,CZ032,2020-33,32.8869857382365,Epidemic intelligence subnational data
Czechia,Plzensky Kraj,CZ032,2020-34,34.4126706436186,Epidemic intelligence subnational data
Czechia,Plzensky Kraj,CZ032,2020-35,34.0736295535337,Epidemic intelligence subnational data
Czechia,Plzensky Kraj,CZ032,2020-36,58.4845880396475,Epidemic intelligence subnational data
Czechia,Plzensky Kraj,CZ032,2020-37,125.784244421503,Epidemic intelligence subnational data
Czechia,Plzensky Kraj,CZ032,2020-38,220.885270190321,Epidemic intelligence subnational data
Czechia,Plzensky Kraj,CZ032,2020-39,266.486296806742,Epidemic intelligence subnational data
Czechia,Plzensky Kraj,CZ032,2020-40,343.279103710974,Epidemic intelligence subnational data
Czechia,Plzensky Kraj,CZ032,2020-41,594.339030918852,Epidemic intelligence subnational data
Czechia,Plzensky Kraj,CZ032,2020-42,1144.26367903658,Epidemic intelligence subnational data
Czechia,Plzensky Kraj,CZ032,2020-43,1721.14209381606,Epidemic intelligence subnational data
Czechia,Plzensky Kraj,CZ032,2020-44,1552.97771313394,Epidemic intelligence subnational data
Czechia,Plzensky Kraj,CZ032,2020-45,1101.2054605958,Epidemic intelligence subnational data
Czechia,Plzensky Kraj,CZ032,2020-46,871.505122063269,Epidemic intelligence subnational data
Czechia,Plzensky Kraj,CZ032,2020-47,633.159235733575,Epidemic intelligence subnational data
Czechia,Plzensky Kraj,CZ032,2020-48,498.898964059949,Epidemic intelligence subnational data
Czechia,Plzensky Kraj,CZ032,2020-49,472.453759033326,Epidemic intelligence subnational data
Czechia,Plzensky Kraj,CZ032,2020-50,519.410950010087,Epidemic intelligence subnational data
Czechia,Plzensky Kraj,CZ032,2020-51,700.45889211543,Epidemic intelligence subnational data
Czechia,Plzensky Kraj,CZ032,2020-52,842.347588315966,Epidemic intelligence subnational data
Czechia,Plzensky Kraj,CZ032,2020-53,929.650669012831,Epidemic intelligence subnational data
Czechia,Plzensky Kraj,CZ032,2021-01,1129.00682998276,Epidemic intelligence subnational data
Czechia,Plzensky Kraj,CZ032,2021-02,1064.0804612315,Epidemic intelligence subnational data
Czechia,Plzensky Kraj,CZ032,2021-03,911.851011783373,Epidemic intelligence subnational data
Czechia,Plzensky Kraj,CZ032,2021-04,982.71059961112,Epidemic intelligence subnational data
Czechia,Plzensky Kraj,CZ032,2021-05,1172.23456896859,Epidemic intelligence subnational data
Czechia,Plzensky Kraj,CZ032,2021-06,1408.54620875777,Epidemic intelligence subnational data
Czechia,Plzensky Kraj,CZ032,2021-07,1800.30818835089,Epidemic intelligence subnational data
Czechia,Plzensky Kraj,CZ032,2021-08,2315.65064527996,Epidemic intelligence subnational data
Czechia,Plzensky Kraj,CZ032,2021-09,2406.34413687767,Epidemic intelligence subnational data
Czechia,Plzensky Kraj,CZ032,2021-10,2109.68318305337,Epidemic intelligence subnational data
Czechia,Plzensky Kraj,CZ032,2021-11,1656.55476615488,Epidemic intelligence subnational data
Czechia,Plzensky Kraj,CZ032,2021-12,1107.81676185245,Epidemic intelligence subnational data
Czechia,Plzensky Kraj,CZ032,2021-13,659.434920215156,Epidemic intelligence subnational data
Czechia,Plzensky Kraj,CZ032,2021-14,444.313348556278,Epidemic intelligence subnational data
Czechia,Plzensky Kraj,CZ032,2021-15,320.054789040158,Epidemic intelligence subnational data
Czechia,Plzensky Kraj,CZ032,2021-16,213.25684566341,Epidemic intelligence subnational data
Czechia,Plzensky Kraj,CZ032,2021-17,178.166092839622,Epidemic intelligence subnational data
Czechia,Plzensky Kraj,CZ032,2021-18,138.328764754645,Epidemic intelligence subnational data
Czechia,Plzensky Kraj,CZ032,2021-19,102.051368115559,Epidemic intelligence subnational data
Czechia,Plzensky Kraj,CZ032,2021-20,70.3510261926194,Epidemic intelligence subnational data
Czechia,Plzensky Kraj,CZ032,2021-21,53.7380127784587,Epidemic intelligence subnational data
Czechia,Plzensky Kraj,CZ032,2021-22,48.8219169722275,Epidemic intelligence subnational data
Czechia,Plzensky Kraj,CZ032,2021-23,43.5667800759113,Epidemic intelligence subnational data
Czechia,Plzensky Kraj,CZ032,2021-24,26.2756844815808,Epidemic intelligence subnational data
Czechia,Plzensky Kraj,CZ032,2021-25,12.2054792430569,Epidemic intelligence subnational data
Czechia,Plzensky Kraj,CZ032,2021-26,20.8510270402221,Epidemic intelligence subnational data
Czechia,Plzensky Kraj,CZ032,2021-27,49.8390402424822,Epidemic intelligence subnational data
Czechia,Plzensky Kraj,CZ032,2021-28,67.8082180169826,Epidemic intelligence subnational data
Czechia,Plzensky Kraj,CZ032,2021-29,66.2825331116005,Epidemic intelligence subnational data
Czechia,Plzensky Kraj,CZ032,2021-30,58.8236291297324,Epidemic intelligence subnational data
Czechia,Plzensky Kraj,CZ032,2021-31,42.0410951705292,Epidemic intelligence subnational data
Czechia,Plzensky Kraj,CZ032,2021-32,25.4280817563685,Epidemic intelligence subnational data
Czechia,Plzensky Kraj,CZ032,2021-33,18.9863010447551,Epidemic intelligence subnational data
Czechia,Plzensky Kraj,CZ032,2021-34,15.7654106889485,Epidemic intelligence subnational data
Czechia,Plzensky Kraj,CZ032,2021-35,22.0376708555193,Epidemic intelligence subnational data
Czechia,Plzensky Kraj,CZ032,2021-36,31.0222597427695,Epidemic intelligence subnational data
Czechia,Plzensky Kraj,CZ032,2021-37,39.8373280849773,Epidemic intelligence subnational data
Czechia,Plzensky Kraj,CZ032,2021-38,50.6866429676945,Epidemic intelligence subnational data
Czechia,Plzensky Kraj,CZ032,2021-39,67.6386974719401,Epidemic intelligence subnational data
Czechia,Plzensky Kraj,CZ032,2021-40,118.155819894592,Epidemic intelligence subnational data
Czechia,Plzensky Kraj,CZ032,2021-41,166.638695776735,Epidemic intelligence subnational data
Czechia,Plzensky Kraj,CZ032,2021-42,326.666090296814,Epidemic intelligence subnational data
Czechia,Plzensky Kraj,CZ032,2021-43,610.104441607801,Epidemic intelligence subnational data
Czechia,Plzensky Kraj,CZ032,2021-44,890.999984743151,Epidemic intelligence subnational data
Czechia,Plzensky Kraj,CZ032,2021-45,1227.32874610738,Epidemic intelligence subnational data
Czechia,Plzensky Kraj,CZ032,2021-46,1628.24483513279,Epidemic intelligence subnational data
Czechia,Plzensky Kraj,CZ032,2021-47,1884.55989923699,Epidemic intelligence subnational data
Czechia,Plzensky Kraj,CZ032,2021-48,1823.02394138658,Epidemic intelligence subnational data
Czechia,Plzensky Kraj,CZ032,2021-49,1475.84586513963,Epidemic intelligence subnational data
Czechia,Plzensky Kraj,CZ032,2021-50,1101.71402223092,Epidemic intelligence subnational data
Czechia,Plzensky Kraj,CZ032,2021-51,779.624986650257,Epidemic intelligence subnational data
Czechia,Plzensky Kraj,CZ032,2021-52,576.539373689394,Epidemic intelligence subnational data
Czechia,Plzensky Kraj,CZ032,2022-01,610.613003242928,Epidemic intelligence subnational data
Czechia,Plzensky Kraj,CZ032,2022-02,928.803066287619,Epidemic intelligence subnational data
Czechia,Plzensky Kraj,CZ032,2022-03,2112.22599122901,Epidemic intelligence subnational data
Czechia,Plzensky Kraj,CZ032,2022-04,3947.96397349377,Epidemic intelligence subnational data
Czechia,Karlovarsky Kraj,CZ041,2020-14,,Epidemic intelligence subnational data
Czechia,Karlovarsky Kraj,CZ041,2020-15,40.7243504466104,Epidemic intelligence subnational data
Czechia,Karlovarsky Kraj,CZ041,2020-16,39.36687209839,Epidemic intelligence subnational data
Czechia,Karlovarsky Kraj,CZ041,2020-17,46.8330030136019,Epidemic intelligence subnational data
Czechia,Karlovarsky Kraj,CZ041,2020-18,46.8330030136019,Epidemic intelligence subnational data
Czechia,Karlovarsky Kraj,CZ041,2020-19,25.1133494420764,Epidemic intelligence subnational data
Czechia,Karlovarsky Kraj,CZ041,2020-20,9.50234843754242,Epidemic intelligence subnational data
Czechia,Karlovarsky Kraj,CZ041,2020-21,7.80550050226699,Epidemic intelligence subnational data
Czechia,Karlovarsky Kraj,CZ041,2020-22,5.76928297993647,Epidemic intelligence subnational data
Czechia,Karlovarsky Kraj,CZ041,2020-23,7.80550050226699,Epidemic intelligence subnational data
Czechia,Karlovarsky Kraj,CZ041,2020-24,10.5204571987077,Epidemic intelligence subnational data
Czechia,Karlovarsky Kraj,CZ041,2020-25,4.75117421877121,Epidemic intelligence subnational data
Czechia,Karlovarsky Kraj,CZ041,2020-26,3.73306545760595,Epidemic intelligence subnational data
Czechia,Karlovarsky Kraj,CZ041,2020-27,-4.41180463171612,Epidemic intelligence subnational data
Czechia,Karlovarsky Kraj,CZ041,2020-28,-6.44802215404664,Epidemic intelligence subnational data
Czechia,Karlovarsky Kraj,CZ041,2020-29,1.35747834822035,Epidemic intelligence subnational data
Czechia,Karlovarsky Kraj,CZ041,2020-30,1.35747834822035,Epidemic intelligence subnational data
Czechia,Karlovarsky Kraj,CZ041,2020-31,8.48423967637716,Epidemic intelligence subnational data
Czechia,Karlovarsky Kraj,CZ041,2020-32,11.1991963728179,Epidemic intelligence subnational data
Czechia,Karlovarsky Kraj,CZ041,2020-33,6.44802215404664,Epidemic intelligence subnational data
Czechia,Karlovarsky Kraj,CZ041,2020-34,11.877935546928,Epidemic intelligence subnational data
Czechia,Karlovarsky Kraj,CZ041,2020-35,23.416501506801,Epidemic intelligence subnational data
Czechia,Karlovarsky Kraj,CZ041,2020-36,57.3534602123096,Epidemic intelligence subnational data
Czechia,Karlovarsky Kraj,CZ041,2020-37,126.584855971547,Epidemic intelligence subnational data
Czechia,Karlovarsky Kraj,CZ041,2020-38,197.51309966606,Epidemic intelligence subnational data
Czechia,Karlovarsky Kraj,CZ041,2020-39,209.730404800043,Epidemic intelligence subnational data
Czechia,Karlovarsky Kraj,CZ041,2020-40,221.947709934027,Epidemic intelligence subnational data
Czechia,Karlovarsky Kraj,CZ041,2020-41,327.491651508158,Epidemic intelligence subnational data
Czechia,Karlovarsky Kraj,CZ041,2020-42,645.480954578775,Epidemic intelligence subnational data
Czechia,Karlovarsky Kraj,CZ041,2020-43,988.244237504412,Epidemic intelligence subnational data
Czechia,Karlovarsky Kraj,CZ041,2020-44,1016.07254364293,Epidemic intelligence subnational data
Czechia,Karlovarsky Kraj,CZ041,2020-45,1034.3985013439,Epidemic intelligence subnational data
Czechia,Karlovarsky Kraj,CZ041,2020-46,930.551407705047,Epidemic intelligence subnational data
Czechia,Karlovarsky Kraj,CZ041,2020-47,604.756604132164,Epidemic intelligence subnational data
Czechia,Karlovarsky Kraj,CZ041,2020-48,392.31124263568,Epidemic intelligence subnational data
Czechia,Karlovarsky Kraj,CZ041,2020-49,394.008090570955,Epidemic intelligence subnational data
Czechia,Karlovarsky Kraj,CZ041,2020-50,454.076507479706,Epidemic intelligence subnational data
Czechia,Karlovarsky Kraj,CZ041,2020-51,597.969212391062,Epidemic intelligence subnational data
Czechia,Karlovarsky Kraj,CZ041,2020-52,688.580892134771,Epidemic intelligence subnational data
Czechia,Karlovarsky Kraj,CZ041,2020-53,868.446773273966,Epidemic intelligence subnational data
Czechia,Karlovarsky Kraj,CZ041,2021-01,1356.46023945918,Epidemic intelligence subnational data
Czechia,Karlovarsky Kraj,CZ041,2021-02,1448.76876713816,Epidemic intelligence subnational data
Czechia,Karlovarsky Kraj,CZ041,2021-03,1504.08600982814,Epidemic intelligence subnational data
Czechia,Karlovarsky Kraj,CZ041,2021-04,1985.65145385931,Epidemic intelligence subnational data
Czechia,Karlovarsky Kraj,CZ041,2021-05,2224.56764314609,Epidemic intelligence subnational data
Czechia,Karlovarsky Kraj,CZ041,2021-06,2124.45361496484,Epidemic intelligence subnational data
Czechia,Karlovarsky Kraj,CZ041,2021-07,2219.81646892732,Epidemic intelligence subnational data
Czechia,Karlovarsky Kraj,CZ041,2021-08,2365.40602177395,Epidemic intelligence subnational data
Czechia,Karlovarsky Kraj,CZ041,2021-09,1832.59577009747,Epidemic intelligence subnational data
Czechia,Karlovarsky Kraj,CZ041,2021-10,1174.2187712106,Epidemic intelligence subnational data
Czechia,Karlovarsky Kraj,CZ041,2021-11,858.944424836424,Epidemic intelligence subnational data
Czechia,Karlovarsky Kraj,CZ041,2021-12,500.570140906253,Epidemic intelligence subnational data
Czechia,Karlovarsky Kraj,CZ041,2021-13,279.979909320446,Epidemic intelligence subnational data
Czechia,Karlovarsky Kraj,CZ041,2021-14,209.391035212988,Epidemic intelligence subnational data
Czechia,Karlovarsky Kraj,CZ041,2021-15,159.843075502946,Epidemic intelligence subnational data
Czechia,Karlovarsky Kraj,CZ041,2021-16,106.222680748242,Epidemic intelligence subnational data
Czechia,Karlovarsky Kraj,CZ041,2021-17,87.5573534602123,Epidemic intelligence subnational data
Czechia,Karlovarsky Kraj,CZ041,2021-18,87.2179838731572,Epidemic intelligence subnational data
Czechia,Karlovarsky Kraj,CZ041,2021-19,65.8376998886868,Epidemic intelligence subnational data
Czechia,Karlovarsky Kraj,CZ041,2021-20,36.3125458148943,Epidemic intelligence subnational data
Czechia,Karlovarsky Kraj,CZ041,2021-21,16.2897401786442,Epidemic intelligence subnational data
Czechia,Karlovarsky Kraj,CZ041,2021-22,10.8598267857628,Epidemic intelligence subnational data
Czechia,Karlovarsky Kraj,CZ041,2021-23,8.82360926343225,Epidemic intelligence subnational data
Czechia,Karlovarsky Kraj,CZ041,2021-24,6.10865256699156,Epidemic intelligence subnational data
Czechia,Karlovarsky Kraj,CZ041,2021-25,3.39369587055087,Epidemic intelligence subnational data
Czechia,Karlovarsky Kraj,CZ041,2021-26,5.76928297993647,Epidemic intelligence subnational data
Czechia,Karlovarsky Kraj,CZ041,2021-27,10.1810876116526,Epidemic intelligence subnational data
Czechia,Karlovarsky Kraj,CZ041,2021-28,10.1810876116526,Epidemic intelligence subnational data
Czechia,Karlovarsky Kraj,CZ041,2021-29,14.2535226563136,Epidemic intelligence subnational data
Czechia,Karlovarsky Kraj,CZ041,2021-30,11.1991963728179,Epidemic intelligence subnational data
Czechia,Karlovarsky Kraj,CZ041,2021-31,7.12676132815682,Epidemic intelligence subnational data
Czechia,Karlovarsky Kraj,CZ041,2021-32,19.3440664621399,Epidemic intelligence subnational data
Czechia,Karlovarsky Kraj,CZ041,2021-33,25.1133494420764,Epidemic intelligence subnational data
Czechia,Karlovarsky Kraj,CZ041,2021-34,25.1133494420764,Epidemic intelligence subnational data
Czechia,Karlovarsky Kraj,CZ041,2021-35,46.4936334265468,Epidemic intelligence subnational data
Czechia,Karlovarsky Kraj,CZ041,2021-36,80.4305921320555,Epidemic intelligence subnational data
Czechia,Karlovarsky Kraj,CZ041,2021-37,78.0550050226699,Epidemic intelligence subnational data
Czechia,Karlovarsky Kraj,CZ041,2021-38,49.8873292970977,Epidemic intelligence subnational data
Czechia,Karlovarsky Kraj,CZ041,2021-39,33.2582195313985,Epidemic intelligence subnational data
Czechia,Karlovarsky Kraj,CZ041,2021-40,70.9282436945131,Epidemic intelligence subnational data
Czechia,Karlovarsky Kraj,CZ041,2021-41,73.3038308038987,Epidemic intelligence subnational data
Czechia,Karlovarsky Kraj,CZ041,2021-42,84.8423967637716,Epidemic intelligence subnational data
Czechia,Karlovarsky Kraj,CZ041,2021-43,190.725707924959,Epidemic intelligence subnational data
Czechia,Karlovarsky Kraj,CZ041,2021-44,283.373605190997,Epidemic intelligence subnational data
Czechia,Karlovarsky Kraj,CZ041,2021-45,419.460809600087,Epidemic intelligence subnational data
Czechia,Karlovarsky Kraj,CZ041,2021-46,616.295170092037,Epidemic intelligence subnational data
Czechia,Karlovarsky Kraj,CZ041,2021-47,828.061792414411,Epidemic intelligence subnational data
Czechia,Karlovarsky Kraj,CZ041,2021-48,947.519887057801,Epidemic intelligence subnational data
Czechia,Karlovarsky Kraj,CZ041,2021-49,853.853881030598,Epidemic intelligence subnational data
Czechia,Karlovarsky Kraj,CZ041,2021-50,716.748567860343,Epidemic intelligence subnational data
Czechia,Karlovarsky Kraj,CZ041,2021-51,538.240165069367,Epidemic intelligence subnational data
Czechia,Karlovarsky Kraj,CZ041,2021-52,399.438003963837,Epidemic intelligence subnational data
Czechia,Karlovarsky Kraj,CZ041,2022-01,489.03157494638,Epidemic intelligence subnational data
Czechia,Karlovarsky Kraj,CZ041,2022-02,919.352211332229,Epidemic intelligence subnational data
Czechia,Karlovarsky Kraj,CZ041,2022-03,2047.75608829039,Epidemic intelligence subnational data
Czechia,Karlovarsky Kraj,CZ041,2022-04,3354.66836803953,Epidemic intelligence subnational data
Czechia,Ustecky Kraj,CZ042,2020-14,,Epidemic intelligence subnational data
Czechia,Ustecky Kraj,CZ042,2020-15,35.0806672635252,Epidemic intelligence subnational data
Czechia,Ustecky Kraj,CZ042,2020-16,19.123835973519,Epidemic intelligence subnational data
Czechia,Ustecky Kraj,CZ042,2020-17,10.2318612851949,Epidemic intelligence subnational data
Czechia,Ustecky Kraj,CZ042,2020-18,4.14146766305506,Epidemic intelligence subnational data
Czechia,Ustecky Kraj,CZ042,2020-19,2.67977319374151,Epidemic intelligence subnational data
Czechia,Ustecky Kraj,CZ042,2020-20,4.01965979061227,Epidemic intelligence subnational data
Czechia,Ustecky Kraj,CZ042,2020-21,3.77604404572668,Epidemic intelligence subnational data
Czechia,Ustecky Kraj,CZ042,2020-22,4.14146766305506,Epidemic intelligence subnational data
Czechia,Ustecky Kraj,CZ042,2020-23,3.65423617328388,Epidemic intelligence subnational data
Czechia,Ustecky Kraj,CZ042,2020-24,1.09627085198516,Epidemic intelligence subnational data
Czechia,Ustecky Kraj,CZ042,2020-25,1.33988659687076,Epidemic intelligence subnational data
Czechia,Ustecky Kraj,CZ042,2020-26,1.46169446931355,Epidemic intelligence subnational data
Czechia,Ustecky Kraj,CZ042,2020-27,1.09627085198516,Epidemic intelligence subnational data
Czechia,Ustecky Kraj,CZ042,2020-28,0.60903936221398,Epidemic intelligence subnational data
Czechia,Ustecky Kraj,CZ042,2020-29,2.19254170397033,Epidemic intelligence subnational data
Czechia,Ustecky Kraj,CZ042,2020-30,9.1355904332097,Epidemic intelligence subnational data
Czechia,Ustecky Kraj,CZ042,2020-31,12.3025951167224,Epidemic intelligence subnational data
Czechia,Ustecky Kraj,CZ042,2020-32,11.6935557545084,Epidemic intelligence subnational data
Czechia,Ustecky Kraj,CZ042,2020-33,13.0334423513792,Epidemic intelligence subnational data
Czechia,Ustecky Kraj,CZ042,2020-34,12.9116344789364,Epidemic intelligence subnational data
Czechia,Ustecky Kraj,CZ042,2020-35,19.6110674632902,Epidemic intelligence subnational data
Czechia,Ustecky Kraj,CZ042,2020-36,33.2535491768833,Epidemic intelligence subnational data
Czechia,Ustecky Kraj,CZ042,2020-37,66.5070983537666,Epidemic intelligence subnational data
Czechia,Ustecky Kraj,CZ042,2020-38,139.957245436773,Epidemic intelligence subnational data
Czechia,Ustecky Kraj,CZ042,2020-39,199.034063571529,Epidemic intelligence subnational data
Czechia,Ustecky Kraj,CZ042,2020-40,247.02636531399,Epidemic intelligence subnational data
Czechia,Ustecky Kraj,CZ042,2020-41,415.243037157492,Epidemic intelligence subnational data
Czechia,Ustecky Kraj,CZ042,2020-42,734.988702319831,Epidemic intelligence subnational data
Czechia,Ustecky Kraj,CZ042,2020-43,1244.51103274805,Epidemic intelligence subnational data
Czechia,Ustecky Kraj,CZ042,2020-44,1468.88113378768,Epidemic intelligence subnational data
Czechia,Ustecky Kraj,CZ042,2020-45,1341.95733070228,Epidemic intelligence subnational data
Czechia,Ustecky Kraj,CZ042,2020-46,1071.54385387928,Epidemic intelligence subnational data
Czechia,Ustecky Kraj,CZ042,2020-47,725.36588039685,Epidemic intelligence subnational data
Czechia,Ustecky Kraj,CZ042,2020-48,545.090229181512,Epidemic intelligence subnational data
Czechia,Ustecky Kraj,CZ042,2020-49,502.335665954091,Epidemic intelligence subnational data
Czechia,Ustecky Kraj,CZ042,2020-50,568.1119170732,Epidemic intelligence subnational data
Czechia,Ustecky Kraj,CZ042,2020-51,712.332438045471,Epidemic intelligence subnational data
Czechia,Ustecky Kraj,CZ042,2020-52,794.796367689244,Epidemic intelligence subnational data
Czechia,Ustecky Kraj,CZ042,2020-53,975.802866139239,Epidemic intelligence subnational data
Czechia,Ustecky Kraj,CZ042,2021-01,1233.18290061087,Epidemic intelligence subnational data
Czechia,Ustecky Kraj,CZ042,2021-02,1026.10951745811,Epidemic intelligence subnational data
Czechia,Ustecky Kraj,CZ042,2021-03,721.833452096009,Epidemic intelligence subnational data
Czechia,Ustecky Kraj,CZ042,2021-04,671.892224394463,Epidemic intelligence subnational data
Czechia,Ustecky Kraj,CZ042,2021-05,723.416954437765,Epidemic intelligence subnational data
Czechia,Ustecky Kraj,CZ042,2021-06,846.199289860104,Epidemic intelligence subnational data
Czechia,Ustecky Kraj,CZ042,2021-07,1104.67559518372,Epidemic intelligence subnational data
Czechia,Ustecky Kraj,CZ042,2021-08,1441.35255461561,Epidemic intelligence subnational data
Czechia,Ustecky Kraj,CZ042,2021-09,1674.98005396089,Epidemic intelligence subnational data
Czechia,Ustecky Kraj,CZ042,2021-10,1764.02160871657,Epidemic intelligence subnational data
Czechia,Ustecky Kraj,CZ042,2021-11,1637.58503712095,Epidemic intelligence subnational data
Czechia,Ustecky Kraj,CZ042,2021-12,1367.29336817039,Epidemic intelligence subnational data
Czechia,Ustecky Kraj,CZ042,2021-13,1000.1644406278,Epidemic intelligence subnational data
Czechia,Ustecky Kraj,CZ042,2021-14,743.149829773498,Epidemic intelligence subnational data
Czechia,Ustecky Kraj,CZ042,2021-15,609.03936221398,Epidemic intelligence subnational data
Czechia,Ustecky Kraj,CZ042,2021-16,439.360995901165,Epidemic intelligence subnational data
Czechia,Ustecky Kraj,CZ042,2021-17,362.134804772433,Epidemic intelligence subnational data
Czechia,Ustecky Kraj,CZ042,2021-18,288.197426199655,Epidemic intelligence subnational data
Czechia,Ustecky Kraj,CZ042,2021-19,184.538926750836,Epidemic intelligence subnational data
Czechia,Ustecky Kraj,CZ042,2021-20,111.332395412716,Epidemic intelligence subnational data
Czechia,Ustecky Kraj,CZ042,2021-21,68.8214479301797,Epidemic intelligence subnational data
Czechia,Ustecky Kraj,CZ042,2021-22,44.7034891865061,Epidemic intelligence subnational data
Czechia,Ustecky Kraj,CZ042,2021-23,25.8232689578728,Epidemic intelligence subnational data
Czechia,Ustecky Kraj,CZ042,2021-24,12.4244029891652,Epidemic intelligence subnational data
Czechia,Ustecky Kraj,CZ042,2021-25,6.33400936702539,Epidemic intelligence subnational data
Czechia,Ustecky Kraj,CZ042,2021-26,7.06485660168217,Epidemic intelligence subnational data
Czechia,Ustecky Kraj,CZ042,2021-27,7.30847234656776,Epidemic intelligence subnational data
Czechia,Ustecky Kraj,CZ042,2021-28,12.546210861608,Epidemic intelligence subnational data
Czechia,Ustecky Kraj,CZ042,2021-29,15.1041761829067,Epidemic intelligence subnational data
Czechia,Ustecky Kraj,CZ042,2021-30,13.7642895860359,Epidemic intelligence subnational data
Czechia,Ustecky Kraj,CZ042,2021-31,12.9116344789364,Epidemic intelligence subnational data
Czechia,Ustecky Kraj,CZ042,2021-32,12.546210861608,Epidemic intelligence subnational data
Czechia,Ustecky Kraj,CZ042,2021-33,14.9823683104639,Epidemic intelligence subnational data
Czechia,Ustecky Kraj,CZ042,2021-34,16.2004470348919,Epidemic intelligence subnational data
Czechia,Ustecky Kraj,CZ042,2021-35,23.874342998788,Epidemic intelligence subnational data
Czechia,Ustecky Kraj,CZ042,2021-36,31.5482389626842,Epidemic intelligence subnational data
Czechia,Ustecky Kraj,CZ042,2021-37,49.0885725944468,Epidemic intelligence subnational data
Czechia,Ustecky Kraj,CZ042,2021-38,54.326311109487,Epidemic intelligence subnational data
Czechia,Ustecky Kraj,CZ042,2021-39,54.4481189819298,Epidemic intelligence subnational data
Czechia,Ustecky Kraj,CZ042,2021-40,94.1574853982813,Epidemic intelligence subnational data
Czechia,Ustecky Kraj,CZ042,2021-41,84.4128556028576,Epidemic intelligence subnational data
Czechia,Ustecky Kraj,CZ042,2021-42,128.872729044478,Epidemic intelligence subnational data
Czechia,Ustecky Kraj,CZ042,2021-43,284.664997898814,Epidemic intelligence subnational data
Czechia,Ustecky Kraj,CZ042,2021-44,469.325732522093,Epidemic intelligence subnational data
Czechia,Ustecky Kraj,CZ042,2021-45,763.978975961216,Epidemic intelligence subnational data
Czechia,Ustecky Kraj,CZ042,2021-46,1202.97454824505,Epidemic intelligence subnational data
Czechia,Ustecky Kraj,CZ042,2021-47,1690.32784588868,Epidemic intelligence subnational data
Czechia,Ustecky Kraj,CZ042,2021-48,1885.95128903181,Epidemic intelligence subnational data
Czechia,Ustecky Kraj,CZ042,2021-49,1722.11970059625,Epidemic intelligence subnational data
Czechia,Ustecky Kraj,CZ042,2021-50,1480.3310737973,Epidemic intelligence subnational data
Czechia,Ustecky Kraj,CZ042,2021-51,1054.36894386484,Epidemic intelligence subnational data
Czechia,Ustecky Kraj,CZ042,2021-52,777.256034057481,Epidemic intelligence subnational data
Czechia,Ustecky Kraj,CZ042,2022-01,812.458509193449,Epidemic intelligence subnational data
Czechia,Ustecky Kraj,CZ042,2022-02,1179.58743673604,Epidemic intelligence subnational data
Czechia,Ustecky Kraj,CZ042,2022-03,2419.83519394859,Epidemic intelligence subnational data
Czechia,Ustecky Kraj,CZ042,2022-04,3935.12512713697,Epidemic intelligence subnational data
Czechia,Liberecky Kraj,CZ051,2020-14,,Epidemic intelligence subnational data
Czechia,Liberecky Kraj,CZ051,2020-15,24.341319389664,Epidemic intelligence subnational data
Czechia,Liberecky Kraj,CZ051,2020-16,8.78992089071198,Epidemic intelligence subnational data
Czechia,Liberecky Kraj,CZ051,2020-17,2.028443282472,Epidemic intelligence subnational data
Czechia,Liberecky Kraj,CZ051,2020-18,0.901530347765332,Epidemic intelligence subnational data
Czechia,Liberecky Kraj,CZ051,2020-19,0.450765173882666,Epidemic intelligence subnational data
Czechia,Liberecky Kraj,CZ051,2020-20,1.12691293470667,Epidemic intelligence subnational data
Czechia,Liberecky Kraj,CZ051,2020-21,0.676147760823999,Epidemic intelligence subnational data
Czechia,Liberecky Kraj,CZ051,2020-22,0,Epidemic intelligence subnational data
Czechia,Liberecky Kraj,CZ051,2020-23,0.450765173882666,Epidemic intelligence subnational data
Czechia,Liberecky Kraj,CZ051,2020-24,1.12691293470667,Epidemic intelligence subnational data
Czechia,Liberecky Kraj,CZ051,2020-25,10.14221641236,Epidemic intelligence subnational data
Czechia,Liberecky Kraj,CZ051,2020-26,13.2975726295386,Epidemic intelligence subnational data
Czechia,Liberecky Kraj,CZ051,2020-27,12.846807455656,Epidemic intelligence subnational data
Czechia,Liberecky Kraj,CZ051,2020-28,11.9452771078906,Epidemic intelligence subnational data
Czechia,Liberecky Kraj,CZ051,2020-29,12.170659694832,Epidemic intelligence subnational data
Czechia,Liberecky Kraj,CZ051,2020-30,18.7067547161306,Epidemic intelligence subnational data
Czechia,Liberecky Kraj,CZ051,2020-31,18.932137303072,Epidemic intelligence subnational data
Czechia,Liberecky Kraj,CZ051,2020-32,18.0306069553066,Epidemic intelligence subnational data
Czechia,Liberecky Kraj,CZ051,2020-33,14.4244855642453,Epidemic intelligence subnational data
Czechia,Liberecky Kraj,CZ051,2020-34,14.4244855642453,Epidemic intelligence subnational data
Czechia,Liberecky Kraj,CZ051,2020-35,26.8205278460186,Epidemic intelligence subnational data
Czechia,Liberecky Kraj,CZ051,2020-36,45.0765173882666,Epidemic intelligence subnational data
Czechia,Liberecky Kraj,CZ051,2020-37,91.9560954720638,Epidemic intelligence subnational data
Czechia,Liberecky Kraj,CZ051,2020-38,199.46358944308,Epidemic intelligence subnational data
Czechia,Liberecky Kraj,CZ051,2020-39,250.850819265704,Epidemic intelligence subnational data
Czechia,Liberecky Kraj,CZ051,2020-40,341.454619216119,Epidemic intelligence subnational data
Czechia,Liberecky Kraj,CZ051,2020-41,613.491401654308,Epidemic intelligence subnational data
Czechia,Liberecky Kraj,CZ051,2020-42,1020.53235367036,Epidemic intelligence subnational data
Czechia,Liberecky Kraj,CZ051,2020-43,1513.89483648493,Epidemic intelligence subnational data
Czechia,Liberecky Kraj,CZ051,2020-44,1545.8991638306,Epidemic intelligence subnational data
Czechia,Liberecky Kraj,CZ051,2020-45,1451.68924248913,Epidemic intelligence subnational data
Czechia,Liberecky Kraj,CZ051,2020-46,1300.00676147761,Epidemic intelligence subnational data
Czechia,Liberecky Kraj,CZ051,2020-47,857.806125898713,Epidemic intelligence subnational data
Czechia,Liberecky Kraj,CZ051,2020-48,615.294462349839,Epidemic intelligence subnational data
Czechia,Liberecky Kraj,CZ051,2020-49,577.880952917578,Epidemic intelligence subnational data
Czechia,Liberecky Kraj,CZ051,2020-50,698.911402105073,Epidemic intelligence subnational data
Czechia,Liberecky Kraj,CZ051,2020-51,939.845387545358,Epidemic intelligence subnational data
Czechia,Liberecky Kraj,CZ051,2020-52,1055.24127205932,Epidemic intelligence subnational data
Czechia,Liberecky Kraj,CZ051,2020-53,1242.75958439451,Epidemic intelligence subnational data
Czechia,Liberecky Kraj,CZ051,2021-01,1659.94275282292,Epidemic intelligence subnational data
Czechia,Liberecky Kraj,CZ051,2021-02,1614.64085284771,Epidemic intelligence subnational data
Czechia,Liberecky Kraj,CZ051,2021-03,1235.0965764385,Epidemic intelligence subnational data
Czechia,Liberecky Kraj,CZ051,2021-04,1096.0355202957,Epidemic intelligence subnational data
Czechia,Liberecky Kraj,CZ051,2021-05,1141.78818544479,Epidemic intelligence subnational data
Czechia,Liberecky Kraj,CZ051,2021-06,1233.29351574297,Epidemic intelligence subnational data
Czechia,Liberecky Kraj,CZ051,2021-07,1472.19905790079,Epidemic intelligence subnational data
Czechia,Liberecky Kraj,CZ051,2021-08,1892.76296513331,Epidemic intelligence subnational data
Czechia,Liberecky Kraj,CZ051,2021-09,2120.624760531,Epidemic intelligence subnational data
Czechia,Liberecky Kraj,CZ051,2021-10,2082.08433816403,Epidemic intelligence subnational data
Czechia,Liberecky Kraj,CZ051,2021-11,1752.57499605581,Epidemic intelligence subnational data
Czechia,Liberecky Kraj,CZ051,2021-12,1272.73546845771,Epidemic intelligence subnational data
Czechia,Liberecky Kraj,CZ051,2021-13,854.650769681534,Epidemic intelligence subnational data
Czechia,Liberecky Kraj,CZ051,2021-14,610.786810611012,Epidemic intelligence subnational data
Czechia,Liberecky Kraj,CZ051,2021-15,471.274989294327,Epidemic intelligence subnational data
Czechia,Liberecky Kraj,CZ051,2021-16,306.06955306633,Epidemic intelligence subnational data
Czechia,Liberecky Kraj,CZ051,2021-17,240.933985440285,Epidemic intelligence subnational data
Czechia,Liberecky Kraj,CZ051,2021-18,183.461425770245,Epidemic intelligence subnational data
Czechia,Liberecky Kraj,CZ051,2021-19,143.343325294688,Epidemic intelligence subnational data
Czechia,Liberecky Kraj,CZ051,2021-20,114.719736753138,Epidemic intelligence subnational data
Czechia,Liberecky Kraj,CZ051,2021-21,87.2230611462958,Epidemic intelligence subnational data
Czechia,Liberecky Kraj,CZ051,2021-22,68.7416890171065,Epidemic intelligence subnational data
Czechia,Liberecky Kraj,CZ051,2021-23,54.5425860398026,Epidemic intelligence subnational data
Czechia,Liberecky Kraj,CZ051,2021-24,32.4550925195519,Epidemic intelligence subnational data
Czechia,Liberecky Kraj,CZ051,2021-25,19.1575198900133,Epidemic intelligence subnational data
Czechia,Liberecky Kraj,CZ051,2021-26,17.1290766075413,Epidemic intelligence subnational data
Czechia,Liberecky Kraj,CZ051,2021-27,16.0021636728346,Epidemic intelligence subnational data
Czechia,Liberecky Kraj,CZ051,2021-28,16.4529288467173,Epidemic intelligence subnational data
Czechia,Liberecky Kraj,CZ051,2021-29,19.1575198900133,Epidemic intelligence subnational data
Czechia,Liberecky Kraj,CZ051,2021-30,21.4113457594266,Epidemic intelligence subnational data
Czechia,Liberecky Kraj,CZ051,2021-31,19.3829024769546,Epidemic intelligence subnational data
Czechia,Liberecky Kraj,CZ051,2021-32,22.5382586941333,Epidemic intelligence subnational data
Czechia,Liberecky Kraj,CZ051,2021-33,31.3281795848453,Epidemic intelligence subnational data
Czechia,Liberecky Kraj,CZ051,2021-34,30.8774144109626,Epidemic intelligence subnational data
Czechia,Liberecky Kraj,CZ051,2021-35,28.6235885415493,Epidemic intelligence subnational data
Czechia,Liberecky Kraj,CZ051,2021-36,25.017467150488,Epidemic intelligence subnational data
Czechia,Liberecky Kraj,CZ051,2021-37,18.7067547161306,Epidemic intelligence subnational data
Czechia,Liberecky Kraj,CZ051,2021-38,20.5098154116613,Epidemic intelligence subnational data
Czechia,Liberecky Kraj,CZ051,2021-39,33.3566228673173,Epidemic intelligence subnational data
Czechia,Liberecky Kraj,CZ051,2021-40,67.6147760823999,Epidemic intelligence subnational data
Czechia,Liberecky Kraj,CZ051,2021-41,55.2187338006266,Epidemic intelligence subnational data
Czechia,Liberecky Kraj,CZ051,2021-42,110.888232775136,Epidemic intelligence subnational data
Czechia,Liberecky Kraj,CZ051,2021-43,288.489711284906,Epidemic intelligence subnational data
Czechia,Liberecky Kraj,CZ051,2021-44,457.526651490906,Epidemic intelligence subnational data
Czechia,Liberecky Kraj,CZ051,2021-45,707.926705582727,Epidemic intelligence subnational data
Czechia,Liberecky Kraj,CZ051,2021-46,1111.8123013816,Epidemic intelligence subnational data
Czechia,Liberecky Kraj,CZ051,2021-47,1639.6583199982,Epidemic intelligence subnational data
Czechia,Liberecky Kraj,CZ051,2021-48,1942.79789943429,Epidemic intelligence subnational data
Czechia,Liberecky Kraj,CZ051,2021-49,1856.47636863576,Epidemic intelligence subnational data
Czechia,Liberecky Kraj,CZ051,2021-50,1640.33446775902,Epidemic intelligence subnational data
Czechia,Liberecky Kraj,CZ051,2021-51,1196.3307714846,Epidemic intelligence subnational data
Czechia,Liberecky Kraj,CZ051,2021-52,851.044648290473,Epidemic intelligence subnational data
Czechia,Liberecky Kraj,CZ051,2022-01,847.438526899412,Epidemic intelligence subnational data
Czechia,Liberecky Kraj,CZ051,2022-02,1098.06396357817,Epidemic intelligence subnational data
Czechia,Liberecky Kraj,CZ051,2022-03,2064.50449638261,Epidemic intelligence subnational data
Czechia,Liberecky Kraj,CZ051,2022-04,3569.60941197683,Epidemic intelligence subnational data
Czechia,Kralovehradecky Kraj,CZ052,2020-14,,Epidemic intelligence subnational data
Czechia,Kralovehradecky Kraj,CZ052,2020-15,15.4084042875245,Epidemic intelligence subnational data
Czechia,Kralovehradecky Kraj,CZ052,2020-16,7.25101378236445,Epidemic intelligence subnational data
Czechia,Kralovehradecky Kraj,CZ052,2020-17,1.08765206735467,Epidemic intelligence subnational data
Czechia,Kralovehradecky Kraj,CZ052,2020-18,0.543826033677334,Epidemic intelligence subnational data
Czechia,Kralovehradecky Kraj,CZ052,2020-19,2.35657947926845,Epidemic intelligence subnational data
Czechia,Kralovehradecky Kraj,CZ052,2020-20,2.35657947926845,Epidemic intelligence subnational data
Czechia,Kralovehradecky Kraj,CZ052,2020-21,0.906376722795556,Epidemic intelligence subnational data
Czechia,Kralovehradecky Kraj,CZ052,2020-22,0.725101378236445,Epidemic intelligence subnational data
Czechia,Kralovehradecky Kraj,CZ052,2020-23,0.725101378236445,Epidemic intelligence subnational data
Czechia,Kralovehradecky Kraj,CZ052,2020-24,0.725101378236445,Epidemic intelligence subnational data
Czechia,Kralovehradecky Kraj,CZ052,2020-25,1.99402879015022,Epidemic intelligence subnational data
Czechia,Kralovehradecky Kraj,CZ052,2020-26,3.08168085750489,Epidemic intelligence subnational data
Czechia,Kralovehradecky Kraj,CZ052,2020-27,3.08168085750489,Epidemic intelligence subnational data
Czechia,Kralovehradecky Kraj,CZ052,2020-28,4.16933292485956,Epidemic intelligence subnational data
Czechia,Kralovehradecky Kraj,CZ052,2020-29,5.07570964765511,Epidemic intelligence subnational data
Czechia,Kralovehradecky Kraj,CZ052,2020-30,7.79483981604178,Epidemic intelligence subnational data
Czechia,Kralovehradecky Kraj,CZ052,2020-31,15.4084042875245,Epidemic intelligence subnational data
Czechia,Kralovehradecky Kraj,CZ052,2020-32,19.0339111787067,Epidemic intelligence subnational data
Czechia,Kralovehradecky Kraj,CZ052,2020-33,20.1215632460613,Epidemic intelligence subnational data
Czechia,Kralovehradecky Kraj,CZ052,2020-34,25.0159975491573,Epidemic intelligence subnational data
Czechia,Kralovehradecky Kraj,CZ052,2020-35,28.8227797848987,Epidemic intelligence subnational data
Czechia,Kralovehradecky Kraj,CZ052,2020-36,47.1315895853689,Epidemic intelligence subnational data
Czechia,Kralovehradecky Kraj,CZ052,2020-37,106.589902600757,Epidemic intelligence subnational data
Czechia,Kralovehradecky Kraj,CZ052,2020-38,164.054186825996,Epidemic intelligence subnational data
Czechia,Kralovehradecky Kraj,CZ052,2020-39,183.450648693821,Epidemic intelligence subnational data
Czechia,Kralovehradecky Kraj,CZ052,2020-40,250.522526180692,Epidemic intelligence subnational data
Czechia,Kralovehradecky Kraj,CZ052,2020-41,476.754156190462,Epidemic intelligence subnational data
Czechia,Kralovehradecky Kraj,CZ052,2020-42,975.623904417136,Epidemic intelligence subnational data
Czechia,Kralovehradecky Kraj,CZ052,2020-43,1722.29704865612,Epidemic intelligence subnational data
Czechia,Kralovehradecky Kraj,CZ052,2020-44,1869.31135309355,Epidemic intelligence subnational data
Czechia,Kralovehradecky Kraj,CZ052,2020-45,1543.19700823171,Epidemic intelligence subnational data
Czechia,Kralovehradecky Kraj,CZ052,2020-46,1193.69814392175,Epidemic intelligence subnational data
Czechia,Kralovehradecky Kraj,CZ052,2020-47,774.408271956523,Epidemic intelligence subnational data
Czechia,Kralovehradecky Kraj,CZ052,2020-48,602.921796003604,Epidemic intelligence subnational data
Czechia,Kralovehradecky Kraj,CZ052,2020-49,536.575019894969,Epidemic intelligence subnational data
Czechia,Kralovehradecky Kraj,CZ052,2020-50,634.644981301448,Epidemic intelligence subnational data
Czechia,Kralovehradecky Kraj,CZ052,2020-51,884.623681448463,Epidemic intelligence subnational data
Czechia,Kralovehradecky Kraj,CZ052,2020-52,1150.37333657212,Epidemic intelligence subnational data
Czechia,Kralovehradecky Kraj,CZ052,2020-53,1632.20320241024,Epidemic intelligence subnational data
Czechia,Kralovehradecky Kraj,CZ052,2021-01,2239.11305599414,Epidemic intelligence subnational data
Czechia,Kralovehradecky Kraj,CZ052,2021-02,2122.37173409807,Epidemic intelligence subnational data
Czechia,Kralovehradecky Kraj,CZ052,2021-03,1789.00637545387,Epidemic intelligence subnational data
Czechia,Kralovehradecky Kraj,CZ052,2021-04,1871.12410653915,Epidemic intelligence subnational data
Czechia,Kralovehradecky Kraj,CZ052,2021-05,1983.87737085491,Epidemic intelligence subnational data
Czechia,Kralovehradecky Kraj,CZ052,2021-06,2054.03092919929,Epidemic intelligence subnational data
Czechia,Kralovehradecky Kraj,CZ052,2021-07,2104.60675033128,Epidemic intelligence subnational data
Czechia,Kralovehradecky Kraj,CZ052,2021-08,2140.31799320943,Epidemic intelligence subnational data
Czechia,Kralovehradecky Kraj,CZ052,2021-09,1935.29557851307,Epidemic intelligence subnational data
Czechia,Kralovehradecky Kraj,CZ052,2021-10,1548.63526856849,Epidemic intelligence subnational data
Czechia,Kralovehradecky Kraj,CZ052,2021-11,1097.2596606163,Epidemic intelligence subnational data
Czechia,Kralovehradecky Kraj,CZ052,2021-12,712.412104117307,Epidemic intelligence subnational data
Czechia,Kralovehradecky Kraj,CZ052,2021-13,438.867609177608,Epidemic intelligence subnational data
Czechia,Kralovehradecky Kraj,CZ052,2021-14,268.106234602925,Epidemic intelligence subnational data
Czechia,Kralovehradecky Kraj,CZ052,2021-15,194.870995401045,Epidemic intelligence subnational data
Czechia,Kralovehradecky Kraj,CZ052,2021-16,135.956508419333,Epidemic intelligence subnational data
Czechia,Kralovehradecky Kraj,CZ052,2021-17,106.952453289876,Epidemic intelligence subnational data
Czechia,Kralovehradecky Kraj,CZ052,2021-18,87.0121653883734,Epidemic intelligence subnational data
Czechia,Kralovehradecky Kraj,CZ052,2021-19,65.9842254195165,Epidemic intelligence subnational data
Czechia,Kralovehradecky Kraj,CZ052,2021-20,44.9562854506596,Epidemic intelligence subnational data
Czechia,Kralovehradecky Kraj,CZ052,2021-21,26.8287509947485,Epidemic intelligence subnational data
Czechia,Kralovehradecky Kraj,CZ052,2021-22,17.0398823885565,Epidemic intelligence subnational data
Czechia,Kralovehradecky Kraj,CZ052,2021-23,11.9641727409013,Epidemic intelligence subnational data
Czechia,Kralovehradecky Kraj,CZ052,2021-24,7.06973843780534,Epidemic intelligence subnational data
Czechia,Kralovehradecky Kraj,CZ052,2021-25,2.71913016838667,Epidemic intelligence subnational data
Czechia,Kralovehradecky Kraj,CZ052,2021-26,4.71315895853689,Epidemic intelligence subnational data
Czechia,Kralovehradecky Kraj,CZ052,2021-27,9.42631791707378,Epidemic intelligence subnational data
Czechia,Kralovehradecky Kraj,CZ052,2021-28,12.5079987745787,Epidemic intelligence subnational data
Czechia,Kralovehradecky Kraj,CZ052,2021-29,13.5956508419333,Epidemic intelligence subnational data
Czechia,Kralovehradecky Kraj,CZ052,2021-30,17.7649837667929,Epidemic intelligence subnational data
Czechia,Kralovehradecky Kraj,CZ052,2021-31,17.5837084222338,Epidemic intelligence subnational data
Czechia,Kralovehradecky Kraj,CZ052,2021-32,14.3207522201698,Epidemic intelligence subnational data
Czechia,Kralovehradecky Kraj,CZ052,2021-33,11.0577960181058,Epidemic intelligence subnational data
Czechia,Kralovehradecky Kraj,CZ052,2021-34,9.42631791707378,Epidemic intelligence subnational data
Czechia,Kralovehradecky Kraj,CZ052,2021-35,12.6892741191378,Epidemic intelligence subnational data
Czechia,Kralovehradecky Kraj,CZ052,2021-36,23.3845194481253,Epidemic intelligence subnational data
Czechia,Kralovehradecky Kraj,CZ052,2021-37,35.5299675335858,Epidemic intelligence subnational data
Czechia,Kralovehradecky Kraj,CZ052,2021-38,28.8227797848987,Epidemic intelligence subnational data
Czechia,Kralovehradecky Kraj,CZ052,2021-39,26.4662003056302,Epidemic intelligence subnational data
Czechia,Kralovehradecky Kraj,CZ052,2021-40,63.8089212848071,Epidemic intelligence subnational data
Czechia,Kralovehradecky Kraj,CZ052,2021-41,50.7570964765511,Epidemic intelligence subnational data
Czechia,Kralovehradecky Kraj,CZ052,2021-42,93.1755271033832,Epidemic intelligence subnational data
Czechia,Kralovehradecky Kraj,CZ052,2021-43,240.371106885381,Epidemic intelligence subnational data
Czechia,Kralovehradecky Kraj,CZ052,2021-44,447.931376405564,Epidemic intelligence subnational data
Czechia,Kralovehradecky Kraj,CZ052,2021-45,755.555636122375,Epidemic intelligence subnational data
Czechia,Kralovehradecky Kraj,CZ052,2021-46,1175.93316015495,Epidemic intelligence subnational data
Czechia,Kralovehradecky Kraj,CZ052,2021-47,1691.48024008107,Epidemic intelligence subnational data
Czechia,Kralovehradecky Kraj,CZ052,2021-48,1951.42908417883,Epidemic intelligence subnational data
Czechia,Kralovehradecky Kraj,CZ052,2021-49,1787.37489735284,Epidemic intelligence subnational data
Czechia,Kralovehradecky Kraj,CZ052,2021-50,1446.21469889259,Epidemic intelligence subnational data
Czechia,Kralovehradecky Kraj,CZ052,2021-51,1023.84314606986,Epidemic intelligence subnational data
Czechia,Kralovehradecky Kraj,CZ052,2021-52,753.742882676784,Epidemic intelligence subnational data
Czechia,Kralovehradecky Kraj,CZ052,2022-01,732.17111667425,Epidemic intelligence subnational data
Czechia,Kralovehradecky Kraj,CZ052,2022-02,1087.28951666555,Epidemic intelligence subnational data
Czechia,Kralovehradecky Kraj,CZ052,2022-03,2259.77844527388,Epidemic intelligence subnational data
Czechia,Kralovehradecky Kraj,CZ052,2022-04,4000.02175304135,Epidemic intelligence subnational data
Czechia,Pardubicky Kraj,CZ053,2020-14,,Epidemic intelligence subnational data
Czechia,Pardubicky Kraj,CZ053,2020-15,30.9951747018149,Epidemic intelligence subnational data
Czechia,Pardubicky Kraj,CZ053,2020-16,14.7322743953071,Epidemic intelligence subnational data
Czechia,Pardubicky Kraj,CZ053,2020-17,5.93117540590286,Epidemic intelligence subnational data
Czechia,Pardubicky Kraj,CZ053,2020-18,3.63523653910175,Epidemic intelligence subnational data
Czechia,Pardubicky Kraj,CZ053,2020-19,2.10461062790101,Epidemic intelligence subnational data
Czechia,Pardubicky Kraj,CZ053,2020-20,1.72195415010083,Epidemic intelligence subnational data
Czechia,Pardubicky Kraj,CZ053,2020-21,1.53062591120074,Epidemic intelligence subnational data
Czechia,Pardubicky Kraj,CZ053,2020-22,0.765312955600369,Epidemic intelligence subnational data
Czechia,Pardubicky Kraj,CZ053,2020-23,0.765312955600369,Epidemic intelligence subnational data
Czechia,Pardubicky Kraj,CZ053,2020-24,0.765312955600369,Epidemic intelligence subnational data
Czechia,Pardubicky Kraj,CZ053,2020-25,3.44390830020166,Epidemic intelligence subnational data
Czechia,Pardubicky Kraj,CZ053,2020-26,4.9745342114024,Epidemic intelligence subnational data
Czechia,Pardubicky Kraj,CZ053,2020-27,2.86992358350138,Epidemic intelligence subnational data
Czechia,Pardubicky Kraj,CZ053,2020-28,3.06125182240148,Epidemic intelligence subnational data
Czechia,Pardubicky Kraj,CZ053,2020-29,4.40054949470212,Epidemic intelligence subnational data
Czechia,Pardubicky Kraj,CZ053,2020-30,13.9669614397067,Epidemic intelligence subnational data
Czechia,Pardubicky Kraj,CZ053,2020-31,22.0027474735106,Epidemic intelligence subnational data
Czechia,Pardubicky Kraj,CZ053,2020-32,18.750167412209,Epidemic intelligence subnational data
Czechia,Pardubicky Kraj,CZ053,2020-33,24.872671057012,Epidemic intelligence subnational data
Czechia,Pardubicky Kraj,CZ053,2020-34,38.0743195411184,Epidemic intelligence subnational data
Czechia,Pardubicky Kraj,CZ053,2020-35,40.5615866468196,Epidemic intelligence subnational data
Czechia,Pardubicky Kraj,CZ053,2020-36,61.6076929258297,Epidemic intelligence subnational data
Czechia,Pardubicky Kraj,CZ053,2020-37,135.269064902365,Epidemic intelligence subnational data
Czechia,Pardubicky Kraj,CZ053,2020-38,202.425276756298,Epidemic intelligence subnational data
Czechia,Pardubicky Kraj,CZ053,2020-39,227.68060429111,Epidemic intelligence subnational data
Czechia,Pardubicky Kraj,CZ053,2020-40,265.946252071128,Epidemic intelligence subnational data
Czechia,Pardubicky Kraj,CZ053,2020-41,481.381849072632,Epidemic intelligence subnational data
Czechia,Pardubicky Kraj,CZ053,2020-42,846.053472416208,Epidemic intelligence subnational data
Czechia,Pardubicky Kraj,CZ053,2020-43,1345.99416066215,Epidemic intelligence subnational data
Czechia,Pardubicky Kraj,CZ053,2020-44,1568.12624602516,Epidemic intelligence subnational data
Czechia,Pardubicky Kraj,CZ053,2020-45,1514.55433913313,Epidemic intelligence subnational data
Czechia,Pardubicky Kraj,CZ053,2020-46,1342.93290883975,Epidemic intelligence subnational data
Czechia,Pardubicky Kraj,CZ053,2020-47,970.034171223468,Epidemic intelligence subnational data
Czechia,Pardubicky Kraj,CZ053,2020-48,718.246208830946,Epidemic intelligence subnational data
Czechia,Pardubicky Kraj,CZ053,2020-49,577.811281478279,Epidemic intelligence subnational data
Czechia,Pardubicky Kraj,CZ053,2020-50,652.237966410414,Epidemic intelligence subnational data
Czechia,Pardubicky Kraj,CZ053,2020-51,867.099578695218,Epidemic intelligence subnational data
Czechia,Pardubicky Kraj,CZ053,2020-52,965.250965250965,Epidemic intelligence subnational data
Czechia,Pardubicky Kraj,CZ053,2020-53,1299.50139860943,Epidemic intelligence subnational data
Czechia,Pardubicky Kraj,CZ053,2021-01,1756.20190486395,Epidemic intelligence subnational data
Czechia,Pardubicky Kraj,CZ053,2021-02,1546.31482679055,Epidemic intelligence subnational data
Czechia,Pardubicky Kraj,CZ053,2021-03,1119.84418228224,Epidemic intelligence subnational data
Czechia,Pardubicky Kraj,CZ053,2021-04,1063.40235180671,Epidemic intelligence subnational data
Czechia,Pardubicky Kraj,CZ053,2021-05,1154.66592176206,Epidemic intelligence subnational data
Czechia,Pardubicky Kraj,CZ053,2021-06,1314.23367300473,Epidemic intelligence subnational data
Czechia,Pardubicky Kraj,CZ053,2021-07,1557.22053640785,Epidemic intelligence subnational data
Czechia,Pardubicky Kraj,CZ053,2021-08,1868.1289246205,Epidemic intelligence subnational data
Czechia,Pardubicky Kraj,CZ053,2021-09,2011.05111907887,Epidemic intelligence subnational data
Czechia,Pardubicky Kraj,CZ053,2021-10,1909.45582422292,Epidemic intelligence subnational data
Czechia,Pardubicky Kraj,CZ053,2021-11,1613.66236688338,Epidemic intelligence subnational data
Czechia,Pardubicky Kraj,CZ053,2021-12,1219.52619474919,Epidemic intelligence subnational data
Czechia,Pardubicky Kraj,CZ053,2021-13,892.73756270783,Epidemic intelligence subnational data
Czechia,Pardubicky Kraj,CZ053,2021-14,709.445109841542,Epidemic intelligence subnational data
Czechia,Pardubicky Kraj,CZ053,2021-15,569.584167205575,Epidemic intelligence subnational data
Czechia,Pardubicky Kraj,CZ053,2021-16,383.230462516885,Epidemic intelligence subnational data
Czechia,Pardubicky Kraj,CZ053,2021-17,257.719137798424,Epidemic intelligence subnational data
Czechia,Pardubicky Kraj,CZ053,2021-18,172.769399726783,Epidemic intelligence subnational data
Czechia,Pardubicky Kraj,CZ053,2021-19,120.919446984858,Epidemic intelligence subnational data
Czechia,Pardubicky Kraj,CZ053,2021-20,79.0185626657381,Epidemic intelligence subnational data
Czechia,Pardubicky Kraj,CZ053,2021-21,47.4494032472229,Epidemic intelligence subnational data
Czechia,Pardubicky Kraj,CZ053,2021-22,33.8650982853163,Epidemic intelligence subnational data
Czechia,Pardubicky Kraj,CZ053,2021-23,20.4721215623099,Epidemic intelligence subnational data
Czechia,Pardubicky Kraj,CZ053,2021-24,11.0970378562054,Epidemic intelligence subnational data
Czechia,Pardubicky Kraj,CZ053,2021-25,10.1403966617049,Epidemic intelligence subnational data
Czechia,Pardubicky Kraj,CZ053,2021-26,11.4796943340055,Epidemic intelligence subnational data
Czechia,Pardubicky Kraj,CZ053,2021-27,17.0282132621082,Epidemic intelligence subnational data
Czechia,Pardubicky Kraj,CZ053,2021-28,22.9593886680111,Epidemic intelligence subnational data
Czechia,Pardubicky Kraj,CZ053,2021-29,19.1328238900092,Epidemic intelligence subnational data
Czechia,Pardubicky Kraj,CZ053,2021-30,21.2374345179102,Epidemic intelligence subnational data
Czechia,Pardubicky Kraj,CZ053,2021-31,24.4900145792118,Epidemic intelligence subnational data
Czechia,Pardubicky Kraj,CZ053,2021-32,14.3496179175069,Epidemic intelligence subnational data
Czechia,Pardubicky Kraj,CZ053,2021-33,9.56641194500461,Epidemic intelligence subnational data
Czechia,Pardubicky Kraj,CZ053,2021-34,12.6276637674061,Epidemic intelligence subnational data
Czechia,Pardubicky Kraj,CZ053,2021-35,21.6200909957104,Epidemic intelligence subnational data
Czechia,Pardubicky Kraj,CZ053,2021-36,39.413617213419,Epidemic intelligence subnational data
Czechia,Pardubicky Kraj,CZ053,2021-37,52.8065939364255,Epidemic intelligence subnational data
Czechia,Pardubicky Kraj,CZ053,2021-38,48.9800291584236,Epidemic intelligence subnational data
Czechia,Pardubicky Kraj,CZ053,2021-39,48.2147162028232,Epidemic intelligence subnational data
Czechia,Pardubicky Kraj,CZ053,2021-40,96.8120888834467,Epidemic intelligence subnational data
Czechia,Pardubicky Kraj,CZ053,2021-41,115.562256295656,Epidemic intelligence subnational data
Czechia,Pardubicky Kraj,CZ053,2021-42,210.652391029002,Epidemic intelligence subnational data
Czechia,Pardubicky Kraj,CZ053,2021-43,437.185025886711,Epidemic intelligence subnational data
Czechia,Pardubicky Kraj,CZ053,2021-44,756.129200133164,Epidemic intelligence subnational data
Czechia,Pardubicky Kraj,CZ053,2021-45,1201.54134029258,Epidemic intelligence subnational data
Czechia,Pardubicky Kraj,CZ053,2021-46,1791.02364434376,Epidemic intelligence subnational data
Czechia,Pardubicky Kraj,CZ053,2021-47,2426.99871044767,Epidemic intelligence subnational data
Czechia,Pardubicky Kraj,CZ053,2021-48,2551.36206573273,Epidemic intelligence subnational data
Czechia,Pardubicky Kraj,CZ053,2021-49,2129.67462719693,Epidemic intelligence subnational data
Czechia,Pardubicky Kraj,CZ053,2021-50,1570.99616960866,Epidemic intelligence subnational data
Czechia,Pardubicky Kraj,CZ053,2021-51,1005.62122365889,Epidemic intelligence subnational data
Czechia,Pardubicky Kraj,CZ053,2021-52,702.365965002239,Epidemic intelligence subnational data
Czechia,Pardubicky Kraj,CZ053,2022-01,692.799553057234,Epidemic intelligence subnational data
Czechia,Pardubicky Kraj,CZ053,2022-02,974.24339247927,Epidemic intelligence subnational data
Czechia,Pardubicky Kraj,CZ053,2022-03,2104.41929966212,Epidemic intelligence subnational data
Czechia,Pardubicky Kraj,CZ053,2022-04,3784.85522192162,Epidemic intelligence subnational data
Czechia,Kraj Vysocina,CZ063,2020-14,,Epidemic intelligence subnational data
Czechia,Kraj Vysocina,CZ063,2020-15,12.1613218964601,Epidemic intelligence subnational data
Czechia,Kraj Vysocina,CZ063,2020-16,5.88451059506133,Epidemic intelligence subnational data
Czechia,Kraj Vysocina,CZ063,2020-17,1.96150353168711,Epidemic intelligence subnational data
Czechia,Kraj Vysocina,CZ063,2020-18,2.15765388485582,Epidemic intelligence subnational data
Czechia,Kraj Vysocina,CZ063,2020-19,0.784601412674844,Epidemic intelligence subnational data
Czechia,Kraj Vysocina,CZ063,2020-20,0.784601412674844,Epidemic intelligence subnational data
Czechia,Kraj Vysocina,CZ063,2020-21,1.37305247218098,Epidemic intelligence subnational data
Czechia,Kraj Vysocina,CZ063,2020-22,1.17690211901227,Epidemic intelligence subnational data
Czechia,Kraj Vysocina,CZ063,2020-23,0.392300706337422,Epidemic intelligence subnational data
Czechia,Kraj Vysocina,CZ063,2020-24,0,Epidemic intelligence subnational data
Czechia,Kraj Vysocina,CZ063,2020-25,0.784601412674844,Epidemic intelligence subnational data
Czechia,Kraj Vysocina,CZ063,2020-26,1.17690211901227,Epidemic intelligence subnational data
Czechia,Kraj Vysocina,CZ063,2020-27,3.92300706337422,Epidemic intelligence subnational data
Czechia,Kraj Vysocina,CZ063,2020-28,6.86526236090488,Epidemic intelligence subnational data
Czechia,Kraj Vysocina,CZ063,2020-29,8.23831483308586,Epidemic intelligence subnational data
Czechia,Kraj Vysocina,CZ063,2020-30,29.8148536816441,Epidemic intelligence subnational data
Czechia,Kraj Vysocina,CZ063,2020-31,35.5032139235367,Epidemic intelligence subnational data
Czechia,Kraj Vysocina,CZ063,2020-32,18.0458324915214,Epidemic intelligence subnational data
Czechia,Kraj Vysocina,CZ063,2020-33,22.361140261233,Epidemic intelligence subnational data
Czechia,Kraj Vysocina,CZ063,2020-34,41.9761755781041,Epidemic intelligence subnational data
Czechia,Kraj Vysocina,CZ063,2020-35,47.8606861731655,Epidemic intelligence subnational data
Czechia,Kraj Vysocina,CZ063,2020-36,67.6718718432053,Epidemic intelligence subnational data
Czechia,Kraj Vysocina,CZ063,2020-37,119.259414726576,Epidemic intelligence subnational data
Czechia,Kraj Vysocina,CZ063,2020-38,187.912038335625,Epidemic intelligence subnational data
Czechia,Kraj Vysocina,CZ063,2020-39,265.783728543603,Epidemic intelligence subnational data
Czechia,Kraj Vysocina,CZ063,2020-40,344.440020164256,Epidemic intelligence subnational data
Czechia,Kraj Vysocina,CZ063,2020-41,617.677462128271,Epidemic intelligence subnational data
Czechia,Kraj Vysocina,CZ063,2020-42,1023.90484354067,Epidemic intelligence subnational data
Czechia,Kraj Vysocina,CZ063,2020-43,1410.5171896362,Epidemic intelligence subnational data
Czechia,Kraj Vysocina,CZ063,2020-44,1551.74544391767,Epidemic intelligence subnational data
Czechia,Kraj Vysocina,CZ063,2020-45,1684.14693230655,Epidemic intelligence subnational data
Czechia,Kraj Vysocina,CZ063,2020-46,1650.80137226787,Epidemic intelligence subnational data
Czechia,Kraj Vysocina,CZ063,2020-47,1153.75637733836,Epidemic intelligence subnational data
Czechia,Kraj Vysocina,CZ063,2020-48,845.800322863481,Epidemic intelligence subnational data
Czechia,Kraj Vysocina,CZ063,2020-49,701.825963637648,Epidemic intelligence subnational data
Czechia,Kraj Vysocina,CZ063,2020-50,639.646301683166,Epidemic intelligence subnational data
Czechia,Kraj Vysocina,CZ063,2020-51,784.012961615337,Epidemic intelligence subnational data
Czechia,Kraj Vysocina,CZ063,2020-52,888.168799147923,Epidemic intelligence subnational data
Czechia,Kraj Vysocina,CZ063,2020-53,1081.96534807861,Epidemic intelligence subnational data
Czechia,Kraj Vysocina,CZ063,2021-01,1401.49427339044,Epidemic intelligence subnational data
Czechia,Kraj Vysocina,CZ063,2021-02,1226.13585765761,Epidemic intelligence subnational data
Czechia,Kraj Vysocina,CZ063,2021-03,799.116538809328,Epidemic intelligence subnational data
Czechia,Kraj Vysocina,CZ063,2021-04,644.746210865553,Epidemic intelligence subnational data
Czechia,Kraj Vysocina,CZ063,2021-05,638.861700270491,Epidemic intelligence subnational data
Czechia,Kraj Vysocina,CZ063,2021-06,664.753546888761,Epidemic intelligence subnational data
Czechia,Kraj Vysocina,CZ063,2021-07,742.036786037233,Epidemic intelligence subnational data
Czechia,Kraj Vysocina,CZ063,2021-08,965.452038296395,Epidemic intelligence subnational data
Czechia,Kraj Vysocina,CZ063,2021-09,1230.45116542732,Epidemic intelligence subnational data
Czechia,Kraj Vysocina,CZ063,2021-10,1347.35677591588,Epidemic intelligence subnational data
Czechia,Kraj Vysocina,CZ063,2021-11,1289.88472243744,Epidemic intelligence subnational data
Czechia,Kraj Vysocina,CZ063,2021-12,1139.82970226338,Epidemic intelligence subnational data
Czechia,Kraj Vysocina,CZ063,2021-13,928.18347119434,Epidemic intelligence subnational data
Czechia,Kraj Vysocina,CZ063,2021-14,767.536331949166,Epidemic intelligence subnational data
Czechia,Kraj Vysocina,CZ063,2021-15,636.704046385636,Epidemic intelligence subnational data
Czechia,Kraj Vysocina,CZ063,2021-16,466.641690188363,Epidemic intelligence subnational data
Czechia,Kraj Vysocina,CZ063,2021-17,370.135716429357,Epidemic intelligence subnational data
Czechia,Kraj Vysocina,CZ063,2021-18,319.136624605493,Epidemic intelligence subnational data
Czechia,Kraj Vysocina,CZ063,2021-19,231.457416739079,Epidemic intelligence subnational data
Czechia,Kraj Vysocina,CZ063,2021-20,133.186089801555,Epidemic intelligence subnational data
Czechia,Kraj Vysocina,CZ063,2021-21,80.6177951523402,Epidemic intelligence subnational data
Czechia,Kraj Vysocina,CZ063,2021-22,49.6260393516839,Epidemic intelligence subnational data
Czechia,Kraj Vysocina,CZ063,2021-23,28.2456508562944,Epidemic intelligence subnational data
Czechia,Kraj Vysocina,CZ063,2021-24,20.5957870827146,Epidemic intelligence subnational data
Czechia,Kraj Vysocina,CZ063,2021-25,7.84601412674844,Epidemic intelligence subnational data
Czechia,Kraj Vysocina,CZ063,2021-26,4.11915741654293,Epidemic intelligence subnational data
Czechia,Kraj Vysocina,CZ063,2021-27,18.2419828446901,Epidemic intelligence subnational data
Czechia,Kraj Vysocina,CZ063,2021-28,21.9688395548956,Epidemic intelligence subnational data
Czechia,Kraj Vysocina,CZ063,2021-29,12.9459233091349,Epidemic intelligence subnational data
Czechia,Kraj Vysocina,CZ063,2021-30,15.1035771939907,Epidemic intelligence subnational data
Czechia,Kraj Vysocina,CZ063,2021-31,22.1649899080643,Epidemic intelligence subnational data
Czechia,Kraj Vysocina,CZ063,2021-32,24.7149444992576,Epidemic intelligence subnational data
Czechia,Kraj Vysocina,CZ063,2021-33,19.4188849637024,Epidemic intelligence subnational data
Czechia,Kraj Vysocina,CZ063,2021-34,17.8496821383527,Epidemic intelligence subnational data
Czechia,Kraj Vysocina,CZ063,2021-35,27.6571997967882,Epidemic intelligence subnational data
Czechia,Kraj Vysocina,CZ063,2021-36,36.6801160425489,Epidemic intelligence subnational data
Czechia,Kraj Vysocina,CZ063,2021-37,31.9725075664999,Epidemic intelligence subnational data
Czechia,Kraj Vysocina,CZ063,2021-38,34.5224621576931,Epidemic intelligence subnational data
Czechia,Kraj Vysocina,CZ063,2021-39,46.2914833478158,Epidemic intelligence subnational data
Czechia,Kraj Vysocina,CZ063,2021-40,80.8139455055089,Epidemic intelligence subnational data
Czechia,Kraj Vysocina,CZ063,2021-41,108.863446008635,Epidemic intelligence subnational data
Czechia,Kraj Vysocina,CZ063,2021-42,210.861629656364,Epidemic intelligence subnational data
Czechia,Kraj Vysocina,CZ063,2021-43,425.450116022934,Epidemic intelligence subnational data
Czechia,Kraj Vysocina,CZ063,2021-44,643.765459099709,Epidemic intelligence subnational data
Czechia,Kraj Vysocina,CZ063,2021-45,954.271468165778,Epidemic intelligence subnational data
Czechia,Kraj Vysocina,CZ063,2021-46,1498.58869820895,Epidemic intelligence subnational data
Czechia,Kraj Vysocina,CZ063,2021-47,2106.85094338512,Epidemic intelligence subnational data
Czechia,Kraj Vysocina,CZ063,2021-48,2377.14613005161,Epidemic intelligence subnational data
Czechia,Kraj Vysocina,CZ063,2021-49,2197.47240654907,Epidemic intelligence subnational data
Czechia,Kraj Vysocina,CZ063,2021-50,1768.68773452227,Epidemic intelligence subnational data
Czechia,Kraj Vysocina,CZ063,2021-51,1144.53731073943,Epidemic intelligence subnational data
Czechia,Kraj Vysocina,CZ063,2021-52,715.948789065795,Epidemic intelligence subnational data
Czechia,Kraj Vysocina,CZ063,2022-01,622.581220957488,Epidemic intelligence subnational data
Czechia,Kraj Vysocina,CZ063,2022-02,698.883708340117,Epidemic intelligence subnational data
Czechia,Kraj Vysocina,CZ063,2022-03,1364.81415734789,Epidemic intelligence subnational data
Czechia,Kraj Vysocina,CZ063,2022-04,2789.65032276541,Epidemic intelligence subnational data
Czechia,Jihomoravsky Kraj,CZ064,2020-14,,Epidemic intelligence subnational data
Czechia,Jihomoravsky Kraj,CZ064,2020-15,16.0236378020267,Epidemic intelligence subnational data
Czechia,Jihomoravsky Kraj,CZ064,2020-16,10.1511003876714,Epidemic intelligence subnational data
Czechia,Jihomoravsky Kraj,CZ064,2020-17,6.71147133069181,Epidemic intelligence subnational data
Czechia,Jihomoravsky Kraj,CZ064,2020-18,4.86581671475156,Epidemic intelligence subnational data
Czechia,Jihomoravsky Kraj,CZ064,2020-19,4.19466958168238,Epidemic intelligence subnational data
Czechia,Jihomoravsky Kraj,CZ064,2020-20,4.61413653985062,Epidemic intelligence subnational data
Czechia,Jihomoravsky Kraj,CZ064,2020-21,3.18794888207861,Epidemic intelligence subnational data
Czechia,Jihomoravsky Kraj,CZ064,2020-22,4.53024314821697,Epidemic intelligence subnational data
Czechia,Jihomoravsky Kraj,CZ064,2020-23,4.78192332311791,Epidemic intelligence subnational data
Czechia,Jihomoravsky Kraj,CZ064,2020-24,3.94298940678144,Epidemic intelligence subnational data
Czechia,Jihomoravsky Kraj,CZ064,2020-25,4.19466958168238,Epidemic intelligence subnational data
Czechia,Jihomoravsky Kraj,CZ064,2020-26,4.11077619004873,Epidemic intelligence subnational data
Czechia,Jihomoravsky Kraj,CZ064,2020-27,3.77520262351414,Epidemic intelligence subnational data
Czechia,Jihomoravsky Kraj,CZ064,2020-28,4.27856297331603,Epidemic intelligence subnational data
Czechia,Jihomoravsky Kraj,CZ064,2020-29,10.8222475207405,Epidemic intelligence subnational data
Czechia,Jihomoravsky Kraj,CZ064,2020-30,17.0303585016305,Epidemic intelligence subnational data
Czechia,Jihomoravsky Kraj,CZ064,2020-31,19.9666272088081,Epidemic intelligence subnational data
Czechia,Jihomoravsky Kraj,CZ064,2020-32,21.4767082582138,Epidemic intelligence subnational data
Czechia,Jihomoravsky Kraj,CZ064,2020-33,21.0572413000456,Epidemic intelligence subnational data
Czechia,Jihomoravsky Kraj,CZ064,2020-34,29.0271135052421,Epidemic intelligence subnational data
Czechia,Jihomoravsky Kraj,CZ064,2020-35,42.7017363415266,Epidemic intelligence subnational data
Czechia,Jihomoravsky Kraj,CZ064,2020-36,67.8697538316209,Epidemic intelligence subnational data
Czechia,Jihomoravsky Kraj,CZ064,2020-37,116.695707762404,Epidemic intelligence subnational data
Czechia,Jihomoravsky Kraj,CZ064,2020-38,180.370792012342,Epidemic intelligence subnational data
Czechia,Jihomoravsky Kraj,CZ064,2020-39,225.085969753077,Epidemic intelligence subnational data
Czechia,Jihomoravsky Kraj,CZ064,2020-40,313.006244185139,Epidemic intelligence subnational data
Czechia,Jihomoravsky Kraj,CZ064,2020-41,536.498239497177,Epidemic intelligence subnational data
Czechia,Jihomoravsky Kraj,CZ064,2020-42,852.608539172761,Epidemic intelligence subnational data
Czechia,Jihomoravsky Kraj,CZ064,2020-43,1240.78326226165,Epidemic intelligence subnational data
Czechia,Jihomoravsky Kraj,CZ064,2020-44,1204.70910385918,Epidemic intelligence subnational data
Czechia,Jihomoravsky Kraj,CZ064,2020-45,1094.22150707767,Epidemic intelligence subnational data
Czechia,Jihomoravsky Kraj,CZ064,2020-46,996.5695992161,Epidemic intelligence subnational data
Czechia,Jihomoravsky Kraj,CZ064,2020-47,638.260923548791,Epidemic intelligence subnational data
Czechia,Jihomoravsky Kraj,CZ064,2020-48,485.826630950453,Epidemic intelligence subnational data
Czechia,Jihomoravsky Kraj,CZ064,2020-49,455.541116570707,Epidemic intelligence subnational data
Czechia,Jihomoravsky Kraj,CZ064,2020-50,518.545053687576,Epidemic intelligence subnational data
Czechia,Jihomoravsky Kraj,CZ064,2020-51,654.871815092253,Epidemic intelligence subnational data
Czechia,Jihomoravsky Kraj,CZ064,2020-52,728.362426163329,Epidemic intelligence subnational data
Czechia,Jihomoravsky Kraj,CZ064,2020-53,905.209695727058,Epidemic intelligence subnational data
Czechia,Jihomoravsky Kraj,CZ064,2021-01,1236.4208058967,Epidemic intelligence subnational data
Czechia,Jihomoravsky Kraj,CZ064,2021-02,1147.07434380686,Epidemic intelligence subnational data
Czechia,Jihomoravsky Kraj,CZ064,2021-03,819.554542869104,Epidemic intelligence subnational data
Czechia,Jihomoravsky Kraj,CZ064,2021-04,715.778417418282,Epidemic intelligence subnational data
Czechia,Jihomoravsky Kraj,CZ064,2021-05,693.294988460464,Epidemic intelligence subnational data
Czechia,Jihomoravsky Kraj,CZ064,2021-06,704.70448972264,Epidemic intelligence subnational data
Czechia,Jihomoravsky Kraj,CZ064,2021-07,818.967289127668,Epidemic intelligence subnational data
Czechia,Jihomoravsky Kraj,CZ064,2021-08,1025.84839289624,Epidemic intelligence subnational data
Czechia,Jihomoravsky Kraj,CZ064,2021-09,1190.78280084799,Epidemic intelligence subnational data
Czechia,Jihomoravsky Kraj,CZ064,2021-10,1208.56819987433,Epidemic intelligence subnational data
Czechia,Jihomoravsky Kraj,CZ064,2021-11,1098.33228326772,Epidemic intelligence subnational data
Czechia,Jihomoravsky Kraj,CZ064,2021-12,930.377713217152,Epidemic intelligence subnational data
Czechia,Jihomoravsky Kraj,CZ064,2021-13,702.523261540165,Epidemic intelligence subnational data
Czechia,Jihomoravsky Kraj,CZ064,2021-14,550.508435899996,Epidemic intelligence subnational data
Czechia,Jihomoravsky Kraj,CZ064,2021-15,455.457223179073,Epidemic intelligence subnational data
Czechia,Jihomoravsky Kraj,CZ064,2021-16,352.855605211122,Epidemic intelligence subnational data
Czechia,Jihomoravsky Kraj,CZ064,2021-17,295.053058375539,Epidemic intelligence subnational data
Czechia,Jihomoravsky Kraj,CZ064,2021-18,234.649816399312,Epidemic intelligence subnational data
Czechia,Jihomoravsky Kraj,CZ064,2021-19,177.770096871699,Epidemic intelligence subnational data
Czechia,Jihomoravsky Kraj,CZ064,2021-20,120.554803777552,Epidemic intelligence subnational data
Czechia,Jihomoravsky Kraj,CZ064,2021-21,74.6651185539464,Epidemic intelligence subnational data
Czechia,Jihomoravsky Kraj,CZ064,2021-22,52.7689433375644,Epidemic intelligence subnational data
Czechia,Jihomoravsky Kraj,CZ064,2021-23,34.0607170032609,Epidemic intelligence subnational data
Czechia,Jihomoravsky Kraj,CZ064,2021-24,15.1847038856902,Epidemic intelligence subnational data
Czechia,Jihomoravsky Kraj,CZ064,2021-25,19.1276932924717,Epidemic intelligence subnational data
Czechia,Jihomoravsky Kraj,CZ064,2021-26,18.4565461594025,Epidemic intelligence subnational data
Czechia,Jihomoravsky Kraj,CZ064,2021-27,12.2484351785126,Epidemic intelligence subnational data
Czechia,Jihomoravsky Kraj,CZ064,2021-28,14.765236927522,Epidemic intelligence subnational data
Czechia,Jihomoravsky Kraj,CZ064,2021-29,16.2753179769276,Epidemic intelligence subnational data
Czechia,Jihomoravsky Kraj,CZ064,2021-30,15.1008104940566,Epidemic intelligence subnational data
Czechia,Jihomoravsky Kraj,CZ064,2021-31,16.7786783267295,Epidemic intelligence subnational data
Czechia,Jihomoravsky Kraj,CZ064,2021-32,20.2183073837091,Epidemic intelligence subnational data
Czechia,Jihomoravsky Kraj,CZ064,2021-33,19.6310536422736,Epidemic intelligence subnational data
Czechia,Jihomoravsky Kraj,CZ064,2021-34,20.3860941669764,Epidemic intelligence subnational data
Czechia,Jihomoravsky Kraj,CZ064,2021-35,29.9499408132122,Epidemic intelligence subnational data
Czechia,Jihomoravsky Kraj,CZ064,2021-36,41.3594420753883,Epidemic intelligence subnational data
Czechia,Jihomoravsky Kraj,CZ064,2021-37,44.2118173909323,Epidemic intelligence subnational data
Czechia,Jihomoravsky Kraj,CZ064,2021-38,55.5374252614747,Epidemic intelligence subnational data
Czechia,Jihomoravsky Kraj,CZ064,2021-39,84.3128585918159,Epidemic intelligence subnational data
Czechia,Jihomoravsky Kraj,CZ064,2021-40,137.669055670816,Epidemic intelligence subnational data
Czechia,Jihomoravsky Kraj,CZ064,2021-41,176.17612243066,Epidemic intelligence subnational data
Czechia,Jihomoravsky Kraj,CZ064,2021-42,353.862325910726,Epidemic intelligence subnational data
Czechia,Jihomoravsky Kraj,CZ064,2021-43,740.107500992039,Epidemic intelligence subnational data
Czechia,Jihomoravsky Kraj,CZ064,2021-44,1153.70192174592,Epidemic intelligence subnational data
Czechia,Jihomoravsky Kraj,CZ064,2021-45,1649.42797290915,Epidemic intelligence subnational data
Czechia,Jihomoravsky Kraj,CZ064,2021-46,2236.17835399488,Epidemic intelligence subnational data
Czechia,Jihomoravsky Kraj,CZ064,2021-47,2744.48841390315,Epidemic intelligence subnational data
Czechia,Jihomoravsky Kraj,CZ064,2021-48,2677.70927416276,Epidemic intelligence subnational data
Czechia,Jihomoravsky Kraj,CZ064,2021-49,2064.9519416706,Epidemic intelligence subnational data
Czechia,Jihomoravsky Kraj,CZ064,2021-50,1437.00990529275,Epidemic intelligence subnational data
Czechia,Jihomoravsky Kraj,CZ064,2021-51,887.675976875626,Epidemic intelligence subnational data
Czechia,Jihomoravsky Kraj,CZ064,2021-52,648.999277677898,Epidemic intelligence subnational data
Czechia,Jihomoravsky Kraj,CZ064,2022-01,714.771696718678,Epidemic intelligence subnational data
Czechia,Jihomoravsky Kraj,CZ064,2022-02,1044.30493905565,Epidemic intelligence subnational data
Czechia,Jihomoravsky Kraj,CZ064,2022-03,1946.99783303369,Epidemic intelligence subnational data
Czechia,Jihomoravsky Kraj,CZ064,2022-04,3516.22372354107,Epidemic intelligence subnational data
Czechia,Olomoucky Kraj,CZ071,2020-14,,Epidemic intelligence subnational data
Czechia,Olomoucky Kraj,CZ071,2020-15,53.1632951749563,Epidemic intelligence subnational data
Czechia,Olomoucky Kraj,CZ071,2020-16,37.3408858966955,Epidemic intelligence subnational data
Czechia,Olomoucky Kraj,CZ071,2020-17,14.2401683504347,Epidemic intelligence subnational data
Czechia,Olomoucky Kraj,CZ071,2020-18,6.96186008243475,Epidemic intelligence subnational data
Czechia,Olomoucky Kraj,CZ071,2020-19,4.90494687626085,Epidemic intelligence subnational data
Czechia,Olomoucky Kraj,CZ071,2020-20,4.58849869069563,Epidemic intelligence subnational data
Czechia,Olomoucky Kraj,CZ071,2020-21,3.16448185565216,Epidemic intelligence subnational data
Czechia,Olomoucky Kraj,CZ071,2020-22,3.32270594843477,Epidemic intelligence subnational data
Czechia,Olomoucky Kraj,CZ071,2020-23,13.6072719793043,Epidemic intelligence subnational data
Czechia,Olomoucky Kraj,CZ071,2020-24,15.5059610926956,Epidemic intelligence subnational data
Czechia,Olomoucky Kraj,CZ071,2020-25,8.38587691747823,Epidemic intelligence subnational data
Czechia,Olomoucky Kraj,CZ071,2020-26,9.8098937525217,Epidemic intelligence subnational data
Czechia,Olomoucky Kraj,CZ071,2020-27,6.48718780408693,Epidemic intelligence subnational data
Czechia,Olomoucky Kraj,CZ071,2020-28,6.32896371130432,Epidemic intelligence subnational data
Czechia,Olomoucky Kraj,CZ071,2020-29,8.38587691747823,Epidemic intelligence subnational data
Czechia,Olomoucky Kraj,CZ071,2020-30,8.06942873191301,Epidemic intelligence subnational data
Czechia,Olomoucky Kraj,CZ071,2020-31,16.9299779277391,Epidemic intelligence subnational data
Czechia,Olomoucky Kraj,CZ071,2020-32,16.6135297421738,Epidemic intelligence subnational data
Czechia,Olomoucky Kraj,CZ071,2020-33,11.3921346803478,Epidemic intelligence subnational data
Czechia,Olomoucky Kraj,CZ071,2020-34,21.0438043400869,Epidemic intelligence subnational data
Czechia,Olomoucky Kraj,CZ071,2020-35,26.7398716802608,Epidemic intelligence subnational data
Czechia,Olomoucky Kraj,CZ071,2020-36,35.2839726905216,Epidemic intelligence subnational data
Czechia,Olomoucky Kraj,CZ071,2020-37,73.7324272366953,Epidemic intelligence subnational data
Czechia,Olomoucky Kraj,CZ071,2020-38,138.92075346313,Epidemic intelligence subnational data
Czechia,Olomoucky Kraj,CZ071,2020-39,236.070346431651,Epidemic intelligence subnational data
Czechia,Olomoucky Kraj,CZ071,2020-40,356.637105131999,Epidemic intelligence subnational data
Czechia,Olomoucky Kraj,CZ071,2020-41,571.347199037998,Epidemic intelligence subnational data
Czechia,Olomoucky Kraj,CZ071,2020-42,1104.24594352982,Epidemic intelligence subnational data
Czechia,Olomoucky Kraj,CZ071,2020-43,1722.58569812425,Epidemic intelligence subnational data
Czechia,Olomoucky Kraj,CZ071,2020-44,1642.68253126904,Epidemic intelligence subnational data
Czechia,Olomoucky Kraj,CZ071,2020-45,1399.1756524766,Epidemic intelligence subnational data
Czechia,Olomoucky Kraj,CZ071,2020-46,1160.09904828208,Epidemic intelligence subnational data
Czechia,Olomoucky Kraj,CZ071,2020-47,696.027784150693,Epidemic intelligence subnational data
Czechia,Olomoucky Kraj,CZ071,2020-48,517.551007491911,Epidemic intelligence subnational data
Czechia,Olomoucky Kraj,CZ071,2020-49,510.430923316694,Epidemic intelligence subnational data
Czechia,Olomoucky Kraj,CZ071,2020-50,621.187788264519,Epidemic intelligence subnational data
Czechia,Olomoucky Kraj,CZ071,2020-51,796.816531253214,Epidemic intelligence subnational data
Czechia,Olomoucky Kraj,CZ071,2020-52,840.011708582866,Epidemic intelligence subnational data
Czechia,Olomoucky Kraj,CZ071,2020-53,1035.73491135495,Epidemic intelligence subnational data
Czechia,Olomoucky Kraj,CZ071,2021-01,1362.94233522939,Epidemic intelligence subnational data
Czechia,Olomoucky Kraj,CZ071,2021-02,1214.21168801373,Epidemic intelligence subnational data
Czechia,Olomoucky Kraj,CZ071,2021-03,891.909211015561,Epidemic intelligence subnational data
Czechia,Olomoucky Kraj,CZ071,2021-04,787.164861593475,Epidemic intelligence subnational data
Czechia,Olomoucky Kraj,CZ071,2021-05,728.147274985562,Epidemic intelligence subnational data
Czechia,Olomoucky Kraj,CZ071,2021-06,731.786429119562,Epidemic intelligence subnational data
Czechia,Olomoucky Kraj,CZ071,2021-07,833.840968964344,Epidemic intelligence subnational data
Czechia,Olomoucky Kraj,CZ071,2021-08,1000.92561094278,Epidemic intelligence subnational data
Czechia,Olomoucky Kraj,CZ071,2021-09,1167.69380473565,Epidemic intelligence subnational data
Czechia,Olomoucky Kraj,CZ071,2021-10,1250.60322935373,Epidemic intelligence subnational data
Czechia,Olomoucky Kraj,CZ071,2021-11,1190.31985000356,Epidemic intelligence subnational data
Czechia,Olomoucky Kraj,CZ071,2021-12,1002.34962777782,Epidemic intelligence subnational data
Czechia,Olomoucky Kraj,CZ071,2021-13,715.964019841301,Epidemic intelligence subnational data
Czechia,Olomoucky Kraj,CZ071,2021-14,624.352270120171,Epidemic intelligence subnational data
Czechia,Olomoucky Kraj,CZ071,2021-15,599.827535738867,Epidemic intelligence subnational data
Czechia,Olomoucky Kraj,CZ071,2021-16,436.856720172781,Epidemic intelligence subnational data
Czechia,Olomoucky Kraj,CZ071,2021-17,343.97917770939,Epidemic intelligence subnational data
Czechia,Olomoucky Kraj,CZ071,2021-18,234.80455368939,Epidemic intelligence subnational data
Czechia,Olomoucky Kraj,CZ071,2021-19,157.432972318695,Epidemic intelligence subnational data
Czechia,Olomoucky Kraj,CZ071,2021-20,130.693100638434,Epidemic intelligence subnational data
Czechia,Olomoucky Kraj,CZ071,2021-21,97.9407134324344,Epidemic intelligence subnational data
Czechia,Olomoucky Kraj,CZ071,2021-22,56.6442252161737,Epidemic intelligence subnational data
Czechia,Olomoucky Kraj,CZ071,2021-23,28.3221126080868,Epidemic intelligence subnational data
Czechia,Olomoucky Kraj,CZ071,2021-24,14.2401683504347,Epidemic intelligence subnational data
Czechia,Olomoucky Kraj,CZ071,2021-25,5.69606734017389,Epidemic intelligence subnational data
Czechia,Olomoucky Kraj,CZ071,2021-26,3.79737822678259,Epidemic intelligence subnational data
Czechia,Olomoucky Kraj,CZ071,2021-27,8.70232510304344,Epidemic intelligence subnational data
Czechia,Olomoucky Kraj,CZ071,2021-28,13.1325997009565,Epidemic intelligence subnational data
Czechia,Olomoucky Kraj,CZ071,2021-29,10.7592383092173,Epidemic intelligence subnational data
Czechia,Olomoucky Kraj,CZ071,2021-30,7.43653236078258,Epidemic intelligence subnational data
Czechia,Olomoucky Kraj,CZ071,2021-31,17.8793224844347,Epidemic intelligence subnational data
Czechia,Olomoucky Kraj,CZ071,2021-32,20.8855802473043,Epidemic intelligence subnational data
Czechia,Olomoucky Kraj,CZ071,2021-33,12.0250310514782,Epidemic intelligence subnational data
Czechia,Olomoucky Kraj,CZ071,2021-34,12.6579274226086,Epidemic intelligence subnational data
Czechia,Olomoucky Kraj,CZ071,2021-35,17.0882020205217,Epidemic intelligence subnational data
Czechia,Olomoucky Kraj,CZ071,2021-36,22.4678211751303,Epidemic intelligence subnational data
Czechia,Olomoucky Kraj,CZ071,2021-37,35.2839726905216,Epidemic intelligence subnational data
Czechia,Olomoucky Kraj,CZ071,2021-38,42.8787291440868,Epidemic intelligence subnational data
Czechia,Olomoucky Kraj,CZ071,2021-39,61.3909479996519,Epidemic intelligence subnational data
Czechia,Olomoucky Kraj,CZ071,2021-40,131.167772916782,Epidemic intelligence subnational data
Czechia,Olomoucky Kraj,CZ071,2021-41,210.754491586434,Epidemic intelligence subnational data
Czechia,Olomoucky Kraj,CZ071,2021-42,438.438961100607,Epidemic intelligence subnational data
Czechia,Olomoucky Kraj,CZ071,2021-43,838.271243562257,Epidemic intelligence subnational data
Czechia,Olomoucky Kraj,CZ071,2021-44,1327.97481072443,Epidemic intelligence subnational data
Czechia,Olomoucky Kraj,CZ071,2021-45,1932.86551743234,Epidemic intelligence subnational data
Czechia,Olomoucky Kraj,CZ071,2021-46,2544.87630831547,Epidemic intelligence subnational data
Czechia,Olomoucky Kraj,CZ071,2021-47,3146.60253316773,Epidemic intelligence subnational data
Czechia,Olomoucky Kraj,CZ071,2021-48,3007.04888333347,Epidemic intelligence subnational data
Czechia,Olomoucky Kraj,CZ071,2021-49,2177.47996487425,Epidemic intelligence subnational data
Czechia,Olomoucky Kraj,CZ071,2021-50,1508.50850058939,Epidemic intelligence subnational data
Czechia,Olomoucky Kraj,CZ071,2021-51,937.003077458605,Epidemic intelligence subnational data
Czechia,Olomoucky Kraj,CZ071,2021-52,599.98575983165,Epidemic intelligence subnational data
Czechia,Olomoucky Kraj,CZ071,2022-01,611.061446326432,Epidemic intelligence subnational data
Czechia,Olomoucky Kraj,CZ071,2022-02,945.072506190518,Epidemic intelligence subnational data
Czechia,Olomoucky Kraj,CZ071,2022-03,1820.36818746391,Epidemic intelligence subnational data
Czechia,Olomoucky Kraj,CZ071,2022-04,3227.61326867242,Epidemic intelligence subnational data
Czechia,Zlinsky Kraj,CZ072,2020-14,,Epidemic intelligence subnational data
Czechia,Zlinsky Kraj,CZ072,2020-15,23.1737775832325,Epidemic intelligence subnational data
Czechia,Zlinsky Kraj,CZ072,2020-16,16.9941035610372,Epidemic intelligence subnational data
Czechia,Zlinsky Kraj,CZ072,2020-17,10.9860871505695,Epidemic intelligence subnational data
Czechia,Zlinsky Kraj,CZ072,2020-18,6.00801641046768,Epidemic intelligence subnational data
Czechia,Zlinsky Kraj,CZ072,2020-19,1.54491850554883,Epidemic intelligence subnational data
Czechia,Zlinsky Kraj,CZ072,2020-20,2.91817939937002,Epidemic intelligence subnational data
Czechia,Zlinsky Kraj,CZ072,2020-21,5.32138596355709,Epidemic intelligence subnational data
Czechia,Zlinsky Kraj,CZ072,2020-22,4.2914402931912,Epidemic intelligence subnational data
Czechia,Zlinsky Kraj,CZ072,2020-23,1.02994567036589,Epidemic intelligence subnational data
Czechia,Zlinsky Kraj,CZ072,2020-24,0.686630446910592,Epidemic intelligence subnational data
Czechia,Zlinsky Kraj,CZ072,2020-25,1.02994567036589,Epidemic intelligence subnational data
Czechia,Zlinsky Kraj,CZ072,2020-26,1.20160328209354,Epidemic intelligence subnational data
Czechia,Zlinsky Kraj,CZ072,2020-27,1.20160328209354,Epidemic intelligence subnational data
Czechia,Zlinsky Kraj,CZ072,2020-28,6.17967402219533,Epidemic intelligence subnational data
Czechia,Zlinsky Kraj,CZ072,2020-29,12.8743208795736,Epidemic intelligence subnational data
Czechia,Zlinsky Kraj,CZ072,2020-30,13.7326089382118,Epidemic intelligence subnational data
Czechia,Zlinsky Kraj,CZ072,2020-31,14.2475817733948,Epidemic intelligence subnational data
Czechia,Zlinsky Kraj,CZ072,2020-32,15.9641578906713,Epidemic intelligence subnational data
Czechia,Zlinsky Kraj,CZ072,2020-33,25.4053265356919,Epidemic intelligence subnational data
Czechia,Zlinsky Kraj,CZ072,2020-34,27.4652178764237,Epidemic intelligence subnational data
Czechia,Zlinsky Kraj,CZ072,2020-35,25.7486417591472,Epidemic intelligence subnational data
Czechia,Zlinsky Kraj,CZ072,2020-36,37.5930169683549,Epidemic intelligence subnational data
Czechia,Zlinsky Kraj,CZ072,2020-37,101.106333307585,Epidemic intelligence subnational data
Czechia,Zlinsky Kraj,CZ072,2020-38,209.593943919458,Epidemic intelligence subnational data
Czechia,Zlinsky Kraj,CZ072,2020-39,294.221146501189,Epidemic intelligence subnational data
Czechia,Zlinsky Kraj,CZ072,2020-40,427.599110813571,Epidemic intelligence subnational data
Czechia,Zlinsky Kraj,CZ072,2020-41,754.091888319558,Epidemic intelligence subnational data
Czechia,Zlinsky Kraj,CZ072,2020-42,1344.7657302744,Epidemic intelligence subnational data
Czechia,Zlinsky Kraj,CZ072,2020-43,2029.16462823253,Epidemic intelligence subnational data
Czechia,Zlinsky Kraj,CZ072,2020-44,1993.45984499318,Epidemic intelligence subnational data
Czechia,Zlinsky Kraj,CZ072,2020-45,1724.81568263941,Epidemic intelligence subnational data
Czechia,Zlinsky Kraj,CZ072,2020-46,1388.36676365322,Epidemic intelligence subnational data
Czechia,Zlinsky Kraj,CZ072,2020-47,847.473629099398,Epidemic intelligence subnational data
Czechia,Zlinsky Kraj,CZ072,2020-48,686.115474075409,Epidemic intelligence subnational data
Czechia,Zlinsky Kraj,CZ072,2020-49,628.43851653492,Epidemic intelligence subnational data
Czechia,Zlinsky Kraj,CZ072,2020-50,729.201534619049,Epidemic intelligence subnational data
Czechia,Zlinsky Kraj,CZ072,2020-51,997.67403936109,Epidemic intelligence subnational data
Czechia,Zlinsky Kraj,CZ072,2020-52,1117.83436757044,Epidemic intelligence subnational data
Czechia,Zlinsky Kraj,CZ072,2020-53,1354.37855653114,Epidemic intelligence subnational data
Czechia,Zlinsky Kraj,CZ072,2021-01,1728.76380770914,Epidemic intelligence subnational data
Czechia,Zlinsky Kraj,CZ072,2021-02,1416.00363914137,Epidemic intelligence subnational data
Czechia,Zlinsky Kraj,CZ072,2021-03,892.61958098377,Epidemic intelligence subnational data
Czechia,Zlinsky Kraj,CZ072,2021-04,691.093544815511,Epidemic intelligence subnational data
Czechia,Zlinsky Kraj,CZ072,2021-05,542.26639544764,Epidemic intelligence subnational data
Czechia,Zlinsky Kraj,CZ072,2021-06,477.036502991134,Epidemic intelligence subnational data
Czechia,Zlinsky Kraj,CZ072,2021-07,529.735389791522,Epidemic intelligence subnational data
Czechia,Zlinsky Kraj,CZ072,2021-08,695.55664272043,Epidemic intelligence subnational data
Czechia,Zlinsky Kraj,CZ072,2021-09,828.076318974174,Epidemic intelligence subnational data
Czechia,Zlinsky Kraj,CZ072,2021-10,883.521727562204,Epidemic intelligence subnational data
Czechia,Zlinsky Kraj,CZ072,2021-11,861.892868484521,Epidemic intelligence subnational data
Czechia,Zlinsky Kraj,CZ072,2021-12,812.627133918686,Epidemic intelligence subnational data
Czechia,Zlinsky Kraj,CZ072,2021-13,770.227703821957,Epidemic intelligence subnational data
Czechia,Zlinsky Kraj,CZ072,2021-14,689.891941533418,Epidemic intelligence subnational data
Czechia,Zlinsky Kraj,CZ072,2021-15,615.735853267074,Epidemic intelligence subnational data
Czechia,Zlinsky Kraj,CZ072,2021-16,549.990987975384,Epidemic intelligence subnational data
Czechia,Zlinsky Kraj,CZ072,2021-17,460.042399430097,Epidemic intelligence subnational data
Czechia,Zlinsky Kraj,CZ072,2021-18,340.740359279381,Epidemic intelligence subnational data
Czechia,Zlinsky Kraj,CZ072,2021-19,241.693917312528,Epidemic intelligence subnational data
Czechia,Zlinsky Kraj,CZ072,2021-20,169.769377998644,Epidemic intelligence subnational data
Czechia,Zlinsky Kraj,CZ072,2021-21,111.234132399516,Epidemic intelligence subnational data
Czechia,Zlinsky Kraj,CZ072,2021-22,71.5812240904292,Epidemic intelligence subnational data
Czechia,Zlinsky Kraj,CZ072,2021-23,43.429375767095,Epidemic intelligence subnational data
Czechia,Zlinsky Kraj,CZ072,2021-24,21.972174301139,Epidemic intelligence subnational data
Czechia,Zlinsky Kraj,CZ072,2021-25,16.3074731141266,Epidemic intelligence subnational data
Czechia,Zlinsky Kraj,CZ072,2021-26,14.0759241616671,Epidemic intelligence subnational data
Czechia,Zlinsky Kraj,CZ072,2021-27,10.1277990919312,Epidemic intelligence subnational data
Czechia,Zlinsky Kraj,CZ072,2021-28,12.187690432663,Epidemic intelligence subnational data
Czechia,Zlinsky Kraj,CZ072,2021-29,12.8743208795736,Epidemic intelligence subnational data
Czechia,Zlinsky Kraj,CZ072,2021-30,10.1277990919312,Epidemic intelligence subnational data
Czechia,Zlinsky Kraj,CZ072,2021-31,9.61282625674829,Epidemic intelligence subnational data
Czechia,Zlinsky Kraj,CZ072,2021-32,9.95614148020359,Epidemic intelligence subnational data
Czechia,Zlinsky Kraj,CZ072,2021-33,9.61282625674829,Epidemic intelligence subnational data
Czechia,Zlinsky Kraj,CZ072,2021-34,13.2176361030289,Epidemic intelligence subnational data
Czechia,Zlinsky Kraj,CZ072,2021-35,23.1737775832325,Epidemic intelligence subnational data
Czechia,Zlinsky Kraj,CZ072,2021-36,39.8245659208143,Epidemic intelligence subnational data
Czechia,Zlinsky Kraj,CZ072,2021-37,55.7887238114856,Epidemic intelligence subnational data
Czechia,Zlinsky Kraj,CZ072,2021-38,57.5052999287621,Epidemic intelligence subnational data
Czechia,Zlinsky Kraj,CZ072,2021-39,61.453424998498,Epidemic intelligence subnational data
Czechia,Zlinsky Kraj,CZ072,2021-40,111.749105234699,Epidemic intelligence subnational data
Czechia,Zlinsky Kraj,CZ072,2021-41,140.072611169761,Epidemic intelligence subnational data
Czechia,Zlinsky Kraj,CZ072,2021-42,277.742015775335,Epidemic intelligence subnational data
Czechia,Zlinsky Kraj,CZ072,2021-43,626.721940417643,Epidemic intelligence subnational data
Czechia,Zlinsky Kraj,CZ072,2021-44,1004.5403438302,Epidemic intelligence subnational data
Czechia,Zlinsky Kraj,CZ072,2021-45,1498.05597754718,Epidemic intelligence subnational data
Czechia,Zlinsky Kraj,CZ072,2021-46,2204.25539219473,Epidemic intelligence subnational data
Czechia,Zlinsky Kraj,CZ072,2021-47,2869.60029525109,Epidemic intelligence subnational data
Czechia,Zlinsky Kraj,CZ072,2021-48,2904.27513282008,Epidemic intelligence subnational data
Czechia,Zlinsky Kraj,CZ072,2021-49,2306.73498639613,Epidemic intelligence subnational data
Czechia,Zlinsky Kraj,CZ072,2021-50,1647.22644213851,Epidemic intelligence subnational data
Czechia,Zlinsky Kraj,CZ072,2021-51,1039.38683901091,Epidemic intelligence subnational data
Czechia,Zlinsky Kraj,CZ072,2021-52,717.528817021569,Epidemic intelligence subnational data
Czechia,Zlinsky Kraj,CZ072,2022-01,795.976345581104,Epidemic intelligence subnational data
Czechia,Zlinsky Kraj,CZ072,2022-02,1204.86477671636,Epidemic intelligence subnational data
Czechia,Zlinsky Kraj,CZ072,2022-03,2252.31952347847,Epidemic intelligence subnational data
Czechia,Zlinsky Kraj,CZ072,2022-04,3957.05126554574,Epidemic intelligence subnational data
Czechia,Moravskoslezsky Kraj,CZ080,2020-14,,Epidemic intelligence subnational data
Czechia,Moravskoslezsky Kraj,CZ080,2020-15,37.3165719730888,Epidemic intelligence subnational data
Czechia,Moravskoslezsky Kraj,CZ080,2020-16,35.4840617422674,Epidemic intelligence subnational data
Czechia,Moravskoslezsky Kraj,CZ080,2020-17,21.9068268502731,Epidemic intelligence subnational data
Czechia,Moravskoslezsky Kraj,CZ080,2020-18,18.5749900669616,Epidemic intelligence subnational data
Czechia,Moravskoslezsky Kraj,CZ080,2020-19,12.3277960982525,Epidemic intelligence subnational data
Czechia,Moravskoslezsky Kraj,CZ080,2020-20,13.1607552940804,Epidemic intelligence subnational data
Czechia,Moravskoslezsky Kraj,CZ080,2020-21,31.8190412806248,Epidemic intelligence subnational data
Czechia,Moravskoslezsky Kraj,CZ080,2020-22,29.403459612724,Epidemic intelligence subnational data
Czechia,Moravskoslezsky Kraj,CZ080,2020-23,20.1576125390346,Epidemic intelligence subnational data
Czechia,Moravskoslezsky Kraj,CZ080,2020-24,20.1576125390346,Epidemic intelligence subnational data
Czechia,Moravskoslezsky Kraj,CZ080,2020-25,28.0707248993994,Epidemic intelligence subnational data
Czechia,Moravskoslezsky Kraj,CZ080,2020-26,93.2914299327219,Epidemic intelligence subnational data
Czechia,Moravskoslezsky Kraj,CZ080,2020-27,112.94926695426,Epidemic intelligence subnational data
Czechia,Moravskoslezsky Kraj,CZ080,2020-28,67.7195826208062,Epidemic intelligence subnational data
Czechia,Moravskoslezsky Kraj,CZ080,2020-29,56.4746334771299,Epidemic intelligence subnational data
Czechia,Moravskoslezsky Kraj,CZ080,2020-30,53.2260926134012,Epidemic intelligence subnational data
Czechia,Moravskoslezsky Kraj,CZ080,2020-31,44.9797965747052,Epidemic intelligence subnational data
Czechia,Moravskoslezsky Kraj,CZ080,2020-32,43.3138781830494,Epidemic intelligence subnational data
Czechia,Moravskoslezsky Kraj,CZ080,2020-33,39.0657862843273,Epidemic intelligence subnational data
Czechia,Moravskoslezsky Kraj,CZ080,2020-34,34.2346229485256,Epidemic intelligence subnational data
Czechia,Moravskoslezsky Kraj,CZ080,2020-35,33.1517759939494,Epidemic intelligence subnational data
Czechia,Moravskoslezsky Kraj,CZ080,2020-36,35.7339495010158,Epidemic intelligence subnational data
Czechia,Moravskoslezsky Kraj,CZ080,2020-37,62.8884192850045,Epidemic intelligence subnational data
Czechia,Moravskoslezsky Kraj,CZ080,2020-38,124.777287535016,Epidemic intelligence subnational data
Czechia,Moravskoslezsky Kraj,CZ080,2020-39,167.924573878899,Epidemic intelligence subnational data
Czechia,Moravskoslezsky Kraj,CZ080,2020-40,267.213310021582,Epidemic intelligence subnational data
Czechia,Moravskoslezsky Kraj,CZ080,2020-41,516.434701413282,Epidemic intelligence subnational data
Czechia,Moravskoslezsky Kraj,CZ080,2020-42,817.382858865893,Epidemic intelligence subnational data
Czechia,Moravskoslezsky Kraj,CZ080,2020-43,1227.94844648945,Epidemic intelligence subnational data
Czechia,Moravskoslezsky Kraj,CZ080,2020-44,1364.55375460522,Epidemic intelligence subnational data
Czechia,Moravskoslezsky Kraj,CZ080,2020-45,1339.81486648914,Epidemic intelligence subnational data
Czechia,Moravskoslezsky Kraj,CZ080,2020-46,1162.14467001905,Epidemic intelligence subnational data
Czechia,Moravskoslezsky Kraj,CZ080,2020-47,737.335480146834,Epidemic intelligence subnational data
Czechia,Moravskoslezsky Kraj,CZ080,2020-48,572.909334890412,Epidemic intelligence subnational data
Czechia,Moravskoslezsky Kraj,CZ080,2020-49,590.401478002797,Epidemic intelligence subnational data
Czechia,Moravskoslezsky Kraj,CZ080,2020-50,729.172480027721,Epidemic intelligence subnational data
Czechia,Moravskoslezsky Kraj,CZ080,2020-51,1064.35526042886,Epidemic intelligence subnational data
Czechia,Moravskoslezsky Kraj,CZ080,2020-52,1285.67251876032,Epidemic intelligence subnational data
Czechia,Moravskoslezsky Kraj,CZ080,2020-53,1553.46890021899,Epidemic intelligence subnational data
Czechia,Moravskoslezsky Kraj,CZ080,2021-01,1918.97139534826,Epidemic intelligence subnational data
Czechia,Moravskoslezsky Kraj,CZ080,2021-02,1589.03625788084,Epidemic intelligence subnational data
Czechia,Moravskoslezsky Kraj,CZ080,2021-03,990.221892000177,Epidemic intelligence subnational data
Czechia,Moravskoslezsky Kraj,CZ080,2021-04,743.749265954709,Epidemic intelligence subnational data
Czechia,Moravskoslezsky Kraj,CZ080,2021-05,631.549662276694,Epidemic intelligence subnational data
Czechia,Moravskoslezsky Kraj,CZ080,2021-06,602.396090422718,Epidemic intelligence subnational data
Czechia,Moravskoslezsky Kraj,CZ080,2021-07,697.936510184176,Epidemic intelligence subnational data
Czechia,Moravskoslezsky Kraj,CZ080,2021-08,892.099298731653,Epidemic intelligence subnational data
Czechia,Moravskoslezsky Kraj,CZ080,2021-09,997.468637003879,Epidemic intelligence subnational data
Czechia,Moravskoslezsky Kraj,CZ080,2021-10,996.718973727634,Epidemic intelligence subnational data
Czechia,Moravskoslezsky Kraj,CZ080,2021-11,954.404646579578,Epidemic intelligence subnational data
Czechia,Moravskoslezsky Kraj,CZ080,2021-12,848.618828709438,Epidemic intelligence subnational data
Czechia,Moravskoslezsky Kraj,CZ080,2021-13,683.692907935519,Epidemic intelligence subnational data
Czechia,Moravskoslezsky Kraj,CZ080,2021-14,595.56582501693,Epidemic intelligence subnational data
Czechia,Moravskoslezsky Kraj,CZ080,2021-15,540.007446655211,Epidemic intelligence subnational data
Czechia,Moravskoslezsky Kraj,CZ080,2021-16,410.398995784394,Epidemic intelligence subnational data
Czechia,Moravskoslezsky Kraj,CZ080,2021-17,342.512821324422,Epidemic intelligence subnational data
Czechia,Moravskoslezsky Kraj,CZ080,2021-18,288.703657273941,Epidemic intelligence subnational data
Czechia,Moravskoslezsky Kraj,CZ080,2021-19,226.065125747685,Epidemic intelligence subnational data
Czechia,Moravskoslezsky Kraj,CZ080,2021-20,158.512134966044,Epidemic intelligence subnational data
Czechia,Moravskoslezsky Kraj,CZ080,2021-21,95.0406442439604,Epidemic intelligence subnational data
Czechia,Moravskoslezsky Kraj,CZ080,2021-22,59.6398784212758,Epidemic intelligence subnational data
Czechia,Moravskoslezsky Kraj,CZ080,2021-23,36.5669086968437,Epidemic intelligence subnational data
Czechia,Moravskoslezsky Kraj,CZ080,2021-24,21.6569390915247,Epidemic intelligence subnational data
Czechia,Moravskoslezsky Kraj,CZ080,2021-25,15.2431532836501,Epidemic intelligence subnational data
Czechia,Moravskoslezsky Kraj,CZ080,2021-26,13.4106430528288,Epidemic intelligence subnational data
Czechia,Moravskoslezsky Kraj,CZ080,2021-27,16.3260002382263,Epidemic intelligence subnational data
Czechia,Moravskoslezsky Kraj,CZ080,2021-28,16.2427043186435,Epidemic intelligence subnational data
Czechia,Moravskoslezsky Kraj,CZ080,2021-29,15.0765614444845,Epidemic intelligence subnational data
Czechia,Moravskoslezsky Kraj,CZ080,2021-30,11.6614287415902,Epidemic intelligence subnational data
Czechia,Moravskoslezsky Kraj,CZ080,2021-31,9.57903075202055,Epidemic intelligence subnational data
Czechia,Moravskoslezsky Kraj,CZ080,2021-32,12.8275716157493,Epidemic intelligence subnational data
Czechia,Moravskoslezsky Kraj,CZ080,2021-33,14.6600818465706,Epidemic intelligence subnational data
Czechia,Moravskoslezsky Kraj,CZ080,2021-34,14.7433777661534,Epidemic intelligence subnational data
Czechia,Moravskoslezsky Kraj,CZ080,2021-35,20.9905717348624,Epidemic intelligence subnational data
Czechia,Moravskoslezsky Kraj,CZ080,2021-36,43.896949620129,Epidemic intelligence subnational data
Czechia,Moravskoslezsky Kraj,CZ080,2021-37,86.5444604465161,Epidemic intelligence subnational data
Czechia,Moravskoslezsky Kraj,CZ080,2021-38,107.618328100961,Epidemic intelligence subnational data
Czechia,Moravskoslezsky Kraj,CZ080,2021-39,110.950164884273,Epidemic intelligence subnational data
Czechia,Moravskoslezsky Kraj,CZ080,2021-40,193.163237512484,Epidemic intelligence subnational data
Czechia,Moravskoslezsky Kraj,CZ080,2021-41,275.792789738609,Epidemic intelligence subnational data
Czechia,Moravskoslezsky Kraj,CZ080,2021-42,467.456700698603,Epidemic intelligence subnational data
Czechia,Moravskoslezsky Kraj,CZ080,2021-43,814.467501680495,Epidemic intelligence subnational data
Czechia,Moravskoslezsky Kraj,CZ080,2021-44,1159.4792005924,Epidemic intelligence subnational data
Czechia,Moravskoslezsky Kraj,CZ080,2021-45,1581.20644144005,Epidemic intelligence subnational data
Czechia,Moravskoslezsky Kraj,CZ080,2021-46,2098.80728572749,Epidemic intelligence subnational data
Czechia,Moravskoslezsky Kraj,CZ080,2021-47,2622.82191582281,Epidemic intelligence subnational data
Czechia,Moravskoslezsky Kraj,CZ080,2021-48,2548.10547595705,Epidemic intelligence subnational data
Czechia,Moravskoslezsky Kraj,CZ080,2021-49,2000.26821286106,Epidemic intelligence subnational data
Czechia,Moravskoslezsky Kraj,CZ080,2021-50,1504.15771582598,Epidemic intelligence subnational data
Czechia,Moravskoslezsky Kraj,CZ080,2021-51,975.228626475275,Epidemic intelligence subnational data
Czechia,Moravskoslezsky Kraj,CZ080,2021-52,649.624876826159,Epidemic intelligence subnational data
Czechia,Moravskoslezsky Kraj,CZ080,2022-01,602.895865940215,Epidemic intelligence subnational data
Czechia,Moravskoslezsky Kraj,CZ080,2022-02,767.821786714134,Epidemic intelligence subnational data
Czechia,Moravskoslezsky Kraj,CZ080,2022-03,1497.07756266144,Epidemic intelligence subnational data
Czechia,Moravskoslezsky Kraj,CZ080,2022-04,3049.79679960418,Epidemic intelligence subnational data
Denmark,Hovedstaden,DK01,2020-13,,Epidemic intelligence subnational data
Denmark,Hovedstaden,DK01,2020-14,74.3761047397568,Epidemic intelligence subnational data
Denmark,Hovedstaden,DK01,2020-15,129.088315801049,Epidemic intelligence subnational data
Denmark,Hovedstaden,DK01,2020-16,108.178500484555,Epidemic intelligence subnational data
Denmark,Hovedstaden,DK01,2020-17,72.7509895597184,Epidemic intelligence subnational data
Denmark,Hovedstaden,DK01,2020-18,67.6047914895968,Epidemic intelligence subnational data
Denmark,Hovedstaden,DK01,2020-19,55.1455751093025,Epidemic intelligence subnational data
Denmark,Hovedstaden,DK01,2020-20,37.9193542008957,Epidemic intelligence subnational data
Denmark,Hovedstaden,DK01,2020-21,29.9562898187076,Epidemic intelligence subnational data
Denmark,Hovedstaden,DK01,2020-22,27.1935940126423,Epidemic intelligence subnational data
Denmark,Hovedstaden,DK01,2020-23,20.3681102564811,Epidemic intelligence subnational data
Denmark,Hovedstaden,DK01,2020-24,18.2012900164299,Epidemic intelligence subnational data
Denmark,Hovedstaden,DK01,2020-25,20.8556448104926,Epidemic intelligence subnational data
Denmark,Hovedstaden,DK01,2020-26,16.8470273663979,Epidemic intelligence subnational data
Denmark,Hovedstaden,DK01,2020-27,6.77131325015994,Epidemic intelligence subnational data
Denmark,Hovedstaden,DK01,2020-28,6.98799527416506,Epidemic intelligence subnational data
Denmark,Hovedstaden,DK01,2020-29,14.5718661143442,Epidemic intelligence subnational data
Denmark,Hovedstaden,DK01,2020-30,17.0095388844018,Epidemic intelligence subnational data
Denmark,Hovedstaden,DK01,2020-31,16.5761748363915,Epidemic intelligence subnational data
Denmark,Hovedstaden,DK01,2020-32,18.0387784984261,Epidemic intelligence subnational data
Denmark,Hovedstaden,DK01,2020-33,24.5392392185796,Epidemic intelligence subnational data
Denmark,Hovedstaden,DK01,2020-34,25.6768198446065,Epidemic intelligence subnational data
Denmark,Hovedstaden,DK01,2020-35,24.2142161825719,Epidemic intelligence subnational data
Denmark,Hovedstaden,DK01,2020-36,50.7035936171976,Epidemic intelligence subnational data
Denmark,Hovedstaden,DK01,2020-37,102.057233306411,Epidemic intelligence subnational data
Denmark,Hovedstaden,DK01,2020-38,161.915642437825,Epidemic intelligence subnational data
Denmark,Hovedstaden,DK01,2020-39,194.688798568599,Epidemic intelligence subnational data
Denmark,Hovedstaden,DK01,2020-40,162.511518003839,Epidemic intelligence subnational data
Denmark,Hovedstaden,DK01,2020-41,121.396103948867,Epidemic intelligence subnational data
Denmark,Hovedstaden,DK01,2020-42,130.713430981087,Epidemic intelligence subnational data
Denmark,Hovedstaden,DK01,2020-43,210.994120874984,Epidemic intelligence subnational data
Denmark,Hovedstaden,DK01,2020-44,319.605985407549,Epidemic intelligence subnational data
Denmark,Hovedstaden,DK01,2020-45,367.546883218681,Epidemic intelligence subnational data
Denmark,Hovedstaden,DK01,2020-46,368.359440808701,Epidemic intelligence subnational data
Denmark,Hovedstaden,DK01,2020-47,394.794647737325,Epidemic intelligence subnational data
Denmark,Hovedstaden,DK01,2020-48,462.182757202917,Epidemic intelligence subnational data
Denmark,Hovedstaden,DK01,2020-49,629.677961758873,Epidemic intelligence subnational data
Denmark,Hovedstaden,DK01,2020-50,993.324568545462,Epidemic intelligence subnational data
Denmark,Hovedstaden,DK01,2020-51,1251.93456419557,Epidemic intelligence subnational data
Denmark,Hovedstaden,DK01,2020-52,1117.6458798184,Epidemic intelligence subnational data
Denmark,Hovedstaden,DK01,2020-53,806.219640817043,Epidemic intelligence subnational data
Denmark,Hovedstaden,DK01,2021-01,568.519460483429,Epidemic intelligence subnational data
Denmark,Hovedstaden,DK01,2021-02,411.09997004371,Epidemic intelligence subnational data
Denmark,Hovedstaden,DK01,2021-03,291.058128744875,Epidemic intelligence subnational data
Denmark,Hovedstaden,DK01,2021-04,205.902093310863,Epidemic intelligence subnational data
Denmark,Hovedstaden,DK01,2021-05,141.276679651337,Epidemic intelligence subnational data
Denmark,Hovedstaden,DK01,2021-06,124.375481778938,Epidemic intelligence subnational data
Denmark,Hovedstaden,DK01,2021-07,128.004905681024,Epidemic intelligence subnational data
Denmark,Hovedstaden,DK01,2021-08,149.185573527524,Epidemic intelligence subnational data
Denmark,Hovedstaden,DK01,2021-09,171.124628458042,Epidemic intelligence subnational data
Denmark,Hovedstaden,DK01,2021-10,193.334535918567,Epidemic intelligence subnational data
Denmark,Hovedstaden,DK01,2021-11,230.441332529443,Epidemic intelligence subnational data
Denmark,Hovedstaden,DK01,2021-12,233.366539853512,Epidemic intelligence subnational data
Denmark,Hovedstaden,DK01,2021-13,234.341608961535,Epidemic intelligence subnational data
Denmark,Hovedstaden,DK01,2021-14,240.192023609673,Epidemic intelligence subnational data
Denmark,Hovedstaden,DK01,2021-15,248.209258497863,Epidemic intelligence subnational data
Denmark,Hovedstaden,DK01,2021-16,247.613382931849,Epidemic intelligence subnational data
Denmark,Hovedstaden,DK01,2021-17,259.855917288138,Epidemic intelligence subnational data
Denmark,Hovedstaden,DK01,2021-18,308.555202183288,Epidemic intelligence subnational data
Denmark,Hovedstaden,DK01,2021-19,345.87868081817,Epidemic intelligence subnational data
Denmark,Hovedstaden,DK01,2021-20,346.74540891419,Epidemic intelligence subnational data
Denmark,Hovedstaden,DK01,2021-21,325.943934609699,Epidemic intelligence subnational data
Denmark,Hovedstaden,DK01,2021-22,280.765732604632,Epidemic intelligence subnational data
Denmark,Hovedstaden,DK01,2021-23,188.025826330441,Epidemic intelligence subnational data
Denmark,Hovedstaden,DK01,2021-24,106.336703280512,Epidemic intelligence subnational data
Denmark,Hovedstaden,DK01,2021-25,81.2557590019193,Epidemic intelligence subnational data
Denmark,Hovedstaden,DK01,2021-26,128.763292765041,Epidemic intelligence subnational data
Denmark,Hovedstaden,DK01,2021-27,224.970111423314,Epidemic intelligence subnational data
Denmark,Hovedstaden,DK01,2021-28,317.384994661497,Epidemic intelligence subnational data
Denmark,Hovedstaden,DK01,2021-29,298.587829079053,Epidemic intelligence subnational data
Denmark,Hovedstaden,DK01,2021-30,254.655548712015,Epidemic intelligence subnational data
Denmark,Hovedstaden,DK01,2021-31,273.181861764453,Epidemic intelligence subnational data
Denmark,Hovedstaden,DK01,2021-32,287.157852312783,Epidemic intelligence subnational data
Denmark,Hovedstaden,DK01,2021-33,318.522575287524,Epidemic intelligence subnational data
Denmark,Hovedstaden,DK01,2021-34,339.161538074011,Epidemic intelligence subnational data
Denmark,Hovedstaden,DK01,2021-35,291.437322286884,Epidemic intelligence subnational data
Denmark,Hovedstaden,DK01,2021-36,205.089535720844,Epidemic intelligence subnational data
Denmark,Hovedstaden,DK01,2021-37,139.164029917287,Epidemic intelligence subnational data
Denmark,Hovedstaden,DK01,2021-38,113.86640361469,Epidemic intelligence subnational data
Denmark,Hovedstaden,DK01,2021-39,144.743592035419,Epidemic intelligence subnational data
Denmark,Hovedstaden,DK01,2021-40,199.347462084709,Epidemic intelligence subnational data
Denmark,Hovedstaden,DK01,2021-41,261.860226010185,Epidemic intelligence subnational data
Denmark,Hovedstaden,DK01,2021-42,413.320960789763,Epidemic intelligence subnational data
Denmark,Hovedstaden,DK01,2021-43,608.984828466384,Epidemic intelligence subnational data
Denmark,Hovedstaden,DK01,2021-44,770.95464141021,Epidemic intelligence subnational data
Denmark,Hovedstaden,DK01,2021-45,1023.33502887017,Epidemic intelligence subnational data
Denmark,Hovedstaden,DK01,2021-46,1260.65601566178,Epidemic intelligence subnational data
Denmark,Hovedstaden,DK01,2021-47,1408.54149704527,Epidemic intelligence subnational data
Denmark,Hovedstaden,DK01,2021-48,1603.77200067388,Epidemic intelligence subnational data
Denmark,Hovedstaden,DK01,2021-49,2031.44814555398,Epidemic intelligence subnational data
Denmark,Hovedstaden,DK01,2021-50,3005.65052548099,Epidemic intelligence subnational data
Denmark,Hovedstaden,DK01,2021-51,4030.3398170012,Epidemic intelligence subnational data
Denmark,Hovedstaden,DK01,2021-52,4835.0426836502,Epidemic intelligence subnational data
Denmark,Hovedstaden,DK01,2022-01,5390.61539319933,Epidemic intelligence subnational data
Denmark,Hovedstaden,DK01,2022-02,6336.91996253568,Epidemic intelligence subnational data
Denmark,Hovedstaden,DK01,2022-03,8715.11351700385,Epidemic intelligence subnational data
Denmark,Hovedstaden,DK01,2022-04,9555.18972407169,Epidemic intelligence subnational data
Denmark,Sj?Lland,DK02,2020-13,,Epidemic intelligence subnational data
Denmark,Sj?Lland,DK02,2020-14,34.990965643171,Epidemic intelligence subnational data
Denmark,Sj?Lland,DK02,2020-15,68.1905849223571,Epidemic intelligence subnational data
Denmark,Sj?Lland,DK02,2020-16,72.0121238321915,Epidemic intelligence subnational data
Denmark,Sj?Lland,DK02,2020-17,55.8900065563277,Epidemic intelligence subnational data
Denmark,Sj?Lland,DK02,2020-18,45.3807745542832,Epidemic intelligence subnational data
Denmark,Sj?Lland,DK02,2020-19,38.2153890983437,Epidemic intelligence subnational data
Denmark,Sj?Lland,DK02,2020-20,28.4226956418931,Epidemic intelligence subnational data
Denmark,Sj?Lland,DK02,2020-21,16.95807891239,Epidemic intelligence subnational data
Denmark,Sj?Lland,DK02,2020-22,13.255963093488,Epidemic intelligence subnational data
Denmark,Sj?Lland,DK02,2020-23,12.897693820691,Epidemic intelligence subnational data
Denmark,Sj?Lland,DK02,2020-24,10.0315396383152,Epidemic intelligence subnational data
Denmark,Sj?Lland,DK02,2020-25,9.9121165473829,Epidemic intelligence subnational data
Denmark,Sj?Lland,DK02,2020-26,7.52365472873642,Epidemic intelligence subnational data
Denmark,Sj?Lland,DK02,2020-27,1.55250018212021,Epidemic intelligence subnational data
Denmark,Sj?Lland,DK02,2020-28,2.74673109144346,Epidemic intelligence subnational data
Denmark,Sj?Lland,DK02,2020-29,8.35961636526269,Epidemic intelligence subnational data
Denmark,Sj?Lland,DK02,2020-30,11.3451936385708,Epidemic intelligence subnational data
Denmark,Sj?Lland,DK02,2020-31,20.0630792766305,Epidemic intelligence subnational data
Denmark,Sj?Lland,DK02,2020-32,27.1090416416376,Epidemic intelligence subnational data
Denmark,Sj?Lland,DK02,2020-33,19.7048100038335,Epidemic intelligence subnational data
Denmark,Sj?Lland,DK02,2020-34,13.4948092753526,Epidemic intelligence subnational data
Denmark,Sj?Lland,DK02,2020-35,11.5840398204354,Epidemic intelligence subnational data
Denmark,Sj?Lland,DK02,2020-36,18.6300021854426,Epidemic intelligence subnational data
Denmark,Sj?Lland,DK02,2020-37,43.111735826569,Epidemic intelligence subnational data
Denmark,Sj?Lland,DK02,2020-38,64.3690460125227,Epidemic intelligence subnational data
Denmark,Sj?Lland,DK02,2020-39,90.642126017634,Epidemic intelligence subnational data
Denmark,Sj?Lland,DK02,2020-40,96.9715498370472,Epidemic intelligence subnational data
Denmark,Sj?Lland,DK02,2020-41,67.4740463767631,Epidemic intelligence subnational data
Denmark,Sj?Lland,DK02,2020-42,61.9805841938762,Epidemic intelligence subnational data
Denmark,Sj?Lland,DK02,2020-43,99.121165473829,Epidemic intelligence subnational data
Denmark,Sj?Lland,DK02,2020-44,161.101749667705,Epidemic intelligence subnational data
Denmark,Sj?Lland,DK02,2020-45,215.080986769116,Epidemic intelligence subnational data
Denmark,Sj?Lland,DK02,2020-46,229.17291149913,Epidemic intelligence subnational data
Denmark,Sj?Lland,DK02,2020-47,219.260794951747,Epidemic intelligence subnational data
Denmark,Sj?Lland,DK02,2020-48,237.41310477346,Epidemic intelligence subnational data
Denmark,Sj?Lland,DK02,2020-49,334.265231519575,Epidemic intelligence subnational data
Denmark,Sj?Lland,DK02,2020-50,557.228142290224,Epidemic intelligence subnational data
Denmark,Sj?Lland,DK02,2020-51,794.999516336482,Epidemic intelligence subnational data
Denmark,Sj?Lland,DK02,2020-52,765.860282148995,Epidemic intelligence subnational data
Denmark,Sj?Lland,DK02,2020-53,593.055069569922,Epidemic intelligence subnational data
Denmark,Sj?Lland,DK02,2021-01,487.962749549476,Epidemic intelligence subnational data
Denmark,Sj?Lland,DK02,2021-02,349.073694795183,Epidemic intelligence subnational data
Denmark,Sj?Lland,DK02,2021-03,239.323874228378,Epidemic intelligence subnational data
Denmark,Sj?Lland,DK02,2021-04,180.090021125945,Epidemic intelligence subnational data
Denmark,Sj?Lland,DK02,2021-05,122.050398932835,Epidemic intelligence subnational data
Denmark,Sj?Lland,DK02,2021-06,110.824628385197,Epidemic intelligence subnational data
Denmark,Sj?Lland,DK02,2021-07,110.824628385197,Epidemic intelligence subnational data
Denmark,Sj?Lland,DK02,2021-08,118.945398568595,Epidemic intelligence subnational data
Denmark,Sj?Lland,DK02,2021-09,132.679054025812,Epidemic intelligence subnational data
Denmark,Sj?Lland,DK02,2021-10,156.802518394142,Epidemic intelligence subnational data
Denmark,Sj?Lland,DK02,2021-11,161.818288213299,Epidemic intelligence subnational data
Denmark,Sj?Lland,DK02,2021-12,94.2248187456037,Epidemic intelligence subnational data
Denmark,Sj?Lland,DK02,2021-13,79.2969323790632,Epidemic intelligence subnational data
Denmark,Sj?Lland,DK02,2021-14,117.512321477407,Epidemic intelligence subnational data
Denmark,Sj?Lland,DK02,2021-15,136.978285299376,Epidemic intelligence subnational data
Denmark,Sj?Lland,DK02,2021-16,144.38251693718,Epidemic intelligence subnational data
Denmark,Sj?Lland,DK02,2021-17,140.441554936413,Epidemic intelligence subnational data
Denmark,Sj?Lland,DK02,2021-18,163.251365304487,Epidemic intelligence subnational data
Denmark,Sj?Lland,DK02,2021-19,217.827717860559,Epidemic intelligence subnational data
Denmark,Sj?Lland,DK02,2021-20,246.608682775249,Epidemic intelligence subnational data
Denmark,Sj?Lland,DK02,2021-21,213.76733276886,Epidemic intelligence subnational data
Denmark,Sj?Lland,DK02,2021-22,166.236942577795,Epidemic intelligence subnational data
Denmark,Sj?Lland,DK02,2021-23,117.273475295542,Epidemic intelligence subnational data
Denmark,Sj?Lland,DK02,2021-24,66.2798154674399,Epidemic intelligence subnational data
Denmark,Sj?Lland,DK02,2021-25,34.990965643171,Epidemic intelligence subnational data
Denmark,Sj?Lland,DK02,2021-26,48.7246211003883,Epidemic intelligence subnational data
Denmark,Sj?Lland,DK02,2021-27,84.6709714710178,Epidemic intelligence subnational data
Denmark,Sj?Lland,DK02,2021-28,118.587129295798,Epidemic intelligence subnational data
Denmark,Sj?Lland,DK02,2021-29,120.617321841647,Epidemic intelligence subnational data
Denmark,Sj?Lland,DK02,2021-30,110.705205294265,Epidemic intelligence subnational data
Denmark,Sj?Lland,DK02,2021-31,129.335207479707,Epidemic intelligence subnational data
Denmark,Sj?Lland,DK02,2021-32,152.264440938713,Epidemic intelligence subnational data
Denmark,Sj?Lland,DK02,2021-33,159.429826394653,Epidemic intelligence subnational data
Denmark,Sj?Lland,DK02,2021-34,141.516362754804,Epidemic intelligence subnational data
Denmark,Sj?Lland,DK02,2021-35,119.303667841392,Epidemic intelligence subnational data
Denmark,Sj?Lland,DK02,2021-36,112.854820931046,Epidemic intelligence subnational data
Denmark,Sj?Lland,DK02,2021-37,92.6723185634835,Epidemic intelligence subnational data
Denmark,Sj?Lland,DK02,2021-38,82.163086561439,Epidemic intelligence subnational data
Denmark,Sj?Lland,DK02,2021-39,97.2103960189118,Epidemic intelligence subnational data
Denmark,Sj?Lland,DK02,2021-40,113.213090203843,Epidemic intelligence subnational data
Denmark,Sj?Lland,DK02,2021-41,155.011172030157,Epidemic intelligence subnational data
Denmark,Sj?Lland,DK02,2021-42,236.099450773205,Epidemic intelligence subnational data
Denmark,Sj?Lland,DK02,2021-43,369.375620253679,Epidemic intelligence subnational data
Denmark,Sj?Lland,DK02,2021-44,521.520638101459,Epidemic intelligence subnational data
Denmark,Sj?Lland,DK02,2021-45,701.37181304554,Epidemic intelligence subnational data
Denmark,Sj?Lland,DK02,2021-46,876.684910534191,Epidemic intelligence subnational data
Denmark,Sj?Lland,DK02,2021-47,1006.25896419576,Epidemic intelligence subnational data
Denmark,Sj?Lland,DK02,2021-48,1166.04705986321,Epidemic intelligence subnational data
Denmark,Sj?Lland,DK02,2021-49,1444.54170791739,Epidemic intelligence subnational data
Denmark,Sj?Lland,DK02,2021-50,1926.53330292025,Epidemic intelligence subnational data
Denmark,Sj?Lland,DK02,2021-51,2507.04894794228,Epidemic intelligence subnational data
Denmark,Sj?Lland,DK02,2021-52,3297.3909637324,Epidemic intelligence subnational data
Denmark,Sj?Lland,DK02,2022-01,3991.35854514014,Epidemic intelligence subnational data
Denmark,Sj?Lland,DK02,2022-02,4776.44594492924,Epidemic intelligence subnational data
Denmark,Sj?Lland,DK02,2022-03,7304.27451069374,Epidemic intelligence subnational data
Denmark,Sj?Lland,DK02,2022-04,9403.85187237493,Epidemic intelligence subnational data
Denmark,Syddanmark,DK03,2020-13,,Epidemic intelligence subnational data
Denmark,Syddanmark,DK03,2020-14,25.9176440289264,Epidemic intelligence subnational data
Denmark,Syddanmark,DK03,2020-15,35.1564256543796,Epidemic intelligence subnational data
Denmark,Syddanmark,DK03,2020-16,21.6661692986293,Epidemic intelligence subnational data
Denmark,Syddanmark,DK03,2020-17,9.07526336659567,Epidemic intelligence subnational data
Denmark,Syddanmark,DK03,2020-18,5.55962080115771,Epidemic intelligence subnational data
Denmark,Syddanmark,DK03,2020-19,4.41499298915465,Epidemic intelligence subnational data
Denmark,Syddanmark,DK03,2020-20,6.13193470715924,Epidemic intelligence subnational data
Denmark,Syddanmark,DK03,2020-21,5.80489818944408,Epidemic intelligence subnational data
Denmark,Syddanmark,DK03,2020-22,2.69805127115007,Epidemic intelligence subnational data
Denmark,Syddanmark,DK03,2020-23,2.20749649457733,Epidemic intelligence subnational data
Denmark,Syddanmark,DK03,2020-24,2.20749649457733,Epidemic intelligence subnational data
Denmark,Syddanmark,DK03,2020-25,1.47166432971822,Epidemic intelligence subnational data
Denmark,Syddanmark,DK03,2020-26,1.30814607086064,Epidemic intelligence subnational data
Denmark,Syddanmark,DK03,2020-27,1.06286868257427,Epidemic intelligence subnational data
Denmark,Syddanmark,DK03,2020-28,0.899350423716688,Epidemic intelligence subnational data
Denmark,Syddanmark,DK03,2020-29,1.6351825885758,Epidemic intelligence subnational data
Denmark,Syddanmark,DK03,2020-30,2.69805127115007,Epidemic intelligence subnational data
Denmark,Syddanmark,DK03,2020-31,5.96841644830166,Epidemic intelligence subnational data
Denmark,Syddanmark,DK03,2020-32,9.15702249602446,Epidemic intelligence subnational data
Denmark,Syddanmark,DK03,2020-33,10.6286868257427,Epidemic intelligence subnational data
Denmark,Syddanmark,DK03,2020-34,13.4084972263215,Epidemic intelligence subnational data
Denmark,Syddanmark,DK03,2020-35,15.2071980737549,Epidemic intelligence subnational data
Denmark,Syddanmark,DK03,2020-36,27.4710674880734,Epidemic intelligence subnational data
Denmark,Syddanmark,DK03,2020-37,45.7851124801223,Epidemic intelligence subnational data
Denmark,Syddanmark,DK03,2020-38,57.7219453767256,Epidemic intelligence subnational data
Denmark,Syddanmark,DK03,2020-39,68.841186979041,Epidemic intelligence subnational data
Denmark,Syddanmark,DK03,2020-40,68.841186979041,Epidemic intelligence subnational data
Denmark,Syddanmark,DK03,2020-41,60.9105514244484,Epidemic intelligence subnational data
Denmark,Syddanmark,DK03,2020-42,73.3379390976245,Epidemic intelligence subnational data
Denmark,Syddanmark,DK03,2020-43,111.274175152583,Epidemic intelligence subnational data
Denmark,Syddanmark,DK03,2020-44,150.600316407831,Epidemic intelligence subnational data
Denmark,Syddanmark,DK03,2020-45,165.398718834442,Epidemic intelligence subnational data
Denmark,Syddanmark,DK03,2020-46,167.442697070162,Epidemic intelligence subnational data
Denmark,Syddanmark,DK03,2020-47,208.731057431701,Epidemic intelligence subnational data
Denmark,Syddanmark,DK03,2020-48,229.497876306613,Epidemic intelligence subnational data
Denmark,Syddanmark,DK03,2020-49,223.120664211168,Epidemic intelligence subnational data
Denmark,Syddanmark,DK03,2020-50,290.980741637063,Epidemic intelligence subnational data
Denmark,Syddanmark,DK03,2020-51,413.128881003675,Epidemic intelligence subnational data
Denmark,Syddanmark,DK03,2020-52,428.33607907743,Epidemic intelligence subnational data
Denmark,Syddanmark,DK03,2020-53,345.92287661321,Epidemic intelligence subnational data
Denmark,Syddanmark,DK03,2021-01,288.773245142486,Epidemic intelligence subnational data
Denmark,Syddanmark,DK03,2021-02,212.410218255996,Epidemic intelligence subnational data
Denmark,Syddanmark,DK03,2021-03,152.807812902408,Epidemic intelligence subnational data
Denmark,Syddanmark,DK03,2021-04,117.896664636315,Epidemic intelligence subnational data
Denmark,Syddanmark,DK03,2021-05,88.7904145596658,Epidemic intelligence subnational data
Denmark,Syddanmark,DK03,2021-06,92.7148527722477,Epidemic intelligence subnational data
Denmark,Syddanmark,DK03,2021-07,132.613307933497,Epidemic intelligence subnational data
Denmark,Syddanmark,DK03,2021-08,155.42410504413,Epidemic intelligence subnational data
Denmark,Syddanmark,DK03,2021-09,139.971629582088,Epidemic intelligence subnational data
Denmark,Syddanmark,DK03,2021-10,181.914062979057,Epidemic intelligence subnational data
Denmark,Syddanmark,DK03,2021-11,212.491977385425,Epidemic intelligence subnational data
Denmark,Syddanmark,DK03,2021-12,163.763536245866,Epidemic intelligence subnational data
Denmark,Syddanmark,DK03,2021-13,120.758234166323,Epidemic intelligence subnational data
Denmark,Syddanmark,DK03,2021-14,112.255284705729,Epidemic intelligence subnational data
Denmark,Syddanmark,DK03,2021-15,110.865379505439,Epidemic intelligence subnational data
Denmark,Syddanmark,DK03,2021-16,103.752335245134,Epidemic intelligence subnational data
Denmark,Syddanmark,DK03,2021-17,115.443890753451,Epidemic intelligence subnational data
Denmark,Syddanmark,DK03,2021-18,129.75173840349,Epidemic intelligence subnational data
Denmark,Syddanmark,DK03,2021-19,126.644891485196,Epidemic intelligence subnational data
Denmark,Syddanmark,DK03,2021-20,134.330249651502,Epidemic intelligence subnational data
Denmark,Syddanmark,DK03,2021-21,151.744944219834,Epidemic intelligence subnational data
Denmark,Syddanmark,DK03,2021-22,121.330548072324,Epidemic intelligence subnational data
Denmark,Syddanmark,DK03,2021-23,68.4323913318971,Epidemic intelligence subnational data
Denmark,Syddanmark,DK03,2021-24,38.9991047375327,Epidemic intelligence subnational data
Denmark,Syddanmark,DK03,2021-25,23.3831110166339,Epidemic intelligence subnational data
Denmark,Syddanmark,DK03,2021-26,33.5212430658038,Epidemic intelligence subnational data
Denmark,Syddanmark,DK03,2021-27,73.5832164859109,Epidemic intelligence subnational data
Denmark,Syddanmark,DK03,2021-28,119.61360635432,Epidemic intelligence subnational data
Denmark,Syddanmark,DK03,2021-29,126.726650614624,Epidemic intelligence subnational data
Denmark,Syddanmark,DK03,2021-30,136.783023534365,Epidemic intelligence subnational data
Denmark,Syddanmark,DK03,2021-31,165.643996222728,Epidemic intelligence subnational data
Denmark,Syddanmark,DK03,2021-32,177.00851521333,Epidemic intelligence subnational data
Denmark,Syddanmark,DK03,2021-33,181.587026461342,Epidemic intelligence subnational data
Denmark,Syddanmark,DK03,2021-34,172.348244835889,Epidemic intelligence subnational data
Denmark,Syddanmark,DK03,2021-35,128.116555814914,Epidemic intelligence subnational data
Denmark,Syddanmark,DK03,2021-36,80.6145016167868,Epidemic intelligence subnational data
Denmark,Syddanmark,DK03,2021-37,63.036288789597,Epidemic intelligence subnational data
Denmark,Syddanmark,DK03,2021-38,64.0173983427425,Epidemic intelligence subnational data
Denmark,Syddanmark,DK03,2021-39,71.1304426030472,Epidemic intelligence subnational data
Denmark,Syddanmark,DK03,2021-40,90.5891154070991,Epidemic intelligence subnational data
Denmark,Syddanmark,DK03,2021-41,106.532145645713,Epidemic intelligence subnational data
Denmark,Syddanmark,DK03,2021-42,141.606812170664,Epidemic intelligence subnational data
Denmark,Syddanmark,DK03,2021-43,220.177335551731,Epidemic intelligence subnational data
Denmark,Syddanmark,DK03,2021-44,322.785042984862,Epidemic intelligence subnational data
Denmark,Syddanmark,DK03,2021-45,480.33488539414,Epidemic intelligence subnational data
Denmark,Syddanmark,DK03,2021-46,668.789678727501,Epidemic intelligence subnational data
Denmark,Syddanmark,DK03,2021-47,761.095735852605,Epidemic intelligence subnational data
Denmark,Syddanmark,DK03,2021-48,845.307639164258,Epidemic intelligence subnational data
Denmark,Syddanmark,DK03,2021-49,1051.25888619538,Epidemic intelligence subnational data
Denmark,Syddanmark,DK03,2021-50,1382.13808299369,Epidemic intelligence subnational data
Denmark,Syddanmark,DK03,2021-51,1798.04677439795,Epidemic intelligence subnational data
Denmark,Syddanmark,DK03,2021-52,2591.19208898664,Epidemic intelligence subnational data
Denmark,Syddanmark,DK03,2022-01,3506.81257945965,Epidemic intelligence subnational data
Denmark,Syddanmark,DK03,2022-02,4639.99411334268,Epidemic intelligence subnational data
Denmark,Syddanmark,DK03,2022-03,7266.26086885427,Epidemic intelligence subnational data
Denmark,Syddanmark,DK03,2022-04,9860.31452737091,Epidemic intelligence subnational data
Denmark,Midtjylland,DK04,2020-13,,Epidemic intelligence subnational data
Denmark,Midtjylland,DK04,2020-14,27.6701298309634,Epidemic intelligence subnational data
Denmark,Midtjylland,DK04,2020-15,50.8919281632161,Epidemic intelligence subnational data
Denmark,Midtjylland,DK04,2020-16,42.0706606149253,Epidemic intelligence subnational data
Denmark,Midtjylland,DK04,2020-17,25.9360345009575,Epidemic intelligence subnational data
Denmark,Midtjylland,DK04,2020-18,19.7536076722409,Epidemic intelligence subnational data
Denmark,Midtjylland,DK04,2020-19,10.479967429166,Epidemic intelligence subnational data
Denmark,Midtjylland,DK04,2020-20,5.12689054088695,Epidemic intelligence subnational data
Denmark,Midtjylland,DK04,2020-21,3.46819066001176,Epidemic intelligence subnational data
Denmark,Midtjylland,DK04,2020-22,1.88488622826726,Epidemic intelligence subnational data
Denmark,Midtjylland,DK04,2020-23,1.28172263522174,Epidemic intelligence subnational data
Denmark,Midtjylland,DK04,2020-24,1.65869988087519,Epidemic intelligence subnational data
Denmark,Midtjylland,DK04,2020-25,2.11107257565933,Epidemic intelligence subnational data
Denmark,Midtjylland,DK04,2020-26,2.86502706696624,Epidemic intelligence subnational data
Denmark,Midtjylland,DK04,2020-27,1.96028167739795,Epidemic intelligence subnational data
Denmark,Midtjylland,DK04,2020-28,0.904745389568286,Epidemic intelligence subnational data
Denmark,Midtjylland,DK04,2020-29,2.11107257565933,Epidemic intelligence subnational data
Denmark,Midtjylland,DK04,2020-30,3.39279521088107,Epidemic intelligence subnational data
Denmark,Midtjylland,DK04,2020-31,12.4402491065639,Epidemic intelligence subnational data
Denmark,Midtjylland,DK04,2020-32,47.3483420540736,Epidemic intelligence subnational data
Denmark,Midtjylland,DK04,2020-33,69.7407904458887,Epidemic intelligence subnational data
Denmark,Midtjylland,DK04,2020-34,48.5546692401647,Epidemic intelligence subnational data
Denmark,Midtjylland,DK04,2020-35,27.6701298309634,Epidemic intelligence subnational data
Denmark,Midtjylland,DK04,2020-36,22.0154711461616,Epidemic intelligence subnational data
Denmark,Midtjylland,DK04,2020-37,27.4439434835713,Epidemic intelligence subnational data
Denmark,Midtjylland,DK04,2020-38,45.9912239697212,Epidemic intelligence subnational data
Denmark,Midtjylland,DK04,2020-39,77.0541490115657,Epidemic intelligence subnational data
Denmark,Midtjylland,DK04,2020-40,99.5973883016421,Epidemic intelligence subnational data
Denmark,Midtjylland,DK04,2020-41,110.755914772984,Epidemic intelligence subnational data
Denmark,Midtjylland,DK04,2020-42,109.398796688632,Epidemic intelligence subnational data
Denmark,Midtjylland,DK04,2020-43,138.049067358294,Epidemic intelligence subnational data
Denmark,Midtjylland,DK04,2020-44,187.206900191504,Epidemic intelligence subnational data
Denmark,Midtjylland,DK04,2020-45,198.063844866324,Epidemic intelligence subnational data
Denmark,Midtjylland,DK04,2020-46,221.059456851184,Epidemic intelligence subnational data
Denmark,Midtjylland,DK04,2020-47,251.217636503461,Epidemic intelligence subnational data
Denmark,Midtjylland,DK04,2020-48,245.336791471267,Epidemic intelligence subnational data
Denmark,Midtjylland,DK04,2020-49,284.090052324442,Epidemic intelligence subnational data
Denmark,Midtjylland,DK04,2020-50,453.503626521103,Epidemic intelligence subnational data
Denmark,Midtjylland,DK04,2020-51,602.409638554217,Epidemic intelligence subnational data
Denmark,Midtjylland,DK04,2020-52,532.065684515283,Epidemic intelligence subnational data
Denmark,Midtjylland,DK04,2020-53,428.773919206237,Epidemic intelligence subnational data
Denmark,Midtjylland,DK04,2021-01,368.155978105162,Epidemic intelligence subnational data
Denmark,Midtjylland,DK04,2021-02,228.2220245186,Epidemic intelligence subnational data
Denmark,Midtjylland,DK04,2021-03,125.458027353469,Epidemic intelligence subnational data
Denmark,Midtjylland,DK04,2021-04,82.8595985946288,Epidemic intelligence subnational data
Denmark,Midtjylland,DK04,2021-05,60.7687319993365,Epidemic intelligence subnational data
Denmark,Midtjylland,DK04,2021-06,67.9312996667521,Epidemic intelligence subnational data
Denmark,Midtjylland,DK04,2021-07,77.958894401134,Epidemic intelligence subnational data
Denmark,Midtjylland,DK04,2021-08,68.3082769124056,Epidemic intelligence subnational data
Denmark,Midtjylland,DK04,2021-09,62.9552000241265,Epidemic intelligence subnational data
Denmark,Midtjylland,DK04,2021-10,123.120768430418,Epidemic intelligence subnational data
Denmark,Midtjylland,DK04,2021-11,144.910053229187,Epidemic intelligence subnational data
Denmark,Midtjylland,DK04,2021-12,54.0585370267051,Epidemic intelligence subnational data
Denmark,Midtjylland,DK04,2021-13,46.3682012153746,Epidemic intelligence subnational data
Denmark,Midtjylland,DK04,2021-14,101.029901835125,Epidemic intelligence subnational data
Denmark,Midtjylland,DK04,2021-15,128.775427115219,Epidemic intelligence subnational data
Denmark,Midtjylland,DK04,2021-16,149.132198380506,Epidemic intelligence subnational data
Denmark,Midtjylland,DK04,2021-17,148.076662092676,Epidemic intelligence subnational data
Denmark,Midtjylland,DK04,2021-18,172.127810365366,Epidemic intelligence subnational data
Denmark,Midtjylland,DK04,2021-19,206.131157923308,Epidemic intelligence subnational data
Denmark,Midtjylland,DK04,2021-20,195.198817799358,Epidemic intelligence subnational data
Denmark,Midtjylland,DK04,2021-21,184.4926640228,Epidemic intelligence subnational data
Denmark,Midtjylland,DK04,2021-22,178.234841744952,Epidemic intelligence subnational data
Denmark,Midtjylland,DK04,2021-23,126.965936336083,Epidemic intelligence subnational data
Denmark,Midtjylland,DK04,2021-24,70.9471176319797,Epidemic intelligence subnational data
Denmark,Midtjylland,DK04,2021-25,39.5826107936125,Epidemic intelligence subnational data
Denmark,Midtjylland,DK04,2021-26,46.2174103171133,Epidemic intelligence subnational data
Denmark,Midtjylland,DK04,2021-27,111.585264713422,Epidemic intelligence subnational data
Denmark,Midtjylland,DK04,2021-28,197.385285824148,Epidemic intelligence subnational data
Denmark,Midtjylland,DK04,2021-29,217.817452538565,Epidemic intelligence subnational data
Denmark,Midtjylland,DK04,2021-30,218.194429784218,Epidemic intelligence subnational data
Denmark,Midtjylland,DK04,2021-31,228.071233620339,Epidemic intelligence subnational data
Denmark,Midtjylland,DK04,2021-32,231.011656136436,Epidemic intelligence subnational data
Denmark,Midtjylland,DK04,2021-33,227.015697332509,Epidemic intelligence subnational data
Denmark,Midtjylland,DK04,2021-34,185.698991208891,Epidemic intelligence subnational data
Denmark,Midtjylland,DK04,2021-35,128.624636216958,Epidemic intelligence subnational data
Denmark,Midtjylland,DK04,2021-36,90.0975617111751,Epidemic intelligence subnational data
Denmark,Midtjylland,DK04,2021-37,66.7249724806611,Epidemic intelligence subnational data
Denmark,Midtjylland,DK04,2021-38,50.7411372649547,Epidemic intelligence subnational data
Denmark,Midtjylland,DK04,2021-39,53.1537916371368,Epidemic intelligence subnational data
Denmark,Midtjylland,DK04,2021-40,73.4351674532925,Epidemic intelligence subnational data
Denmark,Midtjylland,DK04,2021-41,86.704766500294,Epidemic intelligence subnational data
Denmark,Midtjylland,DK04,2021-42,121.386673100412,Epidemic intelligence subnational data
Denmark,Midtjylland,DK04,2021-43,189.016390970641,Epidemic intelligence subnational data
Denmark,Midtjylland,DK04,2021-44,288.010615679238,Epidemic intelligence subnational data
Denmark,Midtjylland,DK04,2021-45,456.067071791547,Epidemic intelligence subnational data
Denmark,Midtjylland,DK04,2021-46,578.207699383265,Epidemic intelligence subnational data
Denmark,Midtjylland,DK04,2021-47,632.26623640997,Epidemic intelligence subnational data
Denmark,Midtjylland,DK04,2021-48,768.053440294344,Epidemic intelligence subnational data
Denmark,Midtjylland,DK04,2021-49,1095.79745766546,Epidemic intelligence subnational data
Denmark,Midtjylland,DK04,2021-50,1582.3242909058,Epidemic intelligence subnational data
Denmark,Midtjylland,DK04,2021-51,2148.01634573337,Epidemic intelligence subnational data
Denmark,Midtjylland,DK04,2021-52,2968.92199586833,Epidemic intelligence subnational data
Denmark,Midtjylland,DK04,2022-01,3761.55435257928,Epidemic intelligence subnational data
Denmark,Midtjylland,DK04,2022-02,4886.7560354057,Epidemic intelligence subnational data
Denmark,Midtjylland,DK04,2022-03,7360.93309407844,Epidemic intelligence subnational data
Denmark,Midtjylland,DK04,2022-04,9534.58389251625,Epidemic intelligence subnational data
Denmark,Nordjylland,DK05,2020-13,,Epidemic intelligence subnational data
Denmark,Nordjylland,DK05,2020-14,24.5789373762578,Epidemic intelligence subnational data
Denmark,Nordjylland,DK05,2020-15,32.7154131973638,Epidemic intelligence subnational data
Denmark,Nordjylland,DK05,2020-16,17.9680507716091,Epidemic intelligence subnational data
Denmark,Nordjylland,DK05,2020-17,9.49255512462369,Epidemic intelligence subnational data
Denmark,Nordjylland,DK05,2020-18,10.0010848634428,Epidemic intelligence subnational data
Denmark,Nordjylland,DK05,2020-19,6.78039651758835,Epidemic intelligence subnational data
Denmark,Nordjylland,DK05,2020-20,2.0341189552765,Epidemic intelligence subnational data
Denmark,Nordjylland,DK05,2020-21,2.20362886821621,Epidemic intelligence subnational data
Denmark,Nordjylland,DK05,2020-22,2.0341189552765,Epidemic intelligence subnational data
Denmark,Nordjylland,DK05,2020-23,0.339019825879417,Epidemic intelligence subnational data
Denmark,Nordjylland,DK05,2020-24,6.94990643052806,Epidemic intelligence subnational data
Denmark,Nordjylland,DK05,2020-25,12.8827533834179,Epidemic intelligence subnational data
Denmark,Nordjylland,DK05,2020-26,13.7303029481164,Epidemic intelligence subnational data
Denmark,Nordjylland,DK05,2020-27,10.5096146022619,Epidemic intelligence subnational data
Denmark,Nordjylland,DK05,2020-28,5.59382712701039,Epidemic intelligence subnational data
Denmark,Nordjylland,DK05,2020-29,4.06823791055301,Epidemic intelligence subnational data
Denmark,Nordjylland,DK05,2020-30,3.39019825879417,Epidemic intelligence subnational data
Denmark,Nordjylland,DK05,2020-31,7.28892625640748,Epidemic intelligence subnational data
Denmark,Nordjylland,DK05,2020-32,10.3401046893222,Epidemic intelligence subnational data
Denmark,Nordjylland,DK05,2020-33,15.4254020775135,Epidemic intelligence subnational data
Denmark,Nordjylland,DK05,2020-34,17.2900111198503,Epidemic intelligence subnational data
Denmark,Nordjylland,DK05,2020-35,15.9339318163326,Epidemic intelligence subnational data
Denmark,Nordjylland,DK05,2020-36,19.6631499010062,Epidemic intelligence subnational data
Denmark,Nordjylland,DK05,2020-37,48.8188549266361,Epidemic intelligence subnational data
Denmark,Nordjylland,DK05,2020-38,95.434080985056,Epidemic intelligence subnational data
Denmark,Nordjylland,DK05,2020-39,106.621735239077,Epidemic intelligence subnational data
Denmark,Nordjylland,DK05,2020-40,95.0950611591766,Epidemic intelligence subnational data
Denmark,Nordjylland,DK05,2020-41,96.620650375634,Epidemic intelligence subnational data
Denmark,Nordjylland,DK05,2020-42,107.299774890836,Epidemic intelligence subnational data
Denmark,Nordjylland,DK05,2020-43,170.187952591468,Epidemic intelligence subnational data
Denmark,Nordjylland,DK05,2020-44,252.739280193106,Epidemic intelligence subnational data
Denmark,Nordjylland,DK05,2020-45,239.178487157929,Epidemic intelligence subnational data
Denmark,Nordjylland,DK05,2020-46,181.375606845488,Epidemic intelligence subnational data
Denmark,Nordjylland,DK05,2020-47,142.218816956416,Epidemic intelligence subnational data
Denmark,Nordjylland,DK05,2020-48,107.299774890836,Epidemic intelligence subnational data
Denmark,Nordjylland,DK05,2020-49,116.28380027664,Epidemic intelligence subnational data
Denmark,Nordjylland,DK05,2020-50,234.262699682677,Epidemic intelligence subnational data
Denmark,Nordjylland,DK05,2020-51,399.534864798894,Epidemic intelligence subnational data
Denmark,Nordjylland,DK05,2020-52,465.982750671259,Epidemic intelligence subnational data
Denmark,Nordjylland,DK05,2020-53,439.878224078544,Epidemic intelligence subnational data
Denmark,Nordjylland,DK05,2021-01,370.548669686203,Epidemic intelligence subnational data
Denmark,Nordjylland,DK05,2021-02,265.452523663584,Epidemic intelligence subnational data
Denmark,Nordjylland,DK05,2021-03,190.190122318353,Epidemic intelligence subnational data
Denmark,Nordjylland,DK05,2021-04,131.370182528274,Epidemic intelligence subnational data
Denmark,Nordjylland,DK05,2021-05,83.3988771663367,Epidemic intelligence subnational data
Denmark,Nordjylland,DK05,2021-06,85.9415258604323,Epidemic intelligence subnational data
Denmark,Nordjylland,DK05,2021-07,86.7890754251309,Epidemic intelligence subnational data
Denmark,Nordjylland,DK05,2021-08,72.5502427381953,Epidemic intelligence subnational data
Denmark,Nordjylland,DK05,2021-09,57.1248406606818,Epidemic intelligence subnational data
Denmark,Nordjylland,DK05,2021-10,98.8242792438502,Epidemic intelligence subnational data
Denmark,Nordjylland,DK05,2021-11,127.301944617721,Epidemic intelligence subnational data
Denmark,Nordjylland,DK05,2021-12,37.4616907596756,Epidemic intelligence subnational data
Denmark,Nordjylland,DK05,2021-13,33.5629627620623,Epidemic intelligence subnational data
Denmark,Nordjylland,DK05,2021-14,111.368012801389,Epidemic intelligence subnational data
Denmark,Nordjylland,DK05,2021-15,129.336063572998,Epidemic intelligence subnational data
Denmark,Nordjylland,DK05,2021-16,142.727346695235,Epidemic intelligence subnational data
Denmark,Nordjylland,DK05,2021-17,152.558921645738,Epidemic intelligence subnational data
Denmark,Nordjylland,DK05,2021-18,156.457649643351,Epidemic intelligence subnational data
Denmark,Nordjylland,DK05,2021-19,199.513167530037,Epidemic intelligence subnational data
Denmark,Nordjylland,DK05,2021-20,252.061240541347,Epidemic intelligence subnational data
Denmark,Nordjylland,DK05,2021-21,287.488812345746,Epidemic intelligence subnational data
Denmark,Nordjylland,DK05,2021-22,279.013316698761,Epidemic intelligence subnational data
Denmark,Nordjylland,DK05,2021-23,199.682677442977,Epidemic intelligence subnational data
Denmark,Nordjylland,DK05,2021-24,110.85948306257,Epidemic intelligence subnational data
Denmark,Nordjylland,DK05,2021-25,61.1930785712348,Epidemic intelligence subnational data
Denmark,Nordjylland,DK05,2021-26,65.2613164817879,Epidemic intelligence subnational data
Denmark,Nordjylland,DK05,2021-27,81.7037780369396,Epidemic intelligence subnational data
Denmark,Nordjylland,DK05,2021-28,94.7560413332972,Epidemic intelligence subnational data
Denmark,Nordjylland,DK05,2021-29,114.758211060183,Epidemic intelligence subnational data
Denmark,Nordjylland,DK05,2021-30,208.836212741721,Epidemic intelligence subnational data
Denmark,Nordjylland,DK05,2021-31,270.368311138835,Epidemic intelligence subnational data
Denmark,Nordjylland,DK05,2021-32,239.008977244989,Epidemic intelligence subnational data
Denmark,Nordjylland,DK05,2021-33,215.955629085189,Epidemic intelligence subnational data
Denmark,Nordjylland,DK05,2021-34,160.017357815085,Epidemic intelligence subnational data
Denmark,Nordjylland,DK05,2021-35,97.2986900273928,Epidemic intelligence subnational data
Denmark,Nordjylland,DK05,2021-36,65.0918065688481,Epidemic intelligence subnational data
Denmark,Nordjylland,DK05,2021-37,53.0566027501288,Epidemic intelligence subnational data
Denmark,Nordjylland,DK05,2021-38,75.092891432291,Epidemic intelligence subnational data
Denmark,Nordjylland,DK05,2021-39,81.0257383851808,Epidemic intelligence subnational data
Denmark,Nordjylland,DK05,2021-40,70.6856336958585,Epidemic intelligence subnational data
Denmark,Nordjylland,DK05,2021-41,98.6547693309105,Epidemic intelligence subnational data
Denmark,Nordjylland,DK05,2021-42,162.390496596241,Epidemic intelligence subnational data
Denmark,Nordjylland,DK05,2021-43,215.44709934637,Epidemic intelligence subnational data
Denmark,Nordjylland,DK05,2021-44,303.253234249139,Epidemic intelligence subnational data
Denmark,Nordjylland,DK05,2021-45,486.323940224024,Epidemic intelligence subnational data
Denmark,Nordjylland,DK05,2021-46,657.52895229313,Epidemic intelligence subnational data
Denmark,Nordjylland,DK05,2021-47,698.21133139866,Epidemic intelligence subnational data
Denmark,Nordjylland,DK05,2021-48,741.605869111226,Epidemic intelligence subnational data
Denmark,Nordjylland,DK05,2021-49,968.410132624556,Epidemic intelligence subnational data
Denmark,Nordjylland,DK05,2021-50,1313.70182528274,Epidemic intelligence subnational data
Denmark,Nordjylland,DK05,2021-51,1709.33796208402,Epidemic intelligence subnational data
Denmark,Nordjylland,DK05,2021-52,2812.84749532153,Epidemic intelligence subnational data
Denmark,Nordjylland,DK05,2022-01,3817.02421957636,Epidemic intelligence subnational data
Denmark,Nordjylland,DK05,2022-02,4377.59350166798,Epidemic intelligence subnational data
Denmark,Nordjylland,DK05,2022-03,6344.92555124624,Epidemic intelligence subnational data
Denmark,Nordjylland,DK05,2022-04,9127.09175232568,Epidemic intelligence subnational data
Denmark,Greenland,GL,2020-14,,Epidemic intelligence subnational data
Denmark,Greenland,GL,2020-15,1.78491744756805,Epidemic intelligence subnational data
Denmark,Greenland,GL,2020-16,0,Epidemic intelligence subnational data
Denmark,Greenland,GL,2020-17,0,Epidemic intelligence subnational data
Denmark,Greenland,GL,2020-18,0,Epidemic intelligence subnational data
Denmark,Greenland,GL,2020-19,0,Epidemic intelligence subnational data
Denmark,Greenland,GL,2020-20,0,Epidemic intelligence subnational data
Denmark,Greenland,GL,2020-21,1.78491744756805,Epidemic intelligence subnational data
Denmark,Greenland,GL,2020-22,3.5698348951361,Epidemic intelligence subnational data
Denmark,Greenland,GL,2020-23,1.78491744756805,Epidemic intelligence subnational data
Denmark,Greenland,GL,2020-24,0,Epidemic intelligence subnational data
Denmark,Greenland,GL,2020-25,0,Epidemic intelligence subnational data
Denmark,Greenland,GL,2020-26,0,Epidemic intelligence subnational data
Denmark,Greenland,GL,2020-27,0,Epidemic intelligence subnational data
Denmark,Greenland,GL,2020-28,0,Epidemic intelligence subnational data
Denmark,Greenland,GL,2020-29,0,Epidemic intelligence subnational data
Denmark,Greenland,GL,2020-30,1.78491744756805,Epidemic intelligence subnational data
Denmark,Greenland,GL,2020-31,1.78491744756805,Epidemic intelligence subnational data
Denmark,Greenland,GL,2020-32,0,Epidemic intelligence subnational data
Denmark,Greenland,GL,2020-33,0,Epidemic intelligence subnational data
Denmark,Greenland,GL,2020-34,0,Epidemic intelligence subnational data
Denmark,Greenland,GL,2020-35,0,Epidemic intelligence subnational data
Denmark,Greenland,GL,2020-36,0,Epidemic intelligence subnational data
Denmark,Greenland,GL,2020-37,0,Epidemic intelligence subnational data
Denmark,Greenland,GL,2020-38,0,Epidemic intelligence subnational data
Denmark,Greenland,GL,2020-39,0,Epidemic intelligence subnational data
Denmark,Greenland,GL,2020-40,0,Epidemic intelligence subnational data
Denmark,Greenland,GL,2020-41,3.5698348951361,Epidemic intelligence subnational data
Denmark,Greenland,GL,2020-42,3.5698348951361,Epidemic intelligence subnational data
Denmark,Greenland,GL,2020-43,1.78491744756805,Epidemic intelligence subnational data
Denmark,Greenland,GL,2020-44,1.78491744756805,Epidemic intelligence subnational data
Denmark,Greenland,GL,2020-45,0,Epidemic intelligence subnational data
Denmark,Greenland,GL,2020-46,1.78491744756805,Epidemic intelligence subnational data
Denmark,Greenland,GL,2020-47,1.78491744756805,Epidemic intelligence subnational data
Denmark,Greenland,GL,2020-48,0,Epidemic intelligence subnational data
Denmark,Greenland,GL,2020-49,0,Epidemic intelligence subnational data
Denmark,Greenland,GL,2020-50,1.78491744756805,Epidemic intelligence subnational data
Denmark,Greenland,GL,2020-51,12.4944221329764,Epidemic intelligence subnational data
Denmark,Greenland,GL,2020-52,12.4944221329764,Epidemic intelligence subnational data
Denmark,Greenland,GL,2020-53,3.5698348951361,Epidemic intelligence subnational data
Denmark,Greenland,GL,2021-01,5.35475234270415,Epidemic intelligence subnational data
Denmark,Greenland,GL,2021-02,5.35475234270415,Epidemic intelligence subnational data
Denmark,Greenland,GL,2021-03,1.78491744756805,Epidemic intelligence subnational data
Denmark,Greenland,GL,2021-04,0,Epidemic intelligence subnational data
Denmark,Greenland,GL,2021-05,0,Epidemic intelligence subnational data
Denmark,Greenland,GL,2021-06,0,Epidemic intelligence subnational data
Denmark,Greenland,GL,2021-07,0,Epidemic intelligence subnational data
Denmark,Greenland,GL,2021-08,0,Epidemic intelligence subnational data
Denmark,Greenland,GL,2021-09,1.78491744756805,Epidemic intelligence subnational data
Denmark,Greenland,GL,2021-10,1.78491744756805,Epidemic intelligence subnational data
Denmark,Greenland,GL,2021-11,0,Epidemic intelligence subnational data
Denmark,Greenland,GL,2021-12,0,Epidemic intelligence subnational data
Denmark,Greenland,GL,2021-13,0,Epidemic intelligence subnational data
Denmark,Greenland,GL,2021-14,0,Epidemic intelligence subnational data
Denmark,Greenland,GL,2021-15,0,Epidemic intelligence subnational data
Denmark,Greenland,GL,2021-16,0,Epidemic intelligence subnational data
Denmark,Greenland,GL,2021-17,0,Epidemic intelligence subnational data
Denmark,Greenland,GL,2021-18,0,Epidemic intelligence subnational data
Denmark,Greenland,GL,2021-19,0,Epidemic intelligence subnational data
Denmark,Greenland,GL,2021-20,5.35475234270415,Epidemic intelligence subnational data
Denmark,Greenland,GL,2021-21,16.0642570281125,Epidemic intelligence subnational data
Denmark,Greenland,GL,2021-22,16.0642570281125,Epidemic intelligence subnational data
Denmark,Greenland,GL,2021-23,7.1396697902722,Epidemic intelligence subnational data
Denmark,Greenland,GL,2021-24,10.7095046854083,Epidemic intelligence subnational data
Denmark,Greenland,GL,2021-25,8.92458723784025,Epidemic intelligence subnational data
Denmark,Greenland,GL,2021-26,1.78491744756805,Epidemic intelligence subnational data
Denmark,Greenland,GL,2021-27,8.92458723784025,Epidemic intelligence subnational data
Denmark,Greenland,GL,2021-28,53.5475234270415,Epidemic intelligence subnational data
Denmark,Greenland,GL,2021-29,66.0419455600179,Epidemic intelligence subnational data
Denmark,Greenland,GL,2021-30,73.1816153502901,Epidemic intelligence subnational data
Denmark,Greenland,GL,2021-31,162.427487728693,Epidemic intelligence subnational data
Denmark,Greenland,GL,2021-32,228.46943328871,Epidemic intelligence subnational data
Denmark,Greenland,GL,2021-33,219.54484605087,Epidemic intelligence subnational data
Denmark,Greenland,GL,2021-34,149.933065595716,Epidemic intelligence subnational data
Denmark,Greenland,GL,2021-35,85.6760374832664,Epidemic intelligence subnational data
Denmark,Greenland,GL,2021-36,110.664881749219,Epidemic intelligence subnational data
Denmark,Greenland,GL,2021-38,378.402498884427,Epidemic intelligence subnational data
Denmark,Greenland,GL,2021-39,349.843819723338,Epidemic intelligence subnational data
Denmark,Greenland,GL,2021-40,103.525211958947,Epidemic intelligence subnational data
Denmark,Greenland,GL,2021-41,112.449799196787,Epidemic intelligence subnational data
Denmark,Greenland,GL,2021-42,219.54484605087,Epidemic intelligence subnational data
Denmark,Greenland,GL,2021-43,278.447121820616,Epidemic intelligence subnational data
Denmark,Greenland,GL,2021-44,242.748772869255,Epidemic intelligence subnational data
Denmark,Greenland,GL,2021-45,408.746095493083,Epidemic intelligence subnational data
Denmark,Greenland,GL,2021-46,546.184738955823,Epidemic intelligence subnational data
Denmark,Greenland,GL,2021-47,744.310575635877,Epidemic intelligence subnational data
Denmark,Greenland,GL,2021-48,772.869254796966,Epidemic intelligence subnational data
Denmark,Greenland,GL,2021-49,749.665327978581,Epidemic intelligence subnational data
Denmark,Greenland,GL,2021-50,621.151271753681,Epidemic intelligence subnational data
Denmark,Greenland,GL,2021-51,767.514502454262,Epidemic intelligence subnational data
Denmark,Greenland,GL,2021-52,1715.3056671129,Epidemic intelligence subnational data
Denmark,Greenland,GL,2022-01,5651.04863900045,Epidemic intelligence subnational data
Denmark,Greenland,GL,2022-02,9094.15439535922,Epidemic intelligence subnational data
Denmark,Greenland,GL,2022-03,7766.17581436859,Epidemic intelligence subnational data
Denmark,Greenland,GL,2022-04,4787.14859437751,Epidemic intelligence subnational data
Estonia,Harju Maakond,EEG11212,2020-15,,Epidemic intelligence subnational data
Estonia,Harju Maakond,EEG11212,2020-16,30.7423280536966,Epidemic intelligence subnational data
Estonia,Harju Maakond,EEG11212,2020-17,21.6518547044852,Epidemic intelligence subnational data
Estonia,Harju Maakond,EEG11212,2020-18,10.5780053518096,Epidemic intelligence subnational data
Estonia,Harju Maakond,EEG11212,2020-19,5.95012801039289,Epidemic intelligence subnational data
Estonia,Harju Maakond,EEG11212,2020-20,6.28069067763694,Epidemic intelligence subnational data
Estonia,Harju Maakond,EEG11212,2020-21,9.25575468283338,Epidemic intelligence subnational data
Estonia,Harju Maakond,EEG11212,2020-22,9.58631735007744,Epidemic intelligence subnational data
Estonia,Harju Maakond,EEG11212,2020-23,13.387788023384,Epidemic intelligence subnational data
Estonia,Harju Maakond,EEG11212,2020-24,11.2391306862977,Epidemic intelligence subnational data
Estonia,Harju Maakond,EEG11212,2020-25,2.97506400519645,Epidemic intelligence subnational data
Estonia,Harju Maakond,EEG11212,2020-26,1.65281333622025,Epidemic intelligence subnational data
Estonia,Harju Maakond,EEG11212,2020-27,1.65281333622025,Epidemic intelligence subnational data
Estonia,Harju Maakond,EEG11212,2020-28,2.14865733708632,Epidemic intelligence subnational data
Estonia,Harju Maakond,EEG11212,2020-29,1.3222506689762,Epidemic intelligence subnational data
Estonia,Harju Maakond,EEG11212,2020-30,0.165281333622025,Epidemic intelligence subnational data
Estonia,Harju Maakond,EEG11212,2020-31,1.9833760034643,Epidemic intelligence subnational data
Estonia,Harju Maakond,EEG11212,2020-32,3.3056266724405,Epidemic intelligence subnational data
Estonia,Harju Maakond,EEG11212,2020-33,4.29731467417264,Epidemic intelligence subnational data
Estonia,Harju Maakond,EEG11212,2020-34,7.93350401385719,Epidemic intelligence subnational data
Estonia,Harju Maakond,EEG11212,2020-35,12.8919440225179,Epidemic intelligence subnational data
Estonia,Harju Maakond,EEG11212,2020-36,23.3046680407055,Epidemic intelligence subnational data
Estonia,Harju Maakond,EEG11212,2020-37,30.2464840528305,Epidemic intelligence subnational data
Estonia,Harju Maakond,EEG11212,2020-38,30.9076093873186,Epidemic intelligence subnational data
Estonia,Harju Maakond,EEG11212,2020-39,50.0802440874735,Epidemic intelligence subnational data
Estonia,Harju Maakond,EEG11212,2020-40,58.1790294349527,Epidemic intelligence subnational data
Estonia,Harju Maakond,EEG11212,2020-41,43.4689907425925,Epidemic intelligence subnational data
Estonia,Harju Maakond,EEG11212,2020-42,36.0313307296014,Epidemic intelligence subnational data
Estonia,Harju Maakond,EEG11212,2020-43,50.9066507555836,Epidemic intelligence subnational data
Estonia,Harju Maakond,EEG11212,2020-44,89.5824828231374,Epidemic intelligence subnational data
Estonia,Harju Maakond,EEG11212,2020-45,170.57033629793,Epidemic intelligence subnational data
Estonia,Harju Maakond,EEG11212,2020-46,273.871169811695,Epidemic intelligence subnational data
Estonia,Harju Maakond,EEG11212,2020-47,353.702053951133,Epidemic intelligence subnational data
Estonia,Harju Maakond,EEG11212,2020-48,383.617975336719,Epidemic intelligence subnational data
Estonia,Harju Maakond,EEG11212,2020-49,413.203334055062,Epidemic intelligence subnational data
Estonia,Harju Maakond,EEG11212,2020-50,518.156980905048,Epidemic intelligence subnational data
Estonia,Harju Maakond,EEG11212,2020-51,706.9082639014,Epidemic intelligence subnational data
Estonia,Harju Maakond,EEG11212,2020-52,724.428085265334,Epidemic intelligence subnational data
Estonia,Harju Maakond,EEG11212,2020-53,721.61830259376,Epidemic intelligence subnational data
Estonia,Harju Maakond,EEG11212,2021-01,802.771437402174,Epidemic intelligence subnational data
Estonia,Harju Maakond,EEG11212,2021-02,704.263762563447,Epidemic intelligence subnational data
Estonia,Harju Maakond,EEG11212,2021-03,553.031342299295,Epidemic intelligence subnational data
Estonia,Harju Maakond,EEG11212,2021-04,555.841124970869,Epidemic intelligence subnational data
Estonia,Harju Maakond,EEG11212,2021-05,615.342405074798,Epidemic intelligence subnational data
Estonia,Harju Maakond,EEG11212,2021-06,685.917534531403,Epidemic intelligence subnational data
Estonia,Harju Maakond,EEG11212,2021-07,919.95590294019,Epidemic intelligence subnational data
Estonia,Harju Maakond,EEG11212,2021-08,1382.74363708186,Epidemic intelligence subnational data
Estonia,Harju Maakond,EEG11212,2021-09,1844.70496455542,Epidemic intelligence subnational data
Estonia,Harju Maakond,EEG11212,2021-10,2055.76922759074,Epidemic intelligence subnational data
Estonia,Harju Maakond,EEG11212,2021-11,2094.61034099192,Epidemic intelligence subnational data
Estonia,Harju Maakond,EEG11212,2021-12,1730.4955630226,Epidemic intelligence subnational data
Estonia,Harju Maakond,EEG11212,2021-13,1349.35680769021,Epidemic intelligence subnational data
Estonia,Harju Maakond,EEG11212,2021-14,1060.77559918616,Epidemic intelligence subnational data
Estonia,Harju Maakond,EEG11212,2021-15,708.395795903998,Epidemic intelligence subnational data
Estonia,Harju Maakond,EEG11212,2021-16,527.082172920637,Epidemic intelligence subnational data
Estonia,Harju Maakond,EEG11212,2021-17,411.881083386086,Epidemic intelligence subnational data
Estonia,Harju Maakond,EEG11212,2021-18,326.265352569877,Epidemic intelligence subnational data
Estonia,Harju Maakond,EEG11212,2021-19,281.143548491064,Epidemic intelligence subnational data
Estonia,Harju Maakond,EEG11212,2021-20,231.228585737213,Epidemic intelligence subnational data
Estonia,Harju Maakond,EEG11212,2021-21,146.604542922736,Epidemic intelligence subnational data
Estonia,Harju Maakond,EEG11212,2021-22,95.8631735007743,Epidemic intelligence subnational data
Estonia,Harju Maakond,EEG11212,2021-23,64.9555641134557,Epidemic intelligence subnational data
Estonia,Harju Maakond,EEG11212,2021-24,42.8078654081044,Epidemic intelligence subnational data
Estonia,Harju Maakond,EEG11212,2021-25,31.2381720545627,Epidemic intelligence subnational data
Estonia,Harju Maakond,EEG11212,2021-26,26.94085738039,Epidemic intelligence subnational data
Estonia,Harju Maakond,EEG11212,2021-27,34.8743613942472,Epidemic intelligence subnational data
Estonia,Harju Maakond,EEG11212,2021-28,53.716433427158,Epidemic intelligence subnational data
Estonia,Harju Maakond,EEG11212,2021-29,71.2362547910927,Epidemic intelligence subnational data
Estonia,Harju Maakond,EEG11212,2021-30,141.646102914075,Epidemic intelligence subnational data
Estonia,Harju Maakond,EEG11212,2021-31,205.775260359421,Epidemic intelligence subnational data
Estonia,Harju Maakond,EEG11212,2021-32,227.75767773115,Epidemic intelligence subnational data
Estonia,Harju Maakond,EEG11212,2021-33,237.50927641485,Epidemic intelligence subnational data
Estonia,Harju Maakond,EEG11212,2021-34,263.127883126263,Epidemic intelligence subnational data
Estonia,Harju Maakond,EEG11212,2021-35,302.464840528305,Epidemic intelligence subnational data
Estonia,Harju Maakond,EEG11212,2021-36,347.256081939874,Epidemic intelligence subnational data
Estonia,Harju Maakond,EEG11212,2021-37,391.716760684199,Epidemic intelligence subnational data
Estonia,Harju Maakond,EEG11212,2021-38,456.837606131276,Epidemic intelligence subnational data
Estonia,Harju Maakond,EEG11212,2021-39,588.236266360786,Epidemic intelligence subnational data
Estonia,Harju Maakond,EEG11212,2021-40,769.549889344147,Epidemic intelligence subnational data
Estonia,Harju Maakond,EEG11212,2021-41,970.697272362151,Epidemic intelligence subnational data
Estonia,Harju Maakond,EEG11212,2021-42,1197.13269942433,Epidemic intelligence subnational data
Estonia,Harju Maakond,EEG11212,2021-43,1474.64005857571,Epidemic intelligence subnational data
Estonia,Harju Maakond,EEG11212,2021-44,1437.61703984437,Epidemic intelligence subnational data
Estonia,Harju Maakond,EEG11212,2021-45,1013.33985643663,Epidemic intelligence subnational data
Estonia,Harju Maakond,EEG11212,2021-46,690.380130539197,Epidemic intelligence subnational data
Estonia,Harju Maakond,EEG11212,2021-47,556.336968971735,Epidemic intelligence subnational data
Estonia,Harju Maakond,EEG11212,2021-48,491.216123524658,Epidemic intelligence subnational data
Estonia,Harju Maakond,EEG11212,2021-49,506.09144355064,Epidemic intelligence subnational data
Estonia,Harju Maakond,EEG11212,2021-50,581.955575683149,Epidemic intelligence subnational data
Estonia,Harju Maakond,EEG11212,2021-51,672.033902507153,Epidemic intelligence subnational data
Estonia,Harju Maakond,EEG11212,2021-52,895.163702896886,Epidemic intelligence subnational data
Estonia,Harju Maakond,EEG11212,2022-01,1540.91787335814,Epidemic intelligence subnational data
Estonia,Harju Maakond,EEG11212,2022-02,2228.48822122576,Epidemic intelligence subnational data
Estonia,Harju Maakond,EEG11212,2022-03,4187.73314998124,Epidemic intelligence subnational data
Estonia,Harju Maakond,EEG11212,2022-04,5514.61169629886,Epidemic intelligence subnational data
Estonia,Hiiu Maakond,EEG11213,2020-15,,Epidemic intelligence subnational data
Estonia,Hiiu Maakond,EEG11213,2020-16,21.4707461084273,Epidemic intelligence subnational data
Estonia,Hiiu Maakond,EEG11213,2020-17,42.9414922168545,Epidemic intelligence subnational data
Estonia,Hiiu Maakond,EEG11213,2020-18,32.2061191626409,Epidemic intelligence subnational data
Estonia,Hiiu Maakond,EEG11213,2020-19,10.7353730542136,Epidemic intelligence subnational data
Estonia,Hiiu Maakond,EEG11213,2020-20,0,Epidemic intelligence subnational data
Estonia,Hiiu Maakond,EEG11213,2020-21,0,Epidemic intelligence subnational data
Estonia,Hiiu Maakond,EEG11213,2020-22,0,Epidemic intelligence subnational data
Estonia,Hiiu Maakond,EEG11213,2020-23,0,Epidemic intelligence subnational data
Estonia,Hiiu Maakond,EEG11213,2020-24,0,Epidemic intelligence subnational data
Estonia,Hiiu Maakond,EEG11213,2020-25,0,Epidemic intelligence subnational data
Estonia,Hiiu Maakond,EEG11213,2020-26,-10.7353730542136,Epidemic intelligence subnational data
Estonia,Hiiu Maakond,EEG11213,2020-27,-10.7353730542136,Epidemic intelligence subnational data
Estonia,Hiiu Maakond,EEG11213,2020-28,0,Epidemic intelligence subnational data
Estonia,Hiiu Maakond,EEG11213,2020-29,0,Epidemic intelligence subnational data
Estonia,Hiiu Maakond,EEG11213,2020-30,0,Epidemic intelligence subnational data
Estonia,Hiiu Maakond,EEG11213,2020-31,0,Epidemic intelligence subnational data
Estonia,Hiiu Maakond,EEG11213,2020-32,0,Epidemic intelligence subnational data
Estonia,Hiiu Maakond,EEG11213,2020-33,0,Epidemic intelligence subnational data
Estonia,Hiiu Maakond,EEG11213,2020-34,10.7353730542136,Epidemic intelligence subnational data
Estonia,Hiiu Maakond,EEG11213,2020-35,10.7353730542136,Epidemic intelligence subnational data
Estonia,Hiiu Maakond,EEG11213,2020-36,0,Epidemic intelligence subnational data
Estonia,Hiiu Maakond,EEG11213,2020-37,0,Epidemic intelligence subnational data
Estonia,Hiiu Maakond,EEG11213,2020-38,0,Epidemic intelligence subnational data
Estonia,Hiiu Maakond,EEG11213,2020-39,32.2061191626409,Epidemic intelligence subnational data
Estonia,Hiiu Maakond,EEG11213,2020-40,32.2061191626409,Epidemic intelligence subnational data
Estonia,Hiiu Maakond,EEG11213,2020-41,21.4707461084273,Epidemic intelligence subnational data
Estonia,Hiiu Maakond,EEG11213,2020-42,32.2061191626409,Epidemic intelligence subnational data
Estonia,Hiiu Maakond,EEG11213,2020-43,21.4707461084273,Epidemic intelligence subnational data
Estonia,Hiiu Maakond,EEG11213,2020-44,85.8829844337091,Epidemic intelligence subnational data
Estonia,Hiiu Maakond,EEG11213,2020-45,354.26731078905,Epidemic intelligence subnational data
Estonia,Hiiu Maakond,EEG11213,2020-46,440.150295222759,Epidemic intelligence subnational data
Estonia,Hiiu Maakond,EEG11213,2020-47,246.913580246914,Epidemic intelligence subnational data
Estonia,Hiiu Maakond,EEG11213,2020-48,150.295222758991,Epidemic intelligence subnational data
Estonia,Hiiu Maakond,EEG11213,2020-49,171.765968867418,Epidemic intelligence subnational data
Estonia,Hiiu Maakond,EEG11213,2020-50,246.913580246914,Epidemic intelligence subnational data
Estonia,Hiiu Maakond,EEG11213,2020-51,300.590445517982,Epidemic intelligence subnational data
Estonia,Hiiu Maakond,EEG11213,2020-52,397.208803005904,Epidemic intelligence subnational data
Estonia,Hiiu Maakond,EEG11213,2020-53,633.387010198605,Epidemic intelligence subnational data
Estonia,Hiiu Maakond,EEG11213,2021-01,665.593129361245,Epidemic intelligence subnational data
Estonia,Hiiu Maakond,EEG11213,2021-02,622.651637144391,Epidemic intelligence subnational data
Estonia,Hiiu Maakond,EEG11213,2021-03,407.944176060118,Epidemic intelligence subnational data
Estonia,Hiiu Maakond,EEG11213,2021-04,203.972088030059,Epidemic intelligence subnational data
Estonia,Hiiu Maakond,EEG11213,2021-05,386.473429951691,Epidemic intelligence subnational data
Estonia,Hiiu Maakond,EEG11213,2021-06,536.768652710682,Epidemic intelligence subnational data
Estonia,Hiiu Maakond,EEG11213,2021-07,472.3564143854,Epidemic intelligence subnational data
Estonia,Hiiu Maakond,EEG11213,2021-08,397.208803005904,Epidemic intelligence subnational data
Estonia,Hiiu Maakond,EEG11213,2021-09,805.152979066023,Epidemic intelligence subnational data
Estonia,Hiiu Maakond,EEG11213,2021-10,1234.56790123457,Epidemic intelligence subnational data
Estonia,Hiiu Maakond,EEG11213,2021-11,1137.94954374665,Epidemic intelligence subnational data
Estonia,Hiiu Maakond,EEG11213,2021-12,687.063875469673,Epidemic intelligence subnational data
Estonia,Hiiu Maakond,EEG11213,2021-13,375.738056897477,Epidemic intelligence subnational data
Estonia,Hiiu Maakond,EEG11213,2021-14,418.679549114332,Epidemic intelligence subnational data
Estonia,Hiiu Maakond,EEG11213,2021-15,397.208803005904,Epidemic intelligence subnational data
Estonia,Hiiu Maakond,EEG11213,2021-16,203.972088030059,Epidemic intelligence subnational data
Estonia,Hiiu Maakond,EEG11213,2021-17,85.8829844337091,Epidemic intelligence subnational data
Estonia,Hiiu Maakond,EEG11213,2021-18,75.1476113794955,Epidemic intelligence subnational data
Estonia,Hiiu Maakond,EEG11213,2021-19,85.8829844337091,Epidemic intelligence subnational data
Estonia,Hiiu Maakond,EEG11213,2021-20,53.6768652710682,Epidemic intelligence subnational data
Estonia,Hiiu Maakond,EEG11213,2021-21,32.2061191626409,Epidemic intelligence subnational data
Estonia,Hiiu Maakond,EEG11213,2021-22,42.9414922168545,Epidemic intelligence subnational data
Estonia,Hiiu Maakond,EEG11213,2021-23,32.2061191626409,Epidemic intelligence subnational data
Estonia,Hiiu Maakond,EEG11213,2021-24,53.6768652710682,Epidemic intelligence subnational data
Estonia,Hiiu Maakond,EEG11213,2021-25,53.6768652710682,Epidemic intelligence subnational data
Estonia,Hiiu Maakond,EEG11213,2021-26,21.4707461084273,Epidemic intelligence subnational data
Estonia,Hiiu Maakond,EEG11213,2021-27,10.7353730542136,Epidemic intelligence subnational data
Estonia,Hiiu Maakond,EEG11213,2021-28,10.7353730542136,Epidemic intelligence subnational data
Estonia,Hiiu Maakond,EEG11213,2021-29,21.4707461084273,Epidemic intelligence subnational data
Estonia,Hiiu Maakond,EEG11213,2021-30,32.2061191626409,Epidemic intelligence subnational data
Estonia,Hiiu Maakond,EEG11213,2021-31,53.6768652710682,Epidemic intelligence subnational data
Estonia,Hiiu Maakond,EEG11213,2021-32,85.8829844337091,Epidemic intelligence subnational data
Estonia,Hiiu Maakond,EEG11213,2021-33,150.295222758991,Epidemic intelligence subnational data
Estonia,Hiiu Maakond,EEG11213,2021-34,128.824476650564,Epidemic intelligence subnational data
Estonia,Hiiu Maakond,EEG11213,2021-35,75.1476113794955,Epidemic intelligence subnational data
Estonia,Hiiu Maakond,EEG11213,2021-36,96.6183574879227,Epidemic intelligence subnational data
Estonia,Hiiu Maakond,EEG11213,2021-37,128.824476650564,Epidemic intelligence subnational data
Estonia,Hiiu Maakond,EEG11213,2021-38,171.765968867418,Epidemic intelligence subnational data
Estonia,Hiiu Maakond,EEG11213,2021-39,214.707461084273,Epidemic intelligence subnational data
Estonia,Hiiu Maakond,EEG11213,2021-40,214.707461084273,Epidemic intelligence subnational data
Estonia,Hiiu Maakond,EEG11213,2021-41,289.855072463768,Epidemic intelligence subnational data
Estonia,Hiiu Maakond,EEG11213,2021-42,547.504025764895,Epidemic intelligence subnational data
Estonia,Hiiu Maakond,EEG11213,2021-43,901.771336553945,Epidemic intelligence subnational data
Estonia,Hiiu Maakond,EEG11213,2021-44,826.62372517445,Epidemic intelligence subnational data
Estonia,Hiiu Maakond,EEG11213,2021-45,450.885668276973,Epidemic intelligence subnational data
Estonia,Hiiu Maakond,EEG11213,2021-46,375.738056897477,Epidemic intelligence subnational data
Estonia,Hiiu Maakond,EEG11213,2021-47,343.531937734836,Epidemic intelligence subnational data
Estonia,Hiiu Maakond,EEG11213,2021-48,322.061191626409,Epidemic intelligence subnational data
Estonia,Hiiu Maakond,EEG11213,2021-49,300.590445517982,Epidemic intelligence subnational data
Estonia,Hiiu Maakond,EEG11213,2021-50,203.972088030059,Epidemic intelligence subnational data
Estonia,Hiiu Maakond,EEG11213,2021-51,246.913580246914,Epidemic intelligence subnational data
Estonia,Hiiu Maakond,EEG11213,2021-52,526.033279656468,Epidemic intelligence subnational data
Estonia,Hiiu Maakond,EEG11213,2022-01,730.005367686527,Epidemic intelligence subnational data
Estonia,Hiiu Maakond,EEG11213,2022-02,912.506709608159,Epidemic intelligence subnational data
Estonia,Hiiu Maakond,EEG11213,2022-03,2104.13311862587,Epidemic intelligence subnational data
Estonia,Hiiu Maakond,EEG11213,2022-04,3349.43639291465,Epidemic intelligence subnational data
Estonia,Ida-Viru Maakond,EEG11214,2020-15,,Epidemic intelligence subnational data
Estonia,Ida-Viru Maakond,EEG11214,2020-16,22.3448707349228,Epidemic intelligence subnational data
Estonia,Ida-Viru Maakond,EEG11214,2020-17,28.3035029309022,Epidemic intelligence subnational data
Estonia,Ida-Viru Maakond,EEG11214,2020-18,20.855212685928,Epidemic intelligence subnational data
Estonia,Ida-Viru Maakond,EEG11214,2020-19,4.46897414698456,Epidemic intelligence subnational data
Estonia,Ida-Viru Maakond,EEG11214,2020-20,5.21380317148199,Epidemic intelligence subnational data
Estonia,Ida-Viru Maakond,EEG11214,2020-21,1.48965804899485,Epidemic intelligence subnational data
Estonia,Ida-Viru Maakond,EEG11214,2020-22,5.95863219597941,Epidemic intelligence subnational data
Estonia,Ida-Viru Maakond,EEG11214,2020-23,14.1517514654511,Epidemic intelligence subnational data
Estonia,Ida-Viru Maakond,EEG11214,2020-24,11.1724353674614,Epidemic intelligence subnational data
Estonia,Ida-Viru Maakond,EEG11214,2020-25,4.46897414698456,Epidemic intelligence subnational data
Estonia,Ida-Viru Maakond,EEG11214,2020-26,2.97931609798971,Epidemic intelligence subnational data
Estonia,Ida-Viru Maakond,EEG11214,2020-27,5.21380317148199,Epidemic intelligence subnational data
Estonia,Ida-Viru Maakond,EEG11214,2020-28,5.95863219597941,Epidemic intelligence subnational data
Estonia,Ida-Viru Maakond,EEG11214,2020-29,3.72414512248713,Epidemic intelligence subnational data
Estonia,Ida-Viru Maakond,EEG11214,2020-30,5.21380317148199,Epidemic intelligence subnational data
Estonia,Ida-Viru Maakond,EEG11214,2020-31,8.93794829396912,Epidemic intelligence subnational data
Estonia,Ida-Viru Maakond,EEG11214,2020-32,5.95863219597941,Epidemic intelligence subnational data
Estonia,Ida-Viru Maakond,EEG11214,2020-33,5.21380317148199,Epidemic intelligence subnational data
Estonia,Ida-Viru Maakond,EEG11214,2020-34,49.1587156168302,Epidemic intelligence subnational data
Estonia,Ida-Viru Maakond,EEG11214,2020-35,77.4622185477324,Epidemic intelligence subnational data
Estonia,Ida-Viru Maakond,EEG11214,2020-36,45.434570494343,Epidemic intelligence subnational data
Estonia,Ida-Viru Maakond,EEG11214,2020-37,49.1587156168302,Epidemic intelligence subnational data
Estonia,Ida-Viru Maakond,EEG11214,2020-38,96.8277731846655,Epidemic intelligence subnational data
Estonia,Ida-Viru Maakond,EEG11214,2020-39,127.36576318906,Epidemic intelligence subnational data
Estonia,Ida-Viru Maakond,EEG11214,2020-40,133.324395385039,Epidemic intelligence subnational data
Estonia,Ida-Viru Maakond,EEG11214,2020-41,139.283027581019,Epidemic intelligence subnational data
Estonia,Ida-Viru Maakond,EEG11214,2020-42,113.958840748106,Epidemic intelligence subnational data
Estonia,Ida-Viru Maakond,EEG11214,2020-43,95.3381151356706,Epidemic intelligence subnational data
Estonia,Ida-Viru Maakond,EEG11214,2020-44,110.234695625619,Epidemic intelligence subnational data
Estonia,Ida-Viru Maakond,EEG11214,2020-45,241.324603937166,Epidemic intelligence subnational data
Estonia,Ida-Viru Maakond,EEG11214,2020-46,455.835362992425,Epidemic intelligence subnational data
Estonia,Ida-Viru Maakond,EEG11214,2020-47,605.545996916408,Epidemic intelligence subnational data
Estonia,Ida-Viru Maakond,EEG11214,2020-48,764.939408158857,Epidemic intelligence subnational data
Estonia,Ida-Viru Maakond,EEG11214,2020-49,954.125980381204,Epidemic intelligence subnational data
Estonia,Ida-Viru Maakond,EEG11214,2020-50,1050.20892454137,Epidemic intelligence subnational data
Estonia,Ida-Viru Maakond,EEG11214,2020-51,1114.26422064815,Epidemic intelligence subnational data
Estonia,Ida-Viru Maakond,EEG11214,2020-52,974.981193067132,Epidemic intelligence subnational data
Estonia,Ida-Viru Maakond,EEG11214,2020-53,806.649833530713,Epidemic intelligence subnational data
Estonia,Ida-Viru Maakond,EEG11214,2021-01,918.374187205327,Epidemic intelligence subnational data
Estonia,Ida-Viru Maakond,EEG11214,2021-02,960.82944160168,Epidemic intelligence subnational data
Estonia,Ida-Viru Maakond,EEG11214,2021-03,831.974020363626,Epidemic intelligence subnational data
Estonia,Ida-Viru Maakond,EEG11214,2021-04,803.670517432723,Epidemic intelligence subnational data
Estonia,Ida-Viru Maakond,EEG11214,2021-05,800.691201334734,Epidemic intelligence subnational data
Estonia,Ida-Viru Maakond,EEG11214,2021-06,825.270559143149,Epidemic intelligence subnational data
Estonia,Ida-Viru Maakond,EEG11214,2021-07,974.981193067132,Epidemic intelligence subnational data
Estonia,Ida-Viru Maakond,EEG11214,2021-08,1231.94720651874,Epidemic intelligence subnational data
Estonia,Ida-Viru Maakond,EEG11214,2021-09,1529.13398729322,Epidemic intelligence subnational data
Estonia,Ida-Viru Maakond,EEG11214,2021-10,1465.82352021094,Epidemic intelligence subnational data
Estonia,Ida-Viru Maakond,EEG11214,2021-11,1301.9611348215,Epidemic intelligence subnational data
Estonia,Ida-Viru Maakond,EEG11214,2021-12,1138.09874943207,Epidemic intelligence subnational data
Estonia,Ida-Viru Maakond,EEG11214,2021-13,999.560550875547,Epidemic intelligence subnational data
Estonia,Ida-Viru Maakond,EEG11214,2021-14,887.836197200933,Epidemic intelligence subnational data
Estonia,Ida-Viru Maakond,EEG11214,2021-15,682.263386439643,Epidemic intelligence subnational data
Estonia,Ida-Viru Maakond,EEG11214,2021-16,543.725187883121,Epidemic intelligence subnational data
Estonia,Ida-Viru Maakond,EEG11214,2021-17,564.580400569049,Epidemic intelligence subnational data
Estonia,Ida-Viru Maakond,EEG11214,2021-18,659.173686680223,Epidemic intelligence subnational data
Estonia,Ida-Viru Maakond,EEG11214,2021-19,713.546205468535,Epidemic intelligence subnational data
Estonia,Ida-Viru Maakond,EEG11214,2021-20,605.545996916408,Epidemic intelligence subnational data
Estonia,Ida-Viru Maakond,EEG11214,2021-21,384.331776640672,Epidemic intelligence subnational data
Estonia,Ida-Viru Maakond,EEG11214,2021-22,236.110800765684,Epidemic intelligence subnational data
Estonia,Ida-Viru Maakond,EEG11214,2021-23,118.427814895091,Epidemic intelligence subnational data
Estonia,Ida-Viru Maakond,EEG11214,2021-24,73.7380734252452,Epidemic intelligence subnational data
Estonia,Ida-Viru Maakond,EEG11214,2021-25,52.8828607393173,Epidemic intelligence subnational data
Estonia,Ida-Viru Maakond,EEG11214,2021-26,41.7104253718559,Epidemic intelligence subnational data
Estonia,Ida-Viru Maakond,EEG11214,2021-27,41.7104253718559,Epidemic intelligence subnational data
Estonia,Ida-Viru Maakond,EEG11214,2021-28,37.2414512248713,Epidemic intelligence subnational data
Estonia,Ida-Viru Maakond,EEG11214,2021-29,39.4759382983636,Epidemic intelligence subnational data
Estonia,Ida-Viru Maakond,EEG11214,2021-30,73.7380734252452,Epidemic intelligence subnational data
Estonia,Ida-Viru Maakond,EEG11214,2021-31,89.3794829396912,Epidemic intelligence subnational data
Estonia,Ida-Viru Maakond,EEG11214,2021-32,84.1656797682092,Epidemic intelligence subnational data
Estonia,Ida-Viru Maakond,EEG11214,2021-33,99.8070892826552,Epidemic intelligence subnational data
Estonia,Ida-Viru Maakond,EEG11214,2021-34,118.427814895091,Epidemic intelligence subnational data
Estonia,Ida-Viru Maakond,EEG11214,2021-35,108.745037576624,Epidemic intelligence subnational data
Estonia,Ida-Viru Maakond,EEG11214,2021-36,120.662301968583,Epidemic intelligence subnational data
Estonia,Ida-Viru Maakond,EEG11214,2021-37,191.421059295839,Epidemic intelligence subnational data
Estonia,Ida-Viru Maakond,EEG11214,2021-38,255.476355402617,Epidemic intelligence subnational data
Estonia,Ida-Viru Maakond,EEG11214,2021-39,410.400792498082,Epidemic intelligence subnational data
Estonia,Ida-Viru Maakond,EEG11214,2021-40,770.153211330339,Epidemic intelligence subnational data
Estonia,Ida-Viru Maakond,EEG11214,2021-41,1097.87798210921,Epidemic intelligence subnational data
Estonia,Ida-Viru Maakond,EEG11214,2021-42,1249.82310310668,Epidemic intelligence subnational data
Estonia,Ida-Viru Maakond,EEG11214,2021-43,1488.16839094586,Epidemic intelligence subnational data
Estonia,Ida-Viru Maakond,EEG11214,2021-44,1548.49954193015,Epidemic intelligence subnational data
Estonia,Ida-Viru Maakond,EEG11214,2021-45,1171.61605553445,Epidemic intelligence subnational data
Estonia,Ida-Viru Maakond,EEG11214,2021-46,866.980984515005,Epidemic intelligence subnational data
Estonia,Ida-Viru Maakond,EEG11214,2021-47,727.697956933986,Epidemic intelligence subnational data
Estonia,Ida-Viru Maakond,EEG11214,2021-48,618.952919357362,Epidemic intelligence subnational data
Estonia,Ida-Viru Maakond,EEG11214,2021-49,525.104462270686,Epidemic intelligence subnational data
Estonia,Ida-Viru Maakond,EEG11214,2021-50,452.856046894435,Epidemic intelligence subnational data
Estonia,Ida-Viru Maakond,EEG11214,2021-51,417.849082743056,Epidemic intelligence subnational data
Estonia,Ida-Viru Maakond,EEG11214,2021-52,392.524895910144,Epidemic intelligence subnational data
Estonia,Ida-Viru Maakond,EEG11214,2022-01,548.938991054603,Epidemic intelligence subnational data
Estonia,Ida-Viru Maakond,EEG11214,2022-02,795.477398163252,Epidemic intelligence subnational data
Estonia,Ida-Viru Maakond,EEG11214,2022-03,1557.43749022412,Epidemic intelligence subnational data
Estonia,Ida-Viru Maakond,EEG11214,2022-04,2758.84670673847,Epidemic intelligence subnational data
Estonia,Järva Maakond,EEG11215,2020-15,,Epidemic intelligence subnational data
Estonia,Järva Maakond,EEG11215,2020-16,13.2564459468417,Epidemic intelligence subnational data
Estonia,Järva Maakond,EEG11215,2020-17,6.62822297342083,Epidemic intelligence subnational data
Estonia,Järva Maakond,EEG11215,2020-18,6.62822297342083,Epidemic intelligence subnational data
Estonia,Järva Maakond,EEG11215,2020-19,3.31411148671041,Epidemic intelligence subnational data
Estonia,Järva Maakond,EEG11215,2020-20,0,Epidemic intelligence subnational data
Estonia,Järva Maakond,EEG11215,2020-21,0,Epidemic intelligence subnational data
Estonia,Järva Maakond,EEG11215,2020-22,0,Epidemic intelligence subnational data
Estonia,Järva Maakond,EEG11215,2020-23,0,Epidemic intelligence subnational data
Estonia,Järva Maakond,EEG11215,2020-24,0,Epidemic intelligence subnational data
Estonia,Järva Maakond,EEG11215,2020-25,0,Epidemic intelligence subnational data
Estonia,Järva Maakond,EEG11215,2020-26,0,Epidemic intelligence subnational data
Estonia,Järva Maakond,EEG11215,2020-27,3.31411148671041,Epidemic intelligence subnational data
Estonia,Järva Maakond,EEG11215,2020-28,3.31411148671041,Epidemic intelligence subnational data
Estonia,Järva Maakond,EEG11215,2020-29,-6.62822297342083,Epidemic intelligence subnational data
Estonia,Järva Maakond,EEG11215,2020-30,-6.62822297342083,Epidemic intelligence subnational data
Estonia,Järva Maakond,EEG11215,2020-31,3.31411148671041,Epidemic intelligence subnational data
Estonia,Järva Maakond,EEG11215,2020-32,6.62822297342083,Epidemic intelligence subnational data
Estonia,Järva Maakond,EEG11215,2020-33,3.31411148671041,Epidemic intelligence subnational data
Estonia,Järva Maakond,EEG11215,2020-34,0,Epidemic intelligence subnational data
Estonia,Järva Maakond,EEG11215,2020-35,0,Epidemic intelligence subnational data
Estonia,Järva Maakond,EEG11215,2020-36,0,Epidemic intelligence subnational data
Estonia,Järva Maakond,EEG11215,2020-37,0,Epidemic intelligence subnational data
Estonia,Järva Maakond,EEG11215,2020-38,3.31411148671041,Epidemic intelligence subnational data
Estonia,Järva Maakond,EEG11215,2020-39,13.2564459468417,Epidemic intelligence subnational data
Estonia,Järva Maakond,EEG11215,2020-40,9.94233446013124,Epidemic intelligence subnational data
Estonia,Järva Maakond,EEG11215,2020-41,0,Epidemic intelligence subnational data
Estonia,Järva Maakond,EEG11215,2020-42,0,Epidemic intelligence subnational data
Estonia,Järva Maakond,EEG11215,2020-43,0,Epidemic intelligence subnational data
Estonia,Järva Maakond,EEG11215,2020-44,13.2564459468417,Epidemic intelligence subnational data
Estonia,Järva Maakond,EEG11215,2020-45,53.0257837873666,Epidemic intelligence subnational data
Estonia,Järva Maakond,EEG11215,2020-46,79.5386756810499,Epidemic intelligence subnational data
Estonia,Järva Maakond,EEG11215,2020-47,99.4233446013124,Epidemic intelligence subnational data
Estonia,Järva Maakond,EEG11215,2020-48,96.109233114602,Epidemic intelligence subnational data
Estonia,Järva Maakond,EEG11215,2020-49,89.4810101411812,Epidemic intelligence subnational data
Estonia,Järva Maakond,EEG11215,2020-50,89.4810101411812,Epidemic intelligence subnational data
Estonia,Järva Maakond,EEG11215,2020-51,208.789023662756,Epidemic intelligence subnational data
Estonia,Järva Maakond,EEG11215,2020-52,407.635712865381,Epidemic intelligence subnational data
Estonia,Järva Maakond,EEG11215,2020-53,480.54616557301,Epidemic intelligence subnational data
Estonia,Järva Maakond,EEG11215,2021-01,414.263935838802,Epidemic intelligence subnational data
Estonia,Järva Maakond,EEG11215,2021-02,354.609929078014,Epidemic intelligence subnational data
Estonia,Järva Maakond,EEG11215,2021-03,268.443030423544,Epidemic intelligence subnational data
Estonia,Järva Maakond,EEG11215,2021-04,444.090939219195,Epidemic intelligence subnational data
Estonia,Järva Maakond,EEG11215,2021-05,652.879962881951,Epidemic intelligence subnational data
Estonia,Järva Maakond,EEG11215,2021-06,689.335189235766,Epidemic intelligence subnational data
Estonia,Järva Maakond,EEG11215,2021-07,795.386756810499,Epidemic intelligence subnational data
Estonia,Järva Maakond,EEG11215,2021-08,715.848081129449,Epidemic intelligence subnational data
Estonia,Järva Maakond,EEG11215,2021-09,579.969510174322,Epidemic intelligence subnational data
Estonia,Järva Maakond,EEG11215,2021-10,632.995293961689,Epidemic intelligence subnational data
Estonia,Järva Maakond,EEG11215,2021-11,782.130310863657,Epidemic intelligence subnational data
Estonia,Järva Maakond,EEG11215,2021-12,715.848081129449,Epidemic intelligence subnational data
Estonia,Järva Maakond,EEG11215,2021-13,609.796513554716,Epidemic intelligence subnational data
Estonia,Järva Maakond,EEG11215,2021-14,523.629614900245,Epidemic intelligence subnational data
Estonia,Järva Maakond,EEG11215,2021-15,391.065155431829,Epidemic intelligence subnational data
Estonia,Järva Maakond,EEG11215,2021-16,298.270033803937,Epidemic intelligence subnational data
Estonia,Järva Maakond,EEG11215,2021-17,328.097037184331,Epidemic intelligence subnational data
Estonia,Järva Maakond,EEG11215,2021-18,255.186584476702,Epidemic intelligence subnational data
Estonia,Järva Maakond,EEG11215,2021-19,96.109233114602,Epidemic intelligence subnational data
Estonia,Järva Maakond,EEG11215,2021-20,66.2822297342083,Epidemic intelligence subnational data
Estonia,Järva Maakond,EEG11215,2021-21,26.5128918936833,Epidemic intelligence subnational data
Estonia,Järva Maakond,EEG11215,2021-22,3.31411148671041,Epidemic intelligence subnational data
Estonia,Järva Maakond,EEG11215,2021-23,0,Epidemic intelligence subnational data
Estonia,Järva Maakond,EEG11215,2021-24,0,Epidemic intelligence subnational data
Estonia,Järva Maakond,EEG11215,2021-25,0,Epidemic intelligence subnational data
Estonia,Järva Maakond,EEG11215,2021-26,9.94233446013124,Epidemic intelligence subnational data
Estonia,Järva Maakond,EEG11215,2021-27,29.8270033803937,Epidemic intelligence subnational data
Estonia,Järva Maakond,EEG11215,2021-28,49.7116723006562,Epidemic intelligence subnational data
Estonia,Järva Maakond,EEG11215,2021-29,46.3975608139458,Epidemic intelligence subnational data
Estonia,Järva Maakond,EEG11215,2021-30,109.365679061444,Epidemic intelligence subnational data
Estonia,Järva Maakond,EEG11215,2021-31,195.532577715914,Epidemic intelligence subnational data
Estonia,Järva Maakond,EEG11215,2021-32,291.641810830516,Epidemic intelligence subnational data
Estonia,Järva Maakond,EEG11215,2021-33,407.635712865381,Epidemic intelligence subnational data
Estonia,Järva Maakond,EEG11215,2021-34,357.924040564725,Epidemic intelligence subnational data
Estonia,Järva Maakond,EEG11215,2021-35,354.609929078014,Epidemic intelligence subnational data
Estonia,Järva Maakond,EEG11215,2021-36,480.54616557301,Epidemic intelligence subnational data
Estonia,Järva Maakond,EEG11215,2021-37,606.482402068006,Epidemic intelligence subnational data
Estonia,Järva Maakond,EEG11215,2021-38,593.225956121164,Epidemic intelligence subnational data
Estonia,Järva Maakond,EEG11215,2021-39,536.886060847087,Epidemic intelligence subnational data
Estonia,Järva Maakond,EEG11215,2021-40,695.963412209187,Epidemic intelligence subnational data
Estonia,Järva Maakond,EEG11215,2021-41,1027.37456088023,Epidemic intelligence subnational data
Estonia,Järva Maakond,EEG11215,2021-42,1696.82508119573,Epidemic intelligence subnational data
Estonia,Järva Maakond,EEG11215,2021-43,2326.50626367071,Epidemic intelligence subnational data
Estonia,Järva Maakond,EEG11215,2021-44,2180.68535825545,Epidemic intelligence subnational data
Estonia,Järva Maakond,EEG11215,2021-45,1607.34407105455,Epidemic intelligence subnational data
Estonia,Järva Maakond,EEG11215,2021-46,1209.6506926493,Epidemic intelligence subnational data
Estonia,Järva Maakond,EEG11215,2021-47,884.86776695168,Epidemic intelligence subnational data
Estonia,Järva Maakond,EEG11215,2021-48,626.367070988268,Epidemic intelligence subnational data
Estonia,Järva Maakond,EEG11215,2021-49,523.629614900245,Epidemic intelligence subnational data
Estonia,Järva Maakond,EEG11215,2021-50,444.090939219195,Epidemic intelligence subnational data
Estonia,Järva Maakond,EEG11215,2021-51,361.238152051435,Epidemic intelligence subnational data
Estonia,Järva Maakond,EEG11215,2021-52,401.00748989196,Epidemic intelligence subnational data
Estonia,Järva Maakond,EEG11215,2022-01,768.873864916816,Epidemic intelligence subnational data
Estonia,Järva Maakond,EEG11215,2022-02,1146.6825744018,Epidemic intelligence subnational data
Estonia,Järva Maakond,EEG11215,2022-03,2140.91602041493,Epidemic intelligence subnational data
Estonia,Järva Maakond,EEG11215,2022-04,2906.47577384503,Epidemic intelligence subnational data
Estonia,Jõgeva Maakond,EEG11216,2020-15,,Epidemic intelligence subnational data
Estonia,Jõgeva Maakond,EEG11216,2020-16,3.51592714998945,Epidemic intelligence subnational data
Estonia,Jõgeva Maakond,EEG11216,2020-17,0,Epidemic intelligence subnational data
Estonia,Jõgeva Maakond,EEG11216,2020-18,0,Epidemic intelligence subnational data
Estonia,Jõgeva Maakond,EEG11216,2020-19,0,Epidemic intelligence subnational data
Estonia,Jõgeva Maakond,EEG11216,2020-20,0,Epidemic intelligence subnational data
Estonia,Jõgeva Maakond,EEG11216,2020-21,7.03185429997891,Epidemic intelligence subnational data
Estonia,Jõgeva Maakond,EEG11216,2020-22,7.03185429997891,Epidemic intelligence subnational data
Estonia,Jõgeva Maakond,EEG11216,2020-23,0,Epidemic intelligence subnational data
Estonia,Jõgeva Maakond,EEG11216,2020-24,0,Epidemic intelligence subnational data
Estonia,Jõgeva Maakond,EEG11216,2020-25,0,Epidemic intelligence subnational data
Estonia,Jõgeva Maakond,EEG11216,2020-26,0,Epidemic intelligence subnational data
Estonia,Jõgeva Maakond,EEG11216,2020-27,0,Epidemic intelligence subnational data
Estonia,Jõgeva Maakond,EEG11216,2020-28,0,Epidemic intelligence subnational data
Estonia,Jõgeva Maakond,EEG11216,2020-29,0,Epidemic intelligence subnational data
Estonia,Jõgeva Maakond,EEG11216,2020-30,0,Epidemic intelligence subnational data
Estonia,Jõgeva Maakond,EEG11216,2020-31,3.51592714998945,Epidemic intelligence subnational data
Estonia,Jõgeva Maakond,EEG11216,2020-32,7.03185429997891,Epidemic intelligence subnational data
Estonia,Jõgeva Maakond,EEG11216,2020-33,7.03185429997891,Epidemic intelligence subnational data
Estonia,Jõgeva Maakond,EEG11216,2020-34,7.03185429997891,Epidemic intelligence subnational data
Estonia,Jõgeva Maakond,EEG11216,2020-35,10.5477814499684,Epidemic intelligence subnational data
Estonia,Jõgeva Maakond,EEG11216,2020-36,17.5796357499473,Epidemic intelligence subnational data
Estonia,Jõgeva Maakond,EEG11216,2020-37,14.0637085999578,Epidemic intelligence subnational data
Estonia,Jõgeva Maakond,EEG11216,2020-38,3.51592714998945,Epidemic intelligence subnational data
Estonia,Jõgeva Maakond,EEG11216,2020-39,14.0637085999578,Epidemic intelligence subnational data
Estonia,Jõgeva Maakond,EEG11216,2020-40,17.5796357499473,Epidemic intelligence subnational data
Estonia,Jõgeva Maakond,EEG11216,2020-41,42.1911257998734,Epidemic intelligence subnational data
Estonia,Jõgeva Maakond,EEG11216,2020-42,108.993741649673,Epidemic intelligence subnational data
Estonia,Jõgeva Maakond,EEG11216,2020-43,105.477814499684,Epidemic intelligence subnational data
Estonia,Jõgeva Maakond,EEG11216,2020-44,45.7070529498629,Epidemic intelligence subnational data
Estonia,Jõgeva Maakond,EEG11216,2020-45,24.6114900499262,Epidemic intelligence subnational data
Estonia,Jõgeva Maakond,EEG11216,2020-46,42.1911257998734,Epidemic intelligence subnational data
Estonia,Jõgeva Maakond,EEG11216,2020-47,98.4459601997047,Epidemic intelligence subnational data
Estonia,Jõgeva Maakond,EEG11216,2020-48,140.637085999578,Epidemic intelligence subnational data
Estonia,Jõgeva Maakond,EEG11216,2020-49,147.668940299557,Epidemic intelligence subnational data
Estonia,Jõgeva Maakond,EEG11216,2020-50,154.700794599536,Epidemic intelligence subnational data
Estonia,Jõgeva Maakond,EEG11216,2020-51,158.216721749525,Epidemic intelligence subnational data
Estonia,Jõgeva Maakond,EEG11216,2020-52,151.184867449547,Epidemic intelligence subnational data
Estonia,Jõgeva Maakond,EEG11216,2020-53,137.121158849589,Epidemic intelligence subnational data
Estonia,Jõgeva Maakond,EEG11216,2021-01,189.86006609943,Epidemic intelligence subnational data
Estonia,Jõgeva Maakond,EEG11216,2021-02,260.178609099219,Epidemic intelligence subnational data
Estonia,Jõgeva Maakond,EEG11216,2021-03,316.433443499051,Epidemic intelligence subnational data
Estonia,Jõgeva Maakond,EEG11216,2021-04,425.427185148724,Epidemic intelligence subnational data
Estonia,Jõgeva Maakond,EEG11216,2021-05,590.675761198228,Epidemic intelligence subnational data
Estonia,Jõgeva Maakond,EEG11216,2021-06,611.771324098165,Epidemic intelligence subnational data
Estonia,Jõgeva Maakond,EEG11216,2021-07,513.32536389846,Epidemic intelligence subnational data
Estonia,Jõgeva Maakond,EEG11216,2021-08,488.713873848534,Epidemic intelligence subnational data
Estonia,Jõgeva Maakond,EEG11216,2021-09,460.586456648618,Epidemic intelligence subnational data
Estonia,Jõgeva Maakond,EEG11216,2021-10,576.61205259827,Epidemic intelligence subnational data
Estonia,Jõgeva Maakond,EEG11216,2021-11,745.376555797764,Epidemic intelligence subnational data
Estonia,Jõgeva Maakond,EEG11216,2021-12,738.344701497785,Epidemic intelligence subnational data
Estonia,Jõgeva Maakond,EEG11216,2021-13,660.994304198017,Epidemic intelligence subnational data
Estonia,Jõgeva Maakond,EEG11216,2021-14,495.745728148513,Epidemic intelligence subnational data
Estonia,Jõgeva Maakond,EEG11216,2021-15,305.885662049082,Epidemic intelligence subnational data
Estonia,Jõgeva Maakond,EEG11216,2021-16,193.37599324942,Epidemic intelligence subnational data
Estonia,Jõgeva Maakond,EEG11216,2021-17,182.828211799452,Epidemic intelligence subnational data
Estonia,Jõgeva Maakond,EEG11216,2021-18,175.796357499473,Epidemic intelligence subnational data
Estonia,Jõgeva Maakond,EEG11216,2021-19,165.248576049504,Epidemic intelligence subnational data
Estonia,Jõgeva Maakond,EEG11216,2021-20,137.121158849589,Epidemic intelligence subnational data
Estonia,Jõgeva Maakond,EEG11216,2021-21,52.7389072498418,Epidemic intelligence subnational data
Estonia,Jõgeva Maakond,EEG11216,2021-22,28.1274171999156,Epidemic intelligence subnational data
Estonia,Jõgeva Maakond,EEG11216,2021-23,28.1274171999156,Epidemic intelligence subnational data
Estonia,Jõgeva Maakond,EEG11216,2021-24,21.0955628999367,Epidemic intelligence subnational data
Estonia,Jõgeva Maakond,EEG11216,2021-25,7.03185429997891,Epidemic intelligence subnational data
Estonia,Jõgeva Maakond,EEG11216,2021-26,3.51592714998945,Epidemic intelligence subnational data
Estonia,Jõgeva Maakond,EEG11216,2021-27,21.0955628999367,Epidemic intelligence subnational data
Estonia,Jõgeva Maakond,EEG11216,2021-28,38.675198649884,Epidemic intelligence subnational data
Estonia,Jõgeva Maakond,EEG11216,2021-29,56.2548343998312,Epidemic intelligence subnational data
Estonia,Jõgeva Maakond,EEG11216,2021-30,73.8344701497785,Epidemic intelligence subnational data
Estonia,Jõgeva Maakond,EEG11216,2021-31,172.280430349483,Epidemic intelligence subnational data
Estonia,Jõgeva Maakond,EEG11216,2021-32,355.108642148935,Epidemic intelligence subnational data
Estonia,Jõgeva Maakond,EEG11216,2021-33,414.879403698755,Epidemic intelligence subnational data
Estonia,Jõgeva Maakond,EEG11216,2021-34,457.070529498629,Epidemic intelligence subnational data
Estonia,Jõgeva Maakond,EEG11216,2021-35,594.191688348218,Epidemic intelligence subnational data
Estonia,Jõgeva Maakond,EEG11216,2021-36,780.535827297659,Epidemic intelligence subnational data
Estonia,Jõgeva Maakond,EEG11216,2021-37,1111.03297939667,Epidemic intelligence subnational data
Estonia,Jõgeva Maakond,EEG11216,2021-38,1244.63821109627,Epidemic intelligence subnational data
Estonia,Jõgeva Maakond,EEG11216,2021-39,1283.31340974615,Epidemic intelligence subnational data
Estonia,Jõgeva Maakond,EEG11216,2021-40,1364.17973419591,Epidemic intelligence subnational data
Estonia,Jõgeva Maakond,EEG11216,2021-41,1167.2878137965,Epidemic intelligence subnational data
Estonia,Jõgeva Maakond,EEG11216,2021-42,1170.80374094649,Epidemic intelligence subnational data
Estonia,Jõgeva Maakond,EEG11216,2021-43,1539.97609169538,Epidemic intelligence subnational data
Estonia,Jõgeva Maakond,EEG11216,2021-44,1371.21158849589,Epidemic intelligence subnational data
Estonia,Jõgeva Maakond,EEG11216,2021-45,959.84811194712,Epidemic intelligence subnational data
Estonia,Jõgeva Maakond,EEG11216,2021-46,864.918078897405,Epidemic intelligence subnational data
Estonia,Jõgeva Maakond,EEG11216,2021-47,597.707615498207,Epidemic intelligence subnational data
Estonia,Jõgeva Maakond,EEG11216,2021-48,397.299767948808,Epidemic intelligence subnational data
Estonia,Jõgeva Maakond,EEG11216,2021-49,464.102383798608,Epidemic intelligence subnational data
Estonia,Jõgeva Maakond,EEG11216,2021-50,495.745728148513,Epidemic intelligence subnational data
Estonia,Jõgeva Maakond,EEG11216,2021-51,443.006820898671,Epidemic intelligence subnational data
Estonia,Jõgeva Maakond,EEG11216,2021-52,488.713873848534,Epidemic intelligence subnational data
Estonia,Jõgeva Maakond,EEG11216,2022-01,822.726953097532,Epidemic intelligence subnational data
Estonia,Jõgeva Maakond,EEG11216,2022-02,1181.35152239646,Epidemic intelligence subnational data
Estonia,Jõgeva Maakond,EEG11216,2022-03,2355.67119049293,Epidemic intelligence subnational data
Estonia,Jõgeva Maakond,EEG11216,2022-04,3403.41748118979,Epidemic intelligence subnational data
Estonia,Lääne-Viru Maakond,EEG11217,2020-15,,Epidemic intelligence subnational data
Estonia,Lääne-Viru Maakond,EEG11217,2020-16,0,Epidemic intelligence subnational data
Estonia,Lääne-Viru Maakond,EEG11217,2020-17,1.69888892664198,Epidemic intelligence subnational data
Estonia,Lääne-Viru Maakond,EEG11217,2020-18,1.69888892664198,Epidemic intelligence subnational data
Estonia,Lääne-Viru Maakond,EEG11217,2020-19,0,Epidemic intelligence subnational data
Estonia,Lääne-Viru Maakond,EEG11217,2020-20,0,Epidemic intelligence subnational data
Estonia,Lääne-Viru Maakond,EEG11217,2020-21,0,Epidemic intelligence subnational data
Estonia,Lääne-Viru Maakond,EEG11217,2020-22,0,Epidemic intelligence subnational data
Estonia,Lääne-Viru Maakond,EEG11217,2020-23,6.79555570656791,Epidemic intelligence subnational data
Estonia,Lääne-Viru Maakond,EEG11217,2020-24,6.79555570656791,Epidemic intelligence subnational data
Estonia,Lääne-Viru Maakond,EEG11217,2020-25,0,Epidemic intelligence subnational data
Estonia,Lääne-Viru Maakond,EEG11217,2020-26,0,Epidemic intelligence subnational data
Estonia,Lääne-Viru Maakond,EEG11217,2020-27,0,Epidemic intelligence subnational data
Estonia,Lääne-Viru Maakond,EEG11217,2020-28,0,Epidemic intelligence subnational data
Estonia,Lääne-Viru Maakond,EEG11217,2020-29,0,Epidemic intelligence subnational data
Estonia,Lääne-Viru Maakond,EEG11217,2020-30,0,Epidemic intelligence subnational data
Estonia,Lääne-Viru Maakond,EEG11217,2020-31,1.69888892664198,Epidemic intelligence subnational data
Estonia,Lääne-Viru Maakond,EEG11217,2020-32,3.39777785328395,Epidemic intelligence subnational data
Estonia,Lääne-Viru Maakond,EEG11217,2020-33,1.69888892664198,Epidemic intelligence subnational data
Estonia,Lääne-Viru Maakond,EEG11217,2020-34,3.39777785328395,Epidemic intelligence subnational data
Estonia,Lääne-Viru Maakond,EEG11217,2020-35,8.49444463320988,Epidemic intelligence subnational data
Estonia,Lääne-Viru Maakond,EEG11217,2020-36,6.79555570656791,Epidemic intelligence subnational data
Estonia,Lääne-Viru Maakond,EEG11217,2020-37,8.49444463320988,Epidemic intelligence subnational data
Estonia,Lääne-Viru Maakond,EEG11217,2020-38,11.8922224864938,Epidemic intelligence subnational data
Estonia,Lääne-Viru Maakond,EEG11217,2020-39,11.8922224864938,Epidemic intelligence subnational data
Estonia,Lääne-Viru Maakond,EEG11217,2020-40,11.8922224864938,Epidemic intelligence subnational data
Estonia,Lääne-Viru Maakond,EEG11217,2020-41,8.49444463320988,Epidemic intelligence subnational data
Estonia,Lääne-Viru Maakond,EEG11217,2020-42,5.09666677992593,Epidemic intelligence subnational data
Estonia,Lääne-Viru Maakond,EEG11217,2020-43,5.09666677992593,Epidemic intelligence subnational data
Estonia,Lääne-Viru Maakond,EEG11217,2020-44,20.3866671197037,Epidemic intelligence subnational data
Estonia,Lääne-Viru Maakond,EEG11217,2020-45,49.2677788726173,Epidemic intelligence subnational data
Estonia,Lääne-Viru Maakond,EEG11217,2020-46,78.1488906255309,Epidemic intelligence subnational data
Estonia,Lääne-Viru Maakond,EEG11217,2020-47,107.030002378445,Epidemic intelligence subnational data
Estonia,Lääne-Viru Maakond,EEG11217,2020-48,117.223335938296,Epidemic intelligence subnational data
Estonia,Lääne-Viru Maakond,EEG11217,2020-49,161.394448030988,Epidemic intelligence subnational data
Estonia,Lääne-Viru Maakond,EEG11217,2020-50,208.963337976963,Epidemic intelligence subnational data
Estonia,Lääne-Viru Maakond,EEG11217,2020-51,242.941116509803,Epidemic intelligence subnational data
Estonia,Lääne-Viru Maakond,EEG11217,2020-52,348.272229961605,Epidemic intelligence subnational data
Estonia,Lääne-Viru Maakond,EEG11217,2020-53,436.614454146988,Epidemic intelligence subnational data
Estonia,Lääne-Viru Maakond,EEG11217,2021-01,450.205565560124,Epidemic intelligence subnational data
Estonia,Lääne-Viru Maakond,EEG11217,2021-02,389.045564201013,Epidemic intelligence subnational data
Estonia,Lääne-Viru Maakond,EEG11217,2021-03,256.532227922938,Epidemic intelligence subnational data
Estonia,Lääne-Viru Maakond,EEG11217,2021-04,251.435561143013,Epidemic intelligence subnational data
Estonia,Lääne-Viru Maakond,EEG11217,2021-05,324.487784988617,Epidemic intelligence subnational data
Estonia,Lääne-Viru Maakond,EEG11217,2021-06,375.454452787877,Epidemic intelligence subnational data
Estonia,Lääne-Viru Maakond,EEG11217,2021-07,631.986680710815,Epidemic intelligence subnational data
Estonia,Lääne-Viru Maakond,EEG11217,2021-08,1094.08446875743,Epidemic intelligence subnational data
Estonia,Lääne-Viru Maakond,EEG11217,2021-09,1768.5433726343,Epidemic intelligence subnational data
Estonia,Lääne-Viru Maakond,EEG11217,2021-10,2028.47337841052,Epidemic intelligence subnational data
Estonia,Lääne-Viru Maakond,EEG11217,2021-11,1839.89670755326,Epidemic intelligence subnational data
Estonia,Lääne-Viru Maakond,EEG11217,2021-12,1564.67670143726,Epidemic intelligence subnational data
Estonia,Lääne-Viru Maakond,EEG11217,2021-13,1134.85780299684,Epidemic intelligence subnational data
Estonia,Lääne-Viru Maakond,EEG11217,2021-14,771.295572695457,Epidemic intelligence subnational data
Estonia,Lääne-Viru Maakond,EEG11217,2021-15,577.622235058272,Epidemic intelligence subnational data
Estonia,Lääne-Viru Maakond,EEG11217,2021-16,487.581121946247,Epidemic intelligence subnational data
Estonia,Lääne-Viru Maakond,EEG11217,2021-17,429.81889844042,Epidemic intelligence subnational data
Estonia,Lääne-Viru Maakond,EEG11217,2021-18,321.090007135334,Epidemic intelligence subnational data
Estonia,Lääne-Viru Maakond,EEG11217,2021-19,169.888892664198,Epidemic intelligence subnational data
Estonia,Lääne-Viru Maakond,EEG11217,2021-20,137.610003058,Epidemic intelligence subnational data
Estonia,Lääne-Viru Maakond,EEG11217,2021-21,81.5466684788149,Epidemic intelligence subnational data
Estonia,Lääne-Viru Maakond,EEG11217,2021-22,30.5800006795556,Epidemic intelligence subnational data
Estonia,Lääne-Viru Maakond,EEG11217,2021-23,28.8811117529136,Epidemic intelligence subnational data
Estonia,Lääne-Viru Maakond,EEG11217,2021-24,23.7844449729877,Epidemic intelligence subnational data
Estonia,Lääne-Viru Maakond,EEG11217,2021-25,20.3866671197037,Epidemic intelligence subnational data
Estonia,Lääne-Viru Maakond,EEG11217,2021-26,20.3866671197037,Epidemic intelligence subnational data
Estonia,Lääne-Viru Maakond,EEG11217,2021-27,13.5911114131358,Epidemic intelligence subnational data
Estonia,Lääne-Viru Maakond,EEG11217,2021-28,22.0855560463457,Epidemic intelligence subnational data
Estonia,Lääne-Viru Maakond,EEG11217,2021-29,35.6766674594815,Epidemic intelligence subnational data
Estonia,Lääne-Viru Maakond,EEG11217,2021-30,44.1711120926914,Epidemic intelligence subnational data
Estonia,Lääne-Viru Maakond,EEG11217,2021-31,96.8366688185926,Epidemic intelligence subnational data
Estonia,Lääne-Viru Maakond,EEG11217,2021-32,173.286670517482,Epidemic intelligence subnational data
Estonia,Lääne-Viru Maakond,EEG11217,2021-33,169.888892664198,Epidemic intelligence subnational data
Estonia,Lääne-Viru Maakond,EEG11217,2021-34,166.491114810914,Epidemic intelligence subnational data
Estonia,Lääne-Viru Maakond,EEG11217,2021-35,197.071115490469,Epidemic intelligence subnational data
Estonia,Lääne-Viru Maakond,EEG11217,2021-36,222.554449390099,Epidemic intelligence subnational data
Estonia,Lääne-Viru Maakond,EEG11217,2021-37,343.175563181679,Epidemic intelligence subnational data
Estonia,Lääne-Viru Maakond,EEG11217,2021-38,572.525568278346,Epidemic intelligence subnational data
Estonia,Lääne-Viru Maakond,EEG11217,2021-39,779.790017328667,Epidemic intelligence subnational data
Estonia,Lääne-Viru Maakond,EEG11217,2021-40,959.872243552717,Epidemic intelligence subnational data
Estonia,Lääne-Viru Maakond,EEG11217,2021-41,1109.37446909721,Epidemic intelligence subnational data
Estonia,Lääne-Viru Maakond,EEG11217,2021-42,1354.01447453366,Epidemic intelligence subnational data
Estonia,Lääne-Viru Maakond,EEG11217,2021-43,1965.61448812477,Epidemic intelligence subnational data
Estonia,Lääne-Viru Maakond,EEG11217,2021-44,2234.0389385342,Epidemic intelligence subnational data
Estonia,Lääne-Viru Maakond,EEG11217,2021-45,1639.42781420951,Epidemic intelligence subnational data
Estonia,Lääne-Viru Maakond,EEG11217,2021-46,959.872243552717,Epidemic intelligence subnational data
Estonia,Lääne-Viru Maakond,EEG11217,2021-47,582.718901838198,Epidemic intelligence subnational data
Estonia,Lääne-Viru Maakond,EEG11217,2021-48,314.294451428766,Epidemic intelligence subnational data
Estonia,Lääne-Viru Maakond,EEG11217,2021-49,231.048894023309,Epidemic intelligence subnational data
Estonia,Lääne-Viru Maakond,EEG11217,2021-50,254.833338996296,Epidemic intelligence subnational data
Estonia,Lääne-Viru Maakond,EEG11217,2021-51,353.368896741531,Epidemic intelligence subnational data
Estonia,Lääne-Viru Maakond,EEG11217,2021-52,581.020012911556,Epidemic intelligence subnational data
Estonia,Lääne-Viru Maakond,EEG11217,2022-01,998.946688865482,Epidemic intelligence subnational data
Estonia,Lääne-Viru Maakond,EEG11217,2022-02,1425.36780945262,Epidemic intelligence subnational data
Estonia,Lääne-Viru Maakond,EEG11217,2022-03,2657.06228126805,Epidemic intelligence subnational data
Estonia,Lääne-Viru Maakond,EEG11217,2022-04,3975.40008834222,Epidemic intelligence subnational data
Estonia,Lääne Maakond,EEG11218,2020-15,,Epidemic intelligence subnational data
Estonia,Lääne Maakond,EEG11218,2020-16,0,Epidemic intelligence subnational data
Estonia,Lääne Maakond,EEG11218,2020-17,0,Epidemic intelligence subnational data
Estonia,Lääne Maakond,EEG11218,2020-18,9.78282136568186,Epidemic intelligence subnational data
Estonia,Lääne Maakond,EEG11218,2020-19,9.78282136568186,Epidemic intelligence subnational data
Estonia,Lääne Maakond,EEG11218,2020-20,19.5656427313637,Epidemic intelligence subnational data
Estonia,Lääne Maakond,EEG11218,2020-21,34.2398747798865,Epidemic intelligence subnational data
Estonia,Lääne Maakond,EEG11218,2020-22,14.6742320485228,Epidemic intelligence subnational data
Estonia,Lääne Maakond,EEG11218,2020-23,4.89141068284093,Epidemic intelligence subnational data
Estonia,Lääne Maakond,EEG11218,2020-24,0,Epidemic intelligence subnational data
Estonia,Lääne Maakond,EEG11218,2020-25,-4.89141068284093,Epidemic intelligence subnational data
Estonia,Lääne Maakond,EEG11218,2020-26,0,Epidemic intelligence subnational data
Estonia,Lääne Maakond,EEG11218,2020-27,0,Epidemic intelligence subnational data
Estonia,Lääne Maakond,EEG11218,2020-28,4.89141068284093,Epidemic intelligence subnational data
Estonia,Lääne Maakond,EEG11218,2020-29,4.89141068284093,Epidemic intelligence subnational data
Estonia,Lääne Maakond,EEG11218,2020-30,0,Epidemic intelligence subnational data
Estonia,Lääne Maakond,EEG11218,2020-31,0,Epidemic intelligence subnational data
Estonia,Lääne Maakond,EEG11218,2020-32,0,Epidemic intelligence subnational data
Estonia,Lääne Maakond,EEG11218,2020-33,0,Epidemic intelligence subnational data
Estonia,Lääne Maakond,EEG11218,2020-34,0,Epidemic intelligence subnational data
Estonia,Lääne Maakond,EEG11218,2020-35,0,Epidemic intelligence subnational data
Estonia,Lääne Maakond,EEG11218,2020-36,0,Epidemic intelligence subnational data
Estonia,Lääne Maakond,EEG11218,2020-37,4.89141068284093,Epidemic intelligence subnational data
Estonia,Lääne Maakond,EEG11218,2020-38,9.78282136568186,Epidemic intelligence subnational data
Estonia,Lääne Maakond,EEG11218,2020-39,29.3484640970456,Epidemic intelligence subnational data
Estonia,Lääne Maakond,EEG11218,2020-40,29.3484640970456,Epidemic intelligence subnational data
Estonia,Lääne Maakond,EEG11218,2020-41,19.5656427313637,Epidemic intelligence subnational data
Estonia,Lääne Maakond,EEG11218,2020-42,14.6742320485228,Epidemic intelligence subnational data
Estonia,Lääne Maakond,EEG11218,2020-43,4.89141068284093,Epidemic intelligence subnational data
Estonia,Lääne Maakond,EEG11218,2020-44,24.4570534142047,Epidemic intelligence subnational data
Estonia,Lääne Maakond,EEG11218,2020-45,53.8055175112502,Epidemic intelligence subnational data
Estonia,Lääne Maakond,EEG11218,2020-46,73.371160242614,Epidemic intelligence subnational data
Estonia,Lääne Maakond,EEG11218,2020-47,132.068088436705,Epidemic intelligence subnational data
Estonia,Lääne Maakond,EEG11218,2020-48,176.090784582274,Epidemic intelligence subnational data
Estonia,Lääne Maakond,EEG11218,2020-49,166.307963216592,Epidemic intelligence subnational data
Estonia,Lääne Maakond,EEG11218,2020-50,180.982195265115,Epidemic intelligence subnational data
Estonia,Lääne Maakond,EEG11218,2020-51,220.113480727842,Epidemic intelligence subnational data
Estonia,Lääne Maakond,EEG11218,2020-52,166.307963216592,Epidemic intelligence subnational data
Estonia,Lääne Maakond,EEG11218,2020-53,161.416552533751,Epidemic intelligence subnational data
Estonia,Lääne Maakond,EEG11218,2021-01,215.222070045001,Epidemic intelligence subnational data
Estonia,Lääne Maakond,EEG11218,2021-02,278.810408921933,Epidemic intelligence subnational data
Estonia,Lääne Maakond,EEG11218,2021-03,273.918998239092,Epidemic intelligence subnational data
Estonia,Lääne Maakond,EEG11218,2021-04,225.004891410683,Epidemic intelligence subnational data
Estonia,Lääne Maakond,EEG11218,2021-05,244.570534142047,Epidemic intelligence subnational data
Estonia,Lääne Maakond,EEG11218,2021-06,220.113480727842,Epidemic intelligence subnational data
Estonia,Lääne Maakond,EEG11218,2021-07,313.05028370182,Epidemic intelligence subnational data
Estonia,Lääne Maakond,EEG11218,2021-08,562.512228526707,Epidemic intelligence subnational data
Estonia,Lääne Maakond,EEG11218,2021-09,1032.08765407944,Epidemic intelligence subnational data
Estonia,Lääne Maakond,EEG11218,2021-10,1345.13793778126,Epidemic intelligence subnational data
Estonia,Lääne Maakond,EEG11218,2021-11,1257.09254549012,Epidemic intelligence subnational data
Estonia,Lääne Maakond,EEG11218,2021-12,963.607904519664,Epidemic intelligence subnational data
Estonia,Lääne Maakond,EEG11218,2021-13,772.842887888867,Epidemic intelligence subnational data
Estonia,Lääne Maakond,EEG11218,2021-14,655.449031500685,Epidemic intelligence subnational data
Estonia,Lääne Maakond,EEG11218,2021-15,450.009782821366,Epidemic intelligence subnational data
Estonia,Lääne Maakond,EEG11218,2021-16,410.878497358638,Epidemic intelligence subnational data
Estonia,Lääne Maakond,EEG11218,2021-17,308.158873018979,Epidemic intelligence subnational data
Estonia,Lääne Maakond,EEG11218,2021-18,234.787712776365,Epidemic intelligence subnational data
Estonia,Lääne Maakond,EEG11218,2021-19,220.113480727842,Epidemic intelligence subnational data
Estonia,Lääne Maakond,EEG11218,2021-20,132.068088436705,Epidemic intelligence subnational data
Estonia,Lääne Maakond,EEG11218,2021-21,68.479749559773,Epidemic intelligence subnational data
Estonia,Lääne Maakond,EEG11218,2021-22,68.479749559773,Epidemic intelligence subnational data
Estonia,Lääne Maakond,EEG11218,2021-23,78.2625709254549,Epidemic intelligence subnational data
Estonia,Lääne Maakond,EEG11218,2021-24,58.6969281940912,Epidemic intelligence subnational data
Estonia,Lääne Maakond,EEG11218,2021-25,48.9141068284093,Epidemic intelligence subnational data
Estonia,Lääne Maakond,EEG11218,2021-26,9.78282136568186,Epidemic intelligence subnational data
Estonia,Lääne Maakond,EEG11218,2021-27,19.5656427313637,Epidemic intelligence subnational data
Estonia,Lääne Maakond,EEG11218,2021-28,44.0226961455684,Epidemic intelligence subnational data
Estonia,Lääne Maakond,EEG11218,2021-29,53.8055175112502,Epidemic intelligence subnational data
Estonia,Lääne Maakond,EEG11218,2021-30,97.8282136568186,Epidemic intelligence subnational data
Estonia,Lääne Maakond,EEG11218,2021-31,151.633731168069,Epidemic intelligence subnational data
Estonia,Lääne Maakond,EEG11218,2021-32,176.090784582274,Epidemic intelligence subnational data
Estonia,Lääne Maakond,EEG11218,2021-33,171.199373899433,Epidemic intelligence subnational data
Estonia,Lääne Maakond,EEG11218,2021-34,278.810408921933,Epidemic intelligence subnational data
Estonia,Lääne Maakond,EEG11218,2021-35,347.290158481706,Epidemic intelligence subnational data
Estonia,Lääne Maakond,EEG11218,2021-36,249.461944824888,Epidemic intelligence subnational data
Estonia,Lääne Maakond,EEG11218,2021-37,254.353355507728,Epidemic intelligence subnational data
Estonia,Lääne Maakond,EEG11218,2021-38,249.461944824888,Epidemic intelligence subnational data
Estonia,Lääne Maakond,EEG11218,2021-39,288.593230287615,Epidemic intelligence subnational data
Estonia,Lääne Maakond,EEG11218,2021-40,503.815300332616,Epidemic intelligence subnational data
Estonia,Lääne Maakond,EEG11218,2021-41,645.666210135003,Epidemic intelligence subnational data
Estonia,Lääne Maakond,EEG11218,2021-42,1017.41342203091,Epidemic intelligence subnational data
Estonia,Lääne Maakond,EEG11218,2021-43,1486.98884758364,Epidemic intelligence subnational data
Estonia,Lääne Maakond,EEG11218,2021-44,1711.99373899433,Epidemic intelligence subnational data
Estonia,Lääne Maakond,EEG11218,2021-45,1584.81706124046,Epidemic intelligence subnational data
Estonia,Lääne Maakond,EEG11218,2021-46,1213.06984934455,Epidemic intelligence subnational data
Estonia,Lääne Maakond,EEG11218,2021-47,738.603013108981,Epidemic intelligence subnational data
Estonia,Lääne Maakond,EEG11218,2021-48,332.615926433183,Epidemic intelligence subnational data
Estonia,Lääne Maakond,EEG11218,2021-49,273.918998239092,Epidemic intelligence subnational data
Estonia,Lääne Maakond,EEG11218,2021-50,513.598121698298,Epidemic intelligence subnational data
Estonia,Lääne Maakond,EEG11218,2021-51,723.928781060458,Epidemic intelligence subnational data
Estonia,Lääne Maakond,EEG11218,2021-52,841.32263744864,Epidemic intelligence subnational data
Estonia,Lääne Maakond,EEG11218,2022-01,1169.04715319898,Epidemic intelligence subnational data
Estonia,Lääne Maakond,EEG11218,2022-02,2073.95812952455,Epidemic intelligence subnational data
Estonia,Lääne Maakond,EEG11218,2022-03,4465.85795343377,Epidemic intelligence subnational data
Estonia,Lääne Maakond,EEG11218,2022-04,5400.11739385639,Epidemic intelligence subnational data
Estonia,Pärnu Maakond,EEG11219,2020-15,,Epidemic intelligence subnational data
Estonia,Pärnu Maakond,EEG11219,2020-16,34.8088414457272,Epidemic intelligence subnational data
Estonia,Pärnu Maakond,EEG11219,2020-17,16.244126008006,Epidemic intelligence subnational data
Estonia,Pärnu Maakond,EEG11219,2020-18,27.8470731565818,Epidemic intelligence subnational data
Estonia,Pärnu Maakond,EEG11219,2020-19,30.1676625862969,Epidemic intelligence subnational data
Estonia,Pärnu Maakond,EEG11219,2020-20,18.5647154377212,Epidemic intelligence subnational data
Estonia,Pärnu Maakond,EEG11219,2020-21,17.4044207228636,Epidemic intelligence subnational data
Estonia,Pärnu Maakond,EEG11219,2020-22,11.6029471485757,Epidemic intelligence subnational data
Estonia,Pärnu Maakond,EEG11219,2020-23,4.6411788594303,Epidemic intelligence subnational data
Estonia,Pärnu Maakond,EEG11219,2020-24,1.16029471485757,Epidemic intelligence subnational data
Estonia,Pärnu Maakond,EEG11219,2020-25,0,Epidemic intelligence subnational data
Estonia,Pärnu Maakond,EEG11219,2020-26,0,Epidemic intelligence subnational data
Estonia,Pärnu Maakond,EEG11219,2020-27,0,Epidemic intelligence subnational data
Estonia,Pärnu Maakond,EEG11219,2020-28,1.16029471485757,Epidemic intelligence subnational data
Estonia,Pärnu Maakond,EEG11219,2020-29,0,Epidemic intelligence subnational data
Estonia,Pärnu Maakond,EEG11219,2020-30,-1.16029471485757,Epidemic intelligence subnational data
Estonia,Pärnu Maakond,EEG11219,2020-31,0,Epidemic intelligence subnational data
Estonia,Pärnu Maakond,EEG11219,2020-32,0,Epidemic intelligence subnational data
Estonia,Pärnu Maakond,EEG11219,2020-33,1.16029471485757,Epidemic intelligence subnational data
Estonia,Pärnu Maakond,EEG11219,2020-34,2.32058942971515,Epidemic intelligence subnational data
Estonia,Pärnu Maakond,EEG11219,2020-35,1.16029471485757,Epidemic intelligence subnational data
Estonia,Pärnu Maakond,EEG11219,2020-36,6.96176828914544,Epidemic intelligence subnational data
Estonia,Pärnu Maakond,EEG11219,2020-37,8.12206300400302,Epidemic intelligence subnational data
Estonia,Pärnu Maakond,EEG11219,2020-38,2.32058942971515,Epidemic intelligence subnational data
Estonia,Pärnu Maakond,EEG11219,2020-39,6.96176828914544,Epidemic intelligence subnational data
Estonia,Pärnu Maakond,EEG11219,2020-40,9.28235771886059,Epidemic intelligence subnational data
Estonia,Pärnu Maakond,EEG11219,2020-41,5.80147357428787,Epidemic intelligence subnational data
Estonia,Pärnu Maakond,EEG11219,2020-42,10.4426524337182,Epidemic intelligence subnational data
Estonia,Pärnu Maakond,EEG11219,2020-43,23.2058942971515,Epidemic intelligence subnational data
Estonia,Pärnu Maakond,EEG11219,2020-44,26.6867784417242,Epidemic intelligence subnational data
Estonia,Pärnu Maakond,EEG11219,2020-45,52.2132621685908,Epidemic intelligence subnational data
Estonia,Pärnu Maakond,EEG11219,2020-46,95.1441666183211,Epidemic intelligence subnational data
Estonia,Pärnu Maakond,EEG11219,2020-47,120.670650345188,Epidemic intelligence subnational data
Estonia,Pärnu Maakond,EEG11219,2020-48,121.830945060045,Epidemic intelligence subnational data
Estonia,Pärnu Maakond,EEG11219,2020-49,102.105934907467,Epidemic intelligence subnational data
Estonia,Pärnu Maakond,EEG11219,2020-50,146.197134072054,Epidemic intelligence subnational data
Estonia,Pärnu Maakond,EEG11219,2020-51,306.3178047224,Epidemic intelligence subnational data
Estonia,Pärnu Maakond,EEG11219,2020-52,337.645762023554,Epidemic intelligence subnational data
Estonia,Pärnu Maakond,EEG11219,2020-53,317.920751870975,Epidemic intelligence subnational data
Estonia,Pärnu Maakond,EEG11219,2021-01,480.362011951036,Epidemic intelligence subnational data
Estonia,Pärnu Maakond,EEG11219,2021-02,628.879735452805,Epidemic intelligence subnational data
Estonia,Pärnu Maakond,EEG11219,2021-03,634.681209027093,Epidemic intelligence subnational data
Estonia,Pärnu Maakond,EEG11219,2021-04,645.123861460811,Epidemic intelligence subnational data
Estonia,Pärnu Maakond,EEG11219,2021-05,728.665080930556,Epidemic intelligence subnational data
Estonia,Pärnu Maakond,EEG11219,2021-06,613.795904159657,Epidemic intelligence subnational data
Estonia,Pärnu Maakond,EEG11219,2021-07,543.017926553345,Epidemic intelligence subnational data
Estonia,Pärnu Maakond,EEG11219,2021-08,592.91059929222,Epidemic intelligence subnational data
Estonia,Pärnu Maakond,EEG11219,2021-09,549.97969484249,Epidemic intelligence subnational data
Estonia,Pärnu Maakond,EEG11219,2021-10,519.812032256193,Epidemic intelligence subnational data
Estonia,Pärnu Maakond,EEG11219,2021-11,574.345883854499,Epidemic intelligence subnational data
Estonia,Pärnu Maakond,EEG11219,2021-12,574.345883854499,Epidemic intelligence subnational data
Estonia,Pärnu Maakond,EEG11219,2021-13,495.445843244184,Epidemic intelligence subnational data
Estonia,Pärnu Maakond,EEG11219,2021-14,436.270812786448,Epidemic intelligence subnational data
Estonia,Pärnu Maakond,EEG11219,2021-15,367.813424609851,Epidemic intelligence subnational data
Estonia,Pärnu Maakond,EEG11219,2021-16,358.53106689099,Epidemic intelligence subnational data
Estonia,Pärnu Maakond,EEG11219,2021-17,408.423739629866,Epidemic intelligence subnational data
Estonia,Pärnu Maakond,EEG11219,2021-18,414.225213204154,Epidemic intelligence subnational data
Estonia,Pärnu Maakond,EEG11219,2021-19,409.584034344724,Epidemic intelligence subnational data
Estonia,Pärnu Maakond,EEG11219,2021-20,338.806056738412,Epidemic intelligence subnational data
Estonia,Pärnu Maakond,EEG11219,2021-21,178.685386088066,Epidemic intelligence subnational data
Estonia,Pärnu Maakond,EEG11219,2021-22,107.907408481754,Epidemic intelligence subnational data
Estonia,Pärnu Maakond,EEG11219,2021-23,74.2588617508847,Epidemic intelligence subnational data
Estonia,Pärnu Maakond,EEG11219,2021-24,55.6941463131635,Epidemic intelligence subnational data
Estonia,Pärnu Maakond,EEG11219,2021-25,29.0073678714394,Epidemic intelligence subnational data
Estonia,Pärnu Maakond,EEG11219,2021-26,6.96176828914544,Epidemic intelligence subnational data
Estonia,Pärnu Maakond,EEG11219,2021-27,42.9309044497302,Epidemic intelligence subnational data
Estonia,Pärnu Maakond,EEG11219,2021-28,88.1823983291756,Epidemic intelligence subnational data
Estonia,Pärnu Maakond,EEG11219,2021-29,141.555955212624,Epidemic intelligence subnational data
Estonia,Pärnu Maakond,EEG11219,2021-30,301.676625862969,Epidemic intelligence subnational data
Estonia,Pärnu Maakond,EEG11219,2021-31,391.019318907002,Epidemic intelligence subnational data
Estonia,Pärnu Maakond,EEG11219,2021-32,387.53843476243,Epidemic intelligence subnational data
Estonia,Pärnu Maakond,EEG11219,2021-33,341.126646168127,Epidemic intelligence subnational data
Estonia,Pärnu Maakond,EEG11219,2021-34,283.111910425248,Epidemic intelligence subnational data
Estonia,Pärnu Maakond,EEG11219,2021-35,327.203109589836,Epidemic intelligence subnational data
Estonia,Pärnu Maakond,EEG11219,2021-36,359.691361605848,Epidemic intelligence subnational data
Estonia,Pärnu Maakond,EEG11219,2021-37,461.797296513314,Epidemic intelligence subnational data
Estonia,Pärnu Maakond,EEG11219,2021-38,747.229796368278,Epidemic intelligence subnational data
Estonia,Pärnu Maakond,EEG11219,2021-39,1034.98288565296,Epidemic intelligence subnational data
Estonia,Pärnu Maakond,EEG11219,2021-40,1514.18460288913,Epidemic intelligence subnational data
Estonia,Pärnu Maakond,EEG11219,2021-41,1924.92893194872,Epidemic intelligence subnational data
Estonia,Pärnu Maakond,EEG11219,2021-42,2075.7672448802,Epidemic intelligence subnational data
Estonia,Pärnu Maakond,EEG11219,2021-43,2409.93212275918,Epidemic intelligence subnational data
Estonia,Pärnu Maakond,EEG11219,2021-44,2245.17027324941,Epidemic intelligence subnational data
Estonia,Pärnu Maakond,EEG11219,2021-45,1437.60515170853,Epidemic intelligence subnational data
Estonia,Pärnu Maakond,EEG11219,2021-46,967.685792191217,Epidemic intelligence subnational data
Estonia,Pärnu Maakond,EEG11219,2021-47,847.015141846029,Epidemic intelligence subnational data
Estonia,Pärnu Maakond,EEG11219,2021-48,592.91059929222,Epidemic intelligence subnational data
Estonia,Pärnu Maakond,EEG11219,2021-49,471.079654232175,Epidemic intelligence subnational data
Estonia,Pärnu Maakond,EEG11219,2021-50,588.26942043279,Epidemic intelligence subnational data
Estonia,Pärnu Maakond,EEG11219,2021-51,647.444450890526,Epidemic intelligence subnational data
Estonia,Pärnu Maakond,EEG11219,2021-52,757.672448801996,Epidemic intelligence subnational data
Estonia,Pärnu Maakond,EEG11219,2022-01,1214.82856645588,Epidemic intelligence subnational data
Estonia,Pärnu Maakond,EEG11219,2022-02,1778.73179787666,Epidemic intelligence subnational data
Estonia,Pärnu Maakond,EEG11219,2022-03,3157.16191912746,Epidemic intelligence subnational data
Estonia,Pärnu Maakond,EEG11219,2022-04,4302.37280269188,Epidemic intelligence subnational data
Estonia,Põlva Maakond,EEG11220,2020-15,,Epidemic intelligence subnational data
Estonia,Põlva Maakond,EEG11220,2020-16,8.11457783908792,Epidemic intelligence subnational data
Estonia,Põlva Maakond,EEG11220,2020-17,0,Epidemic intelligence subnational data
Estonia,Põlva Maakond,EEG11220,2020-18,-4.05728891954396,Epidemic intelligence subnational data
Estonia,Põlva Maakond,EEG11220,2020-19,-4.05728891954396,Epidemic intelligence subnational data
Estonia,Põlva Maakond,EEG11220,2020-20,0,Epidemic intelligence subnational data
Estonia,Põlva Maakond,EEG11220,2020-21,0,Epidemic intelligence subnational data
Estonia,Põlva Maakond,EEG11220,2020-22,0,Epidemic intelligence subnational data
Estonia,Põlva Maakond,EEG11220,2020-23,0,Epidemic intelligence subnational data
Estonia,Põlva Maakond,EEG11220,2020-24,8.11457783908792,Epidemic intelligence subnational data
Estonia,Põlva Maakond,EEG11220,2020-25,0,Epidemic intelligence subnational data
Estonia,Põlva Maakond,EEG11220,2020-26,-8.11457783908792,Epidemic intelligence subnational data
Estonia,Põlva Maakond,EEG11220,2020-27,0,Epidemic intelligence subnational data
Estonia,Põlva Maakond,EEG11220,2020-28,0,Epidemic intelligence subnational data
Estonia,Põlva Maakond,EEG11220,2020-29,0,Epidemic intelligence subnational data
Estonia,Põlva Maakond,EEG11220,2020-30,0,Epidemic intelligence subnational data
Estonia,Põlva Maakond,EEG11220,2020-31,0,Epidemic intelligence subnational data
Estonia,Põlva Maakond,EEG11220,2020-32,4.05728891954396,Epidemic intelligence subnational data
Estonia,Põlva Maakond,EEG11220,2020-33,12.1718667586319,Epidemic intelligence subnational data
Estonia,Põlva Maakond,EEG11220,2020-34,8.11457783908792,Epidemic intelligence subnational data
Estonia,Põlva Maakond,EEG11220,2020-35,0,Epidemic intelligence subnational data
Estonia,Põlva Maakond,EEG11220,2020-36,0,Epidemic intelligence subnational data
Estonia,Põlva Maakond,EEG11220,2020-37,0,Epidemic intelligence subnational data
Estonia,Põlva Maakond,EEG11220,2020-38,4.05728891954396,Epidemic intelligence subnational data
Estonia,Põlva Maakond,EEG11220,2020-39,8.11457783908792,Epidemic intelligence subnational data
Estonia,Põlva Maakond,EEG11220,2020-40,24.3437335172638,Epidemic intelligence subnational data
Estonia,Põlva Maakond,EEG11220,2020-41,20.2864445977198,Epidemic intelligence subnational data
Estonia,Põlva Maakond,EEG11220,2020-42,4.05728891954396,Epidemic intelligence subnational data
Estonia,Põlva Maakond,EEG11220,2020-43,8.11457783908792,Epidemic intelligence subnational data
Estonia,Põlva Maakond,EEG11220,2020-44,12.1718667586319,Epidemic intelligence subnational data
Estonia,Põlva Maakond,EEG11220,2020-45,32.4583113563517,Epidemic intelligence subnational data
Estonia,Põlva Maakond,EEG11220,2020-46,56.8020448736155,Epidemic intelligence subnational data
Estonia,Põlva Maakond,EEG11220,2020-47,105.489511908143,Epidemic intelligence subnational data
Estonia,Põlva Maakond,EEG11220,2020-48,194.74986813811,Epidemic intelligence subnational data
Estonia,Põlva Maakond,EEG11220,2020-49,275.895646528989,Epidemic intelligence subnational data
Estonia,Põlva Maakond,EEG11220,2020-50,239.380046253094,Epidemic intelligence subnational data
Estonia,Põlva Maakond,EEG11220,2020-51,202.864445977198,Epidemic intelligence subnational data
Estonia,Põlva Maakond,EEG11220,2020-52,194.74986813811,Epidemic intelligence subnational data
Estonia,Põlva Maakond,EEG11220,2020-53,162.291556781758,Epidemic intelligence subnational data
Estonia,Põlva Maakond,EEG11220,2021-01,190.692579218566,Epidemic intelligence subnational data
Estonia,Põlva Maakond,EEG11220,2021-02,210.979023816286,Epidemic intelligence subnational data
Estonia,Põlva Maakond,EEG11220,2021-03,231.265468414006,Epidemic intelligence subnational data
Estonia,Põlva Maakond,EEG11220,2021-04,271.838357609445,Epidemic intelligence subnational data
Estonia,Põlva Maakond,EEG11220,2021-05,328.640402483061,Epidemic intelligence subnational data
Estonia,Põlva Maakond,EEG11220,2021-06,442.244492230292,Epidemic intelligence subnational data
Estonia,Põlva Maakond,EEG11220,2021-07,515.275692782083,Epidemic intelligence subnational data
Estonia,Põlva Maakond,EEG11220,2021-08,450.35907006938,Epidemic intelligence subnational data
Estonia,Põlva Maakond,EEG11220,2021-09,397.614314115308,Epidemic intelligence subnational data
Estonia,Põlva Maakond,EEG11220,2021-10,413.843469793484,Epidemic intelligence subnational data
Estonia,Põlva Maakond,EEG11220,2021-11,377.327869517588,Epidemic intelligence subnational data
Estonia,Põlva Maakond,EEG11220,2021-12,365.156002758956,Epidemic intelligence subnational data
Estonia,Põlva Maakond,EEG11220,2021-13,381.385158437132,Epidemic intelligence subnational data
Estonia,Põlva Maakond,EEG11220,2021-14,409.78618087394,Epidemic intelligence subnational data
Estonia,Põlva Maakond,EEG11220,2021-15,413.843469793484,Epidemic intelligence subnational data
Estonia,Põlva Maakond,EEG11220,2021-16,288.067513287621,Epidemic intelligence subnational data
Estonia,Põlva Maakond,EEG11220,2021-17,263.723779770358,Epidemic intelligence subnational data
Estonia,Põlva Maakond,EEG11220,2021-18,304.296668965797,Epidemic intelligence subnational data
Estonia,Põlva Maakond,EEG11220,2021-19,271.838357609445,Epidemic intelligence subnational data
Estonia,Põlva Maakond,EEG11220,2021-20,235.32275733355,Epidemic intelligence subnational data
Estonia,Põlva Maakond,EEG11220,2021-21,194.74986813811,Epidemic intelligence subnational data
Estonia,Põlva Maakond,EEG11220,2021-22,125.775956505863,Epidemic intelligence subnational data
Estonia,Põlva Maakond,EEG11220,2021-23,56.8020448736155,Epidemic intelligence subnational data
Estonia,Põlva Maakond,EEG11220,2021-24,32.4583113563517,Epidemic intelligence subnational data
Estonia,Põlva Maakond,EEG11220,2021-25,12.1718667586319,Epidemic intelligence subnational data
Estonia,Põlva Maakond,EEG11220,2021-26,8.11457783908792,Epidemic intelligence subnational data
Estonia,Põlva Maakond,EEG11220,2021-27,28.4010224368077,Epidemic intelligence subnational data
Estonia,Põlva Maakond,EEG11220,2021-28,28.4010224368077,Epidemic intelligence subnational data
Estonia,Põlva Maakond,EEG11220,2021-29,40.5728891954396,Epidemic intelligence subnational data
Estonia,Põlva Maakond,EEG11220,2021-30,174.46342354039,Epidemic intelligence subnational data
Estonia,Põlva Maakond,EEG11220,2021-31,320.525824643973,Epidemic intelligence subnational data
Estonia,Põlva Maakond,EEG11220,2021-32,511.218403862539,Epidemic intelligence subnational data
Estonia,Põlva Maakond,EEG11220,2021-33,665.39538280521,Epidemic intelligence subnational data
Estonia,Põlva Maakond,EEG11220,2021-34,766.827605793809,Epidemic intelligence subnational data
Estonia,Põlva Maakond,EEG11220,2021-35,1006.2076520469,Epidemic intelligence subnational data
Estonia,Põlva Maakond,EEG11220,2021-36,1079.23885259869,Epidemic intelligence subnational data
Estonia,Põlva Maakond,EEG11220,2021-37,1014.32222988599,Epidemic intelligence subnational data
Estonia,Põlva Maakond,EEG11220,2021-38,1131.98360855277,Epidemic intelligence subnational data
Estonia,Põlva Maakond,EEG11220,2021-39,1375.4209437254,Epidemic intelligence subnational data
Estonia,Põlva Maakond,EEG11220,2021-40,1635.08743457622,Epidemic intelligence subnational data
Estonia,Põlva Maakond,EEG11220,2021-41,1898.81121434657,Epidemic intelligence subnational data
Estonia,Põlva Maakond,EEG11220,2021-42,2170.64957195602,Epidemic intelligence subnational data
Estonia,Põlva Maakond,EEG11220,2021-43,2710.26899825537,Epidemic intelligence subnational data
Estonia,Põlva Maakond,EEG11220,2021-44,3120.05517912931,Epidemic intelligence subnational data
Estonia,Põlva Maakond,EEG11220,2021-45,2568.26388607133,Epidemic intelligence subnational data
Estonia,Põlva Maakond,EEG11220,2021-46,1578.2853897026,Epidemic intelligence subnational data
Estonia,Põlva Maakond,EEG11220,2021-47,957.520185012375,Epidemic intelligence subnational data
Estonia,Põlva Maakond,EEG11220,2021-48,632.937071448858,Epidemic intelligence subnational data
Estonia,Põlva Maakond,EEG11220,2021-49,466.588225747556,Epidemic intelligence subnational data
Estonia,Põlva Maakond,EEG11220,2021-50,486.874670345275,Epidemic intelligence subnational data
Estonia,Põlva Maakond,EEG11220,2021-51,531.504848460259,Epidemic intelligence subnational data
Estonia,Põlva Maakond,EEG11220,2021-52,734.369294437457,Epidemic intelligence subnational data
Estonia,Põlva Maakond,EEG11220,2022-01,1176.61378666775,Epidemic intelligence subnational data
Estonia,Põlva Maakond,EEG11220,2022-02,1225.30125370228,Epidemic intelligence subnational data
Estonia,Põlva Maakond,EEG11220,2022-03,1927.21223678338,Epidemic intelligence subnational data
Estonia,Põlva Maakond,EEG11220,2022-04,2718.38357609445,Epidemic intelligence subnational data
Estonia,Rapla Maakond,EEG11221,2020-15,,Epidemic intelligence subnational data
Estonia,Rapla Maakond,EEG11221,2020-16,15.0231356288685,Epidemic intelligence subnational data
Estonia,Rapla Maakond,EEG11221,2020-17,6.00925425154738,Epidemic intelligence subnational data
Estonia,Rapla Maakond,EEG11221,2020-18,0,Epidemic intelligence subnational data
Estonia,Rapla Maakond,EEG11221,2020-19,0,Epidemic intelligence subnational data
Estonia,Rapla Maakond,EEG11221,2020-20,0,Epidemic intelligence subnational data
Estonia,Rapla Maakond,EEG11221,2020-21,3.00462712577369,Epidemic intelligence subnational data
Estonia,Rapla Maakond,EEG11221,2020-22,3.00462712577369,Epidemic intelligence subnational data
Estonia,Rapla Maakond,EEG11221,2020-23,0,Epidemic intelligence subnational data
Estonia,Rapla Maakond,EEG11221,2020-24,3.00462712577369,Epidemic intelligence subnational data
Estonia,Rapla Maakond,EEG11221,2020-25,3.00462712577369,Epidemic intelligence subnational data
Estonia,Rapla Maakond,EEG11221,2020-26,-3.00462712577369,Epidemic intelligence subnational data
Estonia,Rapla Maakond,EEG11221,2020-27,-3.00462712577369,Epidemic intelligence subnational data
Estonia,Rapla Maakond,EEG11221,2020-28,0,Epidemic intelligence subnational data
Estonia,Rapla Maakond,EEG11221,2020-29,0,Epidemic intelligence subnational data
Estonia,Rapla Maakond,EEG11221,2020-30,0,Epidemic intelligence subnational data
Estonia,Rapla Maakond,EEG11221,2020-31,6.00925425154738,Epidemic intelligence subnational data
Estonia,Rapla Maakond,EEG11221,2020-32,6.00925425154738,Epidemic intelligence subnational data
Estonia,Rapla Maakond,EEG11221,2020-33,0,Epidemic intelligence subnational data
Estonia,Rapla Maakond,EEG11221,2020-34,0,Epidemic intelligence subnational data
Estonia,Rapla Maakond,EEG11221,2020-35,0,Epidemic intelligence subnational data
Estonia,Rapla Maakond,EEG11221,2020-36,6.00925425154738,Epidemic intelligence subnational data
Estonia,Rapla Maakond,EEG11221,2020-37,6.00925425154738,Epidemic intelligence subnational data
Estonia,Rapla Maakond,EEG11221,2020-38,12.0185085030948,Epidemic intelligence subnational data
Estonia,Rapla Maakond,EEG11221,2020-39,27.0416441319632,Epidemic intelligence subnational data
Estonia,Rapla Maakond,EEG11221,2020-40,21.0323898804158,Epidemic intelligence subnational data
Estonia,Rapla Maakond,EEG11221,2020-41,6.00925425154738,Epidemic intelligence subnational data
Estonia,Rapla Maakond,EEG11221,2020-42,0,Epidemic intelligence subnational data
Estonia,Rapla Maakond,EEG11221,2020-43,99.1526951505318,Epidemic intelligence subnational data
Estonia,Rapla Maakond,EEG11221,2020-44,141.217474911364,Epidemic intelligence subnational data
Estonia,Rapla Maakond,EEG11221,2020-45,174.268373294874,Epidemic intelligence subnational data
Estonia,Rapla Maakond,EEG11221,2020-46,201.310017426837,Epidemic intelligence subnational data
Estonia,Rapla Maakond,EEG11221,2020-47,123.189712156721,Epidemic intelligence subnational data
Estonia,Rapla Maakond,EEG11221,2020-48,129.198966408269,Epidemic intelligence subnational data
Estonia,Rapla Maakond,EEG11221,2020-49,174.268373294874,Epidemic intelligence subnational data
Estonia,Rapla Maakond,EEG11221,2020-50,294.453458325822,Epidemic intelligence subnational data
Estonia,Rapla Maakond,EEG11221,2020-51,525.809747010396,Epidemic intelligence subnational data
Estonia,Rapla Maakond,EEG11221,2020-52,453.698695991827,Epidemic intelligence subnational data
Estonia,Rapla Maakond,EEG11221,2020-53,264.407187068085,Epidemic intelligence subnational data
Estonia,Rapla Maakond,EEG11221,2021-01,270.416441319632,Epidemic intelligence subnational data
Estonia,Rapla Maakond,EEG11221,2021-02,315.485848206238,Epidemic intelligence subnational data
Estonia,Rapla Maakond,EEG11221,2021-03,339.522865212427,Epidemic intelligence subnational data
Estonia,Rapla Maakond,EEG11221,2021-04,426.657051859864,Epidemic intelligence subnational data
Estonia,Rapla Maakond,EEG11221,2021-05,543.837509765038,Epidemic intelligence subnational data
Estonia,Rapla Maakond,EEG11221,2021-06,676.041103299081,Epidemic intelligence subnational data
Estonia,Rapla Maakond,EEG11221,2021-07,676.041103299081,Epidemic intelligence subnational data
Estonia,Rapla Maakond,EEG11221,2021-08,658.013340544438,Epidemic intelligence subnational data
Estonia,Rapla Maakond,EEG11221,2021-09,793.221561204255,Epidemic intelligence subnational data
Estonia,Rapla Maakond,EEG11221,2021-10,1093.68427378162,Epidemic intelligence subnational data
Estonia,Rapla Maakond,EEG11221,2021-11,1442.22102037137,Epidemic intelligence subnational data
Estonia,Rapla Maakond,EEG11221,2021-12,1198.8462231837,Epidemic intelligence subnational data
Estonia,Rapla Maakond,EEG11221,2021-13,925.425154738297,Epidemic intelligence subnational data
Estonia,Rapla Maakond,EEG11221,2021-14,985.517697253771,Epidemic intelligence subnational data
Estonia,Rapla Maakond,EEG11221,2021-15,739.138272940328,Epidemic intelligence subnational data
Estonia,Rapla Maakond,EEG11221,2021-16,426.657051859864,Epidemic intelligence subnational data
Estonia,Rapla Maakond,EEG11221,2021-17,324.499729583559,Epidemic intelligence subnational data
Estonia,Rapla Maakond,EEG11221,2021-18,225.347034433027,Epidemic intelligence subnational data
Estonia,Rapla Maakond,EEG11221,2021-19,144.222102037137,Epidemic intelligence subnational data
Estonia,Rapla Maakond,EEG11221,2021-20,90.1388137732107,Epidemic intelligence subnational data
Estonia,Rapla Maakond,EEG11221,2021-21,72.1110510185686,Epidemic intelligence subnational data
Estonia,Rapla Maakond,EEG11221,2021-22,123.189712156721,Epidemic intelligence subnational data
Estonia,Rapla Maakond,EEG11221,2021-23,198.305390301064,Epidemic intelligence subnational data
Estonia,Rapla Maakond,EEG11221,2021-24,147.226729162911,Epidemic intelligence subnational data
Estonia,Rapla Maakond,EEG11221,2021-25,63.0971696412475,Epidemic intelligence subnational data
Estonia,Rapla Maakond,EEG11221,2021-26,78.120305270116,Epidemic intelligence subnational data
Estonia,Rapla Maakond,EEG11221,2021-27,78.120305270116,Epidemic intelligence subnational data
Estonia,Rapla Maakond,EEG11221,2021-28,78.120305270116,Epidemic intelligence subnational data
Estonia,Rapla Maakond,EEG11221,2021-29,96.1480680247581,Epidemic intelligence subnational data
Estonia,Rapla Maakond,EEG11221,2021-30,150.231356288685,Epidemic intelligence subnational data
Estonia,Rapla Maakond,EEG11221,2021-31,240.370170061895,Epidemic intelligence subnational data
Estonia,Rapla Maakond,EEG11221,2021-32,294.453458325822,Epidemic intelligence subnational data
Estonia,Rapla Maakond,EEG11221,2021-33,315.485848206238,Epidemic intelligence subnational data
Estonia,Rapla Maakond,EEG11221,2021-34,360.555255092843,Epidemic intelligence subnational data
Estonia,Rapla Maakond,EEG11221,2021-35,396.610780602127,Epidemic intelligence subnational data
Estonia,Rapla Maakond,EEG11221,2021-36,381.587644973259,Epidemic intelligence subnational data
Estonia,Rapla Maakond,EEG11221,2021-37,354.546000841296,Epidemic intelligence subnational data
Estonia,Rapla Maakond,EEG11221,2021-38,456.703323117601,Epidemic intelligence subnational data
Estonia,Rapla Maakond,EEG11221,2021-39,772.189171323839,Epidemic intelligence subnational data
Estonia,Rapla Maakond,EEG11221,2021-40,991.526951505318,Epidemic intelligence subnational data
Estonia,Rapla Maakond,EEG11221,2021-41,1015.56396851151,Epidemic intelligence subnational data
Estonia,Rapla Maakond,EEG11221,2021-42,1325.0405624662,Epidemic intelligence subnational data
Estonia,Rapla Maakond,EEG11221,2021-43,1901.92897061475,Epidemic intelligence subnational data
Estonia,Rapla Maakond,EEG11221,2021-44,1760.71149570338,Epidemic intelligence subnational data
Estonia,Rapla Maakond,EEG11221,2021-45,1388.13773210745,Epidemic intelligence subnational data
Estonia,Rapla Maakond,EEG11221,2021-46,1111.71203653627,Epidemic intelligence subnational data
Estonia,Rapla Maakond,EEG11221,2021-47,724.11513731146,Epidemic intelligence subnational data
Estonia,Rapla Maakond,EEG11221,2021-48,585.90228952587,Epidemic intelligence subnational data
Estonia,Rapla Maakond,EEG11221,2021-49,462.712577369149,Epidemic intelligence subnational data
Estonia,Rapla Maakond,EEG11221,2021-50,459.707950243375,Epidemic intelligence subnational data
Estonia,Rapla Maakond,EEG11221,2021-51,507.781984255754,Epidemic intelligence subnational data
Estonia,Rapla Maakond,EEG11221,2021-52,597.920798028965,Epidemic intelligence subnational data
Estonia,Rapla Maakond,EEG11221,2022-01,898.383510606334,Epidemic intelligence subnational data
Estonia,Rapla Maakond,EEG11221,2022-02,1337.05907096929,Epidemic intelligence subnational data
Estonia,Rapla Maakond,EEG11221,2022-03,3248.00192296136,Epidemic intelligence subnational data
Estonia,Rapla Maakond,EEG11221,2022-04,4552.01009554714,Epidemic intelligence subnational data
Estonia,Saare Maakond,EEG11222,2020-15,,Epidemic intelligence subnational data
Estonia,Saare Maakond,EEG11222,2020-16,262.974941813016,Epidemic intelligence subnational data
Estonia,Saare Maakond,EEG11222,2020-17,120.908019224375,Epidemic intelligence subnational data
Estonia,Saare Maakond,EEG11222,2020-18,69.5221110540157,Epidemic intelligence subnational data
Estonia,Saare Maakond,EEG11222,2020-19,15.1135024030469,Epidemic intelligence subnational data
Estonia,Saare Maakond,EEG11222,2020-20,15.1135024030469,Epidemic intelligence subnational data
Estonia,Saare Maakond,EEG11222,2020-21,12.0908019224375,Epidemic intelligence subnational data
Estonia,Saare Maakond,EEG11222,2020-22,3.02270048060938,Epidemic intelligence subnational data
Estonia,Saare Maakond,EEG11222,2020-23,0,Epidemic intelligence subnational data
Estonia,Saare Maakond,EEG11222,2020-24,0,Epidemic intelligence subnational data
Estonia,Saare Maakond,EEG11222,2020-25,0,Epidemic intelligence subnational data
Estonia,Saare Maakond,EEG11222,2020-26,0,Epidemic intelligence subnational data
Estonia,Saare Maakond,EEG11222,2020-27,0,Epidemic intelligence subnational data
Estonia,Saare Maakond,EEG11222,2020-28,0,Epidemic intelligence subnational data
Estonia,Saare Maakond,EEG11222,2020-29,6.04540096121875,Epidemic intelligence subnational data
Estonia,Saare Maakond,EEG11222,2020-30,6.04540096121875,Epidemic intelligence subnational data
Estonia,Saare Maakond,EEG11222,2020-31,0,Epidemic intelligence subnational data
Estonia,Saare Maakond,EEG11222,2020-32,3.02270048060938,Epidemic intelligence subnational data
Estonia,Saare Maakond,EEG11222,2020-33,6.04540096121875,Epidemic intelligence subnational data
Estonia,Saare Maakond,EEG11222,2020-34,3.02270048060938,Epidemic intelligence subnational data
Estonia,Saare Maakond,EEG11222,2020-35,6.04540096121875,Epidemic intelligence subnational data
Estonia,Saare Maakond,EEG11222,2020-36,6.04540096121875,Epidemic intelligence subnational data
Estonia,Saare Maakond,EEG11222,2020-37,6.04540096121875,Epidemic intelligence subnational data
Estonia,Saare Maakond,EEG11222,2020-38,9.06810144182813,Epidemic intelligence subnational data
Estonia,Saare Maakond,EEG11222,2020-39,24.181603844875,Epidemic intelligence subnational data
Estonia,Saare Maakond,EEG11222,2020-40,36.2724057673125,Epidemic intelligence subnational data
Estonia,Saare Maakond,EEG11222,2020-41,21.1589033642656,Epidemic intelligence subnational data
Estonia,Saare Maakond,EEG11222,2020-42,9.06810144182813,Epidemic intelligence subnational data
Estonia,Saare Maakond,EEG11222,2020-43,12.0908019224375,Epidemic intelligence subnational data
Estonia,Saare Maakond,EEG11222,2020-44,21.1589033642656,Epidemic intelligence subnational data
Estonia,Saare Maakond,EEG11222,2020-45,18.1362028836563,Epidemic intelligence subnational data
Estonia,Saare Maakond,EEG11222,2020-46,33.2497052867031,Epidemic intelligence subnational data
Estonia,Saare Maakond,EEG11222,2020-47,66.4994105734063,Epidemic intelligence subnational data
Estonia,Saare Maakond,EEG11222,2020-48,75.5675120152344,Epidemic intelligence subnational data
Estonia,Saare Maakond,EEG11222,2020-49,84.6356134570625,Epidemic intelligence subnational data
Estonia,Saare Maakond,EEG11222,2020-50,93.7037148988907,Epidemic intelligence subnational data
Estonia,Saare Maakond,EEG11222,2020-51,108.817217301938,Epidemic intelligence subnational data
Estonia,Saare Maakond,EEG11222,2020-52,154.157724511078,Epidemic intelligence subnational data
Estonia,Saare Maakond,EEG11222,2020-53,178.339328355953,Epidemic intelligence subnational data
Estonia,Saare Maakond,EEG11222,2021-01,199.498231720219,Epidemic intelligence subnational data
Estonia,Saare Maakond,EEG11222,2021-02,205.543632681438,Epidemic intelligence subnational data
Estonia,Saare Maakond,EEG11222,2021-03,151.135024030469,Epidemic intelligence subnational data
Estonia,Saare Maakond,EEG11222,2021-04,323.428951425203,Epidemic intelligence subnational data
Estonia,Saare Maakond,EEG11222,2021-05,462.473173533235,Epidemic intelligence subnational data
Estonia,Saare Maakond,EEG11222,2021-06,752.652419671735,Epidemic intelligence subnational data
Estonia,Saare Maakond,EEG11222,2021-07,1354.169815313,Epidemic intelligence subnational data
Estonia,Saare Maakond,EEG11222,2021-08,1783.39328355953,Epidemic intelligence subnational data
Estonia,Saare Maakond,EEG11222,2021-09,1913.36940422574,Epidemic intelligence subnational data
Estonia,Saare Maakond,EEG11222,2021-10,1680.62146721881,Epidemic intelligence subnational data
Estonia,Saare Maakond,EEG11222,2021-11,1342.07901339056,Epidemic intelligence subnational data
Estonia,Saare Maakond,EEG11222,2021-12,828.219931686969,Epidemic intelligence subnational data
Estonia,Saare Maakond,EEG11222,2021-13,462.473173533235,Epidemic intelligence subnational data
Estonia,Saare Maakond,EEG11222,2021-14,380.860260556781,Epidemic intelligence subnational data
Estonia,Saare Maakond,EEG11222,2021-15,253.906840371188,Epidemic intelligence subnational data
Estonia,Saare Maakond,EEG11222,2021-16,166.248526433516,Epidemic intelligence subnational data
Estonia,Saare Maakond,EEG11222,2021-17,136.021521627422,Epidemic intelligence subnational data
Estonia,Saare Maakond,EEG11222,2021-18,123.930719704984,Epidemic intelligence subnational data
Estonia,Saare Maakond,EEG11222,2021-19,123.930719704984,Epidemic intelligence subnational data
Estonia,Saare Maakond,EEG11222,2021-20,93.7037148988907,Epidemic intelligence subnational data
Estonia,Saare Maakond,EEG11222,2021-21,60.4540096121875,Epidemic intelligence subnational data
Estonia,Saare Maakond,EEG11222,2021-22,81.6129129764532,Epidemic intelligence subnational data
Estonia,Saare Maakond,EEG11222,2021-23,48.36320768975,Epidemic intelligence subnational data
Estonia,Saare Maakond,EEG11222,2021-24,27.2043043254844,Epidemic intelligence subnational data
Estonia,Saare Maakond,EEG11222,2021-25,39.2951062479219,Epidemic intelligence subnational data
Estonia,Saare Maakond,EEG11222,2021-26,21.1589033642656,Epidemic intelligence subnational data
Estonia,Saare Maakond,EEG11222,2021-27,9.06810144182813,Epidemic intelligence subnational data
Estonia,Saare Maakond,EEG11222,2021-28,12.0908019224375,Epidemic intelligence subnational data
Estonia,Saare Maakond,EEG11222,2021-29,39.2951062479219,Epidemic intelligence subnational data
Estonia,Saare Maakond,EEG11222,2021-30,105.794516821328,Epidemic intelligence subnational data
Estonia,Saare Maakond,EEG11222,2021-31,151.135024030469,Epidemic intelligence subnational data
Estonia,Saare Maakond,EEG11222,2021-32,284.133845177281,Epidemic intelligence subnational data
Estonia,Saare Maakond,EEG11222,2021-33,468.518574494453,Epidemic intelligence subnational data
Estonia,Saare Maakond,EEG11222,2021-34,486.65477737811,Epidemic intelligence subnational data
Estonia,Saare Maakond,EEG11222,2021-35,392.951062479219,Epidemic intelligence subnational data
Estonia,Saare Maakond,EEG11222,2021-36,299.247347580328,Epidemic intelligence subnational data
Estonia,Saare Maakond,EEG11222,2021-37,211.589033642656,Epidemic intelligence subnational data
Estonia,Saare Maakond,EEG11222,2021-38,253.906840371188,Epidemic intelligence subnational data
Estonia,Saare Maakond,EEG11222,2021-39,350.633255750688,Epidemic intelligence subnational data
Estonia,Saare Maakond,EEG11222,2021-40,332.497052867031,Epidemic intelligence subnational data
Estonia,Saare Maakond,EEG11222,2021-41,314.360849983375,Epidemic intelligence subnational data
Estonia,Saare Maakond,EEG11222,2021-42,528.972584106641,Epidemic intelligence subnational data
Estonia,Saare Maakond,EEG11222,2021-43,1003.53655956231,Epidemic intelligence subnational data
Estonia,Saare Maakond,EEG11222,2021-44,1076.08137109694,Epidemic intelligence subnational data
Estonia,Saare Maakond,EEG11222,2021-45,770.788622555391,Epidemic intelligence subnational data
Estonia,Saare Maakond,EEG11222,2021-46,589.426593718828,Epidemic intelligence subnational data
Estonia,Saare Maakond,EEG11222,2021-47,556.176888432125,Epidemic intelligence subnational data
Estonia,Saare Maakond,EEG11222,2021-48,516.881782184203,Epidemic intelligence subnational data
Estonia,Saare Maakond,EEG11222,2021-49,386.905661518,Epidemic intelligence subnational data
Estonia,Saare Maakond,EEG11222,2021-50,386.905661518,Epidemic intelligence subnational data
Estonia,Saare Maakond,EEG11222,2021-51,402.019163921047,Epidemic intelligence subnational data
Estonia,Saare Maakond,EEG11222,2021-52,447.359671130188,Epidemic intelligence subnational data
Estonia,Saare Maakond,EEG11222,2022-01,770.788622555391,Epidemic intelligence subnational data
Estonia,Saare Maakond,EEG11222,2022-02,973.309554756219,Epidemic intelligence subnational data
Estonia,Saare Maakond,EEG11222,2022-03,1865.00619653599,Epidemic intelligence subnational data
Estonia,Saare Maakond,EEG11222,2022-04,3427.74234501103,Epidemic intelligence subnational data
Estonia,Tartu Maakond,EEG11223,2020-15,,Epidemic intelligence subnational data
Estonia,Tartu Maakond,EEG11223,2020-16,22.1762752988905,Epidemic intelligence subnational data
Estonia,Tartu Maakond,EEG11223,2020-17,9.78365086715759,Epidemic intelligence subnational data
Estonia,Tartu Maakond,EEG11223,2020-18,4.56570373800687,Epidemic intelligence subnational data
Estonia,Tartu Maakond,EEG11223,2020-19,2.60897356457536,Epidemic intelligence subnational data
Estonia,Tartu Maakond,EEG11223,2020-20,3.2612169557192,Epidemic intelligence subnational data
Estonia,Tartu Maakond,EEG11223,2020-21,2.60897356457536,Epidemic intelligence subnational data
Estonia,Tartu Maakond,EEG11223,2020-22,-0.652243391143839,Epidemic intelligence subnational data
Estonia,Tartu Maakond,EEG11223,2020-23,1.30448678228768,Epidemic intelligence subnational data
Estonia,Tartu Maakond,EEG11223,2020-24,1.95673017343152,Epidemic intelligence subnational data
Estonia,Tartu Maakond,EEG11223,2020-25,0.652243391143839,Epidemic intelligence subnational data
Estonia,Tartu Maakond,EEG11223,2020-26,-5.87019052029455,Epidemic intelligence subnational data
Estonia,Tartu Maakond,EEG11223,2020-27,-5.87019052029455,Epidemic intelligence subnational data
Estonia,Tartu Maakond,EEG11223,2020-28,0.652243391143839,Epidemic intelligence subnational data
Estonia,Tartu Maakond,EEG11223,2020-29,1.30448678228768,Epidemic intelligence subnational data
Estonia,Tartu Maakond,EEG11223,2020-30,3.91346034686304,Epidemic intelligence subnational data
Estonia,Tartu Maakond,EEG11223,2020-31,24.1330054723221,Epidemic intelligence subnational data
Estonia,Tartu Maakond,EEG11223,2020-32,42.3958204243496,Epidemic intelligence subnational data
Estonia,Tartu Maakond,EEG11223,2020-33,27.3942224280413,Epidemic intelligence subnational data
Estonia,Tartu Maakond,EEG11223,2020-34,7.82692069372607,Epidemic intelligence subnational data
Estonia,Tartu Maakond,EEG11223,2020-35,1.95673017343152,Epidemic intelligence subnational data
Estonia,Tartu Maakond,EEG11223,2020-36,3.91346034686304,Epidemic intelligence subnational data
Estonia,Tartu Maakond,EEG11223,2020-37,10.4358942583014,Epidemic intelligence subnational data
Estonia,Tartu Maakond,EEG11223,2020-38,10.4358942583014,Epidemic intelligence subnational data
Estonia,Tartu Maakond,EEG11223,2020-39,7.17467730258223,Epidemic intelligence subnational data
Estonia,Tartu Maakond,EEG11223,2020-40,6.52243391143839,Epidemic intelligence subnational data
Estonia,Tartu Maakond,EEG11223,2020-41,9.78365086715759,Epidemic intelligence subnational data
Estonia,Tartu Maakond,EEG11223,2020-42,15.0015979963083,Epidemic intelligence subnational data
Estonia,Tartu Maakond,EEG11223,2020-43,15.0015979963083,Epidemic intelligence subnational data
Estonia,Tartu Maakond,EEG11223,2020-44,13.0448678228768,Epidemic intelligence subnational data
Estonia,Tartu Maakond,EEG11223,2020-45,31.9599261660481,Epidemic intelligence subnational data
Estonia,Tartu Maakond,EEG11223,2020-46,85.443884239843,Epidemic intelligence subnational data
Estonia,Tartu Maakond,EEG11223,2020-47,167.626551523967,Epidemic intelligence subnational data
Estonia,Tartu Maakond,EEG11223,2020-48,273.942224280413,Epidemic intelligence subnational data
Estonia,Tartu Maakond,EEG11223,2020-49,326.773938963064,Epidemic intelligence subnational data
Estonia,Tartu Maakond,EEG11223,2020-50,289.596065667865,Epidemic intelligence subnational data
Estonia,Tartu Maakond,EEG11223,2020-51,287.639335494433,Epidemic intelligence subnational data
Estonia,Tartu Maakond,EEG11223,2020-52,255.027165937241,Epidemic intelligence subnational data
Estonia,Tartu Maakond,EEG11223,2020-53,271.333250715837,Epidemic intelligence subnational data
Estonia,Tartu Maakond,EEG11223,2021-01,319.599261660481,Epidemic intelligence subnational data
Estonia,Tartu Maakond,EEG11223,2021-02,321.555991833913,Epidemic intelligence subnational data
Estonia,Tartu Maakond,EEG11223,2021-03,367.213029213982,Epidemic intelligence subnational data
Estonia,Tartu Maakond,EEG11223,2021-04,413.522309985194,Epidemic intelligence subnational data
Estonia,Tartu Maakond,EEG11223,2021-05,465.049537885557,Epidemic intelligence subnational data
Estonia,Tartu Maakond,EEG11223,2021-06,471.571971796996,Epidemic intelligence subnational data
Estonia,Tartu Maakond,EEG11223,2021-07,513.967792221345,Epidemic intelligence subnational data
Estonia,Tartu Maakond,EEG11223,2021-08,559.624829601414,Epidemic intelligence subnational data
Estonia,Tartu Maakond,EEG11223,2021-09,555.059125863407,Epidemic intelligence subnational data
Estonia,Tartu Maakond,EEG11223,2021-10,578.539887944585,Epidemic intelligence subnational data
Estonia,Tartu Maakond,EEG11223,2021-11,549.188935343113,Epidemic intelligence subnational data
Estonia,Tartu Maakond,EEG11223,2021-12,463.092807712126,Epidemic intelligence subnational data
Estonia,Tartu Maakond,EEG11223,2021-13,442.873262586667,Epidemic intelligence subnational data
Estonia,Tartu Maakond,EEG11223,2021-14,388.737061121728,Epidemic intelligence subnational data
Estonia,Tartu Maakond,EEG11223,2021-15,247.852488634659,Epidemic intelligence subnational data
Estonia,Tartu Maakond,EEG11223,2021-16,167.626551523967,Epidemic intelligence subnational data
Estonia,Tartu Maakond,EEG11223,2021-17,168.931038306254,Epidemic intelligence subnational data
Estonia,Tartu Maakond,EEG11223,2021-18,180.671419346844,Epidemic intelligence subnational data
Estonia,Tartu Maakond,EEG11223,2021-19,239.373324549789,Epidemic intelligence subnational data
Estonia,Tartu Maakond,EEG11223,2021-20,232.850890638351,Epidemic intelligence subnational data
Estonia,Tartu Maakond,EEG11223,2021-21,116.099323623603,Epidemic intelligence subnational data
Estonia,Tartu Maakond,EEG11223,2021-22,51.5272279003633,Epidemic intelligence subnational data
Estonia,Tartu Maakond,EEG11223,2021-23,30.0031959926166,Epidemic intelligence subnational data
Estonia,Tartu Maakond,EEG11223,2021-24,18.2628149520275,Epidemic intelligence subnational data
Estonia,Tartu Maakond,EEG11223,2021-25,11.0881376494453,Epidemic intelligence subnational data
Estonia,Tartu Maakond,EEG11223,2021-26,11.7403810405891,Epidemic intelligence subnational data
Estonia,Tartu Maakond,EEG11223,2021-27,22.8285186900344,Epidemic intelligence subnational data
Estonia,Tartu Maakond,EEG11223,2021-28,37.8301166863427,Epidemic intelligence subnational data
Estonia,Tartu Maakond,EEG11223,2021-29,76.964720154973,Epidemic intelligence subnational data
Estonia,Tartu Maakond,EEG11223,2021-30,180.0191759557,Epidemic intelligence subnational data
Estonia,Tartu Maakond,EEG11223,2021-31,271.985494106981,Epidemic intelligence subnational data
Estonia,Tartu Maakond,EEG11223,2021-32,357.429378346824,Epidemic intelligence subnational data
Estonia,Tartu Maakond,EEG11223,2021-33,402.434172335749,Epidemic intelligence subnational data
Estonia,Tartu Maakond,EEG11223,2021-34,445.482236151242,Epidemic intelligence subnational data
Estonia,Tartu Maakond,EEG11223,2021-35,486.573569793304,Epidemic intelligence subnational data
Estonia,Tartu Maakond,EEG11223,2021-36,530.926120391085,Epidemic intelligence subnational data
Estonia,Tartu Maakond,EEG11223,2021-37,590.932512376318,Epidemic intelligence subnational data
Estonia,Tartu Maakond,EEG11223,2021-38,664.636015575572,Epidemic intelligence subnational data
Estonia,Tartu Maakond,EEG11223,2021-39,795.736937195484,Epidemic intelligence subnational data
Estonia,Tartu Maakond,EEG11223,2021-40,958.797784981444,Epidemic intelligence subnational data
Estonia,Tartu Maakond,EEG11223,2021-41,1117.2929290294,Epidemic intelligence subnational data
Estonia,Tartu Maakond,EEG11223,2021-42,1368.40663461978,Epidemic intelligence subnational data
Estonia,Tartu Maakond,EEG11223,2021-43,1652.13250976735,Epidemic intelligence subnational data
Estonia,Tartu Maakond,EEG11223,2021-44,1623.43380055702,Epidemic intelligence subnational data
Estonia,Tartu Maakond,EEG11223,2021-45,1327.31530097771,Epidemic intelligence subnational data
Estonia,Tartu Maakond,EEG11223,2021-46,922.272155077389,Epidemic intelligence subnational data
Estonia,Tartu Maakond,EEG11223,2021-47,658.765825055278,Epidemic intelligence subnational data
Estonia,Tartu Maakond,EEG11223,2021-48,552.450152298832,Epidemic intelligence subnational data
Estonia,Tartu Maakond,EEG11223,2021-49,565.495020121709,Epidemic intelligence subnational data
Estonia,Tartu Maakond,EEG11223,2021-50,810.086291800648,Epidemic intelligence subnational data
Estonia,Tartu Maakond,EEG11223,2021-51,1165.55893997404,Epidemic intelligence subnational data
Estonia,Tartu Maakond,EEG11223,2021-52,1423.19507947586,Epidemic intelligence subnational data
Estonia,Tartu Maakond,EEG11223,2022-01,1661.26391724336,Epidemic intelligence subnational data
Estonia,Tartu Maakond,EEG11223,2022-02,2072.17725366398,Epidemic intelligence subnational data
Estonia,Tartu Maakond,EEG11223,2022-03,3846.27927757522,Epidemic intelligence subnational data
Estonia,Tartu Maakond,EEG11223,2022-04,5457.3204537005,Epidemic intelligence subnational data
Estonia,Valga Maakond,EEG11224,2020-15,,Epidemic intelligence subnational data
Estonia,Valga Maakond,EEG11224,2020-16,3.54559636930932,Epidemic intelligence subnational data
Estonia,Valga Maakond,EEG11224,2020-17,7.09119273861864,Epidemic intelligence subnational data
Estonia,Valga Maakond,EEG11224,2020-18,7.09119273861864,Epidemic intelligence subnational data
Estonia,Valga Maakond,EEG11224,2020-19,0,Epidemic intelligence subnational data
Estonia,Valga Maakond,EEG11224,2020-20,0,Epidemic intelligence subnational data
Estonia,Valga Maakond,EEG11224,2020-21,0,Epidemic intelligence subnational data
Estonia,Valga Maakond,EEG11224,2020-22,0,Epidemic intelligence subnational data
Estonia,Valga Maakond,EEG11224,2020-23,3.54559636930932,Epidemic intelligence subnational data
Estonia,Valga Maakond,EEG11224,2020-24,3.54559636930932,Epidemic intelligence subnational data
Estonia,Valga Maakond,EEG11224,2020-25,0,Epidemic intelligence subnational data
Estonia,Valga Maakond,EEG11224,2020-26,3.54559636930932,Epidemic intelligence subnational data
Estonia,Valga Maakond,EEG11224,2020-27,3.54559636930932,Epidemic intelligence subnational data
Estonia,Valga Maakond,EEG11224,2020-28,0,Epidemic intelligence subnational data
Estonia,Valga Maakond,EEG11224,2020-29,0,Epidemic intelligence subnational data
Estonia,Valga Maakond,EEG11224,2020-30,0,Epidemic intelligence subnational data
Estonia,Valga Maakond,EEG11224,2020-31,0,Epidemic intelligence subnational data
Estonia,Valga Maakond,EEG11224,2020-32,3.54559636930932,Epidemic intelligence subnational data
Estonia,Valga Maakond,EEG11224,2020-33,3.54559636930932,Epidemic intelligence subnational data
Estonia,Valga Maakond,EEG11224,2020-34,0,Epidemic intelligence subnational data
Estonia,Valga Maakond,EEG11224,2020-35,0,Epidemic intelligence subnational data
Estonia,Valga Maakond,EEG11224,2020-36,0,Epidemic intelligence subnational data
Estonia,Valga Maakond,EEG11224,2020-37,0,Epidemic intelligence subnational data
Estonia,Valga Maakond,EEG11224,2020-38,0,Epidemic intelligence subnational data
Estonia,Valga Maakond,EEG11224,2020-39,10.636789107928,Epidemic intelligence subnational data
Estonia,Valga Maakond,EEG11224,2020-40,14.1823854772373,Epidemic intelligence subnational data
Estonia,Valga Maakond,EEG11224,2020-41,3.54559636930932,Epidemic intelligence subnational data
Estonia,Valga Maakond,EEG11224,2020-42,3.54559636930932,Epidemic intelligence subnational data
Estonia,Valga Maakond,EEG11224,2020-43,17.7279818465466,Epidemic intelligence subnational data
Estonia,Valga Maakond,EEG11224,2020-44,24.8191745851652,Epidemic intelligence subnational data
Estonia,Valga Maakond,EEG11224,2020-45,28.3647709544745,Epidemic intelligence subnational data
Estonia,Valga Maakond,EEG11224,2020-46,63.8207346475677,Epidemic intelligence subnational data
Estonia,Valga Maakond,EEG11224,2020-47,120.550276556517,Epidemic intelligence subnational data
Estonia,Valga Maakond,EEG11224,2020-48,148.915047510991,Epidemic intelligence subnational data
Estonia,Valga Maakond,EEG11224,2020-49,131.187065664445,Epidemic intelligence subnational data
Estonia,Valga Maakond,EEG11224,2020-50,113.459083817898,Epidemic intelligence subnational data
Estonia,Valga Maakond,EEG11224,2020-51,120.550276556517,Epidemic intelligence subnational data
Estonia,Valga Maakond,EEG11224,2020-52,191.462203942703,Epidemic intelligence subnational data
Estonia,Valga Maakond,EEG11224,2020-53,319.103673237839,Epidemic intelligence subnational data
Estonia,Valga Maakond,EEG11224,2021-01,425.471564317118,Epidemic intelligence subnational data
Estonia,Valga Maakond,EEG11224,2021-02,620.479364629131,Epidemic intelligence subnational data
Estonia,Valga Maakond,EEG11224,2021-03,680.754502907389,Epidemic intelligence subnational data
Estonia,Valga Maakond,EEG11224,2021-04,464.473124379521,Epidemic intelligence subnational data
Estonia,Valga Maakond,EEG11224,2021-05,333.286058715076,Epidemic intelligence subnational data
Estonia,Valga Maakond,EEG11224,2021-06,439.653949794355,Epidemic intelligence subnational data
Estonia,Valga Maakond,EEG11224,2021-07,510.565877180542,Epidemic intelligence subnational data
Estonia,Valga Maakond,EEG11224,2021-08,503.474684441923,Epidemic intelligence subnational data
Estonia,Valga Maakond,EEG11224,2021-09,439.653949794355,Epidemic intelligence subnational data
Estonia,Valga Maakond,EEG11224,2021-10,407.743582470572,Epidemic intelligence subnational data
Estonia,Valga Maakond,EEG11224,2021-11,489.292298964686,Epidemic intelligence subnational data
Estonia,Valga Maakond,EEG11224,2021-12,421.925967947809,Epidemic intelligence subnational data
Estonia,Valga Maakond,EEG11224,2021-13,301.375691391292,Epidemic intelligence subnational data
Estonia,Valga Maakond,EEG11224,2021-14,248.191745851652,Epidemic intelligence subnational data
Estonia,Valga Maakond,EEG11224,2021-15,280.102113175436,Epidemic intelligence subnational data
Estonia,Valga Maakond,EEG11224,2021-16,265.919727698199,Epidemic intelligence subnational data
Estonia,Valga Maakond,EEG11224,2021-17,326.194865976457,Epidemic intelligence subnational data
Estonia,Valga Maakond,EEG11224,2021-18,379.378811516097,Epidemic intelligence subnational data
Estonia,Valga Maakond,EEG11224,2021-19,499.929088072614,Epidemic intelligence subnational data
Estonia,Valga Maakond,EEG11224,2021-20,574.38661182811,Epidemic intelligence subnational data
Estonia,Valga Maakond,EEG11224,2021-21,390.015600624025,Epidemic intelligence subnational data
Estonia,Valga Maakond,EEG11224,2021-22,209.19018578925,Epidemic intelligence subnational data
Estonia,Valga Maakond,EEG11224,2021-23,67.366331016877,Epidemic intelligence subnational data
Estonia,Valga Maakond,EEG11224,2021-24,28.3647709544745,Epidemic intelligence subnational data
Estonia,Valga Maakond,EEG11224,2021-25,17.7279818465466,Epidemic intelligence subnational data
Estonia,Valga Maakond,EEG11224,2021-26,24.8191745851652,Epidemic intelligence subnational data
Estonia,Valga Maakond,EEG11224,2021-27,24.8191745851652,Epidemic intelligence subnational data
Estonia,Valga Maakond,EEG11224,2021-28,24.8191745851652,Epidemic intelligence subnational data
Estonia,Valga Maakond,EEG11224,2021-29,56.7295419089491,Epidemic intelligence subnational data
Estonia,Valga Maakond,EEG11224,2021-30,74.4575237554957,Epidemic intelligence subnational data
Estonia,Valga Maakond,EEG11224,2021-31,131.187065664445,Epidemic intelligence subnational data
Estonia,Valga Maakond,EEG11224,2021-32,308.466884129911,Epidemic intelligence subnational data
Estonia,Valga Maakond,EEG11224,2021-33,581.477804566728,Epidemic intelligence subnational data
Estonia,Valga Maakond,EEG11224,2021-34,755.212026662885,Epidemic intelligence subnational data
Estonia,Valga Maakond,EEG11224,2021-35,794.213586725287,Epidemic intelligence subnational data
Estonia,Valga Maakond,EEG11224,2021-36,971.493405190753,Epidemic intelligence subnational data
Estonia,Valga Maakond,EEG11224,2021-37,1031.76854346901,Epidemic intelligence subnational data
Estonia,Valga Maakond,EEG11224,2021-38,911.218266912495,Epidemic intelligence subnational data
Estonia,Valga Maakond,EEG11224,2021-39,1056.58771805418,Epidemic intelligence subnational data
Estonia,Valga Maakond,EEG11224,2021-40,1148.77322365622,Epidemic intelligence subnational data
Estonia,Valga Maakond,EEG11224,2021-41,1134.59083817898,Epidemic intelligence subnational data
Estonia,Valga Maakond,EEG11224,2021-42,1318.96184938307,Epidemic intelligence subnational data
Estonia,Valga Maakond,EEG11224,2021-43,1840.16451567154,Epidemic intelligence subnational data
Estonia,Valga Maakond,EEG11224,2021-44,2155.72259254007,Epidemic intelligence subnational data
Estonia,Valga Maakond,EEG11224,2021-45,1772.79818465466,Epidemic intelligence subnational data
Estonia,Valga Maakond,EEG11224,2021-46,1506.87845695646,Epidemic intelligence subnational data
Estonia,Valga Maakond,EEG11224,2021-47,1474.96808963268,Epidemic intelligence subnational data
Estonia,Valga Maakond,EEG11224,2021-48,1049.49652531556,Epidemic intelligence subnational data
Estonia,Valga Maakond,EEG11224,2021-49,585.023400936037,Epidemic intelligence subnational data
Estonia,Valga Maakond,EEG11224,2021-50,397.106793362644,Epidemic intelligence subnational data
Estonia,Valga Maakond,EEG11224,2021-51,301.375691391292,Epidemic intelligence subnational data
Estonia,Valga Maakond,EEG11224,2021-52,439.653949794355,Epidemic intelligence subnational data
Estonia,Valga Maakond,EEG11224,2022-01,663.026521060843,Epidemic intelligence subnational data
Estonia,Valga Maakond,EEG11224,2022-02,964.402212452135,Epidemic intelligence subnational data
Estonia,Valga Maakond,EEG11224,2022-03,2450.00709119274,Epidemic intelligence subnational data
Estonia,Valga Maakond,EEG11224,2022-04,3804.4249042689,Epidemic intelligence subnational data
Estonia,Viljandi Maakond,EEG11225,2020-15,,Epidemic intelligence subnational data
Estonia,Viljandi Maakond,EEG11225,2020-16,10.8316544268972,Epidemic intelligence subnational data
Estonia,Viljandi Maakond,EEG11225,2020-17,6.4989926561383,Epidemic intelligence subnational data
Estonia,Viljandi Maakond,EEG11225,2020-18,2.16633088537943,Epidemic intelligence subnational data
Estonia,Viljandi Maakond,EEG11225,2020-19,0,Epidemic intelligence subnational data
Estonia,Viljandi Maakond,EEG11225,2020-20,0,Epidemic intelligence subnational data
Estonia,Viljandi Maakond,EEG11225,2020-21,0,Epidemic intelligence subnational data
Estonia,Viljandi Maakond,EEG11225,2020-22,2.16633088537943,Epidemic intelligence subnational data
Estonia,Viljandi Maakond,EEG11225,2020-23,4.33266177075886,Epidemic intelligence subnational data
Estonia,Viljandi Maakond,EEG11225,2020-24,2.16633088537943,Epidemic intelligence subnational data
Estonia,Viljandi Maakond,EEG11225,2020-25,0,Epidemic intelligence subnational data
Estonia,Viljandi Maakond,EEG11225,2020-26,0,Epidemic intelligence subnational data
Estonia,Viljandi Maakond,EEG11225,2020-27,0,Epidemic intelligence subnational data
Estonia,Viljandi Maakond,EEG11225,2020-28,0,Epidemic intelligence subnational data
Estonia,Viljandi Maakond,EEG11225,2020-29,0,Epidemic intelligence subnational data
Estonia,Viljandi Maakond,EEG11225,2020-30,0,Epidemic intelligence subnational data
Estonia,Viljandi Maakond,EEG11225,2020-31,0,Epidemic intelligence subnational data
Estonia,Viljandi Maakond,EEG11225,2020-32,2.16633088537943,Epidemic intelligence subnational data
Estonia,Viljandi Maakond,EEG11225,2020-33,2.16633088537943,Epidemic intelligence subnational data
Estonia,Viljandi Maakond,EEG11225,2020-34,0,Epidemic intelligence subnational data
Estonia,Viljandi Maakond,EEG11225,2020-35,2.16633088537943,Epidemic intelligence subnational data
Estonia,Viljandi Maakond,EEG11225,2020-36,6.4989926561383,Epidemic intelligence subnational data
Estonia,Viljandi Maakond,EEG11225,2020-37,4.33266177075886,Epidemic intelligence subnational data
Estonia,Viljandi Maakond,EEG11225,2020-38,2.16633088537943,Epidemic intelligence subnational data
Estonia,Viljandi Maakond,EEG11225,2020-39,10.8316544268972,Epidemic intelligence subnational data
Estonia,Viljandi Maakond,EEG11225,2020-40,17.3306470830355,Epidemic intelligence subnational data
Estonia,Viljandi Maakond,EEG11225,2020-41,17.3306470830355,Epidemic intelligence subnational data
Estonia,Viljandi Maakond,EEG11225,2020-42,8.66532354151773,Epidemic intelligence subnational data
Estonia,Viljandi Maakond,EEG11225,2020-43,2.16633088537943,Epidemic intelligence subnational data
Estonia,Viljandi Maakond,EEG11225,2020-44,6.4989926561383,Epidemic intelligence subnational data
Estonia,Viljandi Maakond,EEG11225,2020-45,23.8296397391738,Epidemic intelligence subnational data
Estonia,Viljandi Maakond,EEG11225,2020-46,67.1562574467624,Epidemic intelligence subnational data
Estonia,Viljandi Maakond,EEG11225,2020-47,119.148198695869,Epidemic intelligence subnational data
Estonia,Viljandi Maakond,EEG11225,2020-48,155.975823747319,Epidemic intelligence subnational data
Estonia,Viljandi Maakond,EEG11225,2020-49,207.967764996426,Epidemic intelligence subnational data
Estonia,Viljandi Maakond,EEG11225,2020-50,168.973809059596,Epidemic intelligence subnational data
Estonia,Viljandi Maakond,EEG11225,2020-51,119.148198695869,Epidemic intelligence subnational data
Estonia,Viljandi Maakond,EEG11225,2020-52,132.146184008145,Epidemic intelligence subnational data
Estonia,Viljandi Maakond,EEG11225,2020-53,175.472801715734,Epidemic intelligence subnational data
Estonia,Viljandi Maakond,EEG11225,2021-01,255.627044474773,Epidemic intelligence subnational data
Estonia,Viljandi Maakond,EEG11225,2021-02,277.290353328567,Epidemic intelligence subnational data
Estonia,Viljandi Maakond,EEG11225,2021-03,216.633088537943,Epidemic intelligence subnational data
Estonia,Viljandi Maakond,EEG11225,2021-04,275.124022443188,Epidemic intelligence subnational data
Estonia,Viljandi Maakond,EEG11225,2021-05,398.604882909816,Epidemic intelligence subnational data
Estonia,Viljandi Maakond,EEG11225,2021-06,398.604882909816,Epidemic intelligence subnational data
Estonia,Viljandi Maakond,EEG11225,2021-07,463.594809471199,Epidemic intelligence subnational data
Estonia,Viljandi Maakond,EEG11225,2021-08,513.420419834926,Epidemic intelligence subnational data
Estonia,Viljandi Maakond,EEG11225,2021-09,513.420419834926,Epidemic intelligence subnational data
Estonia,Viljandi Maakond,EEG11225,2021-10,669.396243582245,Epidemic intelligence subnational data
Estonia,Viljandi Maakond,EEG11225,2021-11,851.368037954117,Epidemic intelligence subnational data
Estonia,Viljandi Maakond,EEG11225,2021-12,760.382140768181,Epidemic intelligence subnational data
Estonia,Viljandi Maakond,EEG11225,2021-13,595.740993479344,Epidemic intelligence subnational data
Estonia,Viljandi Maakond,EEG11225,2021-14,576.244015510929,Epidemic intelligence subnational data
Estonia,Viljandi Maakond,EEG11225,2021-15,519.919412491064,Epidemic intelligence subnational data
Estonia,Viljandi Maakond,EEG11225,2021-16,439.765169732025,Epidemic intelligence subnational data
Estonia,Viljandi Maakond,EEG11225,2021-17,422.434522648989,Epidemic intelligence subnational data
Estonia,Viljandi Maakond,EEG11225,2021-18,370.442581399883,Epidemic intelligence subnational data
Estonia,Viljandi Maakond,EEG11225,2021-19,270.791360672429,Epidemic intelligence subnational data
Estonia,Viljandi Maakond,EEG11225,2021-20,164.641147288837,Epidemic intelligence subnational data
Estonia,Viljandi Maakond,EEG11225,2021-21,121.314529581248,Epidemic intelligence subnational data
Estonia,Viljandi Maakond,EEG11225,2021-22,86.6532354151773,Epidemic intelligence subnational data
Estonia,Viljandi Maakond,EEG11225,2021-23,45.4929485929681,Epidemic intelligence subnational data
Estonia,Viljandi Maakond,EEG11225,2021-24,25.9959706245532,Epidemic intelligence subnational data
Estonia,Viljandi Maakond,EEG11225,2021-25,10.8316544268972,Epidemic intelligence subnational data
Estonia,Viljandi Maakond,EEG11225,2021-26,10.8316544268972,Epidemic intelligence subnational data
Estonia,Viljandi Maakond,EEG11225,2021-27,23.8296397391738,Epidemic intelligence subnational data
Estonia,Viljandi Maakond,EEG11225,2021-28,23.8296397391738,Epidemic intelligence subnational data
Estonia,Viljandi Maakond,EEG11225,2021-29,25.9959706245532,Epidemic intelligence subnational data
Estonia,Viljandi Maakond,EEG11225,2021-30,168.973809059596,Epidemic intelligence subnational data
Estonia,Viljandi Maakond,EEG11225,2021-31,255.627044474773,Epidemic intelligence subnational data
Estonia,Viljandi Maakond,EEG11225,2021-32,231.797404735599,Epidemic intelligence subnational data
Estonia,Viljandi Maakond,EEG11225,2021-33,316.284309265397,Epidemic intelligence subnational data
Estonia,Viljandi Maakond,EEG11225,2021-34,550.248044886376,Epidemic intelligence subnational data
Estonia,Viljandi Maakond,EEG11225,2021-35,597.907324364723,Epidemic intelligence subnational data
Estonia,Viljandi Maakond,EEG11225,2021-36,582.743008167067,Epidemic intelligence subnational data
Estonia,Viljandi Maakond,EEG11225,2021-37,714.889192175213,Epidemic intelligence subnational data
Estonia,Viljandi Maakond,EEG11225,2021-38,769.047464309699,Epidemic intelligence subnational data
Estonia,Viljandi Maakond,EEG11225,2021-39,730.053508372869,Epidemic intelligence subnational data
Estonia,Viljandi Maakond,EEG11225,2021-40,883.863001234809,Epidemic intelligence subnational data
Estonia,Viljandi Maakond,EEG11225,2021-41,1275.96889148849,Epidemic intelligence subnational data
Estonia,Viljandi Maakond,EEG11225,2021-42,1743.89636273044,Epidemic intelligence subnational data
Estonia,Viljandi Maakond,EEG11225,2021-43,2341.80368709517,Epidemic intelligence subnational data
Estonia,Viljandi Maakond,EEG11225,2021-44,2428.45692251034,Epidemic intelligence subnational data
Estonia,Viljandi Maakond,EEG11225,2021-45,1756.89434804272,Epidemic intelligence subnational data
Estonia,Viljandi Maakond,EEG11225,2021-46,1301.96486211304,Epidemic intelligence subnational data
Estonia,Viljandi Maakond,EEG11225,2021-47,1020.34184701371,Epidemic intelligence subnational data
Estonia,Viljandi Maakond,EEG11225,2021-48,587.075669937826,Epidemic intelligence subnational data
Estonia,Viljandi Maakond,EEG11225,2021-49,446.264162388163,Epidemic intelligence subnational data
Estonia,Viljandi Maakond,EEG11225,2021-50,511.254088949546,Epidemic intelligence subnational data
Estonia,Viljandi Maakond,EEG11225,2021-51,595.740993479344,Epidemic intelligence subnational data
Estonia,Viljandi Maakond,EEG11225,2021-52,894.694655661706,Epidemic intelligence subnational data
Estonia,Viljandi Maakond,EEG11225,2022-01,1351.79047247677,Epidemic intelligence subnational data
Estonia,Viljandi Maakond,EEG11225,2022-02,1468.77234028726,Epidemic intelligence subnational data
Estonia,Viljandi Maakond,EEG11225,2022-03,2287.64541496068,Epidemic intelligence subnational data
Estonia,Viljandi Maakond,EEG11225,2022-04,3630.77056389593,Epidemic intelligence subnational data
Estonia,Võru Maakond,EEG11226,2020-15,,Epidemic intelligence subnational data
Estonia,Võru Maakond,EEG11226,2020-16,31.0602851898913,Epidemic intelligence subnational data
Estonia,Võru Maakond,EEG11226,2020-17,19.7656360299308,Epidemic intelligence subnational data
Estonia,Võru Maakond,EEG11226,2020-18,5.64732457998024,Epidemic intelligence subnational data
Estonia,Võru Maakond,EEG11226,2020-19,8.47098686997035,Epidemic intelligence subnational data
Estonia,Võru Maakond,EEG11226,2020-20,5.64732457998024,Epidemic intelligence subnational data
Estonia,Võru Maakond,EEG11226,2020-21,2.82366228999012,Epidemic intelligence subnational data
Estonia,Võru Maakond,EEG11226,2020-22,5.64732457998024,Epidemic intelligence subnational data
Estonia,Võru Maakond,EEG11226,2020-23,2.82366228999012,Epidemic intelligence subnational data
Estonia,Võru Maakond,EEG11226,2020-24,0,Epidemic intelligence subnational data
Estonia,Võru Maakond,EEG11226,2020-25,0,Epidemic intelligence subnational data
Estonia,Võru Maakond,EEG11226,2020-26,0,Epidemic intelligence subnational data
Estonia,Võru Maakond,EEG11226,2020-27,0,Epidemic intelligence subnational data
Estonia,Võru Maakond,EEG11226,2020-28,0,Epidemic intelligence subnational data
Estonia,Võru Maakond,EEG11226,2020-29,0,Epidemic intelligence subnational data
Estonia,Võru Maakond,EEG11226,2020-30,0,Epidemic intelligence subnational data
Estonia,Võru Maakond,EEG11226,2020-31,0,Epidemic intelligence subnational data
Estonia,Võru Maakond,EEG11226,2020-32,2.82366228999012,Epidemic intelligence subnational data
Estonia,Võru Maakond,EEG11226,2020-33,5.64732457998024,Epidemic intelligence subnational data
Estonia,Võru Maakond,EEG11226,2020-34,8.47098686997035,Epidemic intelligence subnational data
Estonia,Võru Maakond,EEG11226,2020-35,5.64732457998024,Epidemic intelligence subnational data
Estonia,Võru Maakond,EEG11226,2020-36,48.002258929832,Epidemic intelligence subnational data
Estonia,Võru Maakond,EEG11226,2020-37,59.2969080897925,Epidemic intelligence subnational data
Estonia,Võru Maakond,EEG11226,2020-38,25.4129606099111,Epidemic intelligence subnational data
Estonia,Võru Maakond,EEG11226,2020-39,93.1808555696739,Epidemic intelligence subnational data
Estonia,Võru Maakond,EEG11226,2020-40,110.122829309615,Epidemic intelligence subnational data
Estonia,Võru Maakond,EEG11226,2020-41,42.3549343498518,Epidemic intelligence subnational data
Estonia,Võru Maakond,EEG11226,2020-42,16.9419737399407,Epidemic intelligence subnational data
Estonia,Võru Maakond,EEG11226,2020-43,11.2946491599605,Epidemic intelligence subnational data
Estonia,Võru Maakond,EEG11226,2020-44,16.9419737399407,Epidemic intelligence subnational data
Estonia,Võru Maakond,EEG11226,2020-45,28.2366228999012,Epidemic intelligence subnational data
Estonia,Võru Maakond,EEG11226,2020-46,33.8839474798814,Epidemic intelligence subnational data
Estonia,Võru Maakond,EEG11226,2020-47,53.6495835098122,Epidemic intelligence subnational data
Estonia,Võru Maakond,EEG11226,2020-48,158.125088239447,Epidemic intelligence subnational data
Estonia,Võru Maakond,EEG11226,2020-49,254.129606099111,Epidemic intelligence subnational data
Estonia,Võru Maakond,EEG11226,2020-50,321.897501058873,Epidemic intelligence subnational data
Estonia,Võru Maakond,EEG11226,2020-51,324.721163348864,Epidemic intelligence subnational data
Estonia,Võru Maakond,EEG11226,2020-52,268.247917549061,Epidemic intelligence subnational data
Estonia,Võru Maakond,EEG11226,2020-53,355.781448538755,Epidemic intelligence subnational data
Estonia,Võru Maakond,EEG11226,2021-01,417.902018918537,Epidemic intelligence subnational data
Estonia,Võru Maakond,EEG11226,2021-02,499.788225328251,Epidemic intelligence subnational data
Estonia,Võru Maakond,EEG11226,2021-03,530.848510518142,Epidemic intelligence subnational data
Estonia,Võru Maakond,EEG11226,2021-04,570.379782578004,Epidemic intelligence subnational data
Estonia,Võru Maakond,EEG11226,2021-05,626.853028377806,Epidemic intelligence subnational data
Estonia,Võru Maakond,EEG11226,2021-06,657.913313567697,Epidemic intelligence subnational data
Estonia,Võru Maakond,EEG11226,2021-07,773.683467457292,Epidemic intelligence subnational data
Estonia,Võru Maakond,EEG11226,2021-08,804.743752647184,Epidemic intelligence subnational data
Estonia,Võru Maakond,EEG11226,2021-09,830.156713257095,Epidemic intelligence subnational data
Estonia,Võru Maakond,EEG11226,2021-10,838.627700127065,Epidemic intelligence subnational data
Estonia,Võru Maakond,EEG11226,2021-11,700.268247917549,Epidemic intelligence subnational data
Estonia,Võru Maakond,EEG11226,2021-12,460.256953268389,Epidemic intelligence subnational data
Estonia,Võru Maakond,EEG11226,2021-13,316.250176478893,Epidemic intelligence subnational data
Estonia,Võru Maakond,EEG11226,2021-14,372.723422278696,Epidemic intelligence subnational data
Estonia,Võru Maakond,EEG11226,2021-15,338.839474798814,Epidemic intelligence subnational data
Estonia,Võru Maakond,EEG11226,2021-16,163.772412819427,Epidemic intelligence subnational data
Estonia,Võru Maakond,EEG11226,2021-17,81.8862064097134,Epidemic intelligence subnational data
Estonia,Võru Maakond,EEG11226,2021-18,84.7098686997035,Epidemic intelligence subnational data
Estonia,Võru Maakond,EEG11226,2021-19,135.535789919526,Epidemic intelligence subnational data
Estonia,Võru Maakond,EEG11226,2021-20,135.535789919526,Epidemic intelligence subnational data
Estonia,Võru Maakond,EEG11226,2021-21,138.359452209516,Epidemic intelligence subnational data
Estonia,Võru Maakond,EEG11226,2021-22,144.006776789496,Epidemic intelligence subnational data
Estonia,Võru Maakond,EEG11226,2021-23,110.122829309615,Epidemic intelligence subnational data
Estonia,Võru Maakond,EEG11226,2021-24,62.1205703797826,Epidemic intelligence subnational data
Estonia,Võru Maakond,EEG11226,2021-25,33.8839474798814,Epidemic intelligence subnational data
Estonia,Võru Maakond,EEG11226,2021-26,22.5892983199209,Epidemic intelligence subnational data
Estonia,Võru Maakond,EEG11226,2021-27,50.8259212198221,Epidemic intelligence subnational data
Estonia,Võru Maakond,EEG11226,2021-28,70.5915572497529,Epidemic intelligence subnational data
Estonia,Võru Maakond,EEG11226,2021-29,56.4732457998023,Epidemic intelligence subnational data
Estonia,Võru Maakond,EEG11226,2021-30,203.303684879288,Epidemic intelligence subnational data
Estonia,Võru Maakond,EEG11226,2021-31,375.547084568686,Epidemic intelligence subnational data
Estonia,Võru Maakond,EEG11226,2021-32,511.082874488211,Epidemic intelligence subnational data
Estonia,Võru Maakond,EEG11226,2021-33,793.449103487223,Epidemic intelligence subnational data
Estonia,Võru Maakond,EEG11226,2021-34,920.513906536778,Epidemic intelligence subnational data
Estonia,Võru Maakond,EEG11226,2021-35,895.100945926867,Epidemic intelligence subnational data
Estonia,Võru Maakond,EEG11226,2021-36,914.866581956798,Epidemic intelligence subnational data
Estonia,Võru Maakond,EEG11226,2021-37,934.632217986729,Epidemic intelligence subnational data
Estonia,Võru Maakond,EEG11226,2021-38,1050.40237187632,Epidemic intelligence subnational data
Estonia,Võru Maakond,EEG11226,2021-39,1072.99167019625,Epidemic intelligence subnational data
Estonia,Võru Maakond,EEG11226,2021-40,1067.34434561626,Epidemic intelligence subnational data
Estonia,Võru Maakond,EEG11226,2021-41,1301.70831568544,Epidemic intelligence subnational data
Estonia,Võru Maakond,EEG11226,2021-42,1756.31794437385,Epidemic intelligence subnational data
Estonia,Võru Maakond,EEG11226,2021-43,2112.09939291261,Epidemic intelligence subnational data
Estonia,Võru Maakond,EEG11226,2021-44,2016.09487505294,Epidemic intelligence subnational data
Estonia,Võru Maakond,EEG11226,2021-45,1442.89143018495,Epidemic intelligence subnational data
Estonia,Võru Maakond,EEG11226,2021-46,985.458139206551,Epidemic intelligence subnational data
Estonia,Võru Maakond,EEG11226,2021-47,728.50487081745,Epidemic intelligence subnational data
Estonia,Võru Maakond,EEG11226,2021-48,553.437808838063,Epidemic intelligence subnational data
Estonia,Võru Maakond,EEG11226,2021-49,508.259212198221,Epidemic intelligence subnational data
Estonia,Võru Maakond,EEG11226,2021-50,420.725681208528,Epidemic intelligence subnational data
Estonia,Võru Maakond,EEG11226,2021-51,415.078356628547,Epidemic intelligence subnational data
Estonia,Võru Maakond,EEG11226,2021-52,573.203444867994,Epidemic intelligence subnational data
Estonia,Võru Maakond,EEG11226,2022-01,1092.75730622618,Epidemic intelligence subnational data
Estonia,Võru Maakond,EEG11226,2022-02,1657.4897642242,Epidemic intelligence subnational data
Estonia,Võru Maakond,EEG11226,2022-03,3402.51305943809,Epidemic intelligence subnational data
Estonia,Võru Maakond,EEG11226,2022-04,4947.05633206269,Epidemic intelligence subnational data
Finland,Keski-Suomi,FI193,2020-18,,Epidemic intelligence subnational data
Finland,Keski-Suomi,FI193,2020-19,1.09049668489008,Epidemic intelligence subnational data
Finland,Keski-Suomi,FI193,2020-20,1.09049668489008,Epidemic intelligence subnational data
Finland,Keski-Suomi,FI193,2020-21,0.726997789926719,Epidemic intelligence subnational data
Finland,Keski-Suomi,FI193,2020-22,1.09049668489008,Epidemic intelligence subnational data
Finland,Keski-Suomi,FI193,2020-23,1.45399557985344,Epidemic intelligence subnational data
Finland,Keski-Suomi,FI193,2020-24,1.45399557985344,Epidemic intelligence subnational data
Finland,Keski-Suomi,FI193,2020-25,0.726997789926719,Epidemic intelligence subnational data
Finland,Keski-Suomi,FI193,2020-26,0,Epidemic intelligence subnational data
Finland,Keski-Suomi,FI193,2020-27,0,Epidemic intelligence subnational data
Finland,Keski-Suomi,FI193,2020-28,0,Epidemic intelligence subnational data
Finland,Keski-Suomi,FI193,2020-29,0.363498894963359,Epidemic intelligence subnational data
Finland,Keski-Suomi,FI193,2020-30,1.09049668489008,Epidemic intelligence subnational data
Finland,Keski-Suomi,FI193,2020-31,1.09049668489008,Epidemic intelligence subnational data
Finland,Keski-Suomi,FI193,2020-32,1.45399557985344,Epidemic intelligence subnational data
Finland,Keski-Suomi,FI193,2020-33,2.54449226474352,Epidemic intelligence subnational data
Finland,Keski-Suomi,FI193,2020-34,5.81598231941375,Epidemic intelligence subnational data
Finland,Keski-Suomi,FI193,2020-35,8.72397347912062,Epidemic intelligence subnational data
Finland,Keski-Suomi,FI193,2020-36,14.5399557985344,Epidemic intelligence subnational data
Finland,Keski-Suomi,FI193,2020-37,25.8084215423985,Epidemic intelligence subnational data
Finland,Keski-Suomi,FI193,2020-38,38.5308828661161,Epidemic intelligence subnational data
Finland,Keski-Suomi,FI193,2020-39,45.0738629754566,Epidemic intelligence subnational data
Finland,Keski-Suomi,FI193,2020-40,31.6244038618123,Epidemic intelligence subnational data
Finland,Keski-Suomi,FI193,2020-41,34.1688961265558,Epidemic intelligence subnational data
Finland,Keski-Suomi,FI193,2020-42,67.6107944631848,Epidemic intelligence subnational data
Finland,Keski-Suomi,FI193,2020-43,60.704315458881,Epidemic intelligence subnational data
Finland,Keski-Suomi,FI193,2020-44,29.0799115970687,Epidemic intelligence subnational data
Finland,Keski-Suomi,FI193,2020-45,18.174944748168,Epidemic intelligence subnational data
Finland,Keski-Suomi,FI193,2020-46,10.9049668489008,Epidemic intelligence subnational data
Finland,Keski-Suomi,FI193,2020-47,30.5339071769222,Epidemic intelligence subnational data
Finland,Keski-Suomi,FI193,2020-48,61.4313132488077,Epidemic intelligence subnational data
Finland,Keski-Suomi,FI193,2020-49,53.7978364545772,Epidemic intelligence subnational data
Finland,Keski-Suomi,FI193,2020-50,67.6107944631848,Epidemic intelligence subnational data
Finland,Keski-Suomi,FI193,2020-51,80.6967546818658,Epidemic intelligence subnational data
Finland,Keski-Suomi,FI193,2020-52,51.2533441898337,Epidemic intelligence subnational data
Finland,Keski-Suomi,FI193,2020-53,47.9818541351634,Epidemic intelligence subnational data
Finland,Keski-Suomi,FI193,2021-01,42.8928696056764,Epidemic intelligence subnational data
Finland,Keski-Suomi,FI193,2021-02,25.4449226474352,Epidemic intelligence subnational data
Finland,Keski-Suomi,FI193,2021-03,35.6228917064092,Epidemic intelligence subnational data
Finland,Keski-Suomi,FI193,2021-04,78.1522624171223,Epidemic intelligence subnational data
Finland,Keski-Suomi,FI193,2021-05,129.405606606956,Epidemic intelligence subnational data
Finland,Keski-Suomi,FI193,2021-06,109.413167383971,Epidemic intelligence subnational data
Finland,Keski-Suomi,FI193,2021-07,50.5263463999069,Epidemic intelligence subnational data
Finland,Keski-Suomi,FI193,2021-08,46.8913574502733,Epidemic intelligence subnational data
Finland,Keski-Suomi,FI193,2021-09,51.9803419797604,Epidemic intelligence subnational data
Finland,Keski-Suomi,FI193,2021-10,51.9803419797604,Epidemic intelligence subnational data
Finland,Keski-Suomi,FI193,2021-11,69.791787832965,Epidemic intelligence subnational data
Finland,Keski-Suomi,FI193,2021-12,68.7012911480749,Epidemic intelligence subnational data
Finland,Keski-Suomi,FI193,2021-13,51.9803419797604,Epidemic intelligence subnational data
Finland,Keski-Suomi,FI193,2021-14,37.440386181226,Epidemic intelligence subnational data
Finland,Keski-Suomi,FI193,2021-15,27.9894149121787,Epidemic intelligence subnational data
Finland,Keski-Suomi,FI193,2021-16,17.0844480632779,Epidemic intelligence subnational data
Finland,Keski-Suomi,FI193,2021-17,5.81598231941375,Epidemic intelligence subnational data
Finland,Keski-Suomi,FI193,2021-18,6.90647900430383,Epidemic intelligence subnational data
Finland,Keski-Suomi,FI193,2021-19,7.99697568919391,Epidemic intelligence subnational data
Finland,Keski-Suomi,FI193,2021-20,8.36047458415727,Epidemic intelligence subnational data
Finland,Keski-Suomi,FI193,2021-21,10.9049668489008,Epidemic intelligence subnational data
Finland,Keski-Suomi,FI193,2021-22,9.08747237408398,Epidemic intelligence subnational data
Finland,Keski-Suomi,FI193,2021-23,17.4479469582413,Epidemic intelligence subnational data
Finland,Keski-Suomi,FI193,2021-24,17.8114458532046,Epidemic intelligence subnational data
Finland,Keski-Suomi,FI193,2021-25,9.8144701640107,Epidemic intelligence subnational data
Finland,Keski-Suomi,FI193,2021-26,15.2669535884611,Epidemic intelligence subnational data
Finland,Keski-Suomi,FI193,2021-27,20.3559381179481,Epidemic intelligence subnational data
Finland,Keski-Suomi,FI193,2021-28,19.9924392229848,Epidemic intelligence subnational data
Finland,Keski-Suomi,FI193,2021-29,51.2533441898337,Epidemic intelligence subnational data
Finland,Keski-Suomi,FI193,2021-30,94.8732115854368,Epidemic intelligence subnational data
Finland,Keski-Suomi,FI193,2021-31,112.684657438641,Epidemic intelligence subnational data
Finland,Keski-Suomi,FI193,2021-32,113.411655228568,Epidemic intelligence subnational data
Finland,Keski-Suomi,FI193,2021-33,97.0542049552169,Epidemic intelligence subnational data
Finland,Keski-Suomi,FI193,2021-34,53.4343375596138,Epidemic intelligence subnational data
Finland,Keski-Suomi,FI193,2021-35,26.5354193323252,Epidemic intelligence subnational data
Finland,Keski-Suomi,FI193,2021-36,37.8038850761894,Epidemic intelligence subnational data
Finland,Keski-Suomi,FI193,2021-37,58.1598231941375,Epidemic intelligence subnational data
Finland,Keski-Suomi,FI193,2021-38,87.966732581133,Epidemic intelligence subnational data
Finland,Keski-Suomi,FI193,2021-39,136.675584506223,Epidemic intelligence subnational data
Finland,Keski-Suomi,FI193,2021-40,201.741886704664,Epidemic intelligence subnational data
Finland,Keski-Suomi,FI193,2021-41,225.005815982319,Epidemic intelligence subnational data
Finland,Keski-Suomi,FI193,2021-42,165.391997208329,Epidemic intelligence subnational data
Finland,Keski-Suomi,FI193,2021-43,116.319646388275,Epidemic intelligence subnational data
Finland,Keski-Suomi,FI193,2021-44,145.03605909038,Epidemic intelligence subnational data
Finland,Keski-Suomi,FI193,2021-45,183.93044085146,Epidemic intelligence subnational data
Finland,Keski-Suomi,FI193,2021-46,215.918343608235,Epidemic intelligence subnational data
Finland,Keski-Suomi,FI193,2021-47,211.556356868675,Epidemic intelligence subnational data
Finland,Keski-Suomi,FI193,2021-48,222.097824822613,Epidemic intelligence subnational data
Finland,Keski-Suomi,FI193,2021-49,264.990694428289,Epidemic intelligence subnational data
Finland,Keski-Suomi,FI193,2021-50,316.244038618123,Epidemic intelligence subnational data
Finland,Keski-Suomi,FI193,2021-51,342.052460160521,Epidemic intelligence subnational data
Finland,Keski-Suomi,FI193,2021-52,490.723508200535,Epidemic intelligence subnational data
Finland,Keski-Suomi,FI193,2022-01,707.005350703734,Epidemic intelligence subnational data
Finland,Keski-Suomi,FI193,2022-02,1053.41979760381,Epidemic intelligence subnational data
Finland,Keski-Suomi,FI193,2022-03,1206.45283238339,Epidemic intelligence subnational data
Finland,Keski-Suomi,FI193,2022-04,868.035361172502,Epidemic intelligence subnational data
Finland,Etela-Pohjanmaa,FI194,2020-18,,Epidemic intelligence subnational data
Finland,Etela-Pohjanmaa,FI194,2020-19,3.17990301295811,Epidemic intelligence subnational data
Finland,Etela-Pohjanmaa,FI194,2020-20,3.70988684845112,Epidemic intelligence subnational data
Finland,Etela-Pohjanmaa,FI194,2020-21,1.58995150647905,Epidemic intelligence subnational data
Finland,Etela-Pohjanmaa,FI194,2020-22,1.05996767098604,Epidemic intelligence subnational data
Finland,Etela-Pohjanmaa,FI194,2020-23,0.529983835493017,Epidemic intelligence subnational data
Finland,Etela-Pohjanmaa,FI194,2020-24,0,Epidemic intelligence subnational data
Finland,Etela-Pohjanmaa,FI194,2020-25,0,Epidemic intelligence subnational data
Finland,Etela-Pohjanmaa,FI194,2020-26,0,Epidemic intelligence subnational data
Finland,Etela-Pohjanmaa,FI194,2020-27,0,Epidemic intelligence subnational data
Finland,Etela-Pohjanmaa,FI194,2020-28,0,Epidemic intelligence subnational data
Finland,Etela-Pohjanmaa,FI194,2020-29,0.529983835493017,Epidemic intelligence subnational data
Finland,Etela-Pohjanmaa,FI194,2020-30,1.05996767098604,Epidemic intelligence subnational data
Finland,Etela-Pohjanmaa,FI194,2020-31,0.529983835493017,Epidemic intelligence subnational data
Finland,Etela-Pohjanmaa,FI194,2020-32,0,Epidemic intelligence subnational data
Finland,Etela-Pohjanmaa,FI194,2020-33,1.58995150647905,Epidemic intelligence subnational data
Finland,Etela-Pohjanmaa,FI194,2020-34,3.17990301295811,Epidemic intelligence subnational data
Finland,Etela-Pohjanmaa,FI194,2020-35,3.17990301295811,Epidemic intelligence subnational data
Finland,Etela-Pohjanmaa,FI194,2020-36,2.64991917746509,Epidemic intelligence subnational data
Finland,Etela-Pohjanmaa,FI194,2020-37,3.17990301295811,Epidemic intelligence subnational data
Finland,Etela-Pohjanmaa,FI194,2020-38,2.11993534197207,Epidemic intelligence subnational data
Finland,Etela-Pohjanmaa,FI194,2020-39,4.23987068394414,Epidemic intelligence subnational data
Finland,Etela-Pohjanmaa,FI194,2020-40,18.0194504067626,Epidemic intelligence subnational data
Finland,Etela-Pohjanmaa,FI194,2020-41,28.0891432811299,Epidemic intelligence subnational data
Finland,Etela-Pohjanmaa,FI194,2020-42,22.2593210907067,Epidemic intelligence subnational data
Finland,Etela-Pohjanmaa,FI194,2020-43,11.6596443808464,Epidemic intelligence subnational data
Finland,Etela-Pohjanmaa,FI194,2020-44,9.53970903887431,Epidemic intelligence subnational data
Finland,Etela-Pohjanmaa,FI194,2020-45,10.0696928743673,Epidemic intelligence subnational data
Finland,Etela-Pohjanmaa,FI194,2020-46,13.2495958873254,Epidemic intelligence subnational data
Finland,Etela-Pohjanmaa,FI194,2020-47,29.679094787609,Epidemic intelligence subnational data
Finland,Etela-Pohjanmaa,FI194,2020-48,60.948141081697,Epidemic intelligence subnational data
Finland,Etela-Pohjanmaa,FI194,2020-49,61.47812491719,Epidemic intelligence subnational data
Finland,Etela-Pohjanmaa,FI194,2020-50,42.9286906749344,Epidemic intelligence subnational data
Finland,Etela-Pohjanmaa,FI194,2020-51,25.9692079391579,Epidemic intelligence subnational data
Finland,Etela-Pohjanmaa,FI194,2020-52,9.53970903887431,Epidemic intelligence subnational data
Finland,Etela-Pohjanmaa,FI194,2020-53,9.53970903887431,Epidemic intelligence subnational data
Finland,Etela-Pohjanmaa,FI194,2021-01,10.5996767098604,Epidemic intelligence subnational data
Finland,Etela-Pohjanmaa,FI194,2021-02,23.8492725971858,Epidemic intelligence subnational data
Finland,Etela-Pohjanmaa,FI194,2021-03,24.3792564326788,Epidemic intelligence subnational data
Finland,Etela-Pohjanmaa,FI194,2021-04,23.3192887616928,Epidemic intelligence subnational data
Finland,Etela-Pohjanmaa,FI194,2021-05,23.3192887616928,Epidemic intelligence subnational data
Finland,Etela-Pohjanmaa,FI194,2021-06,21.7293372552137,Epidemic intelligence subnational data
Finland,Etela-Pohjanmaa,FI194,2021-07,30.209078623102,Epidemic intelligence subnational data
Finland,Etela-Pohjanmaa,FI194,2021-08,29.149110952116,Epidemic intelligence subnational data
Finland,Etela-Pohjanmaa,FI194,2021-09,29.149110952116,Epidemic intelligence subnational data
Finland,Etela-Pohjanmaa,FI194,2021-10,27.0291756101439,Epidemic intelligence subnational data
Finland,Etela-Pohjanmaa,FI194,2021-11,27.5591594456369,Epidemic intelligence subnational data
Finland,Etela-Pohjanmaa,FI194,2021-12,23.3192887616928,Epidemic intelligence subnational data
Finland,Etela-Pohjanmaa,FI194,2021-13,19.6094019132417,Epidemic intelligence subnational data
Finland,Etela-Pohjanmaa,FI194,2021-14,28.6191271166229,Epidemic intelligence subnational data
Finland,Etela-Pohjanmaa,FI194,2021-15,33.9189654715531,Epidemic intelligence subnational data
Finland,Etela-Pohjanmaa,FI194,2021-16,20.6693695842277,Epidemic intelligence subnational data
Finland,Etela-Pohjanmaa,FI194,2021-17,11.6596443808464,Epidemic intelligence subnational data
Finland,Etela-Pohjanmaa,FI194,2021-18,13.7795797228185,Epidemic intelligence subnational data
Finland,Etela-Pohjanmaa,FI194,2021-19,10.5996767098604,Epidemic intelligence subnational data
Finland,Etela-Pohjanmaa,FI194,2021-20,7.94975753239526,Epidemic intelligence subnational data
Finland,Etela-Pohjanmaa,FI194,2021-21,5.29983835493017,Epidemic intelligence subnational data
Finland,Etela-Pohjanmaa,FI194,2021-22,7.41977369690225,Epidemic intelligence subnational data
Finland,Etela-Pohjanmaa,FI194,2021-23,10.5996767098604,Epidemic intelligence subnational data
Finland,Etela-Pohjanmaa,FI194,2021-24,6.35980602591621,Epidemic intelligence subnational data
Finland,Etela-Pohjanmaa,FI194,2021-25,10.0696928743673,Epidemic intelligence subnational data
Finland,Etela-Pohjanmaa,FI194,2021-26,23.3192887616928,Epidemic intelligence subnational data
Finland,Etela-Pohjanmaa,FI194,2021-27,22.2593210907067,Epidemic intelligence subnational data
Finland,Etela-Pohjanmaa,FI194,2021-28,16.9594827357766,Epidemic intelligence subnational data
Finland,Etela-Pohjanmaa,FI194,2021-29,15.8995150647905,Epidemic intelligence subnational data
Finland,Etela-Pohjanmaa,FI194,2021-30,31.7990301295811,Epidemic intelligence subnational data
Finland,Etela-Pohjanmaa,FI194,2021-31,58.8282057397249,Epidemic intelligence subnational data
Finland,Etela-Pohjanmaa,FI194,2021-32,77.9076238174736,Epidemic intelligence subnational data
Finland,Etela-Pohjanmaa,FI194,2021-33,87.4473328563479,Epidemic intelligence subnational data
Finland,Etela-Pohjanmaa,FI194,2021-34,101.226912579166,Epidemic intelligence subnational data
Finland,Etela-Pohjanmaa,FI194,2021-35,86.3873651853619,Epidemic intelligence subnational data
Finland,Etela-Pohjanmaa,FI194,2021-36,57.2382542332459,Epidemic intelligence subnational data
Finland,Etela-Pohjanmaa,FI194,2021-37,42.9286906749344,Epidemic intelligence subnational data
Finland,Etela-Pohjanmaa,FI194,2021-38,33.3889816360601,Epidemic intelligence subnational data
Finland,Etela-Pohjanmaa,FI194,2021-39,57.7682380687389,Epidemic intelligence subnational data
Finland,Etela-Pohjanmaa,FI194,2021-40,99.1069772371943,Epidemic intelligence subnational data
Finland,Etela-Pohjanmaa,FI194,2021-41,133.55592654424,Epidemic intelligence subnational data
Finland,Etela-Pohjanmaa,FI194,2021-42,140.44571640565,Epidemic intelligence subnational data
Finland,Etela-Pohjanmaa,FI194,2021-43,152.105360786496,Epidemic intelligence subnational data
Finland,Etela-Pohjanmaa,FI194,2021-44,157.405199141426,Epidemic intelligence subnational data
Finland,Etela-Pohjanmaa,FI194,2021-45,131.435991202268,Epidemic intelligence subnational data
Finland,Etela-Pohjanmaa,FI194,2021-46,152.105360786496,Epidemic intelligence subnational data
Finland,Etela-Pohjanmaa,FI194,2021-47,190.264196941993,Epidemic intelligence subnational data
Finland,Etela-Pohjanmaa,FI194,2021-48,154.225296128468,Epidemic intelligence subnational data
Finland,Etela-Pohjanmaa,FI194,2021-49,168.004875851287,Epidemic intelligence subnational data
Finland,Etela-Pohjanmaa,FI194,2021-50,205.633728171291,Epidemic intelligence subnational data
Finland,Etela-Pohjanmaa,FI194,2021-51,156.875215305933,Epidemic intelligence subnational data
Finland,Etela-Pohjanmaa,FI194,2021-52,446.776373320614,Epidemic intelligence subnational data
Finland,Etela-Pohjanmaa,FI194,2022-01,995.83962689138,Epidemic intelligence subnational data
Finland,Etela-Pohjanmaa,FI194,2022-02,1303.23025147733,Epidemic intelligence subnational data
Finland,Etela-Pohjanmaa,FI194,2022-03,1710.25783713597,Epidemic intelligence subnational data
Finland,Etela-Pohjanmaa,FI194,2022-04,1772.79592972414,Epidemic intelligence subnational data
Finland,Pohjanmaa,FI195,2020-18,,Epidemic intelligence subnational data
Finland,Pohjanmaa,FI195,2020-19,2.2167419435285,Epidemic intelligence subnational data
Finland,Pohjanmaa,FI195,2020-20,1.10837097176425,Epidemic intelligence subnational data
Finland,Pohjanmaa,FI195,2020-21,0.554185485882125,Epidemic intelligence subnational data
Finland,Pohjanmaa,FI195,2020-22,0.554185485882125,Epidemic intelligence subnational data
Finland,Pohjanmaa,FI195,2020-23,0.554185485882125,Epidemic intelligence subnational data
Finland,Pohjanmaa,FI195,2020-24,0.554185485882125,Epidemic intelligence subnational data
Finland,Pohjanmaa,FI195,2020-25,0.554185485882125,Epidemic intelligence subnational data
Finland,Pohjanmaa,FI195,2020-26,0,Epidemic intelligence subnational data
Finland,Pohjanmaa,FI195,2020-27,0,Epidemic intelligence subnational data
Finland,Pohjanmaa,FI195,2020-28,1.10837097176425,Epidemic intelligence subnational data
Finland,Pohjanmaa,FI195,2020-29,1.66255645764637,Epidemic intelligence subnational data
Finland,Pohjanmaa,FI195,2020-30,0.554185485882125,Epidemic intelligence subnational data
Finland,Pohjanmaa,FI195,2020-31,0,Epidemic intelligence subnational data
Finland,Pohjanmaa,FI195,2020-32,1.10837097176425,Epidemic intelligence subnational data
Finland,Pohjanmaa,FI195,2020-33,3.87929840117487,Epidemic intelligence subnational data
Finland,Pohjanmaa,FI195,2020-34,4.433483887057,Epidemic intelligence subnational data
Finland,Pohjanmaa,FI195,2020-35,2.2167419435285,Epidemic intelligence subnational data
Finland,Pohjanmaa,FI195,2020-36,2.2167419435285,Epidemic intelligence subnational data
Finland,Pohjanmaa,FI195,2020-37,2.2167419435285,Epidemic intelligence subnational data
Finland,Pohjanmaa,FI195,2020-38,2.77092742941062,Epidemic intelligence subnational data
Finland,Pohjanmaa,FI195,2020-39,9.42115325999612,Epidemic intelligence subnational data
Finland,Pohjanmaa,FI195,2020-40,72.0441131646762,Epidemic intelligence subnational data
Finland,Pohjanmaa,FI195,2020-41,305.356202721051,Epidemic intelligence subnational data
Finland,Pohjanmaa,FI195,2020-42,360.220565823381,Epidemic intelligence subnational data
Finland,Pohjanmaa,FI195,2020-43,159.605419934052,Epidemic intelligence subnational data
Finland,Pohjanmaa,FI195,2020-44,72.0441131646762,Epidemic intelligence subnational data
Finland,Pohjanmaa,FI195,2020-45,55.4185485882125,Epidemic intelligence subnational data
Finland,Pohjanmaa,FI195,2020-46,34.3595001246917,Epidemic intelligence subnational data
Finland,Pohjanmaa,FI195,2020-47,37.1304275541024,Epidemic intelligence subnational data
Finland,Pohjanmaa,FI195,2020-48,25.4925323505777,Epidemic intelligence subnational data
Finland,Pohjanmaa,FI195,2020-49,7.20441131646762,Epidemic intelligence subnational data
Finland,Pohjanmaa,FI195,2020-50,44.8890243564521,Epidemic intelligence subnational data
Finland,Pohjanmaa,FI195,2020-51,79.802709967026,Epidemic intelligence subnational data
Finland,Pohjanmaa,FI195,2020-52,52.0934356729197,Epidemic intelligence subnational data
Finland,Pohjanmaa,FI195,2020-53,32.6969436670454,Epidemic intelligence subnational data
Finland,Pohjanmaa,FI195,2021-01,60.9604034470337,Epidemic intelligence subnational data
Finland,Pohjanmaa,FI195,2021-02,74.8150405940868,Epidemic intelligence subnational data
Finland,Pohjanmaa,FI195,2021-03,68.1648147635013,Epidemic intelligence subnational data
Finland,Pohjanmaa,FI195,2021-04,82.0194519105545,Epidemic intelligence subnational data
Finland,Pohjanmaa,FI195,2021-05,134.112887583474,Epidemic intelligence subnational data
Finland,Pohjanmaa,FI195,2021-06,156.834492504641,Epidemic intelligence subnational data
Finland,Pohjanmaa,FI195,2021-07,134.667073069356,Epidemic intelligence subnational data
Finland,Pohjanmaa,FI195,2021-08,117.48732300701,Epidemic intelligence subnational data
Finland,Pohjanmaa,FI195,2021-09,95.3199035717255,Epidemic intelligence subnational data
Finland,Pohjanmaa,FI195,2021-10,70.3815567070299,Epidemic intelligence subnational data
Finland,Pohjanmaa,FI195,2021-11,47.1057662999806,Epidemic intelligence subnational data
Finland,Pohjanmaa,FI195,2021-12,27.7092742941062,Epidemic intelligence subnational data
Finland,Pohjanmaa,FI195,2021-13,33.2511291529275,Epidemic intelligence subnational data
Finland,Pohjanmaa,FI195,2021-14,32.1427581811632,Epidemic intelligence subnational data
Finland,Pohjanmaa,FI195,2021-15,27.7092742941062,Epidemic intelligence subnational data
Finland,Pohjanmaa,FI195,2021-16,22.7216049211671,Epidemic intelligence subnational data
Finland,Pohjanmaa,FI195,2021-17,15.5171936046995,Epidemic intelligence subnational data
Finland,Pohjanmaa,FI195,2021-18,17.1797500623459,Epidemic intelligence subnational data
Finland,Pohjanmaa,FI195,2021-19,13.8546371470531,Epidemic intelligence subnational data
Finland,Pohjanmaa,FI195,2021-20,11.0837097176425,Epidemic intelligence subnational data
Finland,Pohjanmaa,FI195,2021-21,12.7462661752889,Epidemic intelligence subnational data
Finland,Pohjanmaa,FI195,2021-22,8.866967774114,Epidemic intelligence subnational data
Finland,Pohjanmaa,FI195,2021-23,9.42115325999612,Epidemic intelligence subnational data
Finland,Pohjanmaa,FI195,2021-24,8.866967774114,Epidemic intelligence subnational data
Finland,Pohjanmaa,FI195,2021-25,9.42115325999612,Epidemic intelligence subnational data
Finland,Pohjanmaa,FI195,2021-26,13.300451661171,Epidemic intelligence subnational data
Finland,Pohjanmaa,FI195,2021-27,7.75859680234975,Epidemic intelligence subnational data
Finland,Pohjanmaa,FI195,2021-28,13.300451661171,Epidemic intelligence subnational data
Finland,Pohjanmaa,FI195,2021-29,18.8423065199922,Epidemic intelligence subnational data
Finland,Pohjanmaa,FI195,2021-30,41.0097259552772,Epidemic intelligence subnational data
Finland,Pohjanmaa,FI195,2021-31,58.7436615035052,Epidemic intelligence subnational data
Finland,Pohjanmaa,FI195,2021-32,72.5982986505584,Epidemic intelligence subnational data
Finland,Pohjanmaa,FI195,2021-33,106.95779877525,Epidemic intelligence subnational data
Finland,Pohjanmaa,FI195,2021-34,121.366621408185,Epidemic intelligence subnational data
Finland,Pohjanmaa,FI195,2021-35,153.509379589349,Epidemic intelligence subnational data
Finland,Pohjanmaa,FI195,2021-36,198.952589431683,Epidemic intelligence subnational data
Finland,Pohjanmaa,FI195,2021-37,157.388677990523,Epidemic intelligence subnational data
Finland,Pohjanmaa,FI195,2021-38,82.0194519105545,Epidemic intelligence subnational data
Finland,Pohjanmaa,FI195,2021-39,99.1992019729003,Epidemic intelligence subnational data
Finland,Pohjanmaa,FI195,2021-40,141.871484385824,Epidemic intelligence subnational data
Finland,Pohjanmaa,FI195,2021-41,144.088226329352,Epidemic intelligence subnational data
Finland,Pohjanmaa,FI195,2021-42,111.945468148189,Epidemic intelligence subnational data
Finland,Pohjanmaa,FI195,2021-43,77.5859680234975,Epidemic intelligence subnational data
Finland,Pohjanmaa,FI195,2021-44,98.6450164870182,Epidemic intelligence subnational data
Finland,Pohjanmaa,FI195,2021-45,121.920806894067,Epidemic intelligence subnational data
Finland,Pohjanmaa,FI195,2021-46,104.741056831722,Epidemic intelligence subnational data
Finland,Pohjanmaa,FI195,2021-47,81.4652664246723,Epidemic intelligence subnational data
Finland,Pohjanmaa,FI195,2021-48,85.3445648258472,Epidemic intelligence subnational data
Finland,Pohjanmaa,FI195,2021-49,128.016847238771,Epidemic intelligence subnational data
Finland,Pohjanmaa,FI195,2021-50,174.568428052869,Epidemic intelligence subnational data
Finland,Pohjanmaa,FI195,2021-51,268.225775166948,Epidemic intelligence subnational data
Finland,Pohjanmaa,FI195,2021-52,682.202333120896,Epidemic intelligence subnational data
Finland,Pohjanmaa,FI195,2022-01,1520.68497326055,Epidemic intelligence subnational data
Finland,Pohjanmaa,FI195,2022-02,1976.77962814154,Epidemic intelligence subnational data
Finland,Pohjanmaa,FI195,2022-03,2364.70946825903,Epidemic intelligence subnational data
Finland,Pohjanmaa,FI195,2022-04,1642.05159466874,Epidemic intelligence subnational data
Finland,Satakunta,FI196,2020-18,,Epidemic intelligence subnational data
Finland,Satakunta,FI196,2020-19,0.922713515907581,Epidemic intelligence subnational data
Finland,Satakunta,FI196,2020-20,0.461356757953791,Epidemic intelligence subnational data
Finland,Satakunta,FI196,2020-21,0,Epidemic intelligence subnational data
Finland,Satakunta,FI196,2020-22,-0.461356757953791,Epidemic intelligence subnational data
Finland,Satakunta,FI196,2020-23,0,Epidemic intelligence subnational data
Finland,Satakunta,FI196,2020-24,1.38407027386137,Epidemic intelligence subnational data
Finland,Satakunta,FI196,2020-25,2.76814054772274,Epidemic intelligence subnational data
Finland,Satakunta,FI196,2020-26,1.84542703181516,Epidemic intelligence subnational data
Finland,Satakunta,FI196,2020-27,0.461356757953791,Epidemic intelligence subnational data
Finland,Satakunta,FI196,2020-28,0.922713515907581,Epidemic intelligence subnational data
Finland,Satakunta,FI196,2020-29,2.76814054772274,Epidemic intelligence subnational data
Finland,Satakunta,FI196,2020-30,4.61356757953791,Epidemic intelligence subnational data
Finland,Satakunta,FI196,2020-31,6.45899461135307,Epidemic intelligence subnational data
Finland,Satakunta,FI196,2020-32,5.0749243374917,Epidemic intelligence subnational data
Finland,Satakunta,FI196,2020-33,2.30678378976895,Epidemic intelligence subnational data
Finland,Satakunta,FI196,2020-34,0.922713515907581,Epidemic intelligence subnational data
Finland,Satakunta,FI196,2020-35,0,Epidemic intelligence subnational data
Finland,Satakunta,FI196,2020-36,1.38407027386137,Epidemic intelligence subnational data
Finland,Satakunta,FI196,2020-37,1.38407027386137,Epidemic intelligence subnational data
Finland,Satakunta,FI196,2020-38,0.922713515907581,Epidemic intelligence subnational data
Finland,Satakunta,FI196,2020-39,2.76814054772274,Epidemic intelligence subnational data
Finland,Satakunta,FI196,2020-40,3.69085406363032,Epidemic intelligence subnational data
Finland,Satakunta,FI196,2020-41,5.99763785339928,Epidemic intelligence subnational data
Finland,Satakunta,FI196,2020-42,9.22713515907581,Epidemic intelligence subnational data
Finland,Satakunta,FI196,2020-43,10.6112054329372,Epidemic intelligence subnational data
Finland,Satakunta,FI196,2020-44,9.22713515907581,Epidemic intelligence subnational data
Finland,Satakunta,FI196,2020-45,9.22713515907581,Epidemic intelligence subnational data
Finland,Satakunta,FI196,2020-46,12.4566324647523,Epidemic intelligence subnational data
Finland,Satakunta,FI196,2020-47,16.1474865283827,Epidemic intelligence subnational data
Finland,Satakunta,FI196,2020-48,38.7539676681184,Epidemic intelligence subnational data
Finland,Satakunta,FI196,2020-49,54.9014541965011,Epidemic intelligence subnational data
Finland,Satakunta,FI196,2020-50,42.4448217317487,Epidemic intelligence subnational data
Finland,Satakunta,FI196,2020-51,23.5291946556433,Epidemic intelligence subnational data
Finland,Satakunta,FI196,2020-52,13.8407027386137,Epidemic intelligence subnational data
Finland,Satakunta,FI196,2020-53,12.9179892227061,Epidemic intelligence subnational data
Finland,Satakunta,FI196,2021-01,11.072562190891,Epidemic intelligence subnational data
Finland,Satakunta,FI196,2021-02,12.4566324647523,Epidemic intelligence subnational data
Finland,Satakunta,FI196,2021-03,22.1451243817819,Epidemic intelligence subnational data
Finland,Satakunta,FI196,2021-04,46.1356757953791,Epidemic intelligence subnational data
Finland,Satakunta,FI196,2021-05,50.749243374917,Epidemic intelligence subnational data
Finland,Satakunta,FI196,2021-06,74.2784380305603,Epidemic intelligence subnational data
Finland,Satakunta,FI196,2021-07,185.465416697424,Epidemic intelligence subnational data
Finland,Satakunta,FI196,2021-08,194.6925518565,Epidemic intelligence subnational data
Finland,Satakunta,FI196,2021-09,134.716173322507,Epidemic intelligence subnational data
Finland,Satakunta,FI196,2021-10,101.498486749834,Epidemic intelligence subnational data
Finland,Satakunta,FI196,2021-11,53.0560271646859,Epidemic intelligence subnational data
Finland,Satakunta,FI196,2021-12,41.9834649737949,Epidemic intelligence subnational data
Finland,Satakunta,FI196,2021-13,43.8288920056101,Epidemic intelligence subnational data
Finland,Satakunta,FI196,2021-14,40.1380379419798,Epidemic intelligence subnational data
Finland,Satakunta,FI196,2021-15,29.0654757510888,Epidemic intelligence subnational data
Finland,Satakunta,FI196,2021-16,24.4519081715509,Epidemic intelligence subnational data
Finland,Satakunta,FI196,2021-17,23.5291946556433,Epidemic intelligence subnational data
Finland,Satakunta,FI196,2021-18,23.0678378976895,Epidemic intelligence subnational data
Finland,Satakunta,FI196,2021-19,25.8359784454123,Epidemic intelligence subnational data
Finland,Satakunta,FI196,2021-20,29.0654757510888,Epidemic intelligence subnational data
Finland,Satakunta,FI196,2021-21,18.9156270761054,Epidemic intelligence subnational data
Finland,Satakunta,FI196,2021-22,10.1498486749834,Epidemic intelligence subnational data
Finland,Satakunta,FI196,2021-23,8.76577840112202,Epidemic intelligence subnational data
Finland,Satakunta,FI196,2021-24,5.99763785339928,Epidemic intelligence subnational data
Finland,Satakunta,FI196,2021-25,14.7634162545213,Epidemic intelligence subnational data
Finland,Satakunta,FI196,2021-26,25.8359784454123,Epidemic intelligence subnational data
Finland,Satakunta,FI196,2021-27,19.838340592013,Epidemic intelligence subnational data
Finland,Satakunta,FI196,2021-28,30.4495460249502,Epidemic intelligence subnational data
Finland,Satakunta,FI196,2021-29,46.5970325533328,Epidemic intelligence subnational data
Finland,Satakunta,FI196,2021-30,77.046578578283,Epidemic intelligence subnational data
Finland,Satakunta,FI196,2021-31,121.798184099801,Epidemic intelligence subnational data
Finland,Satakunta,FI196,2021-32,128.257178711154,Epidemic intelligence subnational data
Finland,Satakunta,FI196,2021-33,89.0418542850816,Epidemic intelligence subnational data
Finland,Satakunta,FI196,2021-34,50.749243374917,Epidemic intelligence subnational data
Finland,Satakunta,FI196,2021-35,35.9858271203957,Epidemic intelligence subnational data
Finland,Satakunta,FI196,2021-36,47.9811028271942,Epidemic intelligence subnational data
Finland,Satakunta,FI196,2021-37,118.10733003617,Epidemic intelligence subnational data
Finland,Satakunta,FI196,2021-38,168.856573411087,Epidemic intelligence subnational data
Finland,Satakunta,FI196,2021-39,202.535616741714,Epidemic intelligence subnational data
Finland,Satakunta,FI196,2021-40,200.228832951945,Epidemic intelligence subnational data
Finland,Satakunta,FI196,2021-41,145.327378755444,Epidemic intelligence subnational data
Finland,Satakunta,FI196,2021-42,115.339189488448,Epidemic intelligence subnational data
Finland,Satakunta,FI196,2021-43,119.030043552078,Epidemic intelligence subnational data
Finland,Satakunta,FI196,2021-44,135.638886838414,Epidemic intelligence subnational data
Finland,Satakunta,FI196,2021-45,119.491400310032,Epidemic intelligence subnational data
Finland,Satakunta,FI196,2021-46,106.112054329372,Epidemic intelligence subnational data
Finland,Satakunta,FI196,2021-47,123.643611131616,Epidemic intelligence subnational data
Finland,Satakunta,FI196,2021-48,140.252454417952,Epidemic intelligence subnational data
Finland,Satakunta,FI196,2021-49,196.537978888315,Epidemic intelligence subnational data
Finland,Satakunta,FI196,2021-50,282.811692625674,Epidemic intelligence subnational data
Finland,Satakunta,FI196,2021-51,504.262936443493,Epidemic intelligence subnational data
Finland,Satakunta,FI196,2021-52,775.079353362368,Epidemic intelligence subnational data
Finland,Satakunta,FI196,2022-01,1040.82084594375,Epidemic intelligence subnational data
Finland,Satakunta,FI196,2022-02,1426.05373883517,Epidemic intelligence subnational data
Finland,Satakunta,FI196,2022-03,1702.86779360744,Epidemic intelligence subnational data
Finland,Satakunta,FI196,2022-04,1761.92145862553,Epidemic intelligence subnational data
Finland,Pirkanmaa,FI197,2020-18,,Epidemic intelligence subnational data
Finland,Pirkanmaa,FI197,2020-19,6.18159199174758,Epidemic intelligence subnational data
Finland,Pirkanmaa,FI197,2020-20,3.67032024510012,Epidemic intelligence subnational data
Finland,Pirkanmaa,FI197,2020-21,1.54539799793689,Epidemic intelligence subnational data
Finland,Pirkanmaa,FI197,2020-22,1.54539799793689,Epidemic intelligence subnational data
Finland,Pirkanmaa,FI197,2020-23,1.35222324819478,Epidemic intelligence subnational data
Finland,Pirkanmaa,FI197,2020-24,0.386349499484223,Epidemic intelligence subnational data
Finland,Pirkanmaa,FI197,2020-25,0.193174749742112,Epidemic intelligence subnational data
Finland,Pirkanmaa,FI197,2020-26,0,Epidemic intelligence subnational data
Finland,Pirkanmaa,FI197,2020-27,0,Epidemic intelligence subnational data
Finland,Pirkanmaa,FI197,2020-28,-0.193174749742112,Epidemic intelligence subnational data
Finland,Pirkanmaa,FI197,2020-29,-0.386349499484223,Epidemic intelligence subnational data
Finland,Pirkanmaa,FI197,2020-30,-0.386349499484223,Epidemic intelligence subnational data
Finland,Pirkanmaa,FI197,2020-31,0.386349499484223,Epidemic intelligence subnational data
Finland,Pirkanmaa,FI197,2020-32,1.35222324819478,Epidemic intelligence subnational data
Finland,Pirkanmaa,FI197,2020-33,0.965873748710559,Epidemic intelligence subnational data
Finland,Pirkanmaa,FI197,2020-34,1.54539799793689,Epidemic intelligence subnational data
Finland,Pirkanmaa,FI197,2020-35,1.54539799793689,Epidemic intelligence subnational data
Finland,Pirkanmaa,FI197,2020-36,5.79524249226335,Epidemic intelligence subnational data
Finland,Pirkanmaa,FI197,2020-37,10.6246112358161,Epidemic intelligence subnational data
Finland,Pirkanmaa,FI197,2020-38,13.7154072316899,Epidemic intelligence subnational data
Finland,Pirkanmaa,FI197,2020-39,19.8969992234375,Epidemic intelligence subnational data
Finland,Pirkanmaa,FI197,2020-40,18.5447759752427,Epidemic intelligence subnational data
Finland,Pirkanmaa,FI197,2020-41,22.0219214706007,Epidemic intelligence subnational data
Finland,Pirkanmaa,FI197,2020-42,33.2260569556432,Epidemic intelligence subnational data
Finland,Pirkanmaa,FI197,2020-43,31.6806589577063,Epidemic intelligence subnational data
Finland,Pirkanmaa,FI197,2020-44,27.623989213122,Epidemic intelligence subnational data
Finland,Pirkanmaa,FI197,2020-45,24.146843717764,Epidemic intelligence subnational data
Finland,Pirkanmaa,FI197,2020-46,16.6130284778216,Epidemic intelligence subnational data
Finland,Pirkanmaa,FI197,2020-47,43.4643186919751,Epidemic intelligence subnational data
Finland,Pirkanmaa,FI197,2020-48,81.1333948916869,Epidemic intelligence subnational data
Finland,Pirkanmaa,FI197,2020-49,68.9633856579339,Epidemic intelligence subnational data
Finland,Pirkanmaa,FI197,2020-50,78.8152978947816,Epidemic intelligence subnational data
Finland,Pirkanmaa,FI197,2020-51,73.5995796517446,Epidemic intelligence subnational data
Finland,Pirkanmaa,FI197,2020-52,37.0895519504855,Epidemic intelligence subnational data
Finland,Pirkanmaa,FI197,2020-53,33.9987559546117,Epidemic intelligence subnational data
Finland,Pirkanmaa,FI197,2021-01,30.3284357095115,Epidemic intelligence subnational data
Finland,Pirkanmaa,FI197,2021-02,41.7257459442961,Epidemic intelligence subnational data
Finland,Pirkanmaa,FI197,2021-03,51.9640076806281,Epidemic intelligence subnational data
Finland,Pirkanmaa,FI197,2021-04,66.0657644118022,Epidemic intelligence subnational data
Finland,Pirkanmaa,FI197,2021-05,51.1913086816596,Epidemic intelligence subnational data
Finland,Pirkanmaa,FI197,2021-06,24.146843717764,Epidemic intelligence subnational data
Finland,Pirkanmaa,FI197,2021-07,32.0670084571906,Epidemic intelligence subnational data
Finland,Pirkanmaa,FI197,2021-08,42.6916196930067,Epidemic intelligence subnational data
Finland,Pirkanmaa,FI197,2021-09,64.1340169143811,Epidemic intelligence subnational data
Finland,Pirkanmaa,FI197,2021-10,82.8719676393659,Epidemic intelligence subnational data
Finland,Pirkanmaa,FI197,2021-11,110.109607353004,Epidemic intelligence subnational data
Finland,Pirkanmaa,FI197,2021-12,121.893267087273,Epidemic intelligence subnational data
Finland,Pirkanmaa,FI197,2021-13,95.4283263726032,Epidemic intelligence subnational data
Finland,Pirkanmaa,FI197,2021-14,71.0883079050971,Epidemic intelligence subnational data
Finland,Pirkanmaa,FI197,2021-15,68.3838614087076,Epidemic intelligence subnational data
Finland,Pirkanmaa,FI197,2021-16,73.4064049020025,Epidemic intelligence subnational data
Finland,Pirkanmaa,FI197,2021-17,58.1455996723756,Epidemic intelligence subnational data
Finland,Pirkanmaa,FI197,2021-18,40.9530469453277,Epidemic intelligence subnational data
Finland,Pirkanmaa,FI197,2021-19,34.3851054540959,Epidemic intelligence subnational data
Finland,Pirkanmaa,FI197,2021-20,30.7147852089958,Epidemic intelligence subnational data
Finland,Pirkanmaa,FI197,2021-21,29.1693872110589,Epidemic intelligence subnational data
Finland,Pirkanmaa,FI197,2021-22,31.4874842079642,Epidemic intelligence subnational data
Finland,Pirkanmaa,FI197,2021-23,22.0219214706007,Epidemic intelligence subnational data
Finland,Pirkanmaa,FI197,2021-24,20.6696982224059,Epidemic intelligence subnational data
Finland,Pirkanmaa,FI197,2021-25,28.3966882120904,Epidemic intelligence subnational data
Finland,Pirkanmaa,FI197,2021-26,36.316852951517,Epidemic intelligence subnational data
Finland,Pirkanmaa,FI197,2021-27,52.5435319298544,Epidemic intelligence subnational data
Finland,Pirkanmaa,FI197,2021-28,69.156560407676,Epidemic intelligence subnational data
Finland,Pirkanmaa,FI197,2021-29,95.8146758720874,Epidemic intelligence subnational data
Finland,Pirkanmaa,FI197,2021-30,154.153450294205,Epidemic intelligence subnational data
Finland,Pirkanmaa,FI197,2021-31,208.628729721481,Epidemic intelligence subnational data
Finland,Pirkanmaa,FI197,2021-32,192.98157499237,Epidemic intelligence subnational data
Finland,Pirkanmaa,FI197,2021-33,126.915810580567,Epidemic intelligence subnational data
Finland,Pirkanmaa,FI197,2021-34,90.9853071285346,Epidemic intelligence subnational data
Finland,Pirkanmaa,FI197,2021-35,109.916432603262,Epidemic intelligence subnational data
Finland,Pirkanmaa,FI197,2021-36,116.870723593978,Epidemic intelligence subnational data
Finland,Pirkanmaa,FI197,2021-37,97.5532486197664,Epidemic intelligence subnational data
Finland,Pirkanmaa,FI197,2021-38,82.2924433901396,Epidemic intelligence subnational data
Finland,Pirkanmaa,FI197,2021-39,123.631839834952,Epidemic intelligence subnational data
Finland,Pirkanmaa,FI197,2021-40,124.40453883392,Epidemic intelligence subnational data
Finland,Pirkanmaa,FI197,2021-41,113.007228599135,Epidemic intelligence subnational data
Finland,Pirkanmaa,FI197,2021-42,134.642800570252,Epidemic intelligence subnational data
Finland,Pirkanmaa,FI197,2021-43,127.495334829794,Epidemic intelligence subnational data
Finland,Pirkanmaa,FI197,2021-44,170.380129272543,Epidemic intelligence subnational data
Finland,Pirkanmaa,FI197,2021-45,210.560477218902,Epidemic intelligence subnational data
Finland,Pirkanmaa,FI197,2021-46,233.355097688471,Epidemic intelligence subnational data
Finland,Pirkanmaa,FI197,2021-47,281.455610374257,Epidemic intelligence subnational data
Finland,Pirkanmaa,FI197,2021-48,445.654147655052,Epidemic intelligence subnational data
Finland,Pirkanmaa,FI197,2021-49,563.683919747482,Epidemic intelligence subnational data
Finland,Pirkanmaa,FI197,2021-50,548.616289267597,Epidemic intelligence subnational data
Finland,Pirkanmaa,FI197,2021-51,643.271916641232,Epidemic intelligence subnational data
Finland,Pirkanmaa,FI197,2021-52,879.524635575835,Epidemic intelligence subnational data
Finland,Pirkanmaa,FI197,2022-01,1324.59925898166,Epidemic intelligence subnational data
Finland,Pirkanmaa,FI197,2022-02,1620.34980083683,Epidemic intelligence subnational data
Finland,Pirkanmaa,FI197,2022-03,1813.13820107946,Epidemic intelligence subnational data
Finland,Pirkanmaa,FI197,2022-04,1290.21415352756,Epidemic intelligence subnational data
Finland,Helsinki-Uusimaa,FI1B,2020-18,,Epidemic intelligence subnational data
Finland,Helsinki-Uusimaa,FI1B,2020-19,53.8549172202577,Epidemic intelligence subnational data
Finland,Helsinki-Uusimaa,FI1B,2020-20,40.1840536181923,Epidemic intelligence subnational data
Finland,Helsinki-Uusimaa,FI1B,2020-21,34.5618369853083,Epidemic intelligence subnational data
Finland,Helsinki-Uusimaa,FI1B,2020-22,24.5602095015461,Epidemic intelligence subnational data
Finland,Helsinki-Uusimaa,FI1B,2020-23,17.162556037225,Epidemic intelligence subnational data
Finland,Helsinki-Uusimaa,FI1B,2020-24,11.3627957211972,Epidemic intelligence subnational data
Finland,Helsinki-Uusimaa,FI1B,2020-25,6.03648522688603,Epidemic intelligence subnational data
Finland,Helsinki-Uusimaa,FI1B,2020-26,5.1487668111675,Epidemic intelligence subnational data
Finland,Helsinki-Uusimaa,FI1B,2020-27,4.14268594001983,Epidemic intelligence subnational data
Finland,Helsinki-Uusimaa,FI1B,2020-28,1.89379928686621,Epidemic intelligence subnational data
Finland,Helsinki-Uusimaa,FI1B,2020-29,3.25496752430129,Epidemic intelligence subnational data
Finland,Helsinki-Uusimaa,FI1B,2020-30,4.43859207859267,Epidemic intelligence subnational data
Finland,Helsinki-Uusimaa,FI1B,2020-31,4.43859207859267,Epidemic intelligence subnational data
Finland,Helsinki-Uusimaa,FI1B,2020-32,8.10782819689595,Epidemic intelligence subnational data
Finland,Helsinki-Uusimaa,FI1B,2020-33,12.6647827309178,Epidemic intelligence subnational data
Finland,Helsinki-Uusimaa,FI1B,2020-34,14.2626758792111,Epidemic intelligence subnational data
Finland,Helsinki-Uusimaa,FI1B,2020-35,11.6587018597701,Epidemic intelligence subnational data
Finland,Helsinki-Uusimaa,FI1B,2020-36,14.0259509683528,Epidemic intelligence subnational data
Finland,Helsinki-Uusimaa,FI1B,2020-37,17.162556037225,Epidemic intelligence subnational data
Finland,Helsinki-Uusimaa,FI1B,2020-38,20.0624361952389,Epidemic intelligence subnational data
Finland,Helsinki-Uusimaa,FI1B,2020-39,42.018671677344,Epidemic intelligence subnational data
Finland,Helsinki-Uusimaa,FI1B,2020-40,58.8853215759961,Epidemic intelligence subnational data
Finland,Helsinki-Uusimaa,FI1B,2020-41,72.5561851780615,Epidemic intelligence subnational data
Finland,Helsinki-Uusimaa,FI1B,2020-42,93.2696148781607,Epidemic intelligence subnational data
Finland,Helsinki-Uusimaa,FI1B,2020-43,93.4471585613044,Epidemic intelligence subnational data
Finland,Helsinki-Uusimaa,FI1B,2020-44,81.9068191569634,Epidemic intelligence subnational data
Finland,Helsinki-Uusimaa,FI1B,2020-45,91.9084466407256,Epidemic intelligence subnational data
Finland,Helsinki-Uusimaa,FI1B,2020-46,112.858601251683,Epidemic intelligence subnational data
Finland,Helsinki-Uusimaa,FI1B,2020-47,156.771072215893,Epidemic intelligence subnational data
Finland,Helsinki-Uusimaa,FI1B,2020-48,199.204012487239,Epidemic intelligence subnational data
Finland,Helsinki-Uusimaa,FI1B,2020-49,194.528695497788,Epidemic intelligence subnational data
Finland,Helsinki-Uusimaa,FI1B,2020-50,186.065779934605,Epidemic intelligence subnational data
Finland,Helsinki-Uusimaa,FI1B,2020-51,163.932000769356,Epidemic intelligence subnational data
Finland,Helsinki-Uusimaa,FI1B,2020-52,126.529464853748,Epidemic intelligence subnational data
Finland,Helsinki-Uusimaa,FI1B,2020-53,111.970882835964,Epidemic intelligence subnational data
Finland,Helsinki-Uusimaa,FI1B,2021-01,112.503513885396,Epidemic intelligence subnational data
Finland,Helsinki-Uusimaa,FI1B,2021-02,104.158960777641,Epidemic intelligence subnational data
Finland,Helsinki-Uusimaa,FI1B,2021-03,125.819290121174,Epidemic intelligence subnational data
Finland,Helsinki-Uusimaa,FI1B,2021-04,158.54650904733,Epidemic intelligence subnational data
Finland,Helsinki-Uusimaa,FI1B,2021-05,173.992809480833,Epidemic intelligence subnational data
Finland,Helsinki-Uusimaa,FI1B,2021-06,192.87162112178,Epidemic intelligence subnational data
Finland,Helsinki-Uusimaa,FI1B,2021-07,220.745979375342,Epidemic intelligence subnational data
Finland,Helsinki-Uusimaa,FI1B,2021-08,275.784521149891,Epidemic intelligence subnational data
Finland,Helsinki-Uusimaa,FI1B,2021-09,321.294885262395,Epidemic intelligence subnational data
Finland,Helsinki-Uusimaa,FI1B,2021-10,343.487845655358,Epidemic intelligence subnational data
Finland,Helsinki-Uusimaa,FI1B,2021-11,348.754974921955,Epidemic intelligence subnational data
Finland,Helsinki-Uusimaa,FI1B,2021-12,317.803192827235,Epidemic intelligence subnational data
Finland,Helsinki-Uusimaa,FI1B,2021-13,256.254716004084,Epidemic intelligence subnational data
Finland,Helsinki-Uusimaa,FI1B,2021-14,193.108346032639,Epidemic intelligence subnational data
Finland,Helsinki-Uusimaa,FI1B,2021-15,139.963603544956,Epidemic intelligence subnational data
Finland,Helsinki-Uusimaa,FI1B,2021-16,107.413928301943,Epidemic intelligence subnational data
Finland,Helsinki-Uusimaa,FI1B,2021-17,90.3697347201468,Epidemic intelligence subnational data
Finland,Helsinki-Uusimaa,FI1B,2021-18,82.3210877509654,Epidemic intelligence subnational data
Finland,Helsinki-Uusimaa,FI1B,2021-19,81.4925505629614,Epidemic intelligence subnational data
Finland,Helsinki-Uusimaa,FI1B,2021-20,80.0722010978118,Epidemic intelligence subnational data
Finland,Helsinki-Uusimaa,FI1B,2021-21,68.5318616934708,Epidemic intelligence subnational data
Finland,Helsinki-Uusimaa,FI1B,2021-22,58.352690526565,Epidemic intelligence subnational data
Finland,Helsinki-Uusimaa,FI1B,2021-23,44.7410081522141,Epidemic intelligence subnational data
Finland,Helsinki-Uusimaa,FI1B,2021-24,30.7742384115759,Epidemic intelligence subnational data
Finland,Helsinki-Uusimaa,FI1B,2021-25,47.2858009439406,Epidemic intelligence subnational data
Finland,Helsinki-Uusimaa,FI1B,2021-26,71.7868292177721,Epidemic intelligence subnational data
Finland,Helsinki-Uusimaa,FI1B,2021-27,96.2878574916037,Epidemic intelligence subnational data
Finland,Helsinki-Uusimaa,FI1B,2021-28,134.163843228928,Epidemic intelligence subnational data
Finland,Helsinki-Uusimaa,FI1B,2021-29,175.058071579695,Epidemic intelligence subnational data
Finland,Helsinki-Uusimaa,FI1B,2021-30,228.202814067378,Epidemic intelligence subnational data
Finland,Helsinki-Uusimaa,FI1B,2021-31,280.04556954534,Epidemic intelligence subnational data
Finland,Helsinki-Uusimaa,FI1B,2021-32,314.725768986078,Epidemic intelligence subnational data
Finland,Helsinki-Uusimaa,FI1B,2021-33,302.771160987735,Epidemic intelligence subnational data
Finland,Helsinki-Uusimaa,FI1B,2021-34,269.097042418145,Epidemic intelligence subnational data
Finland,Helsinki-Uusimaa,FI1B,2021-35,248.738700084333,Epidemic intelligence subnational data
Finland,Helsinki-Uusimaa,FI1B,2021-36,201.097811774105,Epidemic intelligence subnational data
Finland,Helsinki-Uusimaa,FI1B,2021-37,151.208036810724,Epidemic intelligence subnational data
Finland,Helsinki-Uusimaa,FI1B,2021-38,135.288286555505,Epidemic intelligence subnational data
Finland,Helsinki-Uusimaa,FI1B,2021-39,152.510023820444,Epidemic intelligence subnational data
Finland,Helsinki-Uusimaa,FI1B,2021-40,171.388835461392,Epidemic intelligence subnational data
Finland,Helsinki-Uusimaa,FI1B,2021-41,180.621106984864,Epidemic intelligence subnational data
Finland,Helsinki-Uusimaa,FI1B,2021-42,193.404252171211,Epidemic intelligence subnational data
Finland,Helsinki-Uusimaa,FI1B,2021-43,209.856633475862,Epidemic intelligence subnational data
Finland,Helsinki-Uusimaa,FI1B,2021-44,236.606548402847,Epidemic intelligence subnational data
Finland,Helsinki-Uusimaa,FI1B,2021-45,272.884640991877,Epidemic intelligence subnational data
Finland,Helsinki-Uusimaa,FI1B,2021-46,313.246238293213,Epidemic intelligence subnational data
Finland,Helsinki-Uusimaa,FI1B,2021-47,350.471230525677,Epidemic intelligence subnational data
Finland,Helsinki-Uusimaa,FI1B,2021-48,384.44125523384,Epidemic intelligence subnational data
Finland,Helsinki-Uusimaa,FI1B,2021-49,450.605867818728,Epidemic intelligence subnational data
Finland,Helsinki-Uusimaa,FI1B,2021-50,671.174303510926,Epidemic intelligence subnational data
Finland,Helsinki-Uusimaa,FI1B,2021-51,838.597996715442,Epidemic intelligence subnational data
Finland,Helsinki-Uusimaa,FI1B,2021-52,2198.22752222995,Epidemic intelligence subnational data
Finland,Helsinki-Uusimaa,FI1B,2022-01,3601.94706239181,Epidemic intelligence subnational data
Finland,Helsinki-Uusimaa,FI1B,2022-02,3725.87255322612,Epidemic intelligence subnational data
Finland,Helsinki-Uusimaa,FI1B,2022-03,3356.58169228721,Epidemic intelligence subnational data
Finland,Helsinki-Uusimaa,FI1B,2022-04,2390.44814984687,Epidemic intelligence subnational data
Finland,Varsinais-Suomi,FI1C1,2020-18,,Epidemic intelligence subnational data
Finland,Varsinais-Suomi,FI1C1,2020-19,9.17926903811692,Epidemic intelligence subnational data
Finland,Varsinais-Suomi,FI1C1,2020-20,5.84135302425622,Epidemic intelligence subnational data
Finland,Varsinais-Suomi,FI1C1,2020-21,7.09307152945398,Epidemic intelligence subnational data
Finland,Varsinais-Suomi,FI1C1,2020-22,5.63273327338993,Epidemic intelligence subnational data
Finland,Varsinais-Suomi,FI1C1,2020-23,1.87757775779664,Epidemic intelligence subnational data
Finland,Varsinais-Suomi,FI1C1,2020-24,1.46033825606406,Epidemic intelligence subnational data
Finland,Varsinais-Suomi,FI1C1,2020-25,1.04309875433147,Epidemic intelligence subnational data
Finland,Varsinais-Suomi,FI1C1,2020-26,3.3379160138607,Epidemic intelligence subnational data
Finland,Varsinais-Suomi,FI1C1,2020-27,4.58963451905846,Epidemic intelligence subnational data
Finland,Varsinais-Suomi,FI1C1,2020-28,0.834479003465174,Epidemic intelligence subnational data
Finland,Varsinais-Suomi,FI1C1,2020-29,1.46033825606406,Epidemic intelligence subnational data
Finland,Varsinais-Suomi,FI1C1,2020-30,2.71205676126182,Epidemic intelligence subnational data
Finland,Varsinais-Suomi,FI1C1,2020-31,2.92067651212811,Epidemic intelligence subnational data
Finland,Varsinais-Suomi,FI1C1,2020-32,6.25859252598881,Epidemic intelligence subnational data
Finland,Varsinais-Suomi,FI1C1,2020-33,11.2654665467799,Epidemic intelligence subnational data
Finland,Varsinais-Suomi,FI1C1,2020-34,12.099945550245,Epidemic intelligence subnational data
Finland,Varsinais-Suomi,FI1C1,2020-35,9.8051282907158,Epidemic intelligence subnational data
Finland,Varsinais-Suomi,FI1C1,2020-36,1.66895800693035,Epidemic intelligence subnational data
Finland,Varsinais-Suomi,FI1C1,2020-37,1.46033825606406,Epidemic intelligence subnational data
Finland,Varsinais-Suomi,FI1C1,2020-38,9.38788878898321,Epidemic intelligence subnational data
Finland,Varsinais-Suomi,FI1C1,2020-39,10.2223677924484,Epidemic intelligence subnational data
Finland,Varsinais-Suomi,FI1C1,2020-40,19.193017079699,Epidemic intelligence subnational data
Finland,Varsinais-Suomi,FI1C1,2020-41,30.8757231282114,Epidemic intelligence subnational data
Finland,Varsinais-Suomi,FI1C1,2020-42,34.0050193912058,Epidemic intelligence subnational data
Finland,Varsinais-Suomi,FI1C1,2020-43,40.4722316680609,Epidemic intelligence subnational data
Finland,Varsinais-Suomi,FI1C1,2020-44,53.8238957235037,Epidemic intelligence subnational data
Finland,Varsinais-Suomi,FI1C1,2020-45,61.3342067546903,Epidemic intelligence subnational data
Finland,Varsinais-Suomi,FI1C1,2020-46,59.8738684986262,Epidemic intelligence subnational data
Finland,Varsinais-Suomi,FI1C1,2020-47,52.7807969691723,Epidemic intelligence subnational data
Finland,Varsinais-Suomi,FI1C1,2020-48,65.7152215228825,Epidemic intelligence subnational data
Finland,Varsinais-Suomi,FI1C1,2020-49,104.518495184013,Epidemic intelligence subnational data
Finland,Varsinais-Suomi,FI1C1,2020-50,161.888926672244,Epidemic intelligence subnational data
Finland,Varsinais-Suomi,FI1C1,2020-51,185.462958520135,Epidemic intelligence subnational data
Finland,Varsinais-Suomi,FI1C1,2020-52,146.451065108138,Epidemic intelligence subnational data
Finland,Varsinais-Suomi,FI1C1,2020-53,108.690890201339,Epidemic intelligence subnational data
Finland,Varsinais-Suomi,FI1C1,2021-01,89.7064928725062,Epidemic intelligence subnational data
Finland,Varsinais-Suomi,FI1C1,2021-02,87.6202953638433,Epidemic intelligence subnational data
Finland,Varsinais-Suomi,FI1C1,2021-03,100.971959419286,Epidemic intelligence subnational data
Finland,Varsinais-Suomi,FI1C1,2021-04,118.913257993787,Epidemic intelligence subnational data
Finland,Varsinais-Suomi,FI1C1,2021-05,111.402946962601,Epidemic intelligence subnational data
Finland,Varsinais-Suomi,FI1C1,2021-06,95.3392261458961,Epidemic intelligence subnational data
Finland,Varsinais-Suomi,FI1C1,2021-07,123.29427276198,Epidemic intelligence subnational data
Finland,Varsinais-Suomi,FI1C1,2021-08,163.349264928308,Epidemic intelligence subnational data
Finland,Varsinais-Suomi,FI1C1,2021-09,207.368032361096,Epidemic intelligence subnational data
Finland,Varsinais-Suomi,FI1C1,2021-10,239.704093745371,Epidemic intelligence subnational data
Finland,Varsinais-Suomi,FI1C1,2021-11,259.940209579402,Epidemic intelligence subnational data
Finland,Varsinais-Suomi,FI1C1,2021-12,252.012659046483,Epidemic intelligence subnational data
Finland,Varsinais-Suomi,FI1C1,2021-13,193.390509053054,Epidemic intelligence subnational data
Finland,Varsinais-Suomi,FI1C1,2021-14,144.782107101208,Epidemic intelligence subnational data
Finland,Varsinais-Suomi,FI1C1,2021-15,123.29427276198,Epidemic intelligence subnational data
Finland,Varsinais-Suomi,FI1C1,2021-16,104.101255682281,Epidemic intelligence subnational data
Finland,Varsinais-Suomi,FI1C1,2021-17,81.5703225887208,Epidemic intelligence subnational data
Finland,Varsinais-Suomi,FI1C1,2021-18,100.554719917554,Epidemic intelligence subnational data
Finland,Varsinais-Suomi,FI1C1,2021-19,94.7133668932973,Epidemic intelligence subnational data
Finland,Varsinais-Suomi,FI1C1,2021-20,54.4497549761026,Epidemic intelligence subnational data
Finland,Varsinais-Suomi,FI1C1,2021-21,33.7963996403396,Epidemic intelligence subnational data
Finland,Varsinais-Suomi,FI1C1,2021-22,19.4016368305653,Epidemic intelligence subnational data
Finland,Varsinais-Suomi,FI1C1,2021-23,19.6102565814316,Epidemic intelligence subnational data
Finland,Varsinais-Suomi,FI1C1,2021-24,20.6533553357631,Epidemic intelligence subnational data
Finland,Varsinais-Suomi,FI1C1,2021-25,25.8688491074204,Epidemic intelligence subnational data
Finland,Varsinais-Suomi,FI1C1,2021-26,47.5653031975149,Epidemic intelligence subnational data
Finland,Varsinais-Suomi,FI1C1,2021-27,65.2979820211499,Epidemic intelligence subnational data
Finland,Varsinais-Suomi,FI1C1,2021-28,70.5134757928072,Epidemic intelligence subnational data
Finland,Varsinais-Suomi,FI1C1,2021-29,113.69776422213,Epidemic intelligence subnational data
Finland,Varsinais-Suomi,FI1C1,2021-30,183.794000513205,Epidemic intelligence subnational data
Finland,Varsinais-Suomi,FI1C1,2021-31,212.374906381887,Epidemic intelligence subnational data
Finland,Varsinais-Suomi,FI1C1,2021-32,191.93017079699,Epidemic intelligence subnational data
Finland,Varsinais-Suomi,FI1C1,2021-33,187.966395530531,Epidemic intelligence subnational data
Finland,Varsinais-Suomi,FI1C1,2021-34,184.419859765804,Epidemic intelligence subnational data
Finland,Varsinais-Suomi,FI1C1,2021-35,175.240590727687,Epidemic intelligence subnational data
Finland,Varsinais-Suomi,FI1C1,2021-36,173.571632720756,Epidemic intelligence subnational data
Finland,Varsinais-Suomi,FI1C1,2021-37,141.652810838213,Epidemic intelligence subnational data
Finland,Varsinais-Suomi,FI1C1,2021-38,133.516640554428,Epidemic intelligence subnational data
Finland,Varsinais-Suomi,FI1C1,2021-39,151.875178630662,Epidemic intelligence subnational data
Finland,Varsinais-Suomi,FI1C1,2021-40,150.83207987633,Epidemic intelligence subnational data
Finland,Varsinais-Suomi,FI1C1,2021-41,126.214949274108,Epidemic intelligence subnational data
Finland,Varsinais-Suomi,FI1C1,2021-42,116.827060485124,Epidemic intelligence subnational data
Finland,Varsinais-Suomi,FI1C1,2021-43,115.783961730793,Epidemic intelligence subnational data
Finland,Varsinais-Suomi,FI1C1,2021-44,157.925151405784,Epidemic intelligence subnational data
Finland,Varsinais-Suomi,FI1C1,2021-45,233.02826171765,Epidemic intelligence subnational data
Finland,Varsinais-Suomi,FI1C1,2021-46,266.824661357989,Epidemic intelligence subnational data
Finland,Varsinais-Suomi,FI1C1,2021-47,285.809058686822,Epidemic intelligence subnational data
Finland,Varsinais-Suomi,FI1C1,2021-48,311.677907794243,Epidemic intelligence subnational data
Finland,Varsinais-Suomi,FI1C1,2021-49,308.131372029516,Epidemic intelligence subnational data
Finland,Varsinais-Suomi,FI1C1,2021-50,329.410586617878,Epidemic intelligence subnational data
Finland,Varsinais-Suomi,FI1C1,2021-51,439.144575573548,Epidemic intelligence subnational data
Finland,Varsinais-Suomi,FI1C1,2021-52,678.431429817187,Epidemic intelligence subnational data
Finland,Varsinais-Suomi,FI1C1,2022-01,1167.85336534951,Epidemic intelligence subnational data
Finland,Varsinais-Suomi,FI1C1,2022-02,1632.24093077788,Epidemic intelligence subnational data
Finland,Varsinais-Suomi,FI1C1,2022-03,1610.12723718605,Epidemic intelligence subnational data
Finland,Varsinais-Suomi,FI1C1,2022-04,1359.99215589737,Epidemic intelligence subnational data
Finland,Kanta-Hame,FI1C2,2020-18,,Epidemic intelligence subnational data
Finland,Kanta-Hame,FI1C2,2020-19,12.8711423138804,Epidemic intelligence subnational data
Finland,Kanta-Hame,FI1C2,2020-20,9.36083077373117,Epidemic intelligence subnational data
Finland,Kanta-Hame,FI1C2,2020-21,3.51031154014919,Epidemic intelligence subnational data
Finland,Kanta-Hame,FI1C2,2020-22,2.34020769343279,Epidemic intelligence subnational data
Finland,Kanta-Hame,FI1C2,2020-23,0.585051923358198,Epidemic intelligence subnational data
Finland,Kanta-Hame,FI1C2,2020-24,1.1701038467164,Epidemic intelligence subnational data
Finland,Kanta-Hame,FI1C2,2020-25,1.1701038467164,Epidemic intelligence subnational data
Finland,Kanta-Hame,FI1C2,2020-26,1.75515577007459,Epidemic intelligence subnational data
Finland,Kanta-Hame,FI1C2,2020-27,1.1701038467164,Epidemic intelligence subnational data
Finland,Kanta-Hame,FI1C2,2020-28,0.585051923358198,Epidemic intelligence subnational data
Finland,Kanta-Hame,FI1C2,2020-29,0.585051923358198,Epidemic intelligence subnational data
Finland,Kanta-Hame,FI1C2,2020-30,0,Epidemic intelligence subnational data
Finland,Kanta-Hame,FI1C2,2020-31,0.585051923358198,Epidemic intelligence subnational data
Finland,Kanta-Hame,FI1C2,2020-32,1.1701038467164,Epidemic intelligence subnational data
Finland,Kanta-Hame,FI1C2,2020-33,1.75515577007459,Epidemic intelligence subnational data
Finland,Kanta-Hame,FI1C2,2020-34,3.51031154014919,Epidemic intelligence subnational data
Finland,Kanta-Hame,FI1C2,2020-35,2.34020769343279,Epidemic intelligence subnational data
Finland,Kanta-Hame,FI1C2,2020-36,1.75515577007459,Epidemic intelligence subnational data
Finland,Kanta-Hame,FI1C2,2020-37,7.02062308029838,Epidemic intelligence subnational data
Finland,Kanta-Hame,FI1C2,2020-38,16.9665057773877,Epidemic intelligence subnational data
Finland,Kanta-Hame,FI1C2,2020-39,15.2113500073132,Epidemic intelligence subnational data
Finland,Kanta-Hame,FI1C2,2020-40,18.1366096241041,Epidemic intelligence subnational data
Finland,Kanta-Hame,FI1C2,2020-41,31.5928038613427,Epidemic intelligence subnational data
Finland,Kanta-Hame,FI1C2,2020-42,36.2732192482083,Epidemic intelligence subnational data
Finland,Kanta-Hame,FI1C2,2020-43,34.5180634781337,Epidemic intelligence subnational data
Finland,Kanta-Hame,FI1C2,2020-44,32.1778557847009,Epidemic intelligence subnational data
Finland,Kanta-Hame,FI1C2,2020-45,25.1572327044025,Epidemic intelligence subnational data
Finland,Kanta-Hame,FI1C2,2020-46,12.2860903905222,Epidemic intelligence subnational data
Finland,Kanta-Hame,FI1C2,2020-47,26.9123884744771,Epidemic intelligence subnational data
Finland,Kanta-Hame,FI1C2,2020-48,45.6340500219394,Epidemic intelligence subnational data
Finland,Kanta-Hame,FI1C2,2020-49,41.5386865584321,Epidemic intelligence subnational data
Finland,Kanta-Hame,FI1C2,2020-50,74.3015942664912,Epidemic intelligence subnational data
Finland,Kanta-Hame,FI1C2,2020-51,80.1521135000731,Epidemic intelligence subnational data
Finland,Kanta-Hame,FI1C2,2020-52,42.1237384817903,Epidemic intelligence subnational data
Finland,Kanta-Hame,FI1C2,2020-53,34.5180634781337,Epidemic intelligence subnational data
Finland,Kanta-Hame,FI1C2,2021-01,44.4639461752231,Epidemic intelligence subnational data
Finland,Kanta-Hame,FI1C2,2021-02,46.2191019452976,Epidemic intelligence subnational data
Finland,Kanta-Hame,FI1C2,2021-03,39.7835307883575,Epidemic intelligence subnational data
Finland,Kanta-Hame,FI1C2,2021-04,50.314465408805,Epidemic intelligence subnational data
Finland,Kanta-Hame,FI1C2,2021-05,54.9948807956706,Epidemic intelligence subnational data
Finland,Kanta-Hame,FI1C2,2021-06,45.6340500219394,Epidemic intelligence subnational data
Finland,Kanta-Hame,FI1C2,2021-07,49.1443615620886,Epidemic intelligence subnational data
Finland,Kanta-Hame,FI1C2,2021-08,74.8866461898494,Epidemic intelligence subnational data
Finland,Kanta-Hame,FI1C2,2021-09,86.5876846570133,Epidemic intelligence subnational data
Finland,Kanta-Hame,FI1C2,2021-10,123.44595582858,Epidemic intelligence subnational data
Finland,Kanta-Hame,FI1C2,2021-11,155.623811613281,Epidemic intelligence subnational data
Finland,Kanta-Hame,FI1C2,2021-12,120.520696211789,Epidemic intelligence subnational data
Finland,Kanta-Hame,FI1C2,2021-13,62.6005557993272,Epidemic intelligence subnational data
Finland,Kanta-Hame,FI1C2,2021-14,31.5928038613427,Epidemic intelligence subnational data
Finland,Kanta-Hame,FI1C2,2021-15,32.1778557847009,Epidemic intelligence subnational data
Finland,Kanta-Hame,FI1C2,2021-16,37.4433230949247,Epidemic intelligence subnational data
Finland,Kanta-Hame,FI1C2,2021-17,54.4098288723124,Epidemic intelligence subnational data
Finland,Kanta-Hame,FI1C2,2021-18,53.239725025596,Epidemic intelligence subnational data
Finland,Kanta-Hame,FI1C2,2021-19,69.6211788796256,Epidemic intelligence subnational data
Finland,Kanta-Hame,FI1C2,2021-20,122.275851981863,Epidemic intelligence subnational data
Finland,Kanta-Hame,FI1C2,2021-21,112.915021208132,Epidemic intelligence subnational data
Finland,Kanta-Hame,FI1C2,2021-22,50.8995173321632,Epidemic intelligence subnational data
Finland,Kanta-Hame,FI1C2,2021-23,23.4020769343279,Epidemic intelligence subnational data
Finland,Kanta-Hame,FI1C2,2021-24,16.9665057773877,Epidemic intelligence subnational data
Finland,Kanta-Hame,FI1C2,2021-25,9.36083077373117,Epidemic intelligence subnational data
Finland,Kanta-Hame,FI1C2,2021-26,16.9665057773877,Epidemic intelligence subnational data
Finland,Kanta-Hame,FI1C2,2021-27,25.7422846277607,Epidemic intelligence subnational data
Finland,Kanta-Hame,FI1C2,2021-28,35.6881673248501,Epidemic intelligence subnational data
Finland,Kanta-Hame,FI1C2,2021-29,58.5051923358198,Epidemic intelligence subnational data
Finland,Kanta-Hame,FI1C2,2021-30,85.4175808102969,Epidemic intelligence subnational data
Finland,Kanta-Hame,FI1C2,2021-31,99.4588269708937,Epidemic intelligence subnational data
Finland,Kanta-Hame,FI1C2,2021-32,98.2887231241773,Epidemic intelligence subnational data
Finland,Kanta-Hame,FI1C2,2021-33,108.234605821267,Epidemic intelligence subnational data
Finland,Kanta-Hame,FI1C2,2021-34,129.296475062162,Epidemic intelligence subnational data
Finland,Kanta-Hame,FI1C2,2021-35,129.88152698552,Epidemic intelligence subnational data
Finland,Kanta-Hame,FI1C2,2021-36,100.62893081761,Epidemic intelligence subnational data
Finland,Kanta-Hame,FI1C2,2021-37,75.4716981132076,Epidemic intelligence subnational data
Finland,Kanta-Hame,FI1C2,2021-38,49.7294134854468,Epidemic intelligence subnational data
Finland,Kanta-Hame,FI1C2,2021-39,41.5386865584321,Epidemic intelligence subnational data
Finland,Kanta-Hame,FI1C2,2021-40,70.2062308029838,Epidemic intelligence subnational data
Finland,Kanta-Hame,FI1C2,2021-41,83.6624250402223,Epidemic intelligence subnational data
Finland,Kanta-Hame,FI1C2,2021-42,69.6211788796256,Epidemic intelligence subnational data
Finland,Kanta-Hame,FI1C2,2021-43,70.791282726342,Epidemic intelligence subnational data
Finland,Kanta-Hame,FI1C2,2021-44,119.935644288431,Epidemic intelligence subnational data
Finland,Kanta-Hame,FI1C2,2021-45,144.507825069475,Epidemic intelligence subnational data
Finland,Kanta-Hame,FI1C2,2021-46,157.964019306714,Epidemic intelligence subnational data
Finland,Kanta-Hame,FI1C2,2021-47,222.319730876115,Epidemic intelligence subnational data
Finland,Kanta-Hame,FI1C2,2021-48,275.559455901711,Epidemic intelligence subnational data
Finland,Kanta-Hame,FI1C2,2021-49,367.997659792307,Epidemic intelligence subnational data
Finland,Kanta-Hame,FI1C2,2021-50,440.544098288723,Epidemic intelligence subnational data
Finland,Kanta-Hame,FI1C2,2021-51,427.672955974843,Epidemic intelligence subnational data
Finland,Kanta-Hame,FI1C2,2021-52,709.082931110136,Epidemic intelligence subnational data
Finland,Kanta-Hame,FI1C2,2022-01,1412.90039491005,Epidemic intelligence subnational data
Finland,Kanta-Hame,FI1C2,2022-02,1717.12739505631,Epidemic intelligence subnational data
Finland,Kanta-Hame,FI1C2,2022-03,1748.72019891765,Epidemic intelligence subnational data
Finland,Kanta-Hame,FI1C2,2022-04,1250.84101213983,Epidemic intelligence subnational data
Finland,Paijat-Hame,FI1C3,2020-18,,Epidemic intelligence subnational data
Finland,Paijat-Hame,FI1C3,2020-19,6.01190356906675,Epidemic intelligence subnational data
Finland,Paijat-Hame,FI1C3,2020-20,12.5247991022224,Epidemic intelligence subnational data
Finland,Paijat-Hame,FI1C3,2020-21,9.51884731768903,Epidemic intelligence subnational data
Finland,Paijat-Hame,FI1C3,2020-22,3.50694374862227,Epidemic intelligence subnational data
Finland,Paijat-Hame,FI1C3,2020-23,2.00396785635558,Epidemic intelligence subnational data
Finland,Paijat-Hame,FI1C3,2020-24,0.500991964088896,Epidemic intelligence subnational data
Finland,Paijat-Hame,FI1C3,2020-25,0.500991964088896,Epidemic intelligence subnational data
Finland,Paijat-Hame,FI1C3,2020-26,0,Epidemic intelligence subnational data
Finland,Paijat-Hame,FI1C3,2020-27,0,Epidemic intelligence subnational data
Finland,Paijat-Hame,FI1C3,2020-28,1.00198392817779,Epidemic intelligence subnational data
Finland,Paijat-Hame,FI1C3,2020-29,4.50892767680006,Epidemic intelligence subnational data
Finland,Paijat-Hame,FI1C3,2020-30,4.00793571271117,Epidemic intelligence subnational data
Finland,Paijat-Hame,FI1C3,2020-31,0.500991964088896,Epidemic intelligence subnational data
Finland,Paijat-Hame,FI1C3,2020-32,1.00198392817779,Epidemic intelligence subnational data
Finland,Paijat-Hame,FI1C3,2020-33,3.00595178453338,Epidemic intelligence subnational data
Finland,Paijat-Hame,FI1C3,2020-34,2.00396785635558,Epidemic intelligence subnational data
Finland,Paijat-Hame,FI1C3,2020-35,0.500991964088896,Epidemic intelligence subnational data
Finland,Paijat-Hame,FI1C3,2020-36,10.5208312458668,Epidemic intelligence subnational data
Finland,Paijat-Hame,FI1C3,2020-37,30.5605098094227,Epidemic intelligence subnational data
Finland,Paijat-Hame,FI1C3,2020-38,34.0674535580449,Epidemic intelligence subnational data
Finland,Paijat-Hame,FI1C3,2020-39,20.5406705276447,Epidemic intelligence subnational data
Finland,Paijat-Hame,FI1C3,2020-40,10.5208312458668,Epidemic intelligence subnational data
Finland,Paijat-Hame,FI1C3,2020-41,7.51487946133344,Epidemic intelligence subnational data
Finland,Paijat-Hame,FI1C3,2020-42,13.0257910663113,Epidemic intelligence subnational data
Finland,Paijat-Hame,FI1C3,2020-43,15.5307508867558,Epidemic intelligence subnational data
Finland,Paijat-Hame,FI1C3,2020-44,13.5267830304002,Epidemic intelligence subnational data
Finland,Paijat-Hame,FI1C3,2020-45,17.5347187431114,Epidemic intelligence subnational data
Finland,Paijat-Hame,FI1C3,2020-46,23.5466223121781,Epidemic intelligence subnational data
Finland,Paijat-Hame,FI1C3,2020-47,71.1408589006232,Epidemic intelligence subnational data
Finland,Paijat-Hame,FI1C3,2020-48,141.780725837158,Epidemic intelligence subnational data
Finland,Paijat-Hame,FI1C3,2020-49,135.768822268091,Epidemic intelligence subnational data
Finland,Paijat-Hame,FI1C3,2020-50,110.719224063646,Epidemic intelligence subnational data
Finland,Paijat-Hame,FI1C3,2020-51,85.6696258592012,Epidemic intelligence subnational data
Finland,Paijat-Hame,FI1C3,2020-52,51.6021723011563,Epidemic intelligence subnational data
Finland,Paijat-Hame,FI1C3,2020-53,48.095228552534,Epidemic intelligence subnational data
Finland,Paijat-Hame,FI1C3,2021-01,43.0853089116451,Epidemic intelligence subnational data
Finland,Paijat-Hame,FI1C3,2021-02,43.586300875734,Epidemic intelligence subnational data
Finland,Paijat-Hame,FI1C3,2021-03,40.0793571271117,Epidemic intelligence subnational data
Finland,Paijat-Hame,FI1C3,2021-04,39.0773731989339,Epidemic intelligence subnational data
Finland,Paijat-Hame,FI1C3,2021-05,43.0853089116451,Epidemic intelligence subnational data
Finland,Paijat-Hame,FI1C3,2021-06,43.586300875734,Epidemic intelligence subnational data
Finland,Paijat-Hame,FI1C3,2021-07,49.5982044448007,Epidemic intelligence subnational data
Finland,Paijat-Hame,FI1C3,2021-08,71.1408589006232,Epidemic intelligence subnational data
Finland,Paijat-Hame,FI1C3,2021-09,87.1726017514679,Epidemic intelligence subnational data
Finland,Paijat-Hame,FI1C3,2021-10,129.255926734935,Epidemic intelligence subnational data
Finland,Paijat-Hame,FI1C3,2021-11,194.384882066492,Epidemic intelligence subnational data
Finland,Paijat-Hame,FI1C3,2021-12,190.877938317869,Epidemic intelligence subnational data
Finland,Paijat-Hame,FI1C3,2021-13,163.32338029298,Epidemic intelligence subnational data
Finland,Paijat-Hame,FI1C3,2021-14,156.810484759824,Epidemic intelligence subnational data
Finland,Paijat-Hame,FI1C3,2021-15,131.259894591291,Epidemic intelligence subnational data
Finland,Paijat-Hame,FI1C3,2021-16,101.200376745957,Epidemic intelligence subnational data
Finland,Paijat-Hame,FI1C3,2021-17,103.204344602313,Epidemic intelligence subnational data
Finland,Paijat-Hame,FI1C3,2021-18,112.723191920002,Epidemic intelligence subnational data
Finland,Paijat-Hame,FI1C3,2021-19,115.228151740446,Epidemic intelligence subnational data
Finland,Paijat-Hame,FI1C3,2021-20,103.204344602313,Epidemic intelligence subnational data
Finland,Paijat-Hame,FI1C3,2021-21,75.6497865774233,Epidemic intelligence subnational data
Finland,Paijat-Hame,FI1C3,2021-22,40.0793571271117,Epidemic intelligence subnational data
Finland,Paijat-Hame,FI1C3,2021-23,34.0674535580449,Epidemic intelligence subnational data
Finland,Paijat-Hame,FI1C3,2021-24,42.5843169475562,Epidemic intelligence subnational data
Finland,Paijat-Hame,FI1C3,2021-25,35.5704294503116,Epidemic intelligence subnational data
Finland,Paijat-Hame,FI1C3,2021-26,74.1468106851566,Epidemic intelligence subnational data
Finland,Paijat-Hame,FI1C3,2021-27,119.737079417246,Epidemic intelligence subnational data
Finland,Paijat-Hame,FI1C3,2021-28,130.758902627202,Epidemic intelligence subnational data
Finland,Paijat-Hame,FI1C3,2021-29,145.788661549869,Epidemic intelligence subnational data
Finland,Paijat-Hame,FI1C3,2021-30,131.259894591291,Epidemic intelligence subnational data
Finland,Paijat-Hame,FI1C3,2021-31,107.713272279113,Epidemic intelligence subnational data
Finland,Paijat-Hame,FI1C3,2021-32,96.190457105068,Epidemic intelligence subnational data
Finland,Paijat-Hame,FI1C3,2021-33,75.6497865774233,Epidemic intelligence subnational data
Finland,Paijat-Hame,FI1C3,2021-34,69.1368910442677,Epidemic intelligence subnational data
Finland,Paijat-Hame,FI1C3,2021-35,76.6517705056011,Epidemic intelligence subnational data
Finland,Paijat-Hame,FI1C3,2021-36,91.1805374641791,Epidemic intelligence subnational data
Finland,Paijat-Hame,FI1C3,2021-37,97.1924410332458,Epidemic intelligence subnational data
Finland,Paijat-Hame,FI1C3,2021-38,108.71525620729,Epidemic intelligence subnational data
Finland,Paijat-Hame,FI1C3,2021-39,183.864050820625,Epidemic intelligence subnational data
Finland,Paijat-Hame,FI1C3,2021-40,273.541612392537,Epidemic intelligence subnational data
Finland,Paijat-Hame,FI1C3,2021-41,281.056491853871,Epidemic intelligence subnational data
Finland,Paijat-Hame,FI1C3,2021-42,250.495982044448,Epidemic intelligence subnational data
Finland,Paijat-Hame,FI1C3,2021-43,214.424560630048,Epidemic intelligence subnational data
Finland,Paijat-Hame,FI1C3,2021-44,251.998957936715,Epidemic intelligence subnational data
Finland,Paijat-Hame,FI1C3,2021-45,274.543596320715,Epidemic intelligence subnational data
Finland,Paijat-Hame,FI1C3,2021-46,235.466223121781,Epidemic intelligence subnational data
Finland,Paijat-Hame,FI1C3,2021-47,317.127913268271,Epidemic intelligence subnational data
Finland,Paijat-Hame,FI1C3,2021-48,475.942365884451,Epidemic intelligence subnational data
Finland,Paijat-Hame,FI1C3,2021-49,515.520731047474,Epidemic intelligence subnational data
Finland,Paijat-Hame,FI1C3,2021-50,464.920542674496,Epidemic intelligence subnational data
Finland,Paijat-Hame,FI1C3,2021-51,467.42550249494,Epidemic intelligence subnational data
Finland,Paijat-Hame,FI1C3,2021-52,707.90164525761,Epidemic intelligence subnational data
Finland,Paijat-Hame,FI1C3,2022-01,1238.45213522775,Epidemic intelligence subnational data
Finland,Paijat-Hame,FI1C3,2022-02,1485.94216548767,Epidemic intelligence subnational data
Finland,Paijat-Hame,FI1C3,2022-03,1912.78731889141,Epidemic intelligence subnational data
Finland,Paijat-Hame,FI1C3,2022-04,1476.92431013407,Epidemic intelligence subnational data
Finland,Kymenlaakso,FI1C4,2020-18,,Epidemic intelligence subnational data
Finland,Kymenlaakso,FI1C4,2020-19,2.33689905180321,Epidemic intelligence subnational data
Finland,Kymenlaakso,FI1C4,2020-20,1.75267428885241,Epidemic intelligence subnational data
Finland,Kymenlaakso,FI1C4,2020-21,1.75267428885241,Epidemic intelligence subnational data
Finland,Kymenlaakso,FI1C4,2020-22,0,Epidemic intelligence subnational data
Finland,Kymenlaakso,FI1C4,2020-23,0.584224762950802,Epidemic intelligence subnational data
Finland,Kymenlaakso,FI1C4,2020-24,1.16844952590161,Epidemic intelligence subnational data
Finland,Kymenlaakso,FI1C4,2020-25,1.16844952590161,Epidemic intelligence subnational data
Finland,Kymenlaakso,FI1C4,2020-26,2.33689905180321,Epidemic intelligence subnational data
Finland,Kymenlaakso,FI1C4,2020-27,2.33689905180321,Epidemic intelligence subnational data
Finland,Kymenlaakso,FI1C4,2020-28,0.584224762950802,Epidemic intelligence subnational data
Finland,Kymenlaakso,FI1C4,2020-29,0,Epidemic intelligence subnational data
Finland,Kymenlaakso,FI1C4,2020-30,2.33689905180321,Epidemic intelligence subnational data
Finland,Kymenlaakso,FI1C4,2020-31,2.33689905180321,Epidemic intelligence subnational data
Finland,Kymenlaakso,FI1C4,2020-32,0,Epidemic intelligence subnational data
Finland,Kymenlaakso,FI1C4,2020-33,1.75267428885241,Epidemic intelligence subnational data
Finland,Kymenlaakso,FI1C4,2020-34,1.75267428885241,Epidemic intelligence subnational data
Finland,Kymenlaakso,FI1C4,2020-35,0,Epidemic intelligence subnational data
Finland,Kymenlaakso,FI1C4,2020-36,1.75267428885241,Epidemic intelligence subnational data
Finland,Kymenlaakso,FI1C4,2020-37,9.34759620721284,Epidemic intelligence subnational data
Finland,Kymenlaakso,FI1C4,2020-38,12.2687200219669,Epidemic intelligence subnational data
Finland,Kymenlaakso,FI1C4,2020-39,11.1002704960653,Epidemic intelligence subnational data
Finland,Kymenlaakso,FI1C4,2020-40,10.5160457331144,Epidemic intelligence subnational data
Finland,Kymenlaakso,FI1C4,2020-41,5.25802286655722,Epidemic intelligence subnational data
Finland,Kymenlaakso,FI1C4,2020-42,13.4371695478685,Epidemic intelligence subnational data
Finland,Kymenlaakso,FI1C4,2020-43,38.558834354753,Epidemic intelligence subnational data
Finland,Kymenlaakso,FI1C4,2020-44,50.8275543767198,Epidemic intelligence subnational data
Finland,Kymenlaakso,FI1C4,2020-45,39.7272838806546,Epidemic intelligence subnational data
Finland,Kymenlaakso,FI1C4,2020-46,30.3796876734417,Epidemic intelligence subnational data
Finland,Kymenlaakso,FI1C4,2020-47,42.6484076954086,Epidemic intelligence subnational data
Finland,Kymenlaakso,FI1C4,2020-48,63.0962743986867,Epidemic intelligence subnational data
Finland,Kymenlaakso,FI1C4,2020-49,71.2754210799979,Epidemic intelligence subnational data
Finland,Kymenlaakso,FI1C4,2020-50,61.9278248727851,Epidemic intelligence subnational data
Finland,Kymenlaakso,FI1C4,2020-51,40.3115086436054,Epidemic intelligence subnational data
Finland,Kymenlaakso,FI1C4,2020-52,28.0427886216385,Epidemic intelligence subnational data
Finland,Kymenlaakso,FI1C4,2020-53,47.322205799015,Epidemic intelligence subnational data
Finland,Kymenlaakso,FI1C4,2021-01,70.6911963170471,Epidemic intelligence subnational data
Finland,Kymenlaakso,FI1C4,2021-02,64.2647239245883,Epidemic intelligence subnational data
Finland,Kymenlaakso,FI1C4,2021-03,64.8489486875391,Epidemic intelligence subnational data
Finland,Kymenlaakso,FI1C4,2021-04,70.1069715540963,Epidemic intelligence subnational data
Finland,Kymenlaakso,FI1C4,2021-05,49.6591048508182,Epidemic intelligence subnational data
Finland,Kymenlaakso,FI1C4,2021-06,25.7058895698353,Epidemic intelligence subnational data
Finland,Kymenlaakso,FI1C4,2021-07,21.0320914662289,Epidemic intelligence subnational data
Finland,Kymenlaakso,FI1C4,2021-08,32.7165867252449,Epidemic intelligence subnational data
Finland,Kymenlaakso,FI1C4,2021-09,27.4585638586877,Epidemic intelligence subnational data
Finland,Kymenlaakso,FI1C4,2021-10,32.1323619622941,Epidemic intelligence subnational data
Finland,Kymenlaakso,FI1C4,2021-11,57.2540267691786,Epidemic intelligence subnational data
Finland,Kymenlaakso,FI1C4,2021-12,95.2286363609808,Epidemic intelligence subnational data
Finland,Kymenlaakso,FI1C4,2021-13,140.798167871143,Epidemic intelligence subnational data
Finland,Kymenlaakso,FI1C4,2021-14,125.024099271472,Epidemic intelligence subnational data
Finland,Kymenlaakso,FI1C4,2021-15,71.8596458429487,Epidemic intelligence subnational data
Finland,Kymenlaakso,FI1C4,2021-16,42.6484076954086,Epidemic intelligence subnational data
Finland,Kymenlaakso,FI1C4,2021-17,26.2901143327861,Epidemic intelligence subnational data
Finland,Kymenlaakso,FI1C4,2021-18,19.8636419403273,Epidemic intelligence subnational data
Finland,Kymenlaakso,FI1C4,2021-19,39.1430591177038,Epidemic intelligence subnational data
Finland,Kymenlaakso,FI1C4,2021-20,49.6591048508182,Epidemic intelligence subnational data
Finland,Kymenlaakso,FI1C4,2021-21,33.8850362511465,Epidemic intelligence subnational data
Finland,Kymenlaakso,FI1C4,2021-22,14.0213943108193,Epidemic intelligence subnational data
Finland,Kymenlaakso,FI1C4,2021-23,9.93182097016364,Epidemic intelligence subnational data
Finland,Kymenlaakso,FI1C4,2021-24,16.3582933626225,Epidemic intelligence subnational data
Finland,Kymenlaakso,FI1C4,2021-25,23.9532152809829,Epidemic intelligence subnational data
Finland,Kymenlaakso,FI1C4,2021-26,57.2540267691786,Epidemic intelligence subnational data
Finland,Kymenlaakso,FI1C4,2021-27,70.6911963170471,Epidemic intelligence subnational data
Finland,Kymenlaakso,FI1C4,2021-28,54.3329029544246,Epidemic intelligence subnational data
Finland,Kymenlaakso,FI1C4,2021-29,49.0748800878674,Epidemic intelligence subnational data
Finland,Kymenlaakso,FI1C4,2021-30,91.1390630203252,Epidemic intelligence subnational data
Finland,Kymenlaakso,FI1C4,2021-31,111.586929723603,Epidemic intelligence subnational data
Finland,Kymenlaakso,FI1C4,2021-32,103.407783042292,Epidemic intelligence subnational data
Finland,Kymenlaakso,FI1C4,2021-33,105.160457331144,Epidemic intelligence subnational data
Finland,Kymenlaakso,FI1C4,2021-34,85.881040153768,Epidemic intelligence subnational data
Finland,Kymenlaakso,FI1C4,2021-35,82.959916339014,Epidemic intelligence subnational data
Finland,Kymenlaakso,FI1C4,2021-36,80.6230172872107,Epidemic intelligence subnational data
Finland,Kymenlaakso,FI1C4,2021-37,75.3649944206535,Epidemic intelligence subnational data
Finland,Kymenlaakso,FI1C4,2021-38,66.0173982134407,Epidemic intelligence subnational data
Finland,Kymenlaakso,FI1C4,2021-39,53.164453428523,Epidemic intelligence subnational data
Finland,Kymenlaakso,FI1C4,2021-40,61.9278248727851,Epidemic intelligence subnational data
Finland,Kymenlaakso,FI1C4,2021-41,71.2754210799979,Epidemic intelligence subnational data
Finland,Kymenlaakso,FI1C4,2021-42,63.0962743986867,Epidemic intelligence subnational data
Finland,Kymenlaakso,FI1C4,2021-43,88.802163968522,Epidemic intelligence subnational data
Finland,Kymenlaakso,FI1C4,2021-44,130.86634690098,Epidemic intelligence subnational data
Finland,Kymenlaakso,FI1C4,2021-45,141.966617397045,Epidemic intelligence subnational data
Finland,Kymenlaakso,FI1C4,2021-46,140.213943108193,Epidemic intelligence subnational data
Finland,Kymenlaakso,FI1C4,2021-47,181.109676514749,Epidemic intelligence subnational data
Finland,Kymenlaakso,FI1C4,2021-48,224.926533736059,Epidemic intelligence subnational data
Finland,Kymenlaakso,FI1C4,2021-49,195.131070825568,Epidemic intelligence subnational data
Finland,Kymenlaakso,FI1C4,2021-50,158.909135522618,Epidemic intelligence subnational data
Finland,Kymenlaakso,FI1C4,2021-51,174.68320412229,Epidemic intelligence subnational data
Finland,Kymenlaakso,FI1C4,2021-52,680.037624074734,Epidemic intelligence subnational data
Finland,Kymenlaakso,FI1C4,2022-01,1271.27308418095,Epidemic intelligence subnational data
Finland,Kymenlaakso,FI1C4,2022-02,1518.98438367209,Epidemic intelligence subnational data
Finland,Kymenlaakso,FI1C4,2022-03,1655.10875343962,Epidemic intelligence subnational data
Finland,Kymenlaakso,FI1C4,2022-04,1589.09135522618,Epidemic intelligence subnational data
Finland,Etela-Karjala,FI1C5,2020-18,,Epidemic intelligence subnational data
Finland,Etela-Karjala,FI1C5,2020-19,3.13094390131265,Epidemic intelligence subnational data
Finland,Etela-Karjala,FI1C5,2020-20,1.56547195065632,Epidemic intelligence subnational data
Finland,Etela-Karjala,FI1C5,2020-21,0.782735975328162,Epidemic intelligence subnational data
Finland,Etela-Karjala,FI1C5,2020-22,4.69641585196897,Epidemic intelligence subnational data
Finland,Etela-Karjala,FI1C5,2020-23,3.91367987664081,Epidemic intelligence subnational data
Finland,Etela-Karjala,FI1C5,2020-24,0.782735975328162,Epidemic intelligence subnational data
Finland,Etela-Karjala,FI1C5,2020-25,0,Epidemic intelligence subnational data
Finland,Etela-Karjala,FI1C5,2020-26,-0.782735975328162,Epidemic intelligence subnational data
Finland,Etela-Karjala,FI1C5,2020-27,0,Epidemic intelligence subnational data
Finland,Etela-Karjala,FI1C5,2020-28,0,Epidemic intelligence subnational data
Finland,Etela-Karjala,FI1C5,2020-29,0,Epidemic intelligence subnational data
Finland,Etela-Karjala,FI1C5,2020-30,0,Epidemic intelligence subnational data
Finland,Etela-Karjala,FI1C5,2020-31,0,Epidemic intelligence subnational data
Finland,Etela-Karjala,FI1C5,2020-32,0,Epidemic intelligence subnational data
Finland,Etela-Karjala,FI1C5,2020-33,1.56547195065632,Epidemic intelligence subnational data
Finland,Etela-Karjala,FI1C5,2020-34,2.34820792598449,Epidemic intelligence subnational data
Finland,Etela-Karjala,FI1C5,2020-35,1.56547195065632,Epidemic intelligence subnational data
Finland,Etela-Karjala,FI1C5,2020-36,0.782735975328162,Epidemic intelligence subnational data
Finland,Etela-Karjala,FI1C5,2020-37,0,Epidemic intelligence subnational data
Finland,Etela-Karjala,FI1C5,2020-38,0.782735975328162,Epidemic intelligence subnational data
Finland,Etela-Karjala,FI1C5,2020-39,10.1755676792661,Epidemic intelligence subnational data
Finland,Etela-Karjala,FI1C5,2020-40,14.8719835312351,Epidemic intelligence subnational data
Finland,Etela-Karjala,FI1C5,2020-41,11.7410396299224,Epidemic intelligence subnational data
Finland,Etela-Karjala,FI1C5,2020-42,12.5237756052506,Epidemic intelligence subnational data
Finland,Etela-Karjala,FI1C5,2020-43,14.0892475559069,Epidemic intelligence subnational data
Finland,Etela-Karjala,FI1C5,2020-44,19.5683993832041,Epidemic intelligence subnational data
Finland,Etela-Karjala,FI1C5,2020-45,21.1338713338604,Epidemic intelligence subnational data
Finland,Etela-Karjala,FI1C5,2020-46,16.4374554818914,Epidemic intelligence subnational data
Finland,Etela-Karjala,FI1C5,2020-47,18.7856634078759,Epidemic intelligence subnational data
Finland,Etela-Karjala,FI1C5,2020-48,30.5267030377983,Epidemic intelligence subnational data
Finland,Etela-Karjala,FI1C5,2020-49,39.1367987664081,Epidemic intelligence subnational data
Finland,Etela-Karjala,FI1C5,2020-50,34.4403829144391,Epidemic intelligence subnational data
Finland,Etela-Karjala,FI1C5,2020-51,37.5713268157518,Epidemic intelligence subnational data
Finland,Etela-Karjala,FI1C5,2020-52,35.2231188897673,Epidemic intelligence subnational data
Finland,Etela-Karjala,FI1C5,2020-53,28.961231087142,Epidemic intelligence subnational data
Finland,Etela-Karjala,FI1C5,2021-01,29.7439670624702,Epidemic intelligence subnational data
Finland,Etela-Karjala,FI1C5,2021-02,20.3511353585322,Epidemic intelligence subnational data
Finland,Etela-Karjala,FI1C5,2021-03,17.2201914572196,Epidemic intelligence subnational data
Finland,Etela-Karjala,FI1C5,2021-04,19.5683993832041,Epidemic intelligence subnational data
Finland,Etela-Karjala,FI1C5,2021-05,25.0475512105012,Epidemic intelligence subnational data
Finland,Etela-Karjala,FI1C5,2021-06,28.961231087142,Epidemic intelligence subnational data
Finland,Etela-Karjala,FI1C5,2021-07,72.0117097301909,Epidemic intelligence subnational data
Finland,Etela-Karjala,FI1C5,2021-08,104.886620693974,Epidemic intelligence subnational data
Finland,Etela-Karjala,FI1C5,2021-09,118.975868249881,Epidemic intelligence subnational data
Finland,Etela-Karjala,FI1C5,2021-10,147.937099337023,Epidemic intelligence subnational data
Finland,Etela-Karjala,FI1C5,2021-11,158.895402991617,Epidemic intelligence subnational data
Finland,Etela-Karjala,FI1C5,2021-12,159.678138966945,Epidemic intelligence subnational data
Finland,Etela-Karjala,FI1C5,2021-13,134.630587756444,Epidemic intelligence subnational data
Finland,Etela-Karjala,FI1C5,2021-14,93.9283170393795,Epidemic intelligence subnational data
Finland,Etela-Karjala,FI1C5,2021-15,63.4016140015811,Epidemic intelligence subnational data
Finland,Etela-Karjala,FI1C5,2021-16,47.7468944950179,Epidemic intelligence subnational data
Finland,Etela-Karjala,FI1C5,2021-17,48.5296304703461,Epidemic intelligence subnational data
Finland,Etela-Karjala,FI1C5,2021-18,42.2677426677208,Epidemic intelligence subnational data
Finland,Etela-Karjala,FI1C5,2021-19,21.9166073091885,Epidemic intelligence subnational data
Finland,Etela-Karjala,FI1C5,2021-20,7.82735975328162,Epidemic intelligence subnational data
Finland,Etela-Karjala,FI1C5,2021-21,5.47915182729713,Epidemic intelligence subnational data
Finland,Etela-Karjala,FI1C5,2021-22,8.61009572860978,Epidemic intelligence subnational data
Finland,Etela-Karjala,FI1C5,2021-23,7.82735975328162,Epidemic intelligence subnational data
Finland,Etela-Karjala,FI1C5,2021-24,21.1338713338604,Epidemic intelligence subnational data
Finland,Etela-Karjala,FI1C5,2021-25,25.0475512105012,Epidemic intelligence subnational data
Finland,Etela-Karjala,FI1C5,2021-26,39.1367987664081,Epidemic intelligence subnational data
Finland,Etela-Karjala,FI1C5,2021-27,54.7915182729714,Epidemic intelligence subnational data
Finland,Etela-Karjala,FI1C5,2021-28,39.9195347417363,Epidemic intelligence subnational data
Finland,Etela-Karjala,FI1C5,2021-29,41.4850066923926,Epidemic intelligence subnational data
Finland,Etela-Karjala,FI1C5,2021-30,84.5354853354415,Epidemic intelligence subnational data
Finland,Etela-Karjala,FI1C5,2021-31,118.193132274553,Epidemic intelligence subnational data
Finland,Etela-Karjala,FI1C5,2021-32,133.847851781116,Epidemic intelligence subnational data
Finland,Etela-Karjala,FI1C5,2021-33,137.761531657757,Epidemic intelligence subnational data
Finland,Etela-Karjala,FI1C5,2021-34,121.324076175865,Epidemic intelligence subnational data
Finland,Etela-Karjala,FI1C5,2021-35,129.151435929147,Epidemic intelligence subnational data
Finland,Etela-Karjala,FI1C5,2021-36,124.455020077178,Epidemic intelligence subnational data
Finland,Etela-Karjala,FI1C5,2021-37,127.58596397849,Epidemic intelligence subnational data
Finland,Etela-Karjala,FI1C5,2021-38,126.803228003162,Epidemic intelligence subnational data
Finland,Etela-Karjala,FI1C5,2021-39,86.1009572860978,Epidemic intelligence subnational data
Finland,Etela-Karjala,FI1C5,2021-40,68.8807658288783,Epidemic intelligence subnational data
Finland,Etela-Karjala,FI1C5,2021-41,75.1426536315036,Epidemic intelligence subnational data
Finland,Etela-Karjala,FI1C5,2021-42,69.6635018042064,Epidemic intelligence subnational data
Finland,Etela-Karjala,FI1C5,2021-43,66.5325579028938,Epidemic intelligence subnational data
Finland,Etela-Karjala,FI1C5,2021-44,98.6247328913484,Epidemic intelligence subnational data
Finland,Etela-Karjala,FI1C5,2021-45,126.803228003162,Epidemic intelligence subnational data
Finland,Etela-Karjala,FI1C5,2021-46,187.856634078759,Epidemic intelligence subnational data
Finland,Etela-Karjala,FI1C5,2021-47,231.689848697136,Epidemic intelligence subnational data
Finland,Etela-Karjala,FI1C5,2021-48,205.859561511307,Epidemic intelligence subnational data
Finland,Etela-Karjala,FI1C5,2021-49,205.859561511307,Epidemic intelligence subnational data
Finland,Etela-Karjala,FI1C5,2021-50,241.865416376402,Epidemic intelligence subnational data
Finland,Etela-Karjala,FI1C5,2021-51,262.999287710262,Epidemic intelligence subnational data
Finland,Etela-Karjala,FI1C5,2021-52,398.412611442035,Epidemic intelligence subnational data
Finland,Etela-Karjala,FI1C5,2022-01,683.328506461486,Epidemic intelligence subnational data
Finland,Etela-Karjala,FI1C5,2022-02,982.333649036843,Epidemic intelligence subnational data
Finland,Etela-Karjala,FI1C5,2022-03,1241.41925687047,Epidemic intelligence subnational data
Finland,Etela-Karjala,FI1C5,2022-04,1297.77624709409,Epidemic intelligence subnational data
Finland,Etela-Savo,FI1D1,2020-18,,Epidemic intelligence subnational data
Finland,Etela-Savo,FI1D1,2020-19,1.4051357712439,Epidemic intelligence subnational data
Finland,Etela-Savo,FI1D1,2020-20,2.10770365686585,Epidemic intelligence subnational data
Finland,Etela-Savo,FI1D1,2020-21,5.62054308497559,Epidemic intelligence subnational data
Finland,Etela-Savo,FI1D1,2020-22,4.21540731373169,Epidemic intelligence subnational data
Finland,Etela-Savo,FI1D1,2020-23,-1.4051357712439,Epidemic intelligence subnational data
Finland,Etela-Savo,FI1D1,2020-24,0.702567885621948,Epidemic intelligence subnational data
Finland,Etela-Savo,FI1D1,2020-25,1.4051357712439,Epidemic intelligence subnational data
Finland,Etela-Savo,FI1D1,2020-26,0,Epidemic intelligence subnational data
Finland,Etela-Savo,FI1D1,2020-27,0,Epidemic intelligence subnational data
Finland,Etela-Savo,FI1D1,2020-28,-0.702567885621948,Epidemic intelligence subnational data
Finland,Etela-Savo,FI1D1,2020-29,0,Epidemic intelligence subnational data
Finland,Etela-Savo,FI1D1,2020-30,0.702567885621948,Epidemic intelligence subnational data
Finland,Etela-Savo,FI1D1,2020-31,1.4051357712439,Epidemic intelligence subnational data
Finland,Etela-Savo,FI1D1,2020-32,1.4051357712439,Epidemic intelligence subnational data
Finland,Etela-Savo,FI1D1,2020-33,0,Epidemic intelligence subnational data
Finland,Etela-Savo,FI1D1,2020-34,0.702567885621948,Epidemic intelligence subnational data
Finland,Etela-Savo,FI1D1,2020-35,0.702567885621948,Epidemic intelligence subnational data
Finland,Etela-Savo,FI1D1,2020-36,15.4564934836829,Epidemic intelligence subnational data
Finland,Etela-Savo,FI1D1,2020-37,23.8873081111462,Epidemic intelligence subnational data
Finland,Etela-Savo,FI1D1,2020-38,25.2924438823901,Epidemic intelligence subnational data
Finland,Etela-Savo,FI1D1,2020-39,24.5898759967682,Epidemic intelligence subnational data
Finland,Etela-Savo,FI1D1,2020-40,19.6719007974146,Epidemic intelligence subnational data
Finland,Etela-Savo,FI1D1,2020-41,20.3744686830365,Epidemic intelligence subnational data
Finland,Etela-Savo,FI1D1,2020-42,14.051357712439,Epidemic intelligence subnational data
Finland,Etela-Savo,FI1D1,2020-43,9.83595039870728,Epidemic intelligence subnational data
Finland,Etela-Savo,FI1D1,2020-44,12.6462219411951,Epidemic intelligence subnational data
Finland,Etela-Savo,FI1D1,2020-45,10.5385182843292,Epidemic intelligence subnational data
Finland,Etela-Savo,FI1D1,2020-46,53.3951593072681,Epidemic intelligence subnational data
Finland,Etela-Savo,FI1D1,2020-47,68.8516527909509,Epidemic intelligence subnational data
Finland,Etela-Savo,FI1D1,2020-48,37.2360979379633,Epidemic intelligence subnational data
Finland,Etela-Savo,FI1D1,2020-49,90.6312572452313,Epidemic intelligence subnational data
Finland,Etela-Savo,FI1D1,2020-50,114.518565356378,Epidemic intelligence subnational data
Finland,Etela-Savo,FI1D1,2020-51,77.9850353040363,Epidemic intelligence subnational data
Finland,Etela-Savo,FI1D1,2020-52,46.3694804510486,Epidemic intelligence subnational data
Finland,Etela-Savo,FI1D1,2020-53,19.6719007974146,Epidemic intelligence subnational data
Finland,Etela-Savo,FI1D1,2021-01,14.7539255980609,Epidemic intelligence subnational data
Finland,Etela-Savo,FI1D1,2021-02,20.3744686830365,Epidemic intelligence subnational data
Finland,Etela-Savo,FI1D1,2021-03,24.5898759967682,Epidemic intelligence subnational data
Finland,Etela-Savo,FI1D1,2021-04,40.748937366073,Epidemic intelligence subnational data
Finland,Etela-Savo,FI1D1,2021-05,56.2054308497559,Epidemic intelligence subnational data
Finland,Etela-Savo,FI1D1,2021-06,45.6669125654266,Epidemic intelligence subnational data
Finland,Etela-Savo,FI1D1,2021-07,87.8209857027435,Epidemic intelligence subnational data
Finland,Etela-Savo,FI1D1,2021-08,110.303158042646,Epidemic intelligence subnational data
Finland,Etela-Savo,FI1D1,2021-09,63.2311097059753,Epidemic intelligence subnational data
Finland,Etela-Savo,FI1D1,2021-10,54.800295078512,Epidemic intelligence subnational data
Finland,Etela-Savo,FI1D1,2021-11,51.9900235360242,Epidemic intelligence subnational data
Finland,Etela-Savo,FI1D1,2021-12,82.9030105033899,Epidemic intelligence subnational data
Finland,Etela-Savo,FI1D1,2021-13,105.385182843292,Epidemic intelligence subnational data
Finland,Etela-Savo,FI1D1,2021-14,84.3081462746338,Epidemic intelligence subnational data
Finland,Etela-Savo,FI1D1,2021-15,56.9079987353778,Epidemic intelligence subnational data
Finland,Etela-Savo,FI1D1,2021-16,22.4821723399023,Epidemic intelligence subnational data
Finland,Etela-Savo,FI1D1,2021-17,10.5385182843292,Epidemic intelligence subnational data
Finland,Etela-Savo,FI1D1,2021-18,6.32311097059753,Epidemic intelligence subnational data
Finland,Etela-Savo,FI1D1,2021-19,14.7539255980609,Epidemic intelligence subnational data
Finland,Etela-Savo,FI1D1,2021-20,22.4821723399023,Epidemic intelligence subnational data
Finland,Etela-Savo,FI1D1,2021-21,25.2924438823901,Epidemic intelligence subnational data
Finland,Etela-Savo,FI1D1,2021-22,20.3744686830365,Epidemic intelligence subnational data
Finland,Etela-Savo,FI1D1,2021-23,7.02567885621948,Epidemic intelligence subnational data
Finland,Etela-Savo,FI1D1,2021-24,9.13338251308533,Epidemic intelligence subnational data
Finland,Etela-Savo,FI1D1,2021-25,11.2410861699512,Epidemic intelligence subnational data
Finland,Etela-Savo,FI1D1,2021-26,16.1590613693048,Epidemic intelligence subnational data
Finland,Etela-Savo,FI1D1,2021-27,18.9693329117926,Epidemic intelligence subnational data
Finland,Etela-Savo,FI1D1,2021-28,18.9693329117926,Epidemic intelligence subnational data
Finland,Etela-Savo,FI1D1,2021-29,30.9129869673657,Epidemic intelligence subnational data
Finland,Etela-Savo,FI1D1,2021-30,47.0720483366705,Epidemic intelligence subnational data
Finland,Etela-Savo,FI1D1,2021-31,60.4208381634876,Epidemic intelligence subnational data
Finland,Etela-Savo,FI1D1,2021-32,79.3901710752802,Epidemic intelligence subnational data
Finland,Etela-Savo,FI1D1,2021-33,79.3901710752802,Epidemic intelligence subnational data
Finland,Etela-Savo,FI1D1,2021-34,80.0927389609021,Epidemic intelligence subnational data
Finland,Etela-Savo,FI1D1,2021-35,82.9030105033899,Epidemic intelligence subnational data
Finland,Etela-Savo,FI1D1,2021-36,73.0670601046826,Epidemic intelligence subnational data
Finland,Etela-Savo,FI1D1,2021-37,70.9593564478168,Epidemic intelligence subnational data
Finland,Etela-Savo,FI1D1,2021-38,58.3131345066217,Epidemic intelligence subnational data
Finland,Etela-Savo,FI1D1,2021-39,47.7746162222925,Epidemic intelligence subnational data
Finland,Etela-Savo,FI1D1,2021-40,33.7232585098535,Epidemic intelligence subnational data
Finland,Etela-Savo,FI1D1,2021-41,25.2924438823901,Epidemic intelligence subnational data
Finland,Etela-Savo,FI1D1,2021-42,21.7796044542804,Epidemic intelligence subnational data
Finland,Etela-Savo,FI1D1,2021-43,34.4258263954755,Epidemic intelligence subnational data
Finland,Etela-Savo,FI1D1,2021-44,74.4721958759265,Epidemic intelligence subnational data
Finland,Etela-Savo,FI1D1,2021-45,85.7132820458777,Epidemic intelligence subnational data
Finland,Etela-Savo,FI1D1,2021-46,76.5798995327924,Epidemic intelligence subnational data
Finland,Etela-Savo,FI1D1,2021-47,86.4158499314996,Epidemic intelligence subnational data
Finland,Etela-Savo,FI1D1,2021-48,108.898022271402,Epidemic intelligence subnational data
Finland,Etela-Savo,FI1D1,2021-49,150.349527523097,Epidemic intelligence subnational data
Finland,Etela-Savo,FI1D1,2021-50,151.754663294341,Epidemic intelligence subnational data
Finland,Etela-Savo,FI1D1,2021-51,170.723996206133,Epidemic intelligence subnational data
Finland,Etela-Savo,FI1D1,2021-52,343.555696069133,Epidemic intelligence subnational data
Finland,Etela-Savo,FI1D1,2022-01,606.316085291741,Epidemic intelligence subnational data
Finland,Etela-Savo,FI1D1,2022-02,836.75835177574,Epidemic intelligence subnational data
Finland,Etela-Savo,FI1D1,2022-03,1088.98022271402,Epidemic intelligence subnational data
Finland,Etela-Savo,FI1D1,2022-04,1329.96100748235,Epidemic intelligence subnational data
Finland,Pohjois-Savo,FI1D2,2020-18,,Epidemic intelligence subnational data
Finland,Pohjois-Savo,FI1D2,2020-19,3.27552039830328,Epidemic intelligence subnational data
Finland,Pohjois-Savo,FI1D2,2020-20,2.45664029872746,Epidemic intelligence subnational data
Finland,Pohjois-Savo,FI1D2,2020-21,1.22832014936373,Epidemic intelligence subnational data
Finland,Pohjois-Savo,FI1D2,2020-22,0.40944004978791,Epidemic intelligence subnational data
Finland,Pohjois-Savo,FI1D2,2020-23,0.81888009957582,Epidemic intelligence subnational data
Finland,Pohjois-Savo,FI1D2,2020-24,0.40944004978791,Epidemic intelligence subnational data
Finland,Pohjois-Savo,FI1D2,2020-25,0,Epidemic intelligence subnational data
Finland,Pohjois-Savo,FI1D2,2020-26,0,Epidemic intelligence subnational data
Finland,Pohjois-Savo,FI1D2,2020-27,0,Epidemic intelligence subnational data
Finland,Pohjois-Savo,FI1D2,2020-28,1.22832014936373,Epidemic intelligence subnational data
Finland,Pohjois-Savo,FI1D2,2020-29,1.22832014936373,Epidemic intelligence subnational data
Finland,Pohjois-Savo,FI1D2,2020-30,0,Epidemic intelligence subnational data
Finland,Pohjois-Savo,FI1D2,2020-31,0,Epidemic intelligence subnational data
Finland,Pohjois-Savo,FI1D2,2020-32,0.40944004978791,Epidemic intelligence subnational data
Finland,Pohjois-Savo,FI1D2,2020-33,0.40944004978791,Epidemic intelligence subnational data
Finland,Pohjois-Savo,FI1D2,2020-34,1.63776019915164,Epidemic intelligence subnational data
Finland,Pohjois-Savo,FI1D2,2020-35,3.27552039830328,Epidemic intelligence subnational data
Finland,Pohjois-Savo,FI1D2,2020-36,1.63776019915164,Epidemic intelligence subnational data
Finland,Pohjois-Savo,FI1D2,2020-37,1.63776019915164,Epidemic intelligence subnational data
Finland,Pohjois-Savo,FI1D2,2020-38,4.91328059745492,Epidemic intelligence subnational data
Finland,Pohjois-Savo,FI1D2,2020-39,13.9209616927889,Epidemic intelligence subnational data
Finland,Pohjois-Savo,FI1D2,2020-40,15.9681619417285,Epidemic intelligence subnational data
Finland,Pohjois-Savo,FI1D2,2020-41,7.77936094597029,Epidemic intelligence subnational data
Finland,Pohjois-Savo,FI1D2,2020-42,11.4643213940615,Epidemic intelligence subnational data
Finland,Pohjois-Savo,FI1D2,2020-43,25.3852830868504,Epidemic intelligence subnational data
Finland,Pohjois-Savo,FI1D2,2020-44,23.3380828379109,Epidemic intelligence subnational data
Finland,Pohjois-Savo,FI1D2,2020-45,21.7003226387592,Epidemic intelligence subnational data
Finland,Pohjois-Savo,FI1D2,2020-46,20.0625624396076,Epidemic intelligence subnational data
Finland,Pohjois-Savo,FI1D2,2020-47,23.7475228876988,Epidemic intelligence subnational data
Finland,Pohjois-Savo,FI1D2,2020-48,33.1646440328207,Epidemic intelligence subnational data
Finland,Pohjois-Savo,FI1D2,2020-49,25.7947231366383,Epidemic intelligence subnational data
Finland,Pohjois-Savo,FI1D2,2020-50,23.7475228876988,Epidemic intelligence subnational data
Finland,Pohjois-Savo,FI1D2,2020-51,19.6531223898197,Epidemic intelligence subnational data
Finland,Pohjois-Savo,FI1D2,2020-52,15.5587218919406,Epidemic intelligence subnational data
Finland,Pohjois-Savo,FI1D2,2020-53,16.7870420413043,Epidemic intelligence subnational data
Finland,Pohjois-Savo,FI1D2,2021-01,18.424802240456,Epidemic intelligence subnational data
Finland,Pohjois-Savo,FI1D2,2021-02,38.0779246302756,Epidemic intelligence subnational data
Finland,Pohjois-Savo,FI1D2,2021-03,79.8408097086425,Epidemic intelligence subnational data
Finland,Pohjois-Savo,FI1D2,2021-04,75.7464092107634,Epidemic intelligence subnational data
Finland,Pohjois-Savo,FI1D2,2021-05,34.3929641821844,Epidemic intelligence subnational data
Finland,Pohjois-Savo,FI1D2,2021-06,17.6059221408801,Epidemic intelligence subnational data
Finland,Pohjois-Savo,FI1D2,2021-07,14.3304017425769,Epidemic intelligence subnational data
Finland,Pohjois-Savo,FI1D2,2021-08,18.015362190668,Epidemic intelligence subnational data
Finland,Pohjois-Savo,FI1D2,2021-09,29.0702435349416,Epidemic intelligence subnational data
Finland,Pohjois-Savo,FI1D2,2021-10,47.9044858251855,Epidemic intelligence subnational data
Finland,Pohjois-Savo,FI1D2,2021-11,50.7705661737009,Epidemic intelligence subnational data
Finland,Pohjois-Savo,FI1D2,2021-12,45.0384054766701,Epidemic intelligence subnational data
Finland,Pohjois-Savo,FI1D2,2021-13,41.3534450285789,Epidemic intelligence subnational data
Finland,Pohjois-Savo,FI1D2,2021-14,28.6608034851537,Epidemic intelligence subnational data
Finland,Pohjois-Savo,FI1D2,2021-15,20.0625624396076,Epidemic intelligence subnational data
Finland,Pohjois-Savo,FI1D2,2021-16,13.511521643001,Epidemic intelligence subnational data
Finland,Pohjois-Savo,FI1D2,2021-17,10.6454412944857,Epidemic intelligence subnational data
Finland,Pohjois-Savo,FI1D2,2021-18,6.96048084639447,Epidemic intelligence subnational data
Finland,Pohjois-Savo,FI1D2,2021-19,3.68496044809119,Epidemic intelligence subnational data
Finland,Pohjois-Savo,FI1D2,2021-20,6.96048084639447,Epidemic intelligence subnational data
Finland,Pohjois-Savo,FI1D2,2021-21,8.1888009957582,Epidemic intelligence subnational data
Finland,Pohjois-Savo,FI1D2,2021-22,4.0944004978791,Epidemic intelligence subnational data
Finland,Pohjois-Savo,FI1D2,2021-23,2.45664029872746,Epidemic intelligence subnational data
Finland,Pohjois-Savo,FI1D2,2021-24,5.32272064724283,Epidemic intelligence subnational data
Finland,Pohjois-Savo,FI1D2,2021-25,8.1888009957582,Epidemic intelligence subnational data
Finland,Pohjois-Savo,FI1D2,2021-26,17.6059221408801,Epidemic intelligence subnational data
Finland,Pohjois-Savo,FI1D2,2021-27,31.5268838336691,Epidemic intelligence subnational data
Finland,Pohjois-Savo,FI1D2,2021-28,43.8100853273064,Epidemic intelligence subnational data
Finland,Pohjois-Savo,FI1D2,2021-29,47.0856057256097,Epidemic intelligence subnational data
Finland,Pohjois-Savo,FI1D2,2021-30,66.7387281154293,Epidemic intelligence subnational data
Finland,Pohjois-Savo,FI1D2,2021-31,85.1635303558853,Epidemic intelligence subnational data
Finland,Pohjois-Savo,FI1D2,2021-32,76.1558492605513,Epidemic intelligence subnational data
Finland,Pohjois-Savo,FI1D2,2021-33,56.9121669205195,Epidemic intelligence subnational data
Finland,Pohjois-Savo,FI1D2,2021-34,49.1328059745492,Epidemic intelligence subnational data
Finland,Pohjois-Savo,FI1D2,2021-35,56.5027268707316,Epidemic intelligence subnational data
Finland,Pohjois-Savo,FI1D2,2021-36,91.3051311027039,Epidemic intelligence subnational data
Finland,Pohjois-Savo,FI1D2,2021-37,131.839696031707,Epidemic intelligence subnational data
Finland,Pohjois-Savo,FI1D2,2021-38,154.76833881983,Epidemic intelligence subnational data
Finland,Pohjois-Savo,FI1D2,2021-39,162.5476997658,Epidemic intelligence subnational data
Finland,Pohjois-Savo,FI1D2,2021-40,170.736500761559,Epidemic intelligence subnational data
Finland,Pohjois-Savo,FI1D2,2021-41,144.532337575132,Epidemic intelligence subnational data
Finland,Pohjois-Savo,FI1D2,2021-42,82.7068900571578,Epidemic intelligence subnational data
Finland,Pohjois-Savo,FI1D2,2021-43,73.2897689120359,Epidemic intelligence subnational data
Finland,Pohjois-Savo,FI1D2,2021-44,70.0142485137326,Epidemic intelligence subnational data
Finland,Pohjois-Savo,FI1D2,2021-45,66.7387281154293,Epidemic intelligence subnational data
Finland,Pohjois-Savo,FI1D2,2021-46,135.524656479798,Epidemic intelligence subnational data
Finland,Pohjois-Savo,FI1D2,2021-47,172.783701010498,Epidemic intelligence subnational data
Finland,Pohjois-Savo,FI1D2,2021-48,150.264498272163,Epidemic intelligence subnational data
Finland,Pohjois-Savo,FI1D2,2021-49,147.807857973436,Epidemic intelligence subnational data
Finland,Pohjois-Savo,FI1D2,2021-50,212.499385839925,Epidemic intelligence subnational data
Finland,Pohjois-Savo,FI1D2,2021-51,262.45107191405,Epidemic intelligence subnational data
Finland,Pohjois-Savo,FI1D2,2021-52,436.463093073912,Epidemic intelligence subnational data
Finland,Pohjois-Savo,FI1D2,2022-01,792.675936389394,Epidemic intelligence subnational data
Finland,Pohjois-Savo,FI1D2,2022-02,1075.59901079284,Epidemic intelligence subnational data
Finland,Pohjois-Savo,FI1D2,2022-03,1077.23677099199,Epidemic intelligence subnational data
Finland,Pohjois-Savo,FI1D2,2022-04,899.539789384038,Epidemic intelligence subnational data
Finland,Pohjois-Karjala,FI1D3,2020-18,,Epidemic intelligence subnational data
Finland,Pohjois-Karjala,FI1D3,2020-19,0,Epidemic intelligence subnational data
Finland,Pohjois-Karjala,FI1D3,2020-20,0,Epidemic intelligence subnational data
Finland,Pohjois-Karjala,FI1D3,2020-21,0,Epidemic intelligence subnational data
Finland,Pohjois-Karjala,FI1D3,2020-22,0,Epidemic intelligence subnational data
Finland,Pohjois-Karjala,FI1D3,2020-23,0,Epidemic intelligence subnational data
Finland,Pohjois-Karjala,FI1D3,2020-24,0,Epidemic intelligence subnational data
Finland,Pohjois-Karjala,FI1D3,2020-25,1.24061013206295,Epidemic intelligence subnational data
Finland,Pohjois-Karjala,FI1D3,2020-26,1.86091519809442,Epidemic intelligence subnational data
Finland,Pohjois-Karjala,FI1D3,2020-27,0.620305066031474,Epidemic intelligence subnational data
Finland,Pohjois-Karjala,FI1D3,2020-28,1.24061013206295,Epidemic intelligence subnational data
Finland,Pohjois-Karjala,FI1D3,2020-29,1.24061013206295,Epidemic intelligence subnational data
Finland,Pohjois-Karjala,FI1D3,2020-30,0,Epidemic intelligence subnational data
Finland,Pohjois-Karjala,FI1D3,2020-31,0,Epidemic intelligence subnational data
Finland,Pohjois-Karjala,FI1D3,2020-32,0,Epidemic intelligence subnational data
Finland,Pohjois-Karjala,FI1D3,2020-33,0,Epidemic intelligence subnational data
Finland,Pohjois-Karjala,FI1D3,2020-34,1.86091519809442,Epidemic intelligence subnational data
Finland,Pohjois-Karjala,FI1D3,2020-35,0,Epidemic intelligence subnational data
Finland,Pohjois-Karjala,FI1D3,2020-36,0.620305066031474,Epidemic intelligence subnational data
Finland,Pohjois-Karjala,FI1D3,2020-37,3.10152533015737,Epidemic intelligence subnational data
Finland,Pohjois-Karjala,FI1D3,2020-38,1.24061013206295,Epidemic intelligence subnational data
Finland,Pohjois-Karjala,FI1D3,2020-39,17.3685418488813,Epidemic intelligence subnational data
Finland,Pohjois-Karjala,FI1D3,2020-40,29.7746431695108,Epidemic intelligence subnational data
Finland,Pohjois-Karjala,FI1D3,2020-41,25.4325077072904,Epidemic intelligence subnational data
Finland,Pohjois-Karjala,FI1D3,2020-42,17.3685418488813,Epidemic intelligence subnational data
Finland,Pohjois-Karjala,FI1D3,2020-43,6.82335572634622,Epidemic intelligence subnational data
Finland,Pohjois-Karjala,FI1D3,2020-44,4.96244052825179,Epidemic intelligence subnational data
Finland,Pohjois-Karjala,FI1D3,2020-45,10.5451861225351,Epidemic intelligence subnational data
Finland,Pohjois-Karjala,FI1D3,2020-46,13.6467114526924,Epidemic intelligence subnational data
Finland,Pohjois-Karjala,FI1D3,2020-47,39.0792191599829,Epidemic intelligence subnational data
Finland,Pohjois-Karjala,FI1D3,2020-48,66.3726420653677,Epidemic intelligence subnational data
Finland,Pohjois-Karjala,FI1D3,2020-49,47.1431850183921,Epidemic intelligence subnational data
Finland,Pohjois-Karjala,FI1D3,2020-50,42.1807444901403,Epidemic intelligence subnational data
Finland,Pohjois-Karjala,FI1D3,2020-51,47.1431850183921,Epidemic intelligence subnational data
Finland,Pohjois-Karjala,FI1D3,2020-52,31.0152533015737,Epidemic intelligence subnational data
Finland,Pohjois-Karjala,FI1D3,2020-53,34.1167786317311,Epidemic intelligence subnational data
Finland,Pohjois-Karjala,FI1D3,2021-01,32.8761684996681,Epidemic intelligence subnational data
Finland,Pohjois-Karjala,FI1D3,2021-02,22.9512874431646,Epidemic intelligence subnational data
Finland,Pohjois-Karjala,FI1D3,2021-03,32.8761684996681,Epidemic intelligence subnational data
Finland,Pohjois-Karjala,FI1D3,2021-04,29.1543381034793,Epidemic intelligence subnational data
Finland,Pohjois-Karjala,FI1D3,2021-05,15.5076266507869,Epidemic intelligence subnational data
Finland,Pohjois-Karjala,FI1D3,2021-06,19.2294570469757,Epidemic intelligence subnational data
Finland,Pohjois-Karjala,FI1D3,2021-07,22.3309823771331,Epidemic intelligence subnational data
Finland,Pohjois-Karjala,FI1D3,2021-08,16.7482367828498,Epidemic intelligence subnational data
Finland,Pohjois-Karjala,FI1D3,2021-09,21.7106773111016,Epidemic intelligence subnational data
Finland,Pohjois-Karjala,FI1D3,2021-10,19.8497621130072,Epidemic intelligence subnational data
Finland,Pohjois-Karjala,FI1D3,2021-11,18.6091519809442,Epidemic intelligence subnational data
Finland,Pohjois-Karjala,FI1D3,2021-12,29.7746431695108,Epidemic intelligence subnational data
Finland,Pohjois-Karjala,FI1D3,2021-13,32.2558634336367,Epidemic intelligence subnational data
Finland,Pohjois-Karjala,FI1D3,2021-14,22.9512874431646,Epidemic intelligence subnational data
Finland,Pohjois-Karjala,FI1D3,2021-15,10.5451861225351,Epidemic intelligence subnational data
Finland,Pohjois-Karjala,FI1D3,2021-16,12.4061013206295,Epidemic intelligence subnational data
Finland,Pohjois-Karjala,FI1D3,2021-17,13.026406386661,Epidemic intelligence subnational data
Finland,Pohjois-Karjala,FI1D3,2021-18,8.68427092444064,Epidemic intelligence subnational data
Finland,Pohjois-Karjala,FI1D3,2021-19,8.06396585840917,Epidemic intelligence subnational data
Finland,Pohjois-Karjala,FI1D3,2021-20,11.785796254598,Epidemic intelligence subnational data
Finland,Pohjois-Karjala,FI1D3,2021-21,12.4061013206295,Epidemic intelligence subnational data
Finland,Pohjois-Karjala,FI1D3,2021-22,5.58274559428327,Epidemic intelligence subnational data
Finland,Pohjois-Karjala,FI1D3,2021-23,6.82335572634622,Epidemic intelligence subnational data
Finland,Pohjois-Karjala,FI1D3,2021-24,14.8873215847554,Epidemic intelligence subnational data
Finland,Pohjois-Karjala,FI1D3,2021-25,20.4700671790387,Epidemic intelligence subnational data
Finland,Pohjois-Karjala,FI1D3,2021-26,24.812202641259,Epidemic intelligence subnational data
Finland,Pohjois-Karjala,FI1D3,2021-27,34.7370836977626,Epidemic intelligence subnational data
Finland,Pohjois-Karjala,FI1D3,2021-28,40.3198292920458,Epidemic intelligence subnational data
Finland,Pohjois-Karjala,FI1D3,2021-29,54.5868458107697,Epidemic intelligence subnational data
Finland,Pohjois-Karjala,FI1D3,2021-30,75.6772180558399,Epidemic intelligence subnational data
Finland,Pohjois-Karjala,FI1D3,2021-31,76.9178281879028,Epidemic intelligence subnational data
Finland,Pohjois-Karjala,FI1D3,2021-32,65.1320319333048,Epidemic intelligence subnational data
Finland,Pohjois-Karjala,FI1D3,2021-33,65.7523369993363,Epidemic intelligence subnational data
Finland,Pohjois-Karjala,FI1D3,2021-34,50.2447103485494,Epidemic intelligence subnational data
Finland,Pohjois-Karjala,FI1D3,2021-35,23.571592509196,Epidemic intelligence subnational data
Finland,Pohjois-Karjala,FI1D3,2021-36,19.2294570469757,Epidemic intelligence subnational data
Finland,Pohjois-Karjala,FI1D3,2021-37,19.8497621130072,Epidemic intelligence subnational data
Finland,Pohjois-Karjala,FI1D3,2021-38,26.0528127733219,Epidemic intelligence subnational data
Finland,Pohjois-Karjala,FI1D3,2021-39,27.9137279714163,Epidemic intelligence subnational data
Finland,Pohjois-Karjala,FI1D3,2021-40,31.6355583676052,Epidemic intelligence subnational data
Finland,Pohjois-Karjala,FI1D3,2021-41,31.6355583676052,Epidemic intelligence subnational data
Finland,Pohjois-Karjala,FI1D3,2021-42,38.4589140939514,Epidemic intelligence subnational data
Finland,Pohjois-Karjala,FI1D3,2021-43,53.3462356787068,Epidemic intelligence subnational data
Finland,Pohjois-Karjala,FI1D3,2021-44,71.3350825936196,Epidemic intelligence subnational data
Finland,Pohjois-Karjala,FI1D3,2021-45,106.072166291382,Epidemic intelligence subnational data
Finland,Pohjois-Karjala,FI1D3,2021-46,135.846809460893,Epidemic intelligence subnational data
Finland,Pohjois-Karjala,FI1D3,2021-47,133.365589196767,Epidemic intelligence subnational data
Finland,Pohjois-Karjala,FI1D3,2021-48,87.4630143104379,Epidemic intelligence subnational data
Finland,Pohjois-Karjala,FI1D3,2021-49,56.4477610088642,Epidemic intelligence subnational data
Finland,Pohjois-Karjala,FI1D3,2021-50,86.2224041783749,Epidemic intelligence subnational data
Finland,Pohjois-Karjala,FI1D3,2021-51,186.091519809442,Epidemic intelligence subnational data
Finland,Pohjois-Karjala,FI1D3,2021-52,455.303918467102,Epidemic intelligence subnational data
Finland,Pohjois-Karjala,FI1D3,2022-01,1065.06379837604,Epidemic intelligence subnational data
Finland,Pohjois-Karjala,FI1D3,2022-02,1354.74626421274,Epidemic intelligence subnational data
Finland,Pohjois-Karjala,FI1D3,2022-03,1276.58782589277,Epidemic intelligence subnational data
Finland,Pohjois-Karjala,FI1D3,2022-04,1063.82318824398,Epidemic intelligence subnational data
Finland,Keski-Pohjanmaa,FI1D5,2020-18,,Epidemic intelligence subnational data
Finland,Keski-Pohjanmaa,FI1D5,2020-19,5.86871680507057,Epidemic intelligence subnational data
Finland,Keski-Pohjanmaa,FI1D5,2020-20,7.33589600633821,Epidemic intelligence subnational data
Finland,Keski-Pohjanmaa,FI1D5,2020-21,1.46717920126764,Epidemic intelligence subnational data
Finland,Keski-Pohjanmaa,FI1D5,2020-22,10.2702544088735,Epidemic intelligence subnational data
Finland,Keski-Pohjanmaa,FI1D5,2020-23,13.2046128114088,Epidemic intelligence subnational data
Finland,Keski-Pohjanmaa,FI1D5,2020-24,2.93435840253529,Epidemic intelligence subnational data
Finland,Keski-Pohjanmaa,FI1D5,2020-25,0,Epidemic intelligence subnational data
Finland,Keski-Pohjanmaa,FI1D5,2020-26,0,Epidemic intelligence subnational data
Finland,Keski-Pohjanmaa,FI1D5,2020-27,0,Epidemic intelligence subnational data
Finland,Keski-Pohjanmaa,FI1D5,2020-28,1.46717920126764,Epidemic intelligence subnational data
Finland,Keski-Pohjanmaa,FI1D5,2020-29,1.46717920126764,Epidemic intelligence subnational data
Finland,Keski-Pohjanmaa,FI1D5,2020-30,0,Epidemic intelligence subnational data
Finland,Keski-Pohjanmaa,FI1D5,2020-31,0,Epidemic intelligence subnational data
Finland,Keski-Pohjanmaa,FI1D5,2020-32,0,Epidemic intelligence subnational data
Finland,Keski-Pohjanmaa,FI1D5,2020-33,0,Epidemic intelligence subnational data
Finland,Keski-Pohjanmaa,FI1D5,2020-34,0,Epidemic intelligence subnational data
Finland,Keski-Pohjanmaa,FI1D5,2020-35,0,Epidemic intelligence subnational data
Finland,Keski-Pohjanmaa,FI1D5,2020-36,0,Epidemic intelligence subnational data
Finland,Keski-Pohjanmaa,FI1D5,2020-37,8.80307520760586,Epidemic intelligence subnational data
Finland,Keski-Pohjanmaa,FI1D5,2020-38,11.7374336101411,Epidemic intelligence subnational data
Finland,Keski-Pohjanmaa,FI1D5,2020-39,8.80307520760586,Epidemic intelligence subnational data
Finland,Keski-Pohjanmaa,FI1D5,2020-40,20.540508817747,Epidemic intelligence subnational data
Finland,Keski-Pohjanmaa,FI1D5,2020-41,33.7451216291558,Epidemic intelligence subnational data
Finland,Keski-Pohjanmaa,FI1D5,2020-42,26.4092256228176,Epidemic intelligence subnational data
Finland,Keski-Pohjanmaa,FI1D5,2020-43,13.2046128114088,Epidemic intelligence subnational data
Finland,Keski-Pohjanmaa,FI1D5,2020-44,14.6717920126764,Epidemic intelligence subnational data
Finland,Keski-Pohjanmaa,FI1D5,2020-45,16.1389712139441,Epidemic intelligence subnational data
Finland,Keski-Pohjanmaa,FI1D5,2020-46,24.9420464215499,Epidemic intelligence subnational data
Finland,Keski-Pohjanmaa,FI1D5,2020-47,30.8107632266205,Epidemic intelligence subnational data
Finland,Keski-Pohjanmaa,FI1D5,2020-48,33.7451216291558,Epidemic intelligence subnational data
Finland,Keski-Pohjanmaa,FI1D5,2020-49,32.2779424278881,Epidemic intelligence subnational data
Finland,Keski-Pohjanmaa,FI1D5,2020-50,16.1389712139441,Epidemic intelligence subnational data
Finland,Keski-Pohjanmaa,FI1D5,2020-51,5.86871680507057,Epidemic intelligence subnational data
Finland,Keski-Pohjanmaa,FI1D5,2020-52,7.33589600633821,Epidemic intelligence subnational data
Finland,Keski-Pohjanmaa,FI1D5,2020-53,10.2702544088735,Epidemic intelligence subnational data
Finland,Keski-Pohjanmaa,FI1D5,2021-01,8.80307520760586,Epidemic intelligence subnational data
Finland,Keski-Pohjanmaa,FI1D5,2021-02,11.7374336101411,Epidemic intelligence subnational data
Finland,Keski-Pohjanmaa,FI1D5,2021-03,16.1389712139441,Epidemic intelligence subnational data
Finland,Keski-Pohjanmaa,FI1D5,2021-04,27.8764048240852,Epidemic intelligence subnational data
Finland,Keski-Pohjanmaa,FI1D5,2021-05,29.3435840253529,Epidemic intelligence subnational data
Finland,Keski-Pohjanmaa,FI1D5,2021-06,19.0733296164794,Epidemic intelligence subnational data
Finland,Keski-Pohjanmaa,FI1D5,2021-07,29.3435840253529,Epidemic intelligence subnational data
Finland,Keski-Pohjanmaa,FI1D5,2021-08,33.7451216291558,Epidemic intelligence subnational data
Finland,Keski-Pohjanmaa,FI1D5,2021-09,29.3435840253529,Epidemic intelligence subnational data
Finland,Keski-Pohjanmaa,FI1D5,2021-10,23.4748672202823,Epidemic intelligence subnational data
Finland,Keski-Pohjanmaa,FI1D5,2021-11,16.1389712139441,Epidemic intelligence subnational data
Finland,Keski-Pohjanmaa,FI1D5,2021-12,13.2046128114088,Epidemic intelligence subnational data
Finland,Keski-Pohjanmaa,FI1D5,2021-13,27.8764048240852,Epidemic intelligence subnational data
Finland,Keski-Pohjanmaa,FI1D5,2021-14,29.3435840253529,Epidemic intelligence subnational data
Finland,Keski-Pohjanmaa,FI1D5,2021-15,5.86871680507057,Epidemic intelligence subnational data
Finland,Keski-Pohjanmaa,FI1D5,2021-16,0,Epidemic intelligence subnational data
Finland,Keski-Pohjanmaa,FI1D5,2021-17,0,Epidemic intelligence subnational data
Finland,Keski-Pohjanmaa,FI1D5,2021-18,35.2123008304234,Epidemic intelligence subnational data
Finland,Keski-Pohjanmaa,FI1D5,2021-19,187.798937762258,Epidemic intelligence subnational data
Finland,Keski-Pohjanmaa,FI1D5,2021-20,255.28918102057,Epidemic intelligence subnational data
Finland,Keski-Pohjanmaa,FI1D5,2021-21,126.177411309017,Epidemic intelligence subnational data
Finland,Keski-Pohjanmaa,FI1D5,2021-22,30.8107632266205,Epidemic intelligence subnational data
Finland,Keski-Pohjanmaa,FI1D5,2021-23,10.2702544088735,Epidemic intelligence subnational data
Finland,Keski-Pohjanmaa,FI1D5,2021-24,2.93435840253529,Epidemic intelligence subnational data
Finland,Keski-Pohjanmaa,FI1D5,2021-25,0,Epidemic intelligence subnational data
Finland,Keski-Pohjanmaa,FI1D5,2021-26,1.46717920126764,Epidemic intelligence subnational data
Finland,Keski-Pohjanmaa,FI1D5,2021-27,5.86871680507057,Epidemic intelligence subnational data
Finland,Keski-Pohjanmaa,FI1D5,2021-28,7.33589600633821,Epidemic intelligence subnational data
Finland,Keski-Pohjanmaa,FI1D5,2021-29,8.80307520760586,Epidemic intelligence subnational data
Finland,Keski-Pohjanmaa,FI1D5,2021-30,19.0733296164794,Epidemic intelligence subnational data
Finland,Keski-Pohjanmaa,FI1D5,2021-31,55.7528096481704,Epidemic intelligence subnational data
Finland,Keski-Pohjanmaa,FI1D5,2021-32,74.8261392646498,Epidemic intelligence subnational data
Finland,Keski-Pohjanmaa,FI1D5,2021-33,74.8261392646498,Epidemic intelligence subnational data
Finland,Keski-Pohjanmaa,FI1D5,2021-34,68.9574224595792,Epidemic intelligence subnational data
Finland,Keski-Pohjanmaa,FI1D5,2021-35,55.7528096481704,Epidemic intelligence subnational data
Finland,Keski-Pohjanmaa,FI1D5,2021-36,83.6292144722556,Epidemic intelligence subnational data
Finland,Keski-Pohjanmaa,FI1D5,2021-37,104.169723290003,Epidemic intelligence subnational data
Finland,Keski-Pohjanmaa,FI1D5,2021-38,88.0307520760586,Epidemic intelligence subnational data
Finland,Keski-Pohjanmaa,FI1D5,2021-39,98.3010064849321,Epidemic intelligence subnational data
Finland,Keski-Pohjanmaa,FI1D5,2021-40,152.586636931835,Epidemic intelligence subnational data
Finland,Keski-Pohjanmaa,FI1D5,2021-41,206.872267378738,Epidemic intelligence subnational data
Finland,Keski-Pohjanmaa,FI1D5,2021-42,259.690718624373,Epidemic intelligence subnational data
Finland,Keski-Pohjanmaa,FI1D5,2021-43,308.107632266205,Epidemic intelligence subnational data
Finland,Keski-Pohjanmaa,FI1D5,2021-44,353.590187505502,Epidemic intelligence subnational data
Finland,Keski-Pohjanmaa,FI1D5,2021-45,349.188649901699,Epidemic intelligence subnational data
Finland,Keski-Pohjanmaa,FI1D5,2021-46,277.296869039585,Epidemic intelligence subnational data
Finland,Keski-Pohjanmaa,FI1D5,2021-47,186.331758560991,Epidemic intelligence subnational data
Finland,Keski-Pohjanmaa,FI1D5,2021-48,88.0307520760586,Epidemic intelligence subnational data
Finland,Keski-Pohjanmaa,FI1D5,2021-49,82.162035270988,Epidemic intelligence subnational data
Finland,Keski-Pohjanmaa,FI1D5,2021-50,218.609700988879,Epidemic intelligence subnational data
Finland,Keski-Pohjanmaa,FI1D5,2021-51,311.04199066874,Epidemic intelligence subnational data
Finland,Keski-Pohjanmaa,FI1D5,2021-52,437.219401977758,Epidemic intelligence subnational data
Finland,Keski-Pohjanmaa,FI1D5,2022-01,776.137797470583,Epidemic intelligence subnational data
Finland,Keski-Pohjanmaa,FI1D5,2022-02,1065.17210012031,Epidemic intelligence subnational data
Finland,Keski-Pohjanmaa,FI1D5,2022-03,1408.49203321694,Epidemic intelligence subnational data
Finland,Keski-Pohjanmaa,FI1D5,2022-04,1666.71557264004,Epidemic intelligence subnational data
Finland,Lappi,FI1D7,2020-18,,Epidemic intelligence subnational data
Finland,Lappi,FI1D7,2020-19,16.9337495272662,Epidemic intelligence subnational data
Finland,Lappi,FI1D7,2020-20,11.8536246690863,Epidemic intelligence subnational data
Finland,Lappi,FI1D7,2020-21,4.51566654060431,Epidemic intelligence subnational data
Finland,Lappi,FI1D7,2020-22,0.564458317575539,Epidemic intelligence subnational data
Finland,Lappi,FI1D7,2020-23,0.564458317575539,Epidemic intelligence subnational data
Finland,Lappi,FI1D7,2020-24,0,Epidemic intelligence subnational data
Finland,Lappi,FI1D7,2020-25,0.564458317575539,Epidemic intelligence subnational data
Finland,Lappi,FI1D7,2020-26,2.25783327030216,Epidemic intelligence subnational data
Finland,Lappi,FI1D7,2020-27,2.25783327030216,Epidemic intelligence subnational data
Finland,Lappi,FI1D7,2020-28,2.82229158787769,Epidemic intelligence subnational data
Finland,Lappi,FI1D7,2020-29,2.25783327030216,Epidemic intelligence subnational data
Finland,Lappi,FI1D7,2020-30,0.564458317575539,Epidemic intelligence subnational data
Finland,Lappi,FI1D7,2020-31,0.564458317575539,Epidemic intelligence subnational data
Finland,Lappi,FI1D7,2020-32,1.69337495272662,Epidemic intelligence subnational data
Finland,Lappi,FI1D7,2020-33,2.25783327030216,Epidemic intelligence subnational data
Finland,Lappi,FI1D7,2020-34,4.51566654060431,Epidemic intelligence subnational data
Finland,Lappi,FI1D7,2020-35,4.51566654060431,Epidemic intelligence subnational data
Finland,Lappi,FI1D7,2020-36,1.12891663515108,Epidemic intelligence subnational data
Finland,Lappi,FI1D7,2020-37,1.69337495272662,Epidemic intelligence subnational data
Finland,Lappi,FI1D7,2020-38,2.82229158787769,Epidemic intelligence subnational data
Finland,Lappi,FI1D7,2020-39,3.95120822302877,Epidemic intelligence subnational data
Finland,Lappi,FI1D7,2020-40,16.9337495272662,Epidemic intelligence subnational data
Finland,Lappi,FI1D7,2020-41,25.9650826084748,Epidemic intelligence subnational data
Finland,Lappi,FI1D7,2020-42,21.4494160678705,Epidemic intelligence subnational data
Finland,Lappi,FI1D7,2020-43,20.3204994327194,Epidemic intelligence subnational data
Finland,Lappi,FI1D7,2020-44,45.7211237236186,Epidemic intelligence subnational data
Finland,Lappi,FI1D7,2020-45,82.4109143660286,Epidemic intelligence subnational data
Finland,Lappi,FI1D7,2020-46,77.3307895078488,Epidemic intelligence subnational data
Finland,Lappi,FI1D7,2020-47,53.6235401696762,Epidemic intelligence subnational data
Finland,Lappi,FI1D7,2020-48,37.8187072775611,Epidemic intelligence subnational data
Finland,Lappi,FI1D7,2020-49,30.4807491490791,Epidemic intelligence subnational data
Finland,Lappi,FI1D7,2020-50,31.0452074666546,Epidemic intelligence subnational data
Finland,Lappi,FI1D7,2020-51,28.7873741963525,Epidemic intelligence subnational data
Finland,Lappi,FI1D7,2020-52,25.4006242908992,Epidemic intelligence subnational data
Finland,Lappi,FI1D7,2020-53,30.4807491490791,Epidemic intelligence subnational data
Finland,Lappi,FI1D7,2021-01,37.8187072775611,Epidemic intelligence subnational data
Finland,Lappi,FI1D7,2021-02,31.0452074666546,Epidemic intelligence subnational data
Finland,Lappi,FI1D7,2021-03,32.1741241018057,Epidemic intelligence subnational data
Finland,Lappi,FI1D7,2021-04,47.4144986763452,Epidemic intelligence subnational data
Finland,Lappi,FI1D7,2021-05,46.8500403587697,Epidemic intelligence subnational data
Finland,Lappi,FI1D7,2021-06,40.6409988654388,Epidemic intelligence subnational data
Finland,Lappi,FI1D7,2021-07,43.4632904533165,Epidemic intelligence subnational data
Finland,Lappi,FI1D7,2021-08,42.3343738181654,Epidemic intelligence subnational data
Finland,Lappi,FI1D7,2021-09,34.9964156896834,Epidemic intelligence subnational data
Finland,Lappi,FI1D7,2021-10,31.6096657842302,Epidemic intelligence subnational data
Finland,Lappi,FI1D7,2021-11,42.3343738181654,Epidemic intelligence subnational data
Finland,Lappi,FI1D7,2021-12,31.6096657842302,Epidemic intelligence subnational data
Finland,Lappi,FI1D7,2021-13,8.46687476363308,Epidemic intelligence subnational data
Finland,Lappi,FI1D7,2021-14,15.8048328921151,Epidemic intelligence subnational data
Finland,Lappi,FI1D7,2021-15,20.8849577502949,Epidemic intelligence subnational data
Finland,Lappi,FI1D7,2021-16,27.6584575612014,Epidemic intelligence subnational data
Finland,Lappi,FI1D7,2021-17,25.9650826084748,Epidemic intelligence subnational data
Finland,Lappi,FI1D7,2021-18,15.2403745745395,Epidemic intelligence subnational data
Finland,Lappi,FI1D7,2021-19,11.8536246690863,Epidemic intelligence subnational data
Finland,Lappi,FI1D7,2021-20,5.08012485817985,Epidemic intelligence subnational data
Finland,Lappi,FI1D7,2021-21,7.337958128482,Epidemic intelligence subnational data
Finland,Lappi,FI1D7,2021-22,7.90241644605754,Epidemic intelligence subnational data
Finland,Lappi,FI1D7,2021-23,10.7247080339352,Epidemic intelligence subnational data
Finland,Lappi,FI1D7,2021-24,10.7247080339352,Epidemic intelligence subnational data
Finland,Lappi,FI1D7,2021-25,6.20904149333093,Epidemic intelligence subnational data
Finland,Lappi,FI1D7,2021-26,3.38674990545323,Epidemic intelligence subnational data
Finland,Lappi,FI1D7,2021-27,23.7072493381726,Epidemic intelligence subnational data
Finland,Lappi,FI1D7,2021-28,43.4632904533165,Epidemic intelligence subnational data
Finland,Lappi,FI1D7,2021-29,45.1566654060431,Epidemic intelligence subnational data
Finland,Lappi,FI1D7,2021-30,46.8500403587697,Epidemic intelligence subnational data
Finland,Lappi,FI1D7,2021-31,103.860330433899,Epidemic intelligence subnational data
Finland,Lappi,FI1D7,2021-32,159.741703873877,Epidemic intelligence subnational data
Finland,Lappi,FI1D7,2021-33,147.888079204791,Epidemic intelligence subnational data
Finland,Lappi,FI1D7,2021-34,77.3307895078488,Epidemic intelligence subnational data
Finland,Lappi,FI1D7,2021-35,31.6096657842302,Epidemic intelligence subnational data
Finland,Lappi,FI1D7,2021-36,54.1879984872517,Epidemic intelligence subnational data
Finland,Lappi,FI1D7,2021-37,56.4458317575539,Epidemic intelligence subnational data
Finland,Lappi,FI1D7,2021-38,58.703665027856,Epidemic intelligence subnational data
Finland,Lappi,FI1D7,2021-39,71.6862063320934,Epidemic intelligence subnational data
Finland,Lappi,FI1D7,2021-40,83.5398310011797,Epidemic intelligence subnational data
Finland,Lappi,FI1D7,2021-41,71.1217480145179,Epidemic intelligence subnational data
Finland,Lappi,FI1D7,2021-42,50.8012485817985,Epidemic intelligence subnational data
Finland,Lappi,FI1D7,2021-43,71.6862063320934,Epidemic intelligence subnational data
Finland,Lappi,FI1D7,2021-44,94.8289973526905,Epidemic intelligence subnational data
Finland,Lappi,FI1D7,2021-45,104.424788751475,Epidemic intelligence subnational data
Finland,Lappi,FI1D7,2021-46,123.051913231467,Epidemic intelligence subnational data
Finland,Lappi,FI1D7,2021-47,150.710370792669,Epidemic intelligence subnational data
Finland,Lappi,FI1D7,2021-48,187.400161435079,Epidemic intelligence subnational data
Finland,Lappi,FI1D7,2021-49,305.936408125942,Epidemic intelligence subnational data
Finland,Lappi,FI1D7,2021-50,390.040697444697,Epidemic intelligence subnational data
Finland,Lappi,FI1D7,2021-51,405.281072019237,Epidemic intelligence subnational data
Finland,Lappi,FI1D7,2021-52,651.384898482172,Epidemic intelligence subnational data
Finland,Lappi,FI1D7,2022-01,1119.32084375229,Epidemic intelligence subnational data
Finland,Lappi,FI1D7,2022-02,1492.9922499873,Epidemic intelligence subnational data
Finland,Lappi,FI1D7,2022-03,1766.75453401144,Epidemic intelligence subnational data
Finland,Lappi,FI1D7,2022-04,1941.73661245985,Epidemic intelligence subnational data
Finland,Kainuu,FI1D8,2020-18,,Epidemic intelligence subnational data
Finland,Kainuu,FI1D8,2020-19,4.14903327524687,Epidemic intelligence subnational data
Finland,Kainuu,FI1D8,2020-20,2.76602218349791,Epidemic intelligence subnational data
Finland,Kainuu,FI1D8,2020-21,2.76602218349791,Epidemic intelligence subnational data
Finland,Kainuu,FI1D8,2020-22,-1.38301109174896,Epidemic intelligence subnational data
Finland,Kainuu,FI1D8,2020-23,-2.76602218349791,Epidemic intelligence subnational data
Finland,Kainuu,FI1D8,2020-24,0,Epidemic intelligence subnational data
Finland,Kainuu,FI1D8,2020-25,0,Epidemic intelligence subnational data
Finland,Kainuu,FI1D8,2020-26,0,Epidemic intelligence subnational data
Finland,Kainuu,FI1D8,2020-27,0,Epidemic intelligence subnational data
Finland,Kainuu,FI1D8,2020-28,1.38301109174896,Epidemic intelligence subnational data
Finland,Kainuu,FI1D8,2020-29,1.38301109174896,Epidemic intelligence subnational data
Finland,Kainuu,FI1D8,2020-30,0,Epidemic intelligence subnational data
Finland,Kainuu,FI1D8,2020-31,0,Epidemic intelligence subnational data
Finland,Kainuu,FI1D8,2020-32,1.38301109174896,Epidemic intelligence subnational data
Finland,Kainuu,FI1D8,2020-33,1.38301109174896,Epidemic intelligence subnational data
Finland,Kainuu,FI1D8,2020-34,0,Epidemic intelligence subnational data
Finland,Kainuu,FI1D8,2020-35,17.9791441927364,Epidemic intelligence subnational data
Finland,Kainuu,FI1D8,2020-36,29.0432329267281,Epidemic intelligence subnational data
Finland,Kainuu,FI1D8,2020-37,13.8301109174896,Epidemic intelligence subnational data
Finland,Kainuu,FI1D8,2020-38,2.76602218349791,Epidemic intelligence subnational data
Finland,Kainuu,FI1D8,2020-39,1.38301109174896,Epidemic intelligence subnational data
Finland,Kainuu,FI1D8,2020-40,13.8301109174896,Epidemic intelligence subnational data
Finland,Kainuu,FI1D8,2020-41,12.4470998257406,Epidemic intelligence subnational data
Finland,Kainuu,FI1D8,2020-42,6.91505545874478,Epidemic intelligence subnational data
Finland,Kainuu,FI1D8,2020-43,8.29806655049374,Epidemic intelligence subnational data
Finland,Kainuu,FI1D8,2020-44,2.76602218349791,Epidemic intelligence subnational data
Finland,Kainuu,FI1D8,2020-45,11.0640887339917,Epidemic intelligence subnational data
Finland,Kainuu,FI1D8,2020-46,17.9791441927364,Epidemic intelligence subnational data
Finland,Kainuu,FI1D8,2020-47,19.3621552844854,Epidemic intelligence subnational data
Finland,Kainuu,FI1D8,2020-48,33.1922662019749,Epidemic intelligence subnational data
Finland,Kainuu,FI1D8,2020-49,26.2772107432302,Epidemic intelligence subnational data
Finland,Kainuu,FI1D8,2020-50,9.68107764224269,Epidemic intelligence subnational data
Finland,Kainuu,FI1D8,2020-51,26.2772107432302,Epidemic intelligence subnational data
Finland,Kainuu,FI1D8,2020-52,23.5111885597323,Epidemic intelligence subnational data
Finland,Kainuu,FI1D8,2020-53,6.91505545874478,Epidemic intelligence subnational data
Finland,Kainuu,FI1D8,2021-01,30.426244018477,Epidemic intelligence subnational data
Finland,Kainuu,FI1D8,2021-02,37.3412994772218,Epidemic intelligence subnational data
Finland,Kainuu,FI1D8,2021-03,16.5961331009875,Epidemic intelligence subnational data
Finland,Kainuu,FI1D8,2021-04,23.5111885597323,Epidemic intelligence subnational data
Finland,Kainuu,FI1D8,2021-05,30.426244018477,Epidemic intelligence subnational data
Finland,Kainuu,FI1D8,2021-06,17.9791441927364,Epidemic intelligence subnational data
Finland,Kainuu,FI1D8,2021-07,12.4470998257406,Epidemic intelligence subnational data
Finland,Kainuu,FI1D8,2021-08,11.0640887339917,Epidemic intelligence subnational data
Finland,Kainuu,FI1D8,2021-09,8.29806655049374,Epidemic intelligence subnational data
Finland,Kainuu,FI1D8,2021-10,15.2131220092385,Epidemic intelligence subnational data
Finland,Kainuu,FI1D8,2021-11,23.5111885597323,Epidemic intelligence subnational data
Finland,Kainuu,FI1D8,2021-12,23.5111885597323,Epidemic intelligence subnational data
Finland,Kainuu,FI1D8,2021-13,13.8301109174896,Epidemic intelligence subnational data
Finland,Kainuu,FI1D8,2021-14,20.7451663762343,Epidemic intelligence subnational data
Finland,Kainuu,FI1D8,2021-15,26.2772107432302,Epidemic intelligence subnational data
Finland,Kainuu,FI1D8,2021-16,24.8941996514812,Epidemic intelligence subnational data
Finland,Kainuu,FI1D8,2021-17,16.5961331009875,Epidemic intelligence subnational data
Finland,Kainuu,FI1D8,2021-18,8.29806655049374,Epidemic intelligence subnational data
Finland,Kainuu,FI1D8,2021-19,15.2131220092385,Epidemic intelligence subnational data
Finland,Kainuu,FI1D8,2021-20,22.1281774679833,Epidemic intelligence subnational data
Finland,Kainuu,FI1D8,2021-21,16.5961331009875,Epidemic intelligence subnational data
Finland,Kainuu,FI1D8,2021-22,6.91505545874478,Epidemic intelligence subnational data
Finland,Kainuu,FI1D8,2021-23,11.0640887339917,Epidemic intelligence subnational data
Finland,Kainuu,FI1D8,2021-24,31.809255110226,Epidemic intelligence subnational data
Finland,Kainuu,FI1D8,2021-25,51.1714103947114,Epidemic intelligence subnational data
Finland,Kainuu,FI1D8,2021-26,44.2563549359666,Epidemic intelligence subnational data
Finland,Kainuu,FI1D8,2021-27,40.1073216607197,Epidemic intelligence subnational data
Finland,Kainuu,FI1D8,2021-28,67.7675434956988,Epidemic intelligence subnational data
Finland,Kainuu,FI1D8,2021-29,117.555942798661,Epidemic intelligence subnational data
Finland,Kainuu,FI1D8,2021-30,143.833153541891,Epidemic intelligence subnational data
Finland,Kainuu,FI1D8,2021-31,123.087987165657,Epidemic intelligence subnational data
Finland,Kainuu,FI1D8,2021-32,109.257876248168,Epidemic intelligence subnational data
Finland,Kainuu,FI1D8,2021-33,196.387575028352,Epidemic intelligence subnational data
Finland,Kainuu,FI1D8,2021-34,268.304151799297,Epidemic intelligence subnational data
Finland,Kainuu,FI1D8,2021-35,195.004563936603,Epidemic intelligence subnational data
Finland,Kainuu,FI1D8,2021-36,98.1937875141759,Epidemic intelligence subnational data
Finland,Kainuu,FI1D8,2021-37,48.4053882112135,Epidemic intelligence subnational data
Finland,Kainuu,FI1D8,2021-38,13.8301109174896,Epidemic intelligence subnational data
Finland,Kainuu,FI1D8,2021-39,76.0656100461926,Epidemic intelligence subnational data
Finland,Kainuu,FI1D8,2021-40,107.874865156419,Epidemic intelligence subnational data
Finland,Kainuu,FI1D8,2021-41,48.4053882112135,Epidemic intelligence subnational data
Finland,Kainuu,FI1D8,2021-42,17.9791441927364,Epidemic intelligence subnational data
Finland,Kainuu,FI1D8,2021-43,38.7243105689708,Epidemic intelligence subnational data
Finland,Kainuu,FI1D8,2021-44,70.5335656791967,Epidemic intelligence subnational data
Finland,Kainuu,FI1D8,2021-45,51.1714103947114,Epidemic intelligence subnational data
Finland,Kainuu,FI1D8,2021-46,76.0656100461926,Epidemic intelligence subnational data
Finland,Kainuu,FI1D8,2021-47,78.8316322296905,Epidemic intelligence subnational data
Finland,Kainuu,FI1D8,2021-48,98.1937875141759,Epidemic intelligence subnational data
Finland,Kainuu,FI1D8,2021-49,224.047796863331,Epidemic intelligence subnational data
Finland,Kainuu,FI1D8,2021-50,229.579841230327,Epidemic intelligence subnational data
Finland,Kainuu,FI1D8,2021-51,141.067131358394,Epidemic intelligence subnational data
Finland,Kainuu,FI1D8,2021-52,266.921140707549,Epidemic intelligence subnational data
Finland,Kainuu,FI1D8,2022-01,616.822946920034,Epidemic intelligence subnational data
Finland,Kainuu,FI1D8,2022-02,2051.0054490637,Epidemic intelligence subnational data
Finland,Kainuu,FI1D8,2022-03,2894.64221503056,Epidemic intelligence subnational data
Finland,Kainuu,FI1D8,2022-04,2319.309600863,Epidemic intelligence subnational data
Finland,Pohjois-Pohjanmaa,FI1D9,2020-18,,Epidemic intelligence subnational data
Finland,Pohjois-Pohjanmaa,FI1D9,2020-19,1.69561320640457,Epidemic intelligence subnational data
Finland,Pohjois-Pohjanmaa,FI1D9,2020-20,0.968921832231185,Epidemic intelligence subnational data
Finland,Pohjois-Pohjanmaa,FI1D9,2020-21,1.21115229028898,Epidemic intelligence subnational data
Finland,Pohjois-Pohjanmaa,FI1D9,2020-22,0,Epidemic intelligence subnational data
Finland,Pohjois-Pohjanmaa,FI1D9,2020-23,-0.484460916115592,Epidemic intelligence subnational data
Finland,Pohjois-Pohjanmaa,FI1D9,2020-24,0.242230458057796,Epidemic intelligence subnational data
Finland,Pohjois-Pohjanmaa,FI1D9,2020-25,0.242230458057796,Epidemic intelligence subnational data
Finland,Pohjois-Pohjanmaa,FI1D9,2020-26,0.726691374173389,Epidemic intelligence subnational data
Finland,Pohjois-Pohjanmaa,FI1D9,2020-27,0.484460916115592,Epidemic intelligence subnational data
Finland,Pohjois-Pohjanmaa,FI1D9,2020-28,1.21115229028898,Epidemic intelligence subnational data
Finland,Pohjois-Pohjanmaa,FI1D9,2020-29,1.69561320640457,Epidemic intelligence subnational data
Finland,Pohjois-Pohjanmaa,FI1D9,2020-30,0.484460916115592,Epidemic intelligence subnational data
Finland,Pohjois-Pohjanmaa,FI1D9,2020-31,0.726691374173389,Epidemic intelligence subnational data
Finland,Pohjois-Pohjanmaa,FI1D9,2020-32,1.69561320640457,Epidemic intelligence subnational data
Finland,Pohjois-Pohjanmaa,FI1D9,2020-33,1.69561320640457,Epidemic intelligence subnational data
Finland,Pohjois-Pohjanmaa,FI1D9,2020-34,1.93784366446237,Epidemic intelligence subnational data
Finland,Pohjois-Pohjanmaa,FI1D9,2020-35,3.14899595475135,Epidemic intelligence subnational data
Finland,Pohjois-Pohjanmaa,FI1D9,2020-36,5.32907007727152,Epidemic intelligence subnational data
Finland,Pohjois-Pohjanmaa,FI1D9,2020-37,4.84460916115592,Epidemic intelligence subnational data
Finland,Pohjois-Pohjanmaa,FI1D9,2020-38,2.18007412252017,Epidemic intelligence subnational data
Finland,Pohjois-Pohjanmaa,FI1D9,2020-39,3.63345687086694,Epidemic intelligence subnational data
Finland,Pohjois-Pohjanmaa,FI1D9,2020-40,7.99360511590728,Epidemic intelligence subnational data
Finland,Pohjois-Pohjanmaa,FI1D9,2020-41,10.658140154543,Epidemic intelligence subnational data
Finland,Pohjois-Pohjanmaa,FI1D9,2020-42,15.2605188576412,Epidemic intelligence subnational data
Finland,Pohjois-Pohjanmaa,FI1D9,2020-43,29.3098854249933,Epidemic intelligence subnational data
Finland,Pohjois-Pohjanmaa,FI1D9,2020-44,37.0612600828428,Epidemic intelligence subnational data
Finland,Pohjois-Pohjanmaa,FI1D9,2020-45,33.6700336700337,Epidemic intelligence subnational data
Finland,Pohjois-Pohjanmaa,FI1D9,2020-46,30.7632681733401,Epidemic intelligence subnational data
Finland,Pohjois-Pohjanmaa,FI1D9,2020-47,42.8747910762299,Epidemic intelligence subnational data
Finland,Pohjois-Pohjanmaa,FI1D9,2020-48,104.643557880968,Epidemic intelligence subnational data
Finland,Pohjois-Pohjanmaa,FI1D9,2020-49,128.62437322869,Epidemic intelligence subnational data
Finland,Pohjois-Pohjanmaa,FI1D9,2020-50,87.2029649008066,Epidemic intelligence subnational data
Finland,Pohjois-Pohjanmaa,FI1D9,2020-51,51.8373180243684,Epidemic intelligence subnational data
Finland,Pohjois-Pohjanmaa,FI1D9,2020-52,28.58319405082,Epidemic intelligence subnational data
Finland,Pohjois-Pohjanmaa,FI1D9,2020-53,42.6325606181721,Epidemic intelligence subnational data
Finland,Pohjois-Pohjanmaa,FI1D9,2021-01,67.8245282561829,Epidemic intelligence subnational data
Finland,Pohjois-Pohjanmaa,FI1D9,2021-02,65.402223675605,Epidemic intelligence subnational data
Finland,Pohjois-Pohjanmaa,FI1D9,2021-03,64.4333018433738,Epidemic intelligence subnational data
Finland,Pohjois-Pohjanmaa,FI1D9,2021-04,58.6197708499867,Epidemic intelligence subnational data
Finland,Pohjois-Pohjanmaa,FI1D9,2021-05,43.8437129084611,Epidemic intelligence subnational data
Finland,Pohjois-Pohjanmaa,FI1D9,2021-06,36.3345687086694,Epidemic intelligence subnational data
Finland,Pohjois-Pohjanmaa,FI1D9,2021-07,31.7321900055713,Epidemic intelligence subnational data
Finland,Pohjois-Pohjanmaa,FI1D9,2021-08,48.9305525276748,Epidemic intelligence subnational data
Finland,Pohjois-Pohjanmaa,FI1D9,2021-09,57.8930794758133,Epidemic intelligence subnational data
Finland,Pohjois-Pohjanmaa,FI1D9,2021-10,45.5393261148657,Epidemic intelligence subnational data
Finland,Pohjois-Pohjanmaa,FI1D9,2021-11,33.4278032119759,Epidemic intelligence subnational data
Finland,Pohjois-Pohjanmaa,FI1D9,2021-12,21.0740498510283,Epidemic intelligence subnational data
Finland,Pohjois-Pohjanmaa,FI1D9,2021-13,16.7139016059879,Epidemic intelligence subnational data
Finland,Pohjois-Pohjanmaa,FI1D9,2021-14,21.3162803090861,Epidemic intelligence subnational data
Finland,Pohjois-Pohjanmaa,FI1D9,2021-15,25.1919676380108,Epidemic intelligence subnational data
Finland,Pohjois-Pohjanmaa,FI1D9,2021-16,32.9433422958603,Epidemic intelligence subnational data
Finland,Pohjois-Pohjanmaa,FI1D9,2021-17,36.5767991667272,Epidemic intelligence subnational data
Finland,Pohjois-Pohjanmaa,FI1D9,2021-18,26.8875808444154,Epidemic intelligence subnational data
Finland,Pohjois-Pohjanmaa,FI1D9,2021-19,20.8318193929705,Epidemic intelligence subnational data
Finland,Pohjois-Pohjanmaa,FI1D9,2021-20,19.1362061865659,Epidemic intelligence subnational data
Finland,Pohjois-Pohjanmaa,FI1D9,2021-21,16.2294406898723,Epidemic intelligence subnational data
Finland,Pohjois-Pohjanmaa,FI1D9,2021-22,8.96252694813846,Epidemic intelligence subnational data
Finland,Pohjois-Pohjanmaa,FI1D9,2021-23,4.36014824504033,Epidemic intelligence subnational data
Finland,Pohjois-Pohjanmaa,FI1D9,2021-24,3.63345687086694,Epidemic intelligence subnational data
Finland,Pohjois-Pohjanmaa,FI1D9,2021-25,4.11791778698254,Epidemic intelligence subnational data
Finland,Pohjois-Pohjanmaa,FI1D9,2021-26,8.23583557396507,Epidemic intelligence subnational data
Finland,Pohjois-Pohjanmaa,FI1D9,2021-27,9.93144878036964,Epidemic intelligence subnational data
Finland,Pohjois-Pohjanmaa,FI1D9,2021-28,10.4159096964852,Epidemic intelligence subnational data
Finland,Pohjois-Pohjanmaa,FI1D9,2021-29,21.0740498510283,Epidemic intelligence subnational data
Finland,Pohjois-Pohjanmaa,FI1D9,2021-30,53.7751616888308,Epidemic intelligence subnational data
Finland,Pohjois-Pohjanmaa,FI1D9,2021-31,110.457088874355,Epidemic intelligence subnational data
Finland,Pohjois-Pohjanmaa,FI1D9,2021-32,153.816340866701,Epidemic intelligence subnational data
Finland,Pohjois-Pohjanmaa,FI1D9,2021-33,149.698423079718,Epidemic intelligence subnational data
Finland,Pohjois-Pohjanmaa,FI1D9,2021-34,148.002809873314,Epidemic intelligence subnational data
Finland,Pohjois-Pohjanmaa,FI1D9,2021-35,139.282513383233,Epidemic intelligence subnational data
Finland,Pohjois-Pohjanmaa,FI1D9,2021-36,88.8985781072112,Epidemic intelligence subnational data
Finland,Pohjois-Pohjanmaa,FI1D9,2021-37,62.0109972627958,Epidemic intelligence subnational data
Finland,Pohjois-Pohjanmaa,FI1D9,2021-38,86.2340430685755,Epidemic intelligence subnational data
Finland,Pohjois-Pohjanmaa,FI1D9,2021-39,104.40132742291,Epidemic intelligence subnational data
Finland,Pohjois-Pohjanmaa,FI1D9,2021-40,102.463483758448,Epidemic intelligence subnational data
Finland,Pohjois-Pohjanmaa,FI1D9,2021-41,104.643557880968,Epidemic intelligence subnational data
Finland,Pohjois-Pohjanmaa,FI1D9,2021-42,130.077755977037,Epidemic intelligence subnational data
Finland,Pohjois-Pohjanmaa,FI1D9,2021-43,187.486374536734,Epidemic intelligence subnational data
Finland,Pohjois-Pohjanmaa,FI1D9,2021-44,250.224063173704,Epidemic intelligence subnational data
Finland,Pohjois-Pohjanmaa,FI1D9,2021-45,303.756994404476,Epidemic intelligence subnational data
Finland,Pohjois-Pohjanmaa,FI1D9,2021-46,431.896906717051,Epidemic intelligence subnational data
Finland,Pohjois-Pohjanmaa,FI1D9,2021-47,568.27265460359,Epidemic intelligence subnational data
Finland,Pohjois-Pohjanmaa,FI1D9,2021-48,671.947290652327,Epidemic intelligence subnational data
Finland,Pohjois-Pohjanmaa,FI1D9,2021-49,745.827580359955,Epidemic intelligence subnational data
Finland,Pohjois-Pohjanmaa,FI1D9,2021-50,725.237991425042,Epidemic intelligence subnational data
Finland,Pohjois-Pohjanmaa,FI1D9,2021-51,665.164837826708,Epidemic intelligence subnational data
Finland,Pohjois-Pohjanmaa,FI1D9,2021-52,702.468328367609,Epidemic intelligence subnational data
Finland,Pohjois-Pohjanmaa,FI1D9,2022-01,892.619237942979,Epidemic intelligence subnational data
Finland,Pohjois-Pohjanmaa,FI1D9,2022-02,1046.19334835162,Epidemic intelligence subnational data
Finland,Pohjois-Pohjanmaa,FI1D9,2022-03,1046.19334835162,Epidemic intelligence subnational data
Finland,Pohjois-Pohjanmaa,FI1D9,2022-04,985.877964295231,Epidemic intelligence subnational data
Finland,Aland,FI2,2020-18,,Epidemic intelligence subnational data
Finland,Aland,FI2,2020-19,0,Epidemic intelligence subnational data
Finland,Aland,FI2,2020-20,0,Epidemic intelligence subnational data
Finland,Aland,FI2,2020-21,3.34627225271048,Epidemic intelligence subnational data
Finland,Aland,FI2,2020-22,6.69254450542096,Epidemic intelligence subnational data
Finland,Aland,FI2,2020-23,13.3850890108419,Epidemic intelligence subnational data
Finland,Aland,FI2,2020-24,16.7313612635524,Epidemic intelligence subnational data
Finland,Aland,FI2,2020-25,6.69254450542096,Epidemic intelligence subnational data
Finland,Aland,FI2,2020-26,3.34627225271048,Epidemic intelligence subnational data
Finland,Aland,FI2,2020-27,3.34627225271048,Epidemic intelligence subnational data
Finland,Aland,FI2,2020-28,3.34627225271048,Epidemic intelligence subnational data
Finland,Aland,FI2,2020-29,3.34627225271048,Epidemic intelligence subnational data
Finland,Aland,FI2,2020-30,0,Epidemic intelligence subnational data
Finland,Aland,FI2,2020-31,0,Epidemic intelligence subnational data
Finland,Aland,FI2,2020-32,0,Epidemic intelligence subnational data
Finland,Aland,FI2,2020-33,0,Epidemic intelligence subnational data
Finland,Aland,FI2,2020-34,0,Epidemic intelligence subnational data
Finland,Aland,FI2,2020-35,3.34627225271048,Epidemic intelligence subnational data
Finland,Aland,FI2,2020-36,3.34627225271048,Epidemic intelligence subnational data
Finland,Aland,FI2,2020-37,0,Epidemic intelligence subnational data
Finland,Aland,FI2,2020-38,0,Epidemic intelligence subnational data
Finland,Aland,FI2,2020-39,3.34627225271048,Epidemic intelligence subnational data
Finland,Aland,FI2,2020-40,3.34627225271048,Epidemic intelligence subnational data
Finland,Aland,FI2,2020-41,13.3850890108419,Epidemic intelligence subnational data
Finland,Aland,FI2,2020-42,20.0776335162629,Epidemic intelligence subnational data
Finland,Aland,FI2,2020-43,30.1164502743943,Epidemic intelligence subnational data
Finland,Aland,FI2,2020-44,33.4627225271048,Epidemic intelligence subnational data
Finland,Aland,FI2,2020-45,20.0776335162629,Epidemic intelligence subnational data
Finland,Aland,FI2,2020-46,13.3850890108419,Epidemic intelligence subnational data
Finland,Aland,FI2,2020-47,6.69254450542096,Epidemic intelligence subnational data
Finland,Aland,FI2,2020-48,16.7313612635524,Epidemic intelligence subnational data
Finland,Aland,FI2,2020-49,13.3850890108419,Epidemic intelligence subnational data
Finland,Aland,FI2,2020-50,30.1164502743943,Epidemic intelligence subnational data
Finland,Aland,FI2,2020-51,70.2717173069201,Epidemic intelligence subnational data
Finland,Aland,FI2,2020-52,130.504617855709,Epidemic intelligence subnational data
Finland,Aland,FI2,2020-53,120.465801097577,Epidemic intelligence subnational data
Finland,Aland,FI2,2021-01,30.1164502743943,Epidemic intelligence subnational data
Finland,Aland,FI2,2021-02,33.4627225271048,Epidemic intelligence subnational data
Finland,Aland,FI2,2021-03,40.1552670325258,Epidemic intelligence subnational data
Finland,Aland,FI2,2021-04,10.0388167581314,Epidemic intelligence subnational data
Finland,Aland,FI2,2021-05,13.3850890108419,Epidemic intelligence subnational data
Finland,Aland,FI2,2021-06,10.0388167581314,Epidemic intelligence subnational data
Finland,Aland,FI2,2021-07,177.352429393656,Epidemic intelligence subnational data
Finland,Aland,FI2,2021-08,401.552670325258,Epidemic intelligence subnational data
Finland,Aland,FI2,2021-09,391.513853567126,Epidemic intelligence subnational data
Finland,Aland,FI2,2021-10,240.931602195155,Epidemic intelligence subnational data
Finland,Aland,FI2,2021-11,87.0030785704725,Epidemic intelligence subnational data
Finland,Aland,FI2,2021-12,40.1552670325258,Epidemic intelligence subnational data
Finland,Aland,FI2,2021-13,36.8089947798153,Epidemic intelligence subnational data
Finland,Aland,FI2,2021-14,43.5015392852363,Epidemic intelligence subnational data
Finland,Aland,FI2,2021-15,110.426984339446,Epidemic intelligence subnational data
Finland,Aland,FI2,2021-16,117.119528844867,Epidemic intelligence subnational data
Finland,Aland,FI2,2021-17,50.1940837906572,Epidemic intelligence subnational data
Finland,Aland,FI2,2021-18,20.0776335162629,Epidemic intelligence subnational data
Finland,Aland,FI2,2021-19,13.3850890108419,Epidemic intelligence subnational data
Finland,Aland,FI2,2021-20,13.3850890108419,Epidemic intelligence subnational data
Finland,Aland,FI2,2021-21,13.3850890108419,Epidemic intelligence subnational data
Finland,Aland,FI2,2021-22,3.34627225271048,Epidemic intelligence subnational data
Finland,Aland,FI2,2021-23,0,Epidemic intelligence subnational data
Finland,Aland,FI2,2021-24,13.3850890108419,Epidemic intelligence subnational data
Finland,Aland,FI2,2021-25,20.0776335162629,Epidemic intelligence subnational data
Finland,Aland,FI2,2021-26,10.0388167581314,Epidemic intelligence subnational data
Finland,Aland,FI2,2021-27,3.34627225271048,Epidemic intelligence subnational data
Finland,Aland,FI2,2021-28,10.0388167581314,Epidemic intelligence subnational data
Finland,Aland,FI2,2021-29,26.7701780216838,Epidemic intelligence subnational data
Finland,Aland,FI2,2021-30,140.54343461384,Epidemic intelligence subnational data
Finland,Aland,FI2,2021-31,177.352429393656,Epidemic intelligence subnational data
Finland,Aland,FI2,2021-32,80.3105340650515,Epidemic intelligence subnational data
Finland,Aland,FI2,2021-33,30.1164502743943,Epidemic intelligence subnational data
Finland,Aland,FI2,2021-34,3.34627225271048,Epidemic intelligence subnational data
Finland,Aland,FI2,2021-35,13.3850890108419,Epidemic intelligence subnational data
Finland,Aland,FI2,2021-36,43.5015392852363,Epidemic intelligence subnational data
Finland,Aland,FI2,2021-37,33.4627225271048,Epidemic intelligence subnational data
Finland,Aland,FI2,2021-38,3.34627225271048,Epidemic intelligence subnational data
Finland,Aland,FI2,2021-39,20.0776335162629,Epidemic intelligence subnational data
Finland,Aland,FI2,2021-40,26.7701780216838,Epidemic intelligence subnational data
Finland,Aland,FI2,2021-41,13.3850890108419,Epidemic intelligence subnational data
Finland,Aland,FI2,2021-42,10.0388167581314,Epidemic intelligence subnational data
Finland,Aland,FI2,2021-43,20.0776335162629,Epidemic intelligence subnational data
Finland,Aland,FI2,2021-44,23.4239057689734,Epidemic intelligence subnational data
Finland,Aland,FI2,2021-45,10.0388167581314,Epidemic intelligence subnational data
Finland,Aland,FI2,2021-46,70.2717173069201,Epidemic intelligence subnational data
Finland,Aland,FI2,2021-47,117.119528844867,Epidemic intelligence subnational data
Finland,Aland,FI2,2021-48,90.349350823183,Epidemic intelligence subnational data
Finland,Aland,FI2,2021-49,76.9642618123411,Epidemic intelligence subnational data
Finland,Aland,FI2,2021-50,100.388167581314,Epidemic intelligence subnational data
Finland,Aland,FI2,2021-51,140.54343461384,Epidemic intelligence subnational data
Finland,Aland,FI2,2021-52,1184.58037745951,Epidemic intelligence subnational data
Finland,Aland,FI2,2022-01,2084.72761343863,Epidemic intelligence subnational data
Finland,Aland,FI2,2022-02,1281.62227278811,Epidemic intelligence subnational data
Finland,Aland,FI2,2022-03,4845.40222192478,Epidemic intelligence subnational data
Finland,Aland,FI2,2022-04,6987.01646365948,Epidemic intelligence subnational data
France,Ile-De-France,FR1,2020-51,,Epidemic intelligence subnational data
France,Ile-De-France,FR1,2020-52,256.371100910975,Epidemic intelligence subnational data
France,Ile-De-France,FR1,2020-53,251.929027380339,Epidemic intelligence subnational data
France,Ile-De-France,FR1,2021-01,320.122178174824,Epidemic intelligence subnational data
France,Ile-De-France,FR1,2021-02,382.034594966285,Epidemic intelligence subnational data
France,Ile-De-France,FR1,2021-03,405.985995102167,Epidemic intelligence subnational data
France,Ile-De-France,FR1,2021-04,438.048654047652,Epidemic intelligence subnational data
France,Ile-De-France,FR1,2021-05,466.995352989048,Epidemic intelligence subnational data
France,Ile-De-France,FR1,2021-06,479.670720316393,Epidemic intelligence subnational data
France,Ile-De-France,FR1,2021-07,513.734753050407,Epidemic intelligence subnational data
France,Ile-De-France,FR1,2021-08,604.35793447486,Epidemic intelligence subnational data
France,Ile-De-France,FR1,2021-09,683.379656458494,Epidemic intelligence subnational data
France,Ile-De-France,FR1,2021-10,765.021062831991,Epidemic intelligence subnational data
France,Ile-De-France,FR1,2021-11,991.37969258085,Epidemic intelligence subnational data
France,Ile-De-France,FR1,2021-12,1238.42732047698,Epidemic intelligence subnational data
France,Ile-De-France,FR1,2021-13,1359.33145003518,Epidemic intelligence subnational data
France,Ile-De-France,FR1,2021-14,1272.55643853745,Epidemic intelligence subnational data
France,Ile-De-France,FR1,2021-15,1119.53270037311,Epidemic intelligence subnational data
France,Ile-De-France,FR1,2021-16,1076.11265196102,Epidemic intelligence subnational data
France,Ile-De-France,FR1,2021-17,2.31052908919513,Epidemic intelligence subnational data
France,Ile-De-France,FR1,2021-18,-272.056664586919,Epidemic intelligence subnational data
France,Ile-De-France,FR1,2021-19,447.46161938638,Epidemic intelligence subnational data
France,Ile-De-France,FR1,2021-20,372.01145469203,Epidemic intelligence subnational data
France,Ile-De-France,FR1,2021-21,300.946413867665,Epidemic intelligence subnational data
France,Ile-De-France,FR1,2021-22,215.660229212621,Epidemic intelligence subnational data
France,Ile-De-France,FR1,2021-23,150.021677481543,Epidemic intelligence subnational data
France,Ile-De-France,FR1,2021-24,91.4855619999972,Epidemic intelligence subnational data
France,Ile-De-France,FR1,2021-25,58.6337434712299,Epidemic intelligence subnational data
France,Ile-De-France,FR1,2021-26,58.9022204428617,Epidemic intelligence subnational data
France,Ile-De-France,FR1,2021-27,86.7261975028876,Epidemic intelligence subnational data
France,Ile-De-France,FR1,2021-28,138.290047387813,Epidemic intelligence subnational data
France,Ile-De-France,FR1,2021-29,256.981275846502,Epidemic intelligence subnational data
France,Ile-De-France,FR1,2021-30,360.084568618931,Epidemic intelligence subnational data
France,Ile-De-France,FR1,2021-31,379.935593188072,Epidemic intelligence subnational data
France,Ile-De-France,FR1,2021-32,391.935700253434,Epidemic intelligence subnational data
France,Ile-De-France,FR1,2021-33,386.151241864639,Epidemic intelligence subnational data
France,Ile-De-France,FR1,2021-34,357.985566840718,Epidemic intelligence subnational data
France,Ile-De-France,FR1,2021-35,323.083560528581,Epidemic intelligence subnational data
France,Ile-De-France,FR1,2021-36,265.588810270334,Epidemic intelligence subnational data
France,Ile-De-France,FR1,2021-37,203.969277447926,Epidemic intelligence subnational data
France,Ile-De-France,FR1,2021-38,164.202142983188,Epidemic intelligence subnational data
France,Ile-De-France,FR1,2021-39,139.258191618849,Epidemic intelligence subnational data
France,Ile-De-France,FR1,2021-41,136.557150570916,Epidemic intelligence subnational data
France,Ile-De-France,FR1,2021-42,142.309066296483,Epidemic intelligence subnational data
France,Ile-De-France,FR1,2021-43,140.852782117026,Epidemic intelligence subnational data
France,Ile-De-France,FR1,2021-44,151.502368658421,Epidemic intelligence subnational data
France,Ile-De-France,FR1,2021-45,179.6192296875,Epidemic intelligence subnational data
France,Ile-De-France,FR1,2021-46,273.350235450236,Epidemic intelligence subnational data
France,Ile-De-France,FR1,2021-47,464.814994552765,Epidemic intelligence subnational data
France,Ile-De-France,FR1,2021-48,718.932516035194,Epidemic intelligence subnational data
France,Ile-De-France,FR1,2021-49,929.695074431986,Epidemic intelligence subnational data
France,Ile-De-France,FR1,2021-50,1130.01957359837,Epidemic intelligence subnational data
France,Ile-De-France,FR1,2021-51,1901.05289346175,Epidemic intelligence subnational data
France,Ile-De-France,FR1,2021-52,3962.49230264319,Epidemic intelligence subnational data
France,Ile-De-France,FR1,2022-01,6445.9042902376,Epidemic intelligence subnational data
France,Ile-De-France,FR1,2022-02,7634.12641701942,Epidemic intelligence subnational data
France,Ile-De-France,FR1,2022-03,7348.90624515674,Epidemic intelligence subnational data
France,Ile-De-France,FR1,2022-04,5975.4919576096,Epidemic intelligence subnational data
France,Centre-Val De Loire,FRB,2020-51,,Epidemic intelligence subnational data
France,Centre-Val De Loire,FRB,2020-52,242.114707494097,Epidemic intelligence subnational data
France,Centre-Val De Loire,FRB,2020-53,230.92878974606,Epidemic intelligence subnational data
France,Centre-Val De Loire,FRB,2021-01,301.045396117902,Epidemic intelligence subnational data
France,Centre-Val De Loire,FRB,2021-02,353.077452541698,Epidemic intelligence subnational data
France,Centre-Val De Loire,FRB,2021-03,371.162002489744,Epidemic intelligence subnational data
France,Centre-Val De Loire,FRB,2021-04,397.704197564354,Epidemic intelligence subnational data
France,Centre-Val De Loire,FRB,2021-05,386.596230462645,Epidemic intelligence subnational data
France,Centre-Val De Loire,FRB,2021-06,339.669941373319,Epidemic intelligence subnational data
France,Centre-Val De Loire,FRB,2021-07,314.374956639953,Epidemic intelligence subnational data
France,Centre-Val De Loire,FRB,2021-08,338.734533617386,Epidemic intelligence subnational data
France,Centre-Val De Loire,FRB,2021-09,343.333621750725,Epidemic intelligence subnational data
France,Centre-Val De Loire,FRB,2021-10,355.610848547351,Epidemic intelligence subnational data
France,Centre-Val De Loire,FRB,2021-11,441.707337416388,Epidemic intelligence subnational data
France,Centre-Val De Loire,FRB,2021-12,548.226895623305,Epidemic intelligence subnational data
France,Centre-Val De Loire,FRB,2021-13,631.478185901378,Epidemic intelligence subnational data
France,Centre-Val De Loire,FRB,2021-14,625.475986134139,Epidemic intelligence subnational data
France,Centre-Val De Loire,FRB,2021-15,601.233335126198,Epidemic intelligence subnational data
France,Centre-Val De Loire,FRB,2021-16,613.120808691185,Epidemic intelligence subnational data
France,Centre-Val De Loire,FRB,2021-17,130.099628721072,Epidemic intelligence subnational data
France,Centre-Val De Loire,FRB,2021-18,-16.252709759343,Epidemic intelligence subnational data
France,Centre-Val De Loire,FRB,2021-19,272.164681653458,Epidemic intelligence subnational data
France,Centre-Val De Loire,FRB,2021-20,238.528977763019,Epidemic intelligence subnational data
France,Centre-Val De Loire,FRB,2021-21,211.324202194623,Epidemic intelligence subnational data
France,Centre-Val De Loire,FRB,2021-22,158.941367862352,Epidemic intelligence subnational data
France,Centre-Val De Loire,FRB,2021-23,108.039595810309,Epidemic intelligence subnational data
France,Centre-Val De Loire,FRB,2021-24,55.0331563074155,Epidemic intelligence subnational data
France,Centre-Val De Loire,FRB,2021-25,30.7905052994747,Epidemic intelligence subnational data
France,Centre-Val De Loire,FRB,2021-26,28.2960846169856,Epidemic intelligence subnational data
France,Centre-Val De Loire,FRB,2021-27,30.673579329983,Epidemic intelligence subnational data
France,Centre-Val De Loire,FRB,2021-28,44.8216216384758,Epidemic intelligence subnational data
France,Centre-Val De Loire,FRB,2021-29,83.2123149549095,Epidemic intelligence subnational data
France,Centre-Val De Loire,FRB,2021-30,135.08847008605,Epidemic intelligence subnational data
France,Centre-Val De Loire,FRB,2021-31,170.517038842028,Epidemic intelligence subnational data
France,Centre-Val De Loire,FRB,2021-32,204.19171805563,Epidemic intelligence subnational data
France,Centre-Val De Loire,FRB,2021-33,227.732813246621,Epidemic intelligence subnational data
France,Centre-Val De Loire,FRB,2021-34,223.172700436446,Epidemic intelligence subnational data
France,Centre-Val De Loire,FRB,2021-35,198.072592318899,Epidemic intelligence subnational data
France,Centre-Val De Loire,FRB,2021-36,158.746491246532,Epidemic intelligence subnational data
France,Centre-Val De Loire,FRB,2021-37,124.87693541711,Epidemic intelligence subnational data
France,Centre-Val De Loire,FRB,2021-38,94.2423314102909,Epidemic intelligence subnational data
France,Centre-Val De Loire,FRB,2021-39,72.4551257616753,Epidemic intelligence subnational data
France,Centre-Val De Loire,FRB,2021-40,59.7491704102465,Epidemic intelligence subnational data
France,Centre-Val De Loire,FRB,2021-41,59.7491704102465,Epidemic intelligence subnational data
France,Centre-Val De Loire,FRB,2021-42,76.1967567854089,Epidemic intelligence subnational data
France,Centre-Val De Loire,FRB,2021-43,95.294665135716,Epidemic intelligence subnational data
France,Centre-Val De Loire,FRB,2021-44,115.834660443087,Epidemic intelligence subnational data
France,Centre-Val De Loire,FRB,2021-45,143.974843767417,Epidemic intelligence subnational data
France,Centre-Val De Loire,FRB,2021-46,230.850839099732,Epidemic intelligence subnational data
France,Centre-Val De Loire,FRB,2021-47,355.610848547351,Epidemic intelligence subnational data
France,Centre-Val De Loire,FRB,2021-48,498.845161174654,Epidemic intelligence subnational data
France,Centre-Val De Loire,FRB,2021-49,643.950289313824,Epidemic intelligence subnational data
France,Centre-Val De Loire,FRB,2021-50,680.470167118391,Epidemic intelligence subnational data
France,Centre-Val De Loire,FRB,2021-51,752.847342233738,Epidemic intelligence subnational data
France,Centre-Val De Loire,FRB,2021-52,1593.50608755573,Epidemic intelligence subnational data
France,Centre-Val De Loire,FRB,2022-01,3106.80096004016,Epidemic intelligence subnational data
France,Centre-Val De Loire,FRB,2022-02,4276.17758092641,Epidemic intelligence subnational data
France,Centre-Val De Loire,FRB,2022-03,5471.82356962513,Epidemic intelligence subnational data
France,Centre-Val De Loire,FRB,2022-04,6268.51815041824,Epidemic intelligence subnational data
France,Bourgogne-Franche-Comte,FRC,2020-51,,Epidemic intelligence subnational data
France,Bourgogne-Franche-Comte,FRC,2020-52,458.254503372139,Epidemic intelligence subnational data
France,Bourgogne-Franche-Comte,FRC,2020-53,448.055961012225,Epidemic intelligence subnational data
France,Bourgogne-Franche-Comte,FRC,2021-01,532.721754779091,Epidemic intelligence subnational data
France,Bourgogne-Franche-Comte,FRC,2021-02,540.486960716288,Epidemic intelligence subnational data
France,Bourgogne-Franche-Comte,FRC,2021-03,491.569741747858,Epidemic intelligence subnational data
France,Bourgogne-Franche-Comte,FRC,2021-04,471.458931901291,Epidemic intelligence subnational data
France,Bourgogne-Franche-Comte,FRC,2021-05,421.146122925715,Epidemic intelligence subnational data
France,Bourgogne-Franche-Comte,FRC,2021-06,365.036247766609,Epidemic intelligence subnational data
France,Bourgogne-Franche-Comte,FRC,2021-07,320.448936256248,Epidemic intelligence subnational data
France,Bourgogne-Franche-Comte,FRC,2021-08,317.514618805325,Epidemic intelligence subnational data
France,Bourgogne-Franche-Comte,FRC,2021-09,319.160699326574,Epidemic intelligence subnational data
France,Bourgogne-Franche-Comte,FRC,2021-10,329.717085278064,Epidemic intelligence subnational data
France,Bourgogne-Franche-Comte,FRC,2021-11,399.854429226947,Epidemic intelligence subnational data
France,Bourgogne-Franche-Comte,FRC,2021-12,506.921231826466,Epidemic intelligence subnational data
France,Bourgogne-Franche-Comte,FRC,2021-13,623.399320884432,Epidemic intelligence subnational data
France,Bourgogne-Franche-Comte,FRC,2021-14,645.013073815618,Epidemic intelligence subnational data
France,Bourgogne-Franche-Comte,FRC,2021-15,601.606646157458,Epidemic intelligence subnational data
France,Bourgogne-Franche-Comte,FRC,2021-16,602.680176932185,Epidemic intelligence subnational data
France,Bourgogne-Franche-Comte,FRC,2021-17,156.520786955313,Epidemic intelligence subnational data
France,Bourgogne-Franche-Comte,FRC,2021-18,-4.61618233132953,Epidemic intelligence subnational data
France,Bourgogne-Franche-Comte,FRC,2021-19,255.428755666901,Epidemic intelligence subnational data
France,Bourgogne-Franche-Comte,FRC,2021-20,235.96206428517,Epidemic intelligence subnational data
France,Bourgogne-Franche-Comte,FRC,2021-21,219.501259072677,Epidemic intelligence subnational data
France,Bourgogne-Franche-Comte,FRC,2021-22,171.943845752236,Epidemic intelligence subnational data
France,Bourgogne-Franche-Comte,FRC,2021-23,121.273193185084,Epidemic intelligence subnational data
France,Bourgogne-Franche-Comte,FRC,2021-24,60.4755669763326,Epidemic intelligence subnational data
France,Bourgogne-Franche-Comte,FRC,2021-25,29.7010181008024,Epidemic intelligence subnational data
France,Bourgogne-Franche-Comte,FRC,2021-26,23.581892684854,Epidemic intelligence subnational data
France,Bourgogne-Franche-Comte,FRC,2021-27,25.6931698751519,Epidemic intelligence subnational data
France,Bourgogne-Franche-Comte,FRC,2021-28,43.8716243272093,Epidemic intelligence subnational data
France,Bourgogne-Franche-Comte,FRC,2021-29,112.291319036528,Epidemic intelligence subnational data
France,Bourgogne-Franche-Comte,FRC,2021-30,188.476219683044,Epidemic intelligence subnational data
France,Bourgogne-Franche-Comte,FRC,2021-31,218.248806502161,Epidemic intelligence subnational data
France,Bourgogne-Franche-Comte,FRC,2021-32,245.945900490138,Epidemic intelligence subnational data
France,Bourgogne-Franche-Comte,FRC,2021-33,260.93954697717,Epidemic intelligence subnational data
France,Bourgogne-Franche-Comte,FRC,2021-34,240.86452148976,Epidemic intelligence subnational data
France,Bourgogne-Franche-Comte,FRC,2021-35,200.106136409261,Epidemic intelligence subnational data
France,Bourgogne-Franche-Comte,FRC,2021-36,155.23255002564,Epidemic intelligence subnational data
France,Bourgogne-Franche-Comte,FRC,2021-37,116.478089057966,Epidemic intelligence subnational data
France,Bourgogne-Franche-Comte,FRC,2021-38,85.9182463373814,Epidemic intelligence subnational data
France,Bourgogne-Franche-Comte,FRC,2021-39,74.0378390970604,Epidemic intelligence subnational data
France,Bourgogne-Franche-Comte,FRC,2021-40,65.3780241809229,Epidemic intelligence subnational data
France,Bourgogne-Franche-Comte,FRC,2021-41,62.729981603261,Epidemic intelligence subnational data
France,Bourgogne-Franche-Comte,FRC,2021-42,65.1991023851349,Epidemic intelligence subnational data
France,Bourgogne-Franche-Comte,FRC,2021-43,70.4236188221435,Epidemic intelligence subnational data
France,Bourgogne-Franche-Comte,FRC,2021-44,98.9437530707453,Epidemic intelligence subnational data
France,Bourgogne-Franche-Comte,FRC,2021-45,135.193308897387,Epidemic intelligence subnational data
France,Bourgogne-Franche-Comte,FRC,2021-46,236.284123517588,Epidemic intelligence subnational data
France,Bourgogne-Franche-Comte,FRC,2021-47,449.594688456002,Epidemic intelligence subnational data
France,Bourgogne-Franche-Comte,FRC,2021-48,752.616641802501,Epidemic intelligence subnational data
France,Bourgogne-Franche-Comte,FRC,2021-49,1018.56599906173,Epidemic intelligence subnational data
France,Bourgogne-Franche-Comte,FRC,2021-50,1057.82144105761,Epidemic intelligence subnational data
France,Bourgogne-Franche-Comte,FRC,2021-51,1074.60430550253,Epidemic intelligence subnational data
France,Bourgogne-Franche-Comte,FRC,2021-52,1991.32801840175,Epidemic intelligence subnational data
France,Bourgogne-Franche-Comte,FRC,2022-01,3332.99099629739,Epidemic intelligence subnational data
France,Bourgogne-Franche-Comte,FRC,2022-02,4162.00724490136,Epidemic intelligence subnational data
France,Bourgogne-Franche-Comte,FRC,2022-03,5657.72188897044,Epidemic intelligence subnational data
France,Bourgogne-Franche-Comte,FRC,2022-04,6967.6441402933,Epidemic intelligence subnational data
France,Normandie,FRD,2020-51,,Epidemic intelligence subnational data
France,Normandie,FRD,2020-52,195.024373519662,Epidemic intelligence subnational data
France,Normandie,FRD,2020-53,206.523025068871,Epidemic intelligence subnational data
France,Normandie,FRD,2021-01,280.162683284281,Epidemic intelligence subnational data
France,Normandie,FRD,2021-02,343.05819464531,Epidemic intelligence subnational data
France,Normandie,FRD,2021-03,370.49198534933,Epidemic intelligence subnational data
France,Normandie,FRD,2021-04,362.282974269579,Epidemic intelligence subnational data
France,Normandie,FRD,2021-05,336.690175020945,Epidemic intelligence subnational data
France,Normandie,FRD,2021-06,305.24241934043,Epidemic intelligence subnational data
France,Normandie,FRD,2021-07,289.367640561207,Epidemic intelligence subnational data
France,Normandie,FRD,2021-08,325.131163096149,Epidemic intelligence subnational data
France,Normandie,FRD,2021-09,356.850540466803,Epidemic intelligence subnational data
France,Normandie,FRD,2021-10,394.847396898443,Epidemic intelligence subnational data
France,Normandie,FRD,2021-11,504.974902155831,Epidemic intelligence subnational data
France,Normandie,FRD,2021-12,630.524483375545,Epidemic intelligence subnational data
France,Normandie,FRD,2021-13,693.872697553473,Epidemic intelligence subnational data
France,Normandie,FRD,2021-14,669.849268070086,Epidemic intelligence subnational data
France,Normandie,FRD,2021-15,628.170428727676,Epidemic intelligence subnational data
France,Normandie,FRD,2021-16,643.139801873103,Epidemic intelligence subnational data
France,Normandie,FRD,2021-17,164.904546102048,Epidemic intelligence subnational data
France,Normandie,FRD,2021-18,17.0216259153651,Epidemic intelligence subnational data
France,Normandie,FRD,2021-19,321.117198119654,Epidemic intelligence subnational data
France,Normandie,FRD,2021-20,295.34331774426,Epidemic intelligence subnational data
France,Normandie,FRD,2021-21,261.752768730428,Epidemic intelligence subnational data
France,Normandie,FRD,2021-22,183.374821031486,Epidemic intelligence subnational data
France,Normandie,FRD,2021-23,117.129308825411,Epidemic intelligence subnational data
France,Normandie,FRD,2021-24,65.6117282624179,Epidemic intelligence subnational data
France,Normandie,FRD,2021-25,37.9968564316395,Epidemic intelligence subnational data
France,Normandie,FRD,2021-26,32.5644226288634,Epidemic intelligence subnational data
France,Normandie,FRD,2021-27,46.4473090137356,Epidemic intelligence subnational data
France,Normandie,FRD,2021-28,85.2590305157915,Epidemic intelligence subnational data
France,Normandie,FRD,2021-29,157.993283097405,Epidemic intelligence subnational data
France,Normandie,FRD,2021-30,217.780235115735,Epidemic intelligence subnational data
France,Normandie,FRD,2021-31,240.717177838567,Epidemic intelligence subnational data
France,Normandie,FRD,2021-32,247.80952196997,Epidemic intelligence subnational data
France,Normandie,FRD,2021-33,237.457717556902,Epidemic intelligence subnational data
France,Normandie,FRD,2021-34,207.669872205013,Epidemic intelligence subnational data
France,Normandie,FRD,2021-35,162.610851829764,Epidemic intelligence subnational data
France,Normandie,FRD,2021-36,119.091021031969,Epidemic intelligence subnational data
France,Normandie,FRD,2021-37,83.5387598115791,Epidemic intelligence subnational data
France,Normandie,FRD,2021-38,65.0986650699335,Epidemic intelligence subnational data
France,Normandie,FRD,2021-39,56.9801945535626,Epidemic intelligence subnational data
France,Normandie,FRD,2021-40,47.8959580278092,Epidemic intelligence subnational data
France,Normandie,FRD,2021-41,52.3324456334097,Epidemic intelligence subnational data
France,Normandie,FRD,2021-42,63.0162321122027,Epidemic intelligence subnational data
France,Normandie,FRD,2021-43,68.4184857271856,Epidemic intelligence subnational data
France,Normandie,FRD,2021-44,78.6193892012874,Epidemic intelligence subnational data
France,Normandie,FRD,2021-45,104.332909201094,Epidemic intelligence subnational data
France,Normandie,FRD,2021-46,173.807701501042,Epidemic intelligence subnational data
France,Normandie,FRD,2021-47,285.082053894572,Epidemic intelligence subnational data
France,Normandie,FRD,2021-48,402.543344785709,Epidemic intelligence subnational data
France,Normandie,FRD,2021-49,496.313188259183,Epidemic intelligence subnational data
France,Normandie,FRD,2021-50,554.953293141371,Epidemic intelligence subnational data
France,Normandie,FRD,2021-51,726.165498492198,Epidemic intelligence subnational data
France,Normandie,FRD,2021-52,1886.23155688724,Epidemic intelligence subnational data
France,Normandie,FRD,2022-01,3540.16620833022,Epidemic intelligence subnational data
France,Normandie,FRD,2022-02,4475.20878653915,Epidemic intelligence subnational data
France,Normandie,FRD,2022-03,5566.13203469997,Epidemic intelligence subnational data
France,Normandie,FRD,2022-04,6473.49938070255,Epidemic intelligence subnational data
France,Hauts-De-France,FRE,2020-51,,Epidemic intelligence subnational data
France,Hauts-De-France,FRE,2020-52,262.016318193926,Epidemic intelligence subnational data
France,Hauts-De-France,FRE,2020-53,249.357234173849,Epidemic intelligence subnational data
France,Hauts-De-France,FRE,2021-01,310.581775094171,Epidemic intelligence subnational data
France,Hauts-De-France,FRE,2021-02,379.739119325227,Epidemic intelligence subnational data
France,Hauts-De-France,FRE,2021-03,403.036510100964,Epidemic intelligence subnational data
France,Hauts-De-France,FRE,2021-04,417.215352228993,Epidemic intelligence subnational data
France,Hauts-De-France,FRE,2021-05,430.692767537967,Epidemic intelligence subnational data
France,Hauts-De-France,FRE,2021-06,458.19871922803,Epidemic intelligence subnational data
France,Hauts-De-France,FRE,2021-07,533.501898445087,Epidemic intelligence subnational data
France,Hauts-De-France,FRE,2021-08,635.308991039272,Epidemic intelligence subnational data
France,Hauts-De-France,FRE,2021-09,668.843873245494,Epidemic intelligence subnational data
France,Hauts-De-France,FRE,2021-10,694.128640008551,Epidemic intelligence subnational data
France,Hauts-De-France,FRE,2021-11,818.765505499103,Epidemic intelligence subnational data
France,Hauts-De-France,FRE,2021-12,963.209328308668,Epidemic intelligence subnational data
France,Hauts-De-France,FRE,2021-13,1021.14384343485,Epidemic intelligence subnational data
France,Hauts-De-France,FRE,2021-14,922.376267056571,Epidemic intelligence subnational data
France,Hauts-De-France,FRE,2021-15,821.070193618853,Epidemic intelligence subnational data
France,Hauts-De-France,FRE,2021-16,815.191568849635,Epidemic intelligence subnational data
France,Hauts-De-France,FRE,2021-17,22.1450467158612,Epidemic intelligence subnational data
France,Hauts-De-France,FRE,2021-18,-174.204360703732,Epidemic intelligence subnational data
France,Hauts-De-France,FRE,2021-19,379.805921879423,Epidemic intelligence subnational data
France,Hauts-De-France,FRE,2021-20,338.638847856348,Epidemic intelligence subnational data
France,Hauts-De-France,FRE,2021-21,285.246906415467,Epidemic intelligence subnational data
France,Hauts-De-France,FRE,2021-22,199.990146623256,Epidemic intelligence subnational data
France,Hauts-De-France,FRE,2021-23,125.922814658819,Epidemic intelligence subnational data
France,Hauts-De-France,FRE,2021-24,65.2493948106106,Epidemic intelligence subnational data
France,Hauts-De-France,FRE,2021-25,38.1108571686238,Epidemic intelligence subnational data
France,Hauts-De-France,FRE,2021-26,31.6978119658405,Epidemic intelligence subnational data
France,Hauts-De-France,FRE,2021-27,36.1568824584008,Epidemic intelligence subnational data
France,Hauts-De-France,FRE,2021-28,53.5088459107234,Epidemic intelligence subnational data
France,Hauts-De-France,FRE,2021-29,111.794074446437,Epidemic intelligence subnational data
France,Hauts-De-France,FRE,2021-30,175.390106040705,Epidemic intelligence subnational data
France,Hauts-De-France,FRE,2021-31,216.23986793135,Epidemic intelligence subnational data
France,Hauts-De-France,FRE,2021-32,260.747069664209,Epidemic intelligence subnational data
France,Hauts-De-France,FRE,2021-33,281.305555717923,Epidemic intelligence subnational data
France,Hauts-De-France,FRE,2021-34,269.665210649329,Epidemic intelligence subnational data
France,Hauts-De-France,FRE,2021-35,224.957601253884,Epidemic intelligence subnational data
France,Hauts-De-France,FRE,2021-36,173.436131330481,Epidemic intelligence subnational data
France,Hauts-De-France,FRE,2021-37,131.367222825765,Epidemic intelligence subnational data
France,Hauts-De-France,FRE,2021-38,92.2877286213038,Epidemic intelligence subnational data
France,Hauts-De-France,FRE,2021-39,69.2408474238013,Epidemic intelligence subnational data
France,Hauts-De-France,FRE,2021-40,61.1076364504797,Epidemic intelligence subnational data
France,Hauts-De-France,FRE,2021-41,64.7483756541431,Epidemic intelligence subnational data
France,Hauts-De-France,FRE,2021-43,85.6909763944825,Epidemic intelligence subnational data
France,Hauts-De-France,FRE,2021-44,120.328100744932,Epidemic intelligence subnational data
France,Hauts-De-France,FRE,2021-45,168.626347428394,Epidemic intelligence subnational data
France,Hauts-De-France,FRE,2021-46,275.894548828074,Epidemic intelligence subnational data
France,Hauts-De-France,FRE,2021-47,461.639050769106,Epidemic intelligence subnational data
France,Hauts-De-France,FRE,2021-48,685.243900300528,Epidemic intelligence subnational data
France,Hauts-De-France,FRE,2021-49,844.851902912508,Epidemic intelligence subnational data
France,Hauts-De-France,FRE,2021-50,888.340365693882,Epidemic intelligence subnational data
France,Hauts-De-France,FRE,2021-51,911.821463493657,Epidemic intelligence subnational data
France,Hauts-De-France,FRE,2021-52,1668.09317954272,Epidemic intelligence subnational data
France,Hauts-De-France,FRE,2022-01,3230.98903686582,Epidemic intelligence subnational data
France,Hauts-De-France,FRE,2022-02,4714.05584192512,Epidemic intelligence subnational data
France,Hauts-De-France,FRE,2022-03,6424.70224849047,Epidemic intelligence subnational data
France,Hauts-De-France,FRE,2022-04,7444.91085616659,Epidemic intelligence subnational data
France,Grand Est,FRF,2020-51,,Epidemic intelligence subnational data
France,Grand Est,FRF,2020-52,428.269353948933,Epidemic intelligence subnational data
France,Grand Est,FRF,2020-53,413.457220571813,Epidemic intelligence subnational data
France,Grand Est,FRF,2021-01,460.386394369077,Epidemic intelligence subnational data
France,Grand Est,FRF,2021-02,455.834372892206,Epidemic intelligence subnational data
France,Grand Est,FRF,2021-03,424.746956377545,Epidemic intelligence subnational data
France,Grand Est,FRF,2021-04,447.597381648345,Epidemic intelligence subnational data
France,Grand Est,FRF,2021-05,430.834381923995,Epidemic intelligence subnational data
France,Grand Est,FRF,2021-06,382.676884871068,Epidemic intelligence subnational data
France,Grand Est,FRF,2021-07,364.920388395814,Epidemic intelligence subnational data
France,Grand Est,FRF,2021-08,368.894375399431,Epidemic intelligence subnational data
France,Grand Est,FRF,2021-09,367.358971329851,Epidemic intelligence subnational data
France,Grand Est,FRF,2021-10,395.339452550776,Epidemic intelligence subnational data
France,Grand Est,FRF,2021-11,476.137833765233,Epidemic intelligence subnational data
France,Grand Est,FRF,2021-12,556.213671888124,Epidemic intelligence subnational data
France,Grand Est,FRF,2021-13,604.262787477317,Epidemic intelligence subnational data
France,Grand Est,FRF,2021-14,614.450645068409,Epidemic intelligence subnational data
France,Grand Est,FRF,2021-15,598.066980467131,Epidemic intelligence subnational data
France,Grand Est,FRF,2021-16,581.719443020432,Epidemic intelligence subnational data
France,Grand Est,FRF,2021-17,137.752840407211,Epidemic intelligence subnational data
France,Grand Est,FRF,2021-18,-9.21242441747673,Epidemic intelligence subnational data
France,Grand Est,FRF,2021-19,246.188494874099,Epidemic intelligence subnational data
France,Grand Est,FRF,2021-20,211.506426478892,Epidemic intelligence subnational data
France,Grand Est,FRF,2021-21,183.002101516582,Epidemic intelligence subnational data
France,Grand Est,FRF,2021-22,143.117722862094,Epidemic intelligence subnational data
France,Grand Est,FRF,2021-23,100.361235418629,Epidemic intelligence subnational data
France,Grand Est,FRF,2021-24,57.9118287890792,Epidemic intelligence subnational data
France,Grand Est,FRF,2021-25,34.5556233541823,Epidemic intelligence subnational data
France,Grand Est,FRF,2021-26,27.0231116245984,Epidemic intelligence subnational data
France,Grand Est,FRF,2021-27,36.1632817329185,Epidemic intelligence subnational data
France,Grand Est,FRF,2021-28,62.5361045751067,Epidemic intelligence subnational data
France,Grand Est,FRF,2021-29,137.210933088536,Epidemic intelligence subnational data
France,Grand Est,FRF,2021-30,227.65526457541,Epidemic intelligence subnational data
France,Grand Est,FRF,2021-31,258.977507594831,Epidemic intelligence subnational data
France,Grand Est,FRF,2021-32,278.305535294243,Epidemic intelligence subnational data
France,Grand Est,FRF,2021-33,292.286744116061,Epidemic intelligence subnational data
France,Grand Est,FRF,2021-34,272.7058263346,Epidemic intelligence subnational data
France,Grand Est,FRF,2021-35,246.025922678496,Epidemic intelligence subnational data
France,Grand Est,FRF,2021-36,210.639374769012,Epidemic intelligence subnational data
France,Grand Est,FRF,2021-37,165.462367968798,Epidemic intelligence subnational data
France,Grand Est,FRF,2021-38,120.953713528283,Epidemic intelligence subnational data
France,Grand Est,FRF,2021-39,88.7644187989817,Epidemic intelligence subnational data
France,Grand Est,FRF,2021-40,70.3576335413174,Epidemic intelligence subnational data
France,Grand Est,FRF,2021-41,68.1177499574603,Epidemic intelligence subnational data
France,Grand Est,FRF,2021-42,75.5599438005983,Epidemic intelligence subnational data
France,Grand Est,FRF,2021-43,88.1321935938607,Epidemic intelligence subnational data
France,Grand Est,FRF,2021-44,117.97322327557,Epidemic intelligence subnational data
France,Grand Est,FRF,2021-45,166.744881956329,Epidemic intelligence subnational data
France,Grand Est,FRF,2021-46,289.215935976902,Epidemic intelligence subnational data
France,Grand Est,FRF,2021-47,486.289564201747,Epidemic intelligence subnational data
France,Grand Est,FRF,2021-48,728.124736949156,Epidemic intelligence subnational data
France,Grand Est,FRF,2021-49,915.931750024657,Epidemic intelligence subnational data
France,Grand Est,FRF,2021-50,948.157171908536,Epidemic intelligence subnational data
France,Grand Est,FRF,2021-51,1015.91365032021,Epidemic intelligence subnational data
France,Grand Est,FRF,2021-52,1864.66695640645,Epidemic intelligence subnational data
France,Grand Est,FRF,2022-01,3360.74661822738,Epidemic intelligence subnational data
France,Grand Est,FRF,2022-02,4432.04319651619,Epidemic intelligence subnational data
France,Grand Est,FRF,2022-03,5772.8664115367,Epidemic intelligence subnational data
France,Grand Est,FRF,2022-04,6974.23880988482,Epidemic intelligence subnational data
France,Pays-De-La-Loire,FRG,2020-51,,Epidemic intelligence subnational data
France,Pays-De-La-Loire,FRG,2020-52,169.651277321175,Epidemic intelligence subnational data
France,Pays-De-La-Loire,FRG,2020-53,171.484495816465,Epidemic intelligence subnational data
France,Pays-De-La-Loire,FRG,2021-01,217.83873491163,Epidemic intelligence subnational data
France,Pays-De-La-Loire,FRG,2021-02,253.560306734119,Epidemic intelligence subnational data
France,Pays-De-La-Loire,FRG,2021-03,305.257068301269,Epidemic intelligence subnational data
France,Pays-De-La-Loire,FRG,2021-04,343.964167387514,Epidemic intelligence subnational data
France,Pays-De-La-Loire,FRG,2021-05,312.432809268543,Epidemic intelligence subnational data
France,Pays-De-La-Loire,FRG,2021-06,270.32116154819,Epidemic intelligence subnational data
France,Pays-De-La-Loire,FRG,2021-07,260.290837495394,Epidemic intelligence subnational data
France,Pays-De-La-Loire,FRG,2021-08,285.196420195678,Epidemic intelligence subnational data
France,Pays-De-La-Loire,FRG,2021-09,297.531361785408,Epidemic intelligence subnational data
France,Pays-De-La-Loire,FRG,2021-10,308.321162071966,Epidemic intelligence subnational data
France,Pays-De-La-Loire,FRG,2021-11,362.76775138205,Epidemic intelligence subnational data
France,Pays-De-La-Loire,FRG,2021-12,456.78567135473,Epidemic intelligence subnational data
France,Pays-De-La-Loire,FRG,2021-13,558.476920171977,Epidemic intelligence subnational data
France,Pays-De-La-Loire,FRG,2021-14,570.261896213121,Epidemic intelligence subnational data
France,Pays-De-La-Loire,FRG,2021-15,556.565135169747,Epidemic intelligence subnational data
France,Pays-De-La-Loire,FRG,2021-16,581.575473212619,Epidemic intelligence subnational data
France,Pays-De-La-Loire,FRG,2021-17,195.290147419575,Epidemic intelligence subnational data
France,Pays-De-La-Loire,FRG,2021-18,42.5306690907053,Epidemic intelligence subnational data
France,Pays-De-La-Loire,FRG,2021-19,252.774641664709,Epidemic intelligence subnational data
France,Pays-De-La-Loire,FRG,2021-20,237.847005345927,Epidemic intelligence subnational data
France,Pays-De-La-Loire,FRG,2021-21,216.424537786693,Epidemic intelligence subnational data
France,Pays-De-La-Loire,FRG,2021-22,162.004137312256,Epidemic intelligence subnational data
France,Pays-De-La-Loire,FRG,2021-23,103.760166833359,Epidemic intelligence subnational data
France,Pays-De-La-Loire,FRG,2021-24,50.623019305624,Epidemic intelligence subnational data
France,Pays-De-La-Loire,FRG,2021-25,25.4031705775764,Epidemic intelligence subnational data
France,Pays-De-La-Loire,FRG,2021-26,21.5272229018225,Epidemic intelligence subnational data
France,Pays-De-La-Loire,FRG,2021-27,39.9117855260067,Epidemic intelligence subnational data
France,Pays-De-La-Loire,FRG,2021-28,79.8235710520134,Epidemic intelligence subnational data
France,Pays-De-La-Loire,FRG,2021-29,148.516886954058,Epidemic intelligence subnational data
France,Pays-De-La-Loire,FRG,2021-30,209.746384696711,Epidemic intelligence subnational data
France,Pays-De-La-Loire,FRG,2021-31,223.626467589614,Epidemic intelligence subnational data
France,Pays-De-La-Loire,FRG,2021-32,235.856653836756,Epidemic intelligence subnational data
France,Pays-De-La-Loire,FRG,2021-33,251.9889765953,Epidemic intelligence subnational data
France,Pays-De-La-Loire,FRG,2021-34,237.244662126046,Epidemic intelligence subnational data
France,Pays-De-La-Loire,FRG,2021-35,191.59752159335,Epidemic intelligence subnational data
France,Pays-De-La-Loire,FRG,2021-36,142.781531947368,Epidemic intelligence subnational data
France,Pays-De-La-Loire,FRG,2021-37,106.509994576292,Epidemic intelligence subnational data
France,Pays-De-La-Loire,FRG,2021-38,85.5327372230563,Epidemic intelligence subnational data
France,Pays-De-La-Loire,FRG,2021-39,82.5472099592999,Epidemic intelligence subnational data
France,Pays-De-La-Loire,FRG,2021-40,78.4093739270762,Epidemic intelligence subnational data
France,Pays-De-La-Loire,FRG,2021-41,83.5423857138854,Epidemic intelligence subnational data
France,Pays-De-La-Loire,FRG,2021-42,116.69745164297,Epidemic intelligence subnational data
France,Pays-De-La-Loire,FRG,2021-43,147.312200514296,Epidemic intelligence subnational data
France,Pays-De-La-Loire,FRG,2021-44,168.001380675415,Epidemic intelligence subnational data
France,Pays-De-La-Loire,FRG,2021-45,213.831843057641,Epidemic intelligence subnational data
France,Pays-De-La-Loire,FRG,2021-46,315.784980231357,Epidemic intelligence subnational data
France,Pays-De-La-Loire,FRG,2021-47,446.441081274171,Epidemic intelligence subnational data
France,Pays-De-La-Loire,FRG,2021-48,612.766376468179,Epidemic intelligence subnational data
France,Pays-De-La-Loire,FRG,2021-49,752.30049279532,Epidemic intelligence subnational data
France,Pays-De-La-Loire,FRG,2021-50,754.762243346137,Epidemic intelligence subnational data
France,Pays-De-La-Loire,FRG,2021-51,826.781541375349,Epidemic intelligence subnational data
France,Pays-De-La-Loire,FRG,2021-52,1774.71263645366,Epidemic intelligence subnational data
France,Pays-De-La-Loire,FRG,2022-01,3317.81121044537,Epidemic intelligence subnational data
France,Pays-De-La-Loire,FRG,2022-02,4690.13238718308,Epidemic intelligence subnational data
France,Pays-De-La-Loire,FRG,2022-03,6557.05591394977,Epidemic intelligence subnational data
France,Pays-De-La-Loire,FRG,2022-04,8057.12623097348,Epidemic intelligence subnational data
France,Bretagne,FRH,2020-51,,Epidemic intelligence subnational data
France,Bretagne,FRH,2020-52,93.9698510417076,Epidemic intelligence subnational data
France,Bretagne,FRH,2020-53,95.2799503591459,Epidemic intelligence subnational data
France,Bretagne,FRH,2021-01,139.317152415764,Epidemic intelligence subnational data
France,Bretagne,FRH,2021-02,181.061680666864,Epidemic intelligence subnational data
France,Bretagne,FRH,2021-03,196.276697739841,Epidemic intelligence subnational data
France,Bretagne,FRH,2021-04,204.554143427291,Epidemic intelligence subnational data
France,Bretagne,FRH,2021-05,212.652939207819,Epidemic intelligence subnational data
France,Bretagne,FRH,2021-06,198.956446343692,Epidemic intelligence subnational data
France,Bretagne,FRH,2021-07,196.217147770866,Epidemic intelligence subnational data
France,Bretagne,FRH,2021-08,212.355189362946,Epidemic intelligence subnational data
France,Bretagne,FRH,2021-09,217.655136601674,Epidemic intelligence subnational data
France,Bretagne,FRH,2021-10,242.785223508899,Epidemic intelligence subnational data
France,Bretagne,FRH,2021-11,297.065020229125,Epidemic intelligence subnational data
France,Bretagne,FRH,2021-12,348.933043205885,Epidemic intelligence subnational data
France,Bretagne,FRH,2021-13,392.940470278015,Epidemic intelligence subnational data
France,Bretagne,FRH,2021-14,389.694996968907,Epidemic intelligence subnational data
France,Bretagne,FRH,2021-15,379.690602181196,Epidemic intelligence subnational data
France,Bretagne,FRH,2021-16,404.165639429702,Epidemic intelligence subnational data
France,Bretagne,FRH,2021-17,168.824162042612,Epidemic intelligence subnational data
France,Bretagne,FRH,2021-18,70.388063327819,Epidemic intelligence subnational data
France,Bretagne,FRH,2021-19,200.117670738694,Epidemic intelligence subnational data
France,Bretagne,FRH,2021-20,186.004328091745,Epidemic intelligence subnational data
France,Bretagne,FRH,2021-21,166.293288361197,Epidemic intelligence subnational data
France,Bretagne,FRH,2021-22,129.163882705617,Epidemic intelligence subnational data
France,Bretagne,FRH,2021-23,91.7665021896524,Epidemic intelligence subnational data
France,Bretagne,FRH,2021-24,52.9994723872749,Epidemic intelligence subnational data
France,Bretagne,FRH,2021-25,31.8890083858266,Epidemic intelligence subnational data
France,Bretagne,FRH,2021-26,33.5564075171117,Epidemic intelligence subnational data
France,Bretagne,FRH,2021-27,47.6995251485474,Epidemic intelligence subnational data
France,Bretagne,FRH,2021-28,72.561637195387,Epidemic intelligence subnational data
France,Bretagne,FRH,2021-29,133.153730626906,Epidemic intelligence subnational data
France,Bretagne,FRH,2021-30,191.185175392524,Epidemic intelligence subnational data
France,Bretagne,FRH,2021-31,213.367538835512,Epidemic intelligence subnational data
France,Bretagne,FRH,2021-32,250.467169506605,Epidemic intelligence subnational data
France,Bretagne,FRH,2021-33,276.162981119087,Epidemic intelligence subnational data
France,Bretagne,FRH,2021-34,263.478837727526,Epidemic intelligence subnational data
France,Bretagne,FRH,2021-35,218.548386136291,Epidemic intelligence subnational data
France,Bretagne,FRH,2021-36,164.655664214399,Epidemic intelligence subnational data
France,Bretagne,FRH,2021-37,126.365034163817,Epidemic intelligence subnational data
France,Bretagne,FRH,2021-38,91.4389773602928,Epidemic intelligence subnational data
France,Bretagne,FRH,2021-39,65.8324907012724,Epidemic intelligence subnational data
France,Bretagne,FRH,2021-40,56.1853957274088,Epidemic intelligence subnational data
France,Bretagne,FRH,2021-41,61.4257929971619,Epidemic intelligence subnational data
France,Bretagne,FRH,2021-42,74.5267861715444,Epidemic intelligence subnational data
France,Bretagne,FRH,2021-43,90.5457278256758,Epidemic intelligence subnational data
France,Bretagne,FRH,2021-44,113.293815973922,Epidemic intelligence subnational data
France,Bretagne,FRH,2021-45,154.115319705918,Epidemic intelligence subnational data
France,Bretagne,FRH,2021-46,226.170782165023,Epidemic intelligence subnational data
France,Bretagne,FRH,2021-47,338.720223526764,Epidemic intelligence subnational data
France,Bretagne,FRH,2021-48,489.649619892548,Epidemic intelligence subnational data
France,Bretagne,FRH,2021-49,589.068293095419,Epidemic intelligence subnational data
France,Bretagne,FRH,2021-50,596.750239093125,Epidemic intelligence subnational data
France,Bretagne,FRH,2021-51,710.01428008256,Epidemic intelligence subnational data
France,Bretagne,FRH,2021-52,1640.27412041718,Epidemic intelligence subnational data
France,Bretagne,FRH,2022-01,3125.80764645422,Epidemic intelligence subnational data
France,Bretagne,FRH,2022-02,4283.69724319374,Epidemic intelligence subnational data
France,Bretagne,FRH,2022-03,5577.09279433465,Epidemic intelligence subnational data
France,Bretagne,FRH,2022-04,6681.89359373344,Epidemic intelligence subnational data
France,Nouvelle-Aquitaine,FRI,2020-51,,Epidemic intelligence subnational data
France,Nouvelle-Aquitaine,FRI,2020-52,156.037527432431,Epidemic intelligence subnational data
France,Nouvelle-Aquitaine,FRI,2020-53,156.718768900297,Epidemic intelligence subnational data
France,Nouvelle-Aquitaine,FRI,2021-01,226.255245559303,Epidemic intelligence subnational data
France,Nouvelle-Aquitaine,FRI,2021-02,285.323865516953,Epidemic intelligence subnational data
France,Nouvelle-Aquitaine,FRI,2021-03,311.809204535938,Epidemic intelligence subnational data
France,Nouvelle-Aquitaine,FRI,2021-04,341.301975400869,Epidemic intelligence subnational data
France,Nouvelle-Aquitaine,FRI,2021-05,335.78558107571,Epidemic intelligence subnational data
France,Nouvelle-Aquitaine,FRI,2021-06,277.065889674772,Epidemic intelligence subnational data
France,Nouvelle-Aquitaine,FRI,2021-07,226.587558470457,Epidemic intelligence subnational data
France,Nouvelle-Aquitaine,FRI,2021-08,232.020874567827,Epidemic intelligence subnational data
France,Nouvelle-Aquitaine,FRI,2021-09,230.658391632095,Epidemic intelligence subnational data
France,Nouvelle-Aquitaine,FRI,2021-10,233.183969756867,Epidemic intelligence subnational data
France,Nouvelle-Aquitaine,FRI,2021-11,288.597147691821,Epidemic intelligence subnational data
France,Nouvelle-Aquitaine,FRI,2021-12,353.747093923592,Epidemic intelligence subnational data
France,Nouvelle-Aquitaine,FRI,2021-13,419.162890484286,Epidemic intelligence subnational data
France,Nouvelle-Aquitaine,FRI,2021-14,422.801716861424,Epidemic intelligence subnational data
France,Nouvelle-Aquitaine,FRI,2021-15,400.86906472525,Epidemic intelligence subnational data
France,Nouvelle-Aquitaine,FRI,2021-16,405.089438696908,Epidemic intelligence subnational data
France,Nouvelle-Aquitaine,FRI,2021-17,119.134178648763,Epidemic intelligence subnational data
France,Nouvelle-Aquitaine,FRI,2021-18,14.7214619641288,Epidemic intelligence subnational data
France,Nouvelle-Aquitaine,FRI,2021-19,164.860435223574,Epidemic intelligence subnational data
France,Nouvelle-Aquitaine,FRI,2021-20,146.533378173422,Epidemic intelligence subnational data
France,Nouvelle-Aquitaine,FRI,2021-21,148.394330475885,Epidemic intelligence subnational data
France,Nouvelle-Aquitaine,FRI,2021-22,128.754637426675,Epidemic intelligence subnational data
France,Nouvelle-Aquitaine,FRI,2021-23,90.7048090995251,Epidemic intelligence subnational data
France,Nouvelle-Aquitaine,FRI,2021-24,56.7590452251287,Epidemic intelligence subnational data
France,Nouvelle-Aquitaine,FRI,2021-25,37.6510528337651,Epidemic intelligence subnational data
France,Nouvelle-Aquitaine,FRI,2021-26,35.275015519013,Epidemic intelligence subnational data
France,Nouvelle-Aquitaine,FRI,2021-27,48.5176850285058,Epidemic intelligence subnational data
France,Nouvelle-Aquitaine,FRI,2021-28,108.317393390695,Epidemic intelligence subnational data
France,Nouvelle-Aquitaine,FRI,2021-29,289.278389159687,Epidemic intelligence subnational data
France,Nouvelle-Aquitaine,FRI,2021-30,439.417362419132,Epidemic intelligence subnational data
France,Nouvelle-Aquitaine,FRI,2021-31,427.969182629871,Epidemic intelligence subnational data
France,Nouvelle-Aquitaine,FRI,2021-32,390.750136580607,Epidemic intelligence subnational data
France,Nouvelle-Aquitaine,FRI,2021-33,354.793879593728,Epidemic intelligence subnational data
France,Nouvelle-Aquitaine,FRI,2021-34,283.928151290105,Epidemic intelligence subnational data
France,Nouvelle-Aquitaine,FRI,2021-35,209.506674837133,Epidemic intelligence subnational data
France,Nouvelle-Aquitaine,FRI,2021-36,152.681167029774,Epidemic intelligence subnational data
France,Nouvelle-Aquitaine,FRI,2021-37,114.166100627008,Epidemic intelligence subnational data
France,Nouvelle-Aquitaine,FRI,2021-38,90.2229553783515,Epidemic intelligence subnational data
France,Nouvelle-Aquitaine,FRI,2021-39,73.4910003017401,Epidemic intelligence subnational data
France,Nouvelle-Aquitaine,FRI,2021-40,60.9295722601133,Epidemic intelligence subnational data
France,Nouvelle-Aquitaine,FRI,2021-41,66.1468849652334,Epidemic intelligence subnational data
France,Nouvelle-Aquitaine,FRI,2021-42,87.9466119369456,Epidemic intelligence subnational data
France,Nouvelle-Aquitaine,FRI,2021-43,104.72841395023,Epidemic intelligence subnational data
France,Nouvelle-Aquitaine,FRI,2021-44,123.337936974863,Epidemic intelligence subnational data
France,Nouvelle-Aquitaine,FRI,2021-45,166.056761703728,Epidemic intelligence subnational data
France,Nouvelle-Aquitaine,FRI,2021-46,281.07026025418,Epidemic intelligence subnational data
France,Nouvelle-Aquitaine,FRI,2021-47,468.411663917331,Epidemic intelligence subnational data
France,Nouvelle-Aquitaine,FRI,2021-48,698.32235149933,Epidemic intelligence subnational data
France,Nouvelle-Aquitaine,FRI,2021-49,856.835610119859,Epidemic intelligence subnational data
France,Nouvelle-Aquitaine,FRI,2021-50,835.202039603724,Epidemic intelligence subnational data
France,Nouvelle-Aquitaine,FRI,2021-51,893.074333081219,Epidemic intelligence subnational data
France,Nouvelle-Aquitaine,FRI,2021-52,1660.10237896167,Epidemic intelligence subnational data
France,Nouvelle-Aquitaine,FRI,2022-01,3053.65657188659,Epidemic intelligence subnational data
France,Nouvelle-Aquitaine,FRI,2022-02,4288.73073748211,Epidemic intelligence subnational data
France,Nouvelle-Aquitaine,FRI,2022-03,5776.87780056706,Epidemic intelligence subnational data
France,Nouvelle-Aquitaine,FRI,2022-04,7394.47735819211,Epidemic intelligence subnational data
France,Occitanie,FRJ,2020-51,,Epidemic intelligence subnational data
France,Occitanie,FRJ,2020-52,184.127624184077,Epidemic intelligence subnational data
France,Occitanie,FRJ,2020-53,197.115182674295,Epidemic intelligence subnational data
France,Occitanie,FRJ,2021-01,278.552046842578,Epidemic intelligence subnational data
France,Occitanie,FRJ,2021-02,346.463704562447,Epidemic intelligence subnational data
France,Occitanie,FRJ,2021-03,385.913623495216,Epidemic intelligence subnational data
France,Occitanie,FRJ,2021-04,433.058628829692,Epidemic intelligence subnational data
France,Occitanie,FRJ,2021-05,430.857632500819,Epidemic intelligence subnational data
France,Occitanie,FRJ,2021-06,378.621773062157,Epidemic intelligence subnational data
France,Occitanie,FRJ,2021-07,326.873157085612,Epidemic intelligence subnational data
France,Occitanie,FRJ,2021-08,307.7530515722,Epidemic intelligence subnational data
France,Occitanie,FRJ,2021-09,306.862572141435,Epidemic intelligence subnational data
France,Occitanie,FRJ,2021-10,312.373463712963,Epidemic intelligence subnational data
France,Occitanie,FRJ,2021-11,366.323076018381,Epidemic intelligence subnational data
France,Occitanie,FRJ,2021-12,477.784218352277,Epidemic intelligence subnational data
France,Occitanie,FRJ,2021-13,588.539697741039,Epidemic intelligence subnational data
France,Occitanie,FRJ,2021-14,583.98649159505,Epidemic intelligence subnational data
France,Occitanie,FRJ,2021-15,529.415223837966,Epidemic intelligence subnational data
France,Occitanie,FRJ,2021-16,530.087283785714,Epidemic intelligence subnational data
France,Occitanie,FRJ,2021-17,40.0715743844351,Epidemic intelligence subnational data
France,Occitanie,FRJ,2021-18,-107.495988642187,Epidemic intelligence subnational data
France,Occitanie,FRJ,2021-19,200.072246444383,Epidemic intelligence subnational data
France,Occitanie,FRJ,2021-20,169.54392331796,Epidemic intelligence subnational data
France,Occitanie,FRJ,2021-21,159.412619605669,Epidemic intelligence subnational data
France,Occitanie,FRJ,2021-22,135.033645001134,Epidemic intelligence subnational data
France,Occitanie,FRJ,2021-23,98.1039508724178,Epidemic intelligence subnational data
France,Occitanie,FRJ,2021-24,55.8649831564976,Epidemic intelligence subnational data
France,Occitanie,FRJ,2021-25,36.7616791417795,Epidemic intelligence subnational data
France,Occitanie,FRJ,2021-26,35.1655367658795,Epidemic intelligence subnational data
France,Occitanie,FRJ,2021-27,71.2383544612179,Epidemic intelligence subnational data
France,Occitanie,FRJ,2021-28,184.934096121374,Epidemic intelligence subnational data
France,Occitanie,FRJ,2021-29,472.239723783362,Epidemic intelligence subnational data
France,Occitanie,FRJ,2021-30,770.331913606694,Epidemic intelligence subnational data
France,Occitanie,FRJ,2021-31,844.476927341919,Epidemic intelligence subnational data
France,Occitanie,FRJ,2021-32,805.581457866042,Epidemic intelligence subnational data
France,Occitanie,FRJ,2021-33,723.438930752623,Epidemic intelligence subnational data
France,Occitanie,FRJ,2021-34,572.679082974201,Epidemic intelligence subnational data
France,Occitanie,FRJ,2021-35,411.166276031822,Epidemic intelligence subnational data
France,Occitanie,FRJ,2021-36,281.441904617892,Epidemic intelligence subnational data
France,Occitanie,FRJ,2021-37,184.581264648807,Epidemic intelligence subnational data
France,Occitanie,FRJ,2021-38,125.944034207851,Epidemic intelligence subnational data
France,Occitanie,FRJ,2021-39,98.7592093214715,Epidemic intelligence subnational data
France,Occitanie,FRJ,2021-40,79.6391038080597,Epidemic intelligence subnational data
France,Occitanie,FRJ,2021-41,72.5656728580189,Epidemic intelligence subnational data
France,Occitanie,FRJ,2021-42,82.8817930559406,Epidemic intelligence subnational data
France,Occitanie,FRJ,2021-43,95.8021455513832,Epidemic intelligence subnational data
France,Occitanie,FRJ,2021-44,115.443097524299,Epidemic intelligence subnational data
France,Occitanie,FRJ,2021-45,158.286919193192,Epidemic intelligence subnational data
France,Occitanie,FRJ,2021-46,268.840780597629,Epidemic intelligence subnational data
France,Occitanie,FRJ,2021-47,485.428900257903,Epidemic intelligence subnational data
France,Occitanie,FRJ,2021-48,785.352453438847,Epidemic intelligence subnational data
France,Occitanie,FRJ,2021-49,1049.43840990616,Epidemic intelligence subnational data
France,Occitanie,FRJ,2021-50,1157.20322252745,Epidemic intelligence subnational data
France,Occitanie,FRJ,2021-51,1268.66436486135,Epidemic intelligence subnational data
France,Occitanie,FRJ,2021-52,2033.2501659148,Epidemic intelligence subnational data
France,Occitanie,FRJ,2022-01,3405.88220469266,Epidemic intelligence subnational data
France,Occitanie,FRJ,2022-02,4702.18503490511,Epidemic intelligence subnational data
France,Occitanie,FRJ,2022-03,6378.63857456085,Epidemic intelligence subnational data
France,Occitanie,FRJ,2022-04,7681.77961474164,Epidemic intelligence subnational data
France,Auvergne-Rhone-Alpes,FRK,2020-51,,Epidemic intelligence subnational data
France,Auvergne-Rhone-Alpes,FRK,2020-52,391.771180730111,Epidemic intelligence subnational data
France,Auvergne-Rhone-Alpes,FRK,2020-53,355.251504623056,Epidemic intelligence subnational data
France,Auvergne-Rhone-Alpes,FRK,2021-01,393.953680898139,Epidemic intelligence subnational data
France,Auvergne-Rhone-Alpes,FRK,2021-02,430.609763265695,Epidemic intelligence subnational data
France,Auvergne-Rhone-Alpes,FRK,2021-03,431.887021886757,Epidemic intelligence subnational data
France,Auvergne-Rhone-Alpes,FRK,2021-04,450.525077298948,Epidemic intelligence subnational data
France,Auvergne-Rhone-Alpes,FRK,2021-05,433.58589985846,Epidemic intelligence subnational data
France,Auvergne-Rhone-Alpes,FRK,2021-06,398.827104568791,Epidemic intelligence subnational data
France,Auvergne-Rhone-Alpes,FRK,2021-07,371.248238809168,Epidemic intelligence subnational data
France,Auvergne-Rhone-Alpes,FRK,2021-08,379.234205333088,Epidemic intelligence subnational data
France,Auvergne-Rhone-Alpes,FRK,2021-09,375.600838576087,Epidemic intelligence subnational data
France,Auvergne-Rhone-Alpes,FRK,2021-10,384.306038109925,Epidemic intelligence subnational data
France,Auvergne-Rhone-Alpes,FRK,2021-11,484.043815674964,Epidemic intelligence subnational data
France,Auvergne-Rhone-Alpes,FRK,2021-12,623.103797971912,Epidemic intelligence subnational data
France,Auvergne-Rhone-Alpes,FRK,2021-13,744.939389738231,Epidemic intelligence subnational data
France,Auvergne-Rhone-Alpes,FRK,2021-14,748.275142835956,Epidemic intelligence subnational data
France,Auvergne-Rhone-Alpes,FRK,2021-15,687.140336992907,Epidemic intelligence subnational data
France,Auvergne-Rhone-Alpes,FRK,2021-16,672.681273379723,Epidemic intelligence subnational data
France,Auvergne-Rhone-Alpes,FRK,2021-17,192.332827307442,Epidemic intelligence subnational data
France,Auvergne-Rhone-Alpes,FRK,2021-18,11.3837224673264,Epidemic intelligence subnational data
France,Auvergne-Rhone-Alpes,FRK,2021-19,265.421781798097,Epidemic intelligence subnational data
France,Auvergne-Rhone-Alpes,FRK,2021-20,238.475345064437,Epidemic intelligence subnational data
France,Auvergne-Rhone-Alpes,FRK,2021-21,217.654789484218,Epidemic intelligence subnational data
France,Auvergne-Rhone-Alpes,FRK,2021-22,162.385452842744,Epidemic intelligence subnational data
France,Auvergne-Rhone-Alpes,FRK,2021-23,110.71228125086,Epidemic intelligence subnational data
France,Auvergne-Rhone-Alpes,FRK,2021-24,63.5529168246706,Epidemic intelligence subnational data
France,Auvergne-Rhone-Alpes,FRK,2021-25,37.2141079786998,Epidemic intelligence subnational data
France,Auvergne-Rhone-Alpes,FRK,2021-26,30.6046046289341,Epidemic intelligence subnational data
France,Auvergne-Rhone-Alpes,FRK,2021-27,39.9050314813249,Epidemic intelligence subnational data
France,Auvergne-Rhone-Alpes,FRK,2021-28,79.2892390589159,Epidemic intelligence subnational data
France,Auvergne-Rhone-Alpes,FRK,2021-29,219.477673147287,Epidemic intelligence subnational data
France,Auvergne-Rhone-Alpes,FRK,2021-30,367.42886351512,Epidemic intelligence subnational data
France,Auvergne-Rhone-Alpes,FRK,2021-31,407.718312639677,Epidemic intelligence subnational data
France,Auvergne-Rhone-Alpes,FRK,2021-32,430.076538792824,Epidemic intelligence subnational data
France,Auvergne-Rhone-Alpes,FRK,2021-33,428.179251714937,Epidemic intelligence subnational data
France,Auvergne-Rhone-Alpes,FRK,2021-34,372.004673526496,Epidemic intelligence subnational data
France,Auvergne-Rhone-Alpes,FRK,2021-35,300.899810097684,Epidemic intelligence subnational data
France,Auvergne-Rhone-Alpes,FRK,2021-36,230.142162604695,Epidemic intelligence subnational data
France,Auvergne-Rhone-Alpes,FRK,2021-37,167.358081066489,Epidemic intelligence subnational data
France,Auvergne-Rhone-Alpes,FRK,2021-38,123.298858924429,Epidemic intelligence subnational data
France,Auvergne-Rhone-Alpes,FRK,2021-39,103.284340338084,Epidemic intelligence subnational data
France,Auvergne-Rhone-Alpes,FRK,2021-40,87.9820380236171,Epidemic intelligence subnational data
France,Auvergne-Rhone-Alpes,FRK,2021-41,80.3680885737932,Epidemic intelligence subnational data
France,Auvergne-Rhone-Alpes,FRK,2021-42,88.8748790014466,Epidemic intelligence subnational data
France,Auvergne-Rhone-Alpes,FRK,2021-43,100.022990655179,Epidemic intelligence subnational data
France,Auvergne-Rhone-Alpes,FRK,2021-44,120.843546235398,Epidemic intelligence subnational data
France,Auvergne-Rhone-Alpes,FRK,2021-45,171.971092785275,Epidemic intelligence subnational data
France,Auvergne-Rhone-Alpes,FRK,2021-46,305.946841736248,Epidemic intelligence subnational data
France,Auvergne-Rhone-Alpes,FRK,2021-47,568.082472713168,Epidemic intelligence subnational data
France,Auvergne-Rhone-Alpes,FRK,2021-48,942.108439008917,Epidemic intelligence subnational data
France,Auvergne-Rhone-Alpes,FRK,2021-49,1254.29276702084,Epidemic intelligence subnational data
France,Auvergne-Rhone-Alpes,FRK,2021-50,1398.3501786798,Epidemic intelligence subnational data
France,Auvergne-Rhone-Alpes,FRK,2021-51,1658.55132087142,Epidemic intelligence subnational data
France,Auvergne-Rhone-Alpes,FRK,2021-52,2804.83513071316,Epidemic intelligence subnational data
France,Auvergne-Rhone-Alpes,FRK,2022-01,4674.34493373508,Epidemic intelligence subnational data
France,Auvergne-Rhone-Alpes,FRK,2022-02,6174.0573645368,Epidemic intelligence subnational data
France,Auvergne-Rhone-Alpes,FRK,2022-03,7377.79301118804,Epidemic intelligence subnational data
France,Auvergne-Rhone-Alpes,FRK,2022-04,7619.56690764279,Epidemic intelligence subnational data
France,Provence-Alpes-Cote-D'azur,FRL,2020-51,,Epidemic intelligence subnational data
France,Provence-Alpes-Cote-D'azur,FRL,2020-52,372.677388568023,Epidemic intelligence subnational data
France,Provence-Alpes-Cote-D'azur,FRL,2020-53,410.983023021588,Epidemic intelligence subnational data
France,Provence-Alpes-Cote-D'azur,FRL,2021-01,546.519977422324,Epidemic intelligence subnational data
France,Provence-Alpes-Cote-D'azur,FRL,2021-02,646.882709132024,Epidemic intelligence subnational data
France,Provence-Alpes-Cote-D'azur,FRL,2021-03,691.58902800585,Epidemic intelligence subnational data
France,Provence-Alpes-Cote-D'azur,FRL,2021-04,740.903839662264,Epidemic intelligence subnational data
France,Provence-Alpes-Cote-D'azur,FRL,2021-05,734.148655797189,Epidemic intelligence subnational data
France,Provence-Alpes-Cote-D'azur,FRL,2021-06,720.027761245412,Epidemic intelligence subnational data
France,Provence-Alpes-Cote-D'azur,FRL,2021-07,739.111648024591,Epidemic intelligence subnational data
France,Provence-Alpes-Cote-D'azur,FRL,2021-08,751.637295074703,Epidemic intelligence subnational data
France,Provence-Alpes-Cote-D'azur,FRL,2021-09,698.166962148519,Epidemic intelligence subnational data
France,Provence-Alpes-Cote-D'azur,FRL,2021-10,672.288502677062,Epidemic intelligence subnational data
France,Provence-Alpes-Cote-D'azur,FRL,2021-11,710.731998025832,Epidemic intelligence subnational data
France,Provence-Alpes-Cote-D'azur,FRL,2021-12,820.232937646305,Epidemic intelligence subnational data
France,Provence-Alpes-Cote-D'azur,FRL,2021-13,956.656140659077,Epidemic intelligence subnational data
France,Provence-Alpes-Cote-D'azur,FRL,2021-14,904.308389308139,Epidemic intelligence subnational data
France,Provence-Alpes-Cote-D'azur,FRL,2021-15,792.916785981989,Epidemic intelligence subnational data
France,Provence-Alpes-Cote-D'azur,FRL,2021-16,782.340885878357,Epidemic intelligence subnational data
France,Provence-Alpes-Cote-D'azur,FRL,2021-17,-324.347297591649,Epidemic intelligence subnational data
France,Provence-Alpes-Cote-D'azur,FRL,2021-18,-575.844959273922,Epidemic intelligence subnational data
France,Provence-Alpes-Cote-D'azur,FRL,2021-19,224.457231808369,Epidemic intelligence subnational data
France,Provence-Alpes-Cote-D'azur,FRL,2021-20,167.500987674842,Epidemic intelligence subnational data
France,Provence-Alpes-Cote-D'azur,FRL,2021-21,143.670747217869,Epidemic intelligence subnational data
France,Provence-Alpes-Cote-D'azur,FRL,2021-22,112.730823451005,Epidemic intelligence subnational data
France,Provence-Alpes-Cote-D'azur,FRL,2021-23,81.1015952081128,Epidemic intelligence subnational data
France,Provence-Alpes-Cote-D'azur,FRL,2021-24,49.5905334468257,Epidemic intelligence subnational data
France,Provence-Alpes-Cote-D'azur,FRL,2021-25,32.0625053421097,Epidemic intelligence subnational data
France,Provence-Alpes-Cote-D'azur,FRL,2021-26,34.3864461470046,Epidemic intelligence subnational data
France,Provence-Alpes-Cote-D'azur,FRL,2021-27,66.8231453475296,Epidemic intelligence subnational data
France,Provence-Alpes-Cote-D'azur,FRL,2021-28,163.365160818673,Epidemic intelligence subnational data
France,Provence-Alpes-Cote-D'azur,FRL,2021-29,489.937927147213,Epidemic intelligence subnational data
France,Provence-Alpes-Cote-D'azur,FRL,2021-30,939.147806967962,Epidemic intelligence subnational data
France,Provence-Alpes-Cote-D'azur,FRL,2021-31,1154.01385935274,Epidemic intelligence subnational data
France,Provence-Alpes-Cote-D'azur,FRL,2021-32,1180.24681826901,Epidemic intelligence subnational data
France,Provence-Alpes-Cote-D'azur,FRL,2021-33,1135.00875022796,Epidemic intelligence subnational data
France,Provence-Alpes-Cote-D'azur,FRL,2021-34,1008.19642105238,Epidemic intelligence subnational data
France,Provence-Alpes-Cote-D'azur,FRL,2021-35,810.050925814689,Epidemic intelligence subnational data
France,Provence-Alpes-Cote-D'azur,FRL,2021-36,584.412029190272,Epidemic intelligence subnational data
France,Provence-Alpes-Cote-D'azur,FRL,2021-37,405.606448108568,Epidemic intelligence subnational data
France,Provence-Alpes-Cote-D'azur,FRL,2021-38,271.448102659888,Epidemic intelligence subnational data
France,Provence-Alpes-Cote-D'azur,FRL,2021-39,194.659584030352,Epidemic intelligence subnational data
France,Provence-Alpes-Cote-D'azur,FRL,2021-40,155.802505995964,Epidemic intelligence subnational data
France,Provence-Alpes-Cote-D'azur,FRL,2021-41,141.9770276482,Epidemic intelligence subnational data
France,Provence-Alpes-Cote-D'azur,FRL,2021-42,145.246300305933,Epidemic intelligence subnational data
France,Provence-Alpes-Cote-D'azur,FRL,2021-43,146.782464566796,Epidemic intelligence subnational data
France,Provence-Alpes-Cote-D'azur,FRL,2021-44,161.966857453016,Epidemic intelligence subnational data
France,Provence-Alpes-Cote-D'azur,FRL,2021-45,214.19644232235,Epidemic intelligence subnational data
France,Provence-Alpes-Cote-D'azur,FRL,2021-46,357.059718582585,Epidemic intelligence subnational data
France,Provence-Alpes-Cote-D'azur,FRL,2021-47,617.951615552442,Epidemic intelligence subnational data
France,Provence-Alpes-Cote-D'azur,FRL,2021-48,946.139323796248,Epidemic intelligence subnational data
France,Provence-Alpes-Cote-D'azur,FRL,2021-49,1303.12026472443,Epidemic intelligence subnational data
France,Provence-Alpes-Cote-D'azur,FRL,2021-50,1626.91611873526,Epidemic intelligence subnational data
France,Provence-Alpes-Cote-D'azur,FRL,2021-51,1924.1442087986,Epidemic intelligence subnational data
France,Provence-Alpes-Cote-D'azur,FRL,2021-52,2674.40289492124,Epidemic intelligence subnational data
France,Provence-Alpes-Cote-D'azur,FRL,2022-01,4063.01660908677,Epidemic intelligence subnational data
France,Provence-Alpes-Cote-D'azur,FRL,2022-02,5497.91219521418,Epidemic intelligence subnational data
France,Provence-Alpes-Cote-D'azur,FRL,2022-03,6987.28252936142,Epidemic intelligence subnational data
France,Provence-Alpes-Cote-D'azur,FRL,2022-04,7554.16653044697,Epidemic intelligence subnational data
France,Corse,FRM,2020-51,,Epidemic intelligence subnational data
France,Corse,FRM,2020-52,57.2474390444882,Epidemic intelligence subnational data
France,Corse,FRM,2020-53,101.194968007934,Epidemic intelligence subnational data
France,Corse,FRM,2021-01,146.877267851515,Epidemic intelligence subnational data
France,Corse,FRM,2021-02,170.585803213374,Epidemic intelligence subnational data
France,Corse,FRM,2021-03,182.150942414281,Epidemic intelligence subnational data
France,Corse,FRM,2021-04,206.148606256162,Epidemic intelligence subnational data
France,Corse,FRM,2021-05,228.122370737885,Epidemic intelligence subnational data
France,Corse,FRM,2021-06,212.509432816661,Epidemic intelligence subnational data
France,Corse,FRM,2021-07,201.233422095777,Epidemic intelligence subnational data
France,Corse,FRM,2021-08,250.38526369963,Epidemic intelligence subnational data
France,Corse,FRM,2021-09,294.043664183053,Epidemic intelligence subnational data
France,Corse,FRM,2021-10,300.693619223574,Epidemic intelligence subnational data
France,Corse,FRM,2021-11,295.778435063189,Epidemic intelligence subnational data
France,Corse,FRM,2021-12,293.176278742985,Epidemic intelligence subnational data
France,Corse,FRM,2021-13,309.656602104277,Epidemic intelligence subnational data
France,Corse,FRM,2021-14,291.152379382826,Epidemic intelligence subnational data
France,Corse,FRM,2021-15,306.476188824028,Epidemic intelligence subnational data
France,Corse,FRM,2021-16,326.136925465569,Epidemic intelligence subnational data
France,Corse,FRM,2021-17,54.0670257642389,Epidemic intelligence subnational data
France,Corse,FRM,2021-18,-13.5890385610654,Epidemic intelligence subnational data
France,Corse,FRM,2021-19,112.181850248795,Epidemic intelligence subnational data
France,Corse,FRM,2021-20,57.5365675245109,Epidemic intelligence subnational data
France,Corse,FRM,2021-21,49.7300985638988,Epidemic intelligence subnational data
France,Corse,FRM,2021-22,39.8997302431281,Epidemic intelligence subnational data
France,Corse,FRM,2021-23,35.8519315228108,Epidemic intelligence subnational data
France,Corse,FRM,2021-24,22.5520214417681,Epidemic intelligence subnational data
France,Corse,FRM,2021-25,11.5651392009067,Epidemic intelligence subnational data
France,Corse,FRM,2021-26,10.408625280816,Epidemic intelligence subnational data
France,Corse,FRM,2021-27,45.6822998435815,Epidemic intelligence subnational data
France,Corse,FRM,2021-28,202.389936015867,Epidemic intelligence subnational data
France,Corse,FRM,2021-29,628.854444049302,Epidemic intelligence subnational data
France,Corse,FRM,2021-30,1113.72290504732,Epidemic intelligence subnational data
France,Corse,FRM,2021-31,1273.61095449985,Epidemic intelligence subnational data
France,Corse,FRM,2021-32,1160.56171881099,Epidemic intelligence subnational data
France,Corse,FRM,2021-33,902.659114630769,Epidemic intelligence subnational data
France,Corse,FRM,2021-34,607.458936527625,Epidemic intelligence subnational data
France,Corse,FRM,2021-35,381.649593629921,Epidemic intelligence subnational data
France,Corse,FRM,2021-36,261.083017460469,Epidemic intelligence subnational data
France,Corse,FRM,2021-37,205.281220816094,Epidemic intelligence subnational data
France,Corse,FRM,2021-38,137.336028010767,Epidemic intelligence subnational data
France,Corse,FRM,2021-39,99.7493256078204,Epidemic intelligence subnational data
France,Corse,FRM,2021-40,102.351481928024,Epidemic intelligence subnational data
France,Corse,FRM,2021-41,109.868822408614,Epidemic intelligence subnational data
France,Corse,FRM,2021-42,106.399280648342,Epidemic intelligence subnational data
France,Corse,FRM,2021-43,135.312128650609,Epidemic intelligence subnational data
France,Corse,FRM,2021-44,192.270439215074,Epidemic intelligence subnational data
France,Corse,FRM,2021-45,283.92416738226,Epidemic intelligence subnational data
France,Corse,FRM,2021-46,466.942495236608,Epidemic intelligence subnational data
France,Corse,FRM,2021-47,659.791191411728,Epidemic intelligence subnational data
France,Corse,FRM,2021-48,805.801073823175,Epidemic intelligence subnational data
France,Corse,FRM,2021-49,1047.51248312213,Epidemic intelligence subnational data
France,Corse,FRM,2021-50,1255.39586025842,Epidemic intelligence subnational data
France,Corse,FRM,2021-51,1578.64150092377,Epidemic intelligence subnational data
France,Corse,FRM,2021-52,3086.15739576196,Epidemic intelligence subnational data
France,Corse,FRM,2022-01,4705.56601236892,Epidemic intelligence subnational data
France,Corse,FRM,2022-02,4945.25352230771,Epidemic intelligence subnational data
France,Corse,FRM,2022-03,5079.1200085582,Epidemic intelligence subnational data
France,Corse,FRM,2022-04,5205.46915432811,Epidemic intelligence subnational data
France,Guadeloupe,FRY1,2020-51,,Epidemic intelligence subnational data
France,Guadeloupe,FRY1,2020-52,33.4397914132431,Epidemic intelligence subnational data
France,Guadeloupe,FRY1,2020-53,37.3168686785467,Epidemic intelligence subnational data
France,Guadeloupe,FRY1,2021-01,52.3405430815979,Epidemic intelligence subnational data
France,Guadeloupe,FRY1,2021-02,56.2176203469015,Epidemic intelligence subnational data
France,Guadeloupe,FRY1,2021-03,53.5521297270053,Epidemic intelligence subnational data
France,Guadeloupe,FRY1,2021-04,55.7329856887385,Epidemic intelligence subnational data
France,Guadeloupe,FRY1,2021-05,61.3062842576124,Epidemic intelligence subnational data
France,Guadeloupe,FRY1,2021-06,78.2684972933154,Epidemic intelligence subnational data
France,Guadeloupe,FRY1,2021-07,90.6266810764705,Epidemic intelligence subnational data
France,Guadeloupe,FRY1,2021-08,139.817098880009,Epidemic intelligence subnational data
France,Guadeloupe,FRY1,2021-09,204.758143073844,Epidemic intelligence subnational data
France,Guadeloupe,FRY1,2021-10,181.495679482023,Epidemic intelligence subnational data
France,Guadeloupe,FRY1,2021-11,173.014572964171,Epidemic intelligence subnational data
France,Guadeloupe,FRY1,2021-12,196.034719226911,Epidemic intelligence subnational data
France,Guadeloupe,FRY1,2021-13,195.792401897829,Epidemic intelligence subnational data
France,Guadeloupe,FRY1,2021-14,243.044281068716,Epidemic intelligence subnational data
France,Guadeloupe,FRY1,2021-15,340.940482017631,Epidemic intelligence subnational data
France,Guadeloupe,FRY1,2021-16,446.590837497153,Epidemic intelligence subnational data
France,Guadeloupe,FRY1,2021-17,303.138978680921,Epidemic intelligence subnational data
France,Guadeloupe,FRY1,2021-18,203.304239099355,Epidemic intelligence subnational data
France,Guadeloupe,FRY1,2021-19,248.859896966672,Epidemic intelligence subnational data
France,Guadeloupe,FRY1,2021-20,191.673007303444,Epidemic intelligence subnational data
France,Guadeloupe,FRY1,2021-21,145.875032107046,Epidemic intelligence subnational data
France,Guadeloupe,FRY1,2021-22,110.012067402988,Epidemic intelligence subnational data
France,Guadeloupe,FRY1,2021-23,91.1113157346335,Epidemic intelligence subnational data
France,Guadeloupe,FRY1,2021-24,68.0911694718936,Epidemic intelligence subnational data
France,Guadeloupe,FRY1,2021-25,66.6372654974048,Epidemic intelligence subnational data
France,Guadeloupe,FRY1,2021-26,67.8488521428121,Epidemic intelligence subnational data
France,Guadeloupe,FRY1,2021-27,74.8760546861748,Epidemic intelligence subnational data
France,Guadeloupe,FRY1,2021-28,116.070000630025,Epidemic intelligence subnational data
France,Guadeloupe,FRY1,2021-29,301.20044004827,Epidemic intelligence subnational data
France,Guadeloupe,FRY1,2021-30,924.440610445815,Epidemic intelligence subnational data
France,Guadeloupe,FRY1,2021-31,2308.55719415918,Epidemic intelligence subnational data
France,Guadeloupe,FRY1,2021-32,3614.40528057924,Epidemic intelligence subnational data
France,Guadeloupe,FRY1,2021-33,3983.45457277032,Epidemic intelligence subnational data
France,Guadeloupe,FRY1,2021-34,3062.40640493164,Epidemic intelligence subnational data
France,Guadeloupe,FRY1,2021-35,1638.792096578,Epidemic intelligence subnational data
France,Guadeloupe,FRY1,2021-36,822.667332231597,Epidemic intelligence subnational data
France,Guadeloupe,FRY1,2021-37,431.567163094102,Epidemic intelligence subnational data
France,Guadeloupe,FRY1,2021-38,289.084573594196,Epidemic intelligence subnational data
France,Guadeloupe,FRY1,2021-39,195.065449910585,Epidemic intelligence subnational data
France,Guadeloupe,FRY1,2021-40,142.482589499906,Epidemic intelligence subnational data
France,Guadeloupe,FRY1,2021-41,117.281587275432,Epidemic intelligence subnational data
France,Guadeloupe,FRY1,2021-42,93.5344890254482,Epidemic intelligence subnational data
France,Guadeloupe,FRY1,2021-43,92.0805850509593,Epidemic intelligence subnational data
France,Guadeloupe,FRY1,2021-44,92.0805850509593,Epidemic intelligence subnational data
France,Guadeloupe,FRY1,2021-45,102.257912872381,Epidemic intelligence subnational data
France,Guadeloupe,FRY1,2021-46,96.9269316325888,Epidemic intelligence subnational data
France,Guadeloupe,FRY1,2021-47,80.4493532550487,Epidemic intelligence subnational data
France,Guadeloupe,FRY1,2021-48,73.9067853698489,Epidemic intelligence subnational data
France,Guadeloupe,FRY1,2021-49,78.5108146223969,Epidemic intelligence subnational data
France,Guadeloupe,FRY1,2021-50,95.7153449871814,Epidemic intelligence subnational data
France,Guadeloupe,FRY1,2021-51,203.546556428436,Epidemic intelligence subnational data
France,Guadeloupe,FRY1,2021-52,1114.90203110385,Epidemic intelligence subnational data
France,Guadeloupe,FRY1,2022-01,3619.97857914811,Epidemic intelligence subnational data
France,Guadeloupe,FRY1,2022-02,6838.43734400822,Epidemic intelligence subnational data
France,Guadeloupe,FRY1,2022-03,7671.28200406124,Epidemic intelligence subnational data
France,Guadeloupe,FRY1,2022-04,5808.34637808288,Epidemic intelligence subnational data
France,Martinique,FRY2,2020-51,,Epidemic intelligence subnational data
France,Martinique,FRY2,2020-52,38.3524030003807,Epidemic intelligence subnational data
France,Martinique,FRY2,2020-53,34.4615795075885,Epidemic intelligence subnational data
France,Martinique,FRY2,2021-01,46.1340499859652,Epidemic intelligence subnational data
France,Martinique,FRY2,2021-02,44.46655420334,Epidemic intelligence subnational data
France,Martinique,FRY2,2021-03,40.5757307105478,Epidemic intelligence subnational data
France,Martinique,FRY2,2021-04,42.243226493173,Epidemic intelligence subnational data
France,Martinique,FRY2,2021-05,40.8536466743186,Epidemic intelligence subnational data
France,Martinique,FRY2,2021-06,38.9082349279225,Epidemic intelligence subnational data
France,Martinique,FRY2,2021-07,35.8511593264429,Epidemic intelligence subnational data
France,Martinique,FRY2,2021-08,50.3027894425284,Epidemic intelligence subnational data
France,Martinique,FRY2,2021-09,66.69983130501,Epidemic intelligence subnational data
France,Martinique,FRY2,2021-10,90.8785201530761,Epidemic intelligence subnational data
France,Martinique,FRY2,2021-11,179.255796632214,Epidemic intelligence subnational data
France,Martinique,FRY2,2021-12,283.752199010063,Epidemic intelligence subnational data
France,Martinique,FRY2,2021-13,357.955761336887,Epidemic intelligence subnational data
France,Martinique,FRY2,2021-14,442.998046250775,Epidemic intelligence subnational data
France,Martinique,FRY2,2021-15,456.615928475548,Epidemic intelligence subnational data
France,Martinique,FRY2,2021-16,403.811895359081,Epidemic intelligence subnational data
France,Martinique,FRY2,2021-17,172.307897537943,Epidemic intelligence subnational data
France,Martinique,FRY2,2021-18,26.1241005944623,Epidemic intelligence subnational data
France,Martinique,FRY2,2021-19,80.039797566012,Epidemic intelligence subnational data
France,Martinique,FRY2,2021-20,58.0844364281129,Epidemic intelligence subnational data
France,Martinique,FRY2,2021-21,49.7469575149866,Epidemic intelligence subnational data
France,Martinique,FRY2,2021-22,41.1315626380895,Epidemic intelligence subnational data
France,Martinique,FRY2,2021-23,37.2407391452973,Epidemic intelligence subnational data
France,Martinique,FRY2,2021-24,44.46655420334,Epidemic intelligence subnational data
France,Martinique,FRY2,2021-25,55.583192754175,Epidemic intelligence subnational data
France,Martinique,FRY2,2021-26,132.010082791166,Epidemic intelligence subnational data
France,Martinique,FRY2,2021-27,356.566181518033,Epidemic intelligence subnational data
France,Martinique,FRY2,2021-28,829.579151856062,Epidemic intelligence subnational data
France,Martinique,FRY2,2021-29,1566.89020374019,Epidemic intelligence subnational data
France,Martinique,FRY2,2021-30,2081.86848460762,Epidemic intelligence subnational data
France,Martinique,FRY2,2021-31,2266.96051647903,Epidemic intelligence subnational data
France,Martinique,FRY2,2021-32,2338.38491916814,Epidemic intelligence subnational data
France,Martinique,FRY2,2021-33,2096.59803068748,Epidemic intelligence subnational data
France,Martinique,FRY2,2021-34,1597.46095975499,Epidemic intelligence subnational data
France,Martinique,FRY2,2021-35,1108.05094755448,Epidemic intelligence subnational data
France,Martinique,FRY2,2021-36,744.536866942174,Epidemic intelligence subnational data
France,Martinique,FRY2,2021-37,521.926179961703,Epidemic intelligence subnational data
France,Martinique,FRY2,2021-38,393.529004699559,Epidemic intelligence subnational data
France,Martinique,FRY2,2021-39,304.595896292879,Epidemic intelligence subnational data
France,Martinique,FRY2,2021-40,289.588434249252,Epidemic intelligence subnational data
France,Martinique,FRY2,2021-41,284.863862865147,Epidemic intelligence subnational data
France,Martinique,FRY2,2021-42,265.965577328727,Epidemic intelligence subnational data
France,Martinique,FRY2,2021-43,253.737274922809,Epidemic intelligence subnational data
France,Martinique,FRY2,2021-44,209.54863668324,Epidemic intelligence subnational data
France,Martinique,FRY2,2021-45,209.270720719469,Epidemic intelligence subnational data
France,Martinique,FRY2,2021-46,283.196367082522,Epidemic intelligence subnational data
France,Martinique,FRY2,2021-47,309.042551713213,Epidemic intelligence subnational data
France,Martinique,FRY2,2021-48,322.104602010444,Epidemic intelligence subnational data
France,Martinique,FRY2,2021-49,342.94829929326,Epidemic intelligence subnational data
France,Martinique,FRY2,2021-50,336.834148090301,Epidemic intelligence subnational data
France,Martinique,FRY2,2021-51,424.099760714355,Epidemic intelligence subnational data
France,Martinique,FRY2,2021-52,1010.78036023467,Epidemic intelligence subnational data
France,Martinique,FRY2,2022-01,2578.22639590241,Epidemic intelligence subnational data
France,Martinique,FRY2,2022-02,4653.42489737953,Epidemic intelligence subnational data
France,Martinique,FRY2,2022-03,6042.17096834259,Epidemic intelligence subnational data
France,Martinique,FRY2,2022-04,6063.29258158918,Epidemic intelligence subnational data
France,Guyane,FRY3,2020-51,,Epidemic intelligence subnational data
France,Guyane,FRY3,2020-52,464.44464500184,Epidemic intelligence subnational data
France,Guyane,FRY3,2020-53,316.572134709774,Epidemic intelligence subnational data
France,Guyane,FRY3,2021-01,472.081253514576,Epidemic intelligence subnational data
France,Guyane,FRY3,2021-02,585.936144068091,Epidemic intelligence subnational data
France,Guyane,FRY3,2021-03,523.454801691162,Epidemic intelligence subnational data
France,Guyane,FRY3,2021-04,379.747714224225,Epidemic intelligence subnational data
France,Guyane,FRY3,2021-05,233.610796775963,Epidemic intelligence subnational data
France,Guyane,FRY3,2021-06,130.51658185403,Epidemic intelligence subnational data
France,Guyane,FRY3,2021-07,69.4237137521435,Epidemic intelligence subnational data
France,Guyane,FRY3,2021-08,56.9274452767576,Epidemic intelligence subnational data
France,Guyane,FRY3,2021-09,55.5389710017148,Epidemic intelligence subnational data
France,Guyane,FRY3,2021-10,49.6379553327826,Epidemic intelligence subnational data
France,Guyane,FRY3,2021-11,62.1342238081684,Epidemic intelligence subnational data
France,Guyane,FRY3,2021-12,82.6142193650507,Epidemic intelligence subnational data
France,Guyane,FRY3,2021-13,131.210818991551,Epidemic intelligence subnational data
France,Guyane,FRY3,2021-14,218.684698319252,Epidemic intelligence subnational data
France,Guyane,FRY3,2021-15,333.92806314781,Epidemic intelligence subnational data
France,Guyane,FRY3,2021-16,467.221593551926,Epidemic intelligence subnational data
France,Guyane,FRY3,2021-17,313.100949022167,Epidemic intelligence subnational data
France,Guyane,FRY3,2021-18,334.622300285331,Epidemic intelligence subnational data
France,Guyane,FRY3,2021-19,655.359857820234,Epidemic intelligence subnational data
France,Guyane,FRY3,2021-20,774.0744083364,Epidemic intelligence subnational data
France,Guyane,FRY3,2021-21,749.428989954389,Epidemic intelligence subnational data
France,Guyane,FRY3,2021-22,654.318502113952,Epidemic intelligence subnational data
France,Guyane,FRY3,2021-23,598.432412543477,Epidemic intelligence subnational data
France,Guyane,FRY3,2021-24,595.30834542463,Epidemic intelligence subnational data
France,Guyane,FRY3,2021-25,549.488694348216,Epidemic intelligence subnational data
France,Guyane,FRY3,2021-26,430.427025263289,Epidemic intelligence subnational data
France,Guyane,FRY3,2021-27,377.3178842429,Epidemic intelligence subnational data
France,Guyane,FRY3,2021-28,382.524662774311,Epidemic intelligence subnational data
France,Guyane,FRY3,2021-29,437.022278069743,Epidemic intelligence subnational data
France,Guyane,FRY3,2021-30,463.056170726797,Epidemic intelligence subnational data
France,Guyane,FRY3,2021-31,482.147692008636,Epidemic intelligence subnational data
France,Guyane,FRY3,2021-32,625.507660906813,Epidemic intelligence subnational data
France,Guyane,FRY3,2021-33,796.637115305846,Epidemic intelligence subnational data
France,Guyane,FRY3,2021-34,893.830314558847,Epidemic intelligence subnational data
France,Guyane,FRY3,2021-35,905.285227327951,Epidemic intelligence subnational data
France,Guyane,FRY3,2021-36,850.440493463757,Epidemic intelligence subnational data
France,Guyane,FRY3,2021-37,916.045902959533,Epidemic intelligence subnational data
France,Guyane,FRY3,2021-38,1047.95095908861,Epidemic intelligence subnational data
France,Guyane,FRY3,2021-39,1053.85197475754,Epidemic intelligence subnational data
France,Guyane,FRY3,2021-40,900.07844879654,Epidemic intelligence subnational data
France,Guyane,FRY3,2021-41,661.607992057927,Epidemic intelligence subnational data
France,Guyane,FRY3,2021-42,504.710398978083,Epidemic intelligence subnational data
France,Guyane,FRY3,2021-43,419.319231062947,Epidemic intelligence subnational data
France,Guyane,FRY3,2021-44,328.374166047639,Epidemic intelligence subnational data
France,Guyane,FRY3,2021-45,245.065709545066,Epidemic intelligence subnational data
France,Guyane,FRY3,2021-46,185.361315718223,Epidemic intelligence subnational data
France,Guyane,FRY3,2021-47,171.823691536555,Epidemic intelligence subnational data
France,Guyane,FRY3,2021-48,183.97284144318,Epidemic intelligence subnational data
France,Guyane,FRY3,2021-49,198.20470276237,Epidemic intelligence subnational data
France,Guyane,FRY3,2021-50,216.254868337927,Epidemic intelligence subnational data
France,Guyane,FRY3,2021-51,281.513159264942,Epidemic intelligence subnational data
France,Guyane,FRY3,2021-52,970.890636823726,Epidemic intelligence subnational data
France,Guyane,FRY3,2022-01,4237.62348743084,Epidemic intelligence subnational data
France,Guyane,FRY3,2022-02,6621.28669911068,Epidemic intelligence subnational data
France,Guyane,FRY3,2022-03,4816.96437869247,Epidemic intelligence subnational data
France,Guyane,FRY3,2022-04,2394.07676874267,Epidemic intelligence subnational data
France,La Reunion,FRY4,2020-51,,Epidemic intelligence subnational data
France,La Reunion,FRY4,2020-52,46.7988861631682,Epidemic intelligence subnational data
France,La Reunion,FRY4,2020-53,38.2793881833396,Epidemic intelligence subnational data
France,La Reunion,FRY4,2021-01,55.0849732394399,Epidemic intelligence subnational data
France,La Reunion,FRY4,2021-02,59.1696640516865,Epidemic intelligence subnational data
France,La Reunion,FRY4,2021-03,65.8218748030595,Epidemic intelligence subnational data
France,La Reunion,FRY4,2021-04,79.8265290164765,Epidemic intelligence subnational data
France,La Reunion,FRY4,2021-05,105.385022955962,Epidemic intelligence subnational data
France,La Reunion,FRY4,2021-06,138.295960357492,Epidemic intelligence subnational data
France,La Reunion,FRY4,2021-07,164.671392459427,Epidemic intelligence subnational data
France,La Reunion,FRY4,2021-08,196.065158987837,Epidemic intelligence subnational data
France,La Reunion,FRY4,2021-09,228.509274582253,Epidemic intelligence subnational data
France,La Reunion,FRY4,2021-10,231.543616328493,Epidemic intelligence subnational data
France,La Reunion,FRY4,2021-11,230.843383617822,Epidemic intelligence subnational data
France,La Reunion,FRY4,2021-12,255.46823394308,Epidemic intelligence subnational data
France,La Reunion,FRY4,2021-13,248.465906836372,Epidemic intelligence subnational data
France,La Reunion,FRY4,2021-14,232.360554490943,Epidemic intelligence subnational data
France,La Reunion,FRY4,2021-15,226.175165546683,Epidemic intelligence subnational data
France,La Reunion,FRY4,2021-16,250.683310420163,Epidemic intelligence subnational data
France,La Reunion,FRY4,2021-17,146.582047433764,Epidemic intelligence subnational data
France,La Reunion,FRY4,2021-18,143.431000235745,Epidemic intelligence subnational data
France,La Reunion,FRY4,2021-19,246.248503252581,Epidemic intelligence subnational data
France,La Reunion,FRY4,2021-20,262.703971953346,Epidemic intelligence subnational data
France,La Reunion,FRY4,2021-21,292.580567608635,Epidemic intelligence subnational data
France,La Reunion,FRY4,2021-22,281.260138786123,Epidemic intelligence subnational data
France,La Reunion,FRY4,2021-23,276.94203707032,Epidemic intelligence subnational data
France,La Reunion,FRY4,2021-24,263.520910115795,Epidemic intelligence subnational data
France,La Reunion,FRY4,2021-25,270.990059029618,Epidemic intelligence subnational data
France,La Reunion,FRY4,2021-26,288.962698603503,Epidemic intelligence subnational data
France,La Reunion,FRY4,2021-27,315.104719801881,Epidemic intelligence subnational data
France,La Reunion,FRY4,2021-28,348.132362655189,Epidemic intelligence subnational data
France,La Reunion,FRY4,2021-29,493.780766474725,Epidemic intelligence subnational data
France,La Reunion,FRY4,2021-30,693.230383564138,Epidemic intelligence subnational data
France,La Reunion,FRY4,2021-31,793.130250286512,Epidemic intelligence subnational data
France,La Reunion,FRY4,2021-32,752.049931260489,Epidemic intelligence subnational data
France,La Reunion,FRY4,2021-33,564.504270252481,Epidemic intelligence subnational data
France,La Reunion,FRY4,2021-34,427.258658960995,Epidemic intelligence subnational data
France,La Reunion,FRY4,2021-35,360.736551447264,Epidemic intelligence subnational data
France,La Reunion,FRY4,2021-36,269.006066349383,Epidemic intelligence subnational data
France,La Reunion,FRY4,2021-37,179.376279383515,Epidemic intelligence subnational data
France,La Reunion,FRY4,2021-38,122.307313463841,Epidemic intelligence subnational data
France,La Reunion,FRY4,2021-39,86.8288561231849,Epidemic intelligence subnational data
France,La Reunion,FRY4,2021-40,63.1376494121546,Epidemic intelligence subnational data
France,La Reunion,FRY4,2021-41,57.8859040821233,Epidemic intelligence subnational data
France,La Reunion,FRY4,2021-42,57.7691986303448,Epidemic intelligence subnational data
France,La Reunion,FRY4,2021-43,87.0622670267419,Epidemic intelligence subnational data
France,La Reunion,FRY4,2021-44,152.300614570909,Epidemic intelligence subnational data
France,La Reunion,FRY4,2021-45,257.685637526871,Epidemic intelligence subnational data
France,La Reunion,FRY4,2021-46,387.1119835492,Epidemic intelligence subnational data
France,La Reunion,FRY4,2021-47,474.29095602772,Epidemic intelligence subnational data
France,La Reunion,FRY4,2021-48,554.467601399532,Epidemic intelligence subnational data
France,La Reunion,FRY4,2021-49,687.861932782328,Epidemic intelligence subnational data
France,La Reunion,FRY4,2021-50,921.739658146391,Epidemic intelligence subnational data
France,La Reunion,FRY4,2021-51,1192.49630627245,Epidemic intelligence subnational data
France,La Reunion,FRY4,2021-52,1787.69411034267,Epidemic intelligence subnational data
France,La Reunion,FRY4,2022-01,3509.21622952695,Epidemic intelligence subnational data
France,La Reunion,FRY4,2022-02,6178.85343895955,Epidemic intelligence subnational data
France,La Reunion,FRY4,2022-03,9076.29969026373,Epidemic intelligence subnational data
France,La Reunion,FRY4,2022-04,10616.2281264807,Epidemic intelligence subnational data
France,Mayotte,FRY5,2020-51,,Epidemic intelligence subnational data
France,Mayotte,FRY5,2020-52,105.404300782286,Epidemic intelligence subnational data
France,Mayotte,FRY5,2020-53,105.762818812158,Epidemic intelligence subnational data
France,Mayotte,FRY5,2021-01,133.727225142152,Epidemic intelligence subnational data
France,Mayotte,FRY5,2021-02,262.076679836229,Epidemic intelligence subnational data
France,Mayotte,FRY5,2021-03,447.789019309781,Epidemic intelligence subnational data
France,Mayotte,FRY5,2021-04,608.763614722184,Epidemic intelligence subnational data
France,Mayotte,FRY5,2021-05,1239.39682926654,Epidemic intelligence subnational data
France,Mayotte,FRY5,2021-06,1790.08052314951,Epidemic intelligence subnational data
France,Mayotte,FRY5,2021-07,1776.81535604426,Epidemic intelligence subnational data
France,Mayotte,FRY5,2021-08,1443.03507023368,Epidemic intelligence subnational data
France,Mayotte,FRY5,2021-09,845.385514437521,Epidemic intelligence subnational data
France,Mayotte,FRY5,2021-10,464.639366713752,Epidemic intelligence subnational data
France,Mayotte,FRY5,2021-11,323.383262944293,Epidemic intelligence subnational data
France,Mayotte,FRY5,2021-12,220.130070341238,Epidemic intelligence subnational data
France,Mayotte,FRY5,2021-13,138.746477560357,Epidemic intelligence subnational data
France,Mayotte,FRY5,2021-14,110.065035170619,Epidemic intelligence subnational data
France,Mayotte,FRY5,2021-15,101.819120483569,Epidemic intelligence subnational data
France,Mayotte,FRY5,2021-16,120.462058036899,Epidemic intelligence subnational data
France,Mayotte,FRY5,2021-17,-241.999670163413,Epidemic intelligence subnational data
France,Mayotte,FRY5,2021-18,-287.889977986993,Epidemic intelligence subnational data
France,Mayotte,FRY5,2021-19,26.8888522403792,Epidemic intelligence subnational data
France,Mayotte,FRY5,2021-20,32.266622688455,Epidemic intelligence subnational data
France,Mayotte,FRY5,2021-21,30.1155145092247,Epidemic intelligence subnational data
France,Mayotte,FRY5,2021-22,15.4162752844841,Epidemic intelligence subnational data
France,Mayotte,FRY5,2021-23,17.2088654338427,Epidemic intelligence subnational data
France,Mayotte,FRY5,2021-24,15.0577572546123,Epidemic intelligence subnational data
France,Mayotte,FRY5,2021-25,12.5481310455103,Epidemic intelligence subnational data
France,Mayotte,FRY5,2021-26,11.1140589260234,Epidemic intelligence subnational data
France,Mayotte,FRY5,2021-27,12.906649075382,Epidemic intelligence subnational data
France,Mayotte,FRY5,2021-28,12.1896130156386,Epidemic intelligence subnational data
France,Mayotte,FRY5,2021-29,7.52887862730617,Epidemic intelligence subnational data
France,Mayotte,FRY5,2021-30,14.6992392247406,Epidemic intelligence subnational data
France,Mayotte,FRY5,2021-31,25.813298150764,Epidemic intelligence subnational data
France,Mayotte,FRY5,2021-32,36.9273570767874,Epidemic intelligence subnational data
France,Mayotte,FRY5,2021-33,47.3243799430673,Epidemic intelligence subnational data
France,Mayotte,FRY5,2021-34,59.5139929587059,Epidemic intelligence subnational data
France,Mayotte,FRY5,2021-35,84.6102550497265,Epidemic intelligence subnational data
France,Mayotte,FRY5,2021-36,95.3657959458781,Epidemic intelligence subnational data
France,Mayotte,FRY5,2021-37,83.5347009601113,Epidemic intelligence subnational data
France,Mayotte,FRY5,2021-38,70.2695338548576,Epidemic intelligence subnational data
France,Mayotte,FRY5,2021-39,68.1184256756272,Epidemic intelligence subnational data
France,Mayotte,FRY5,2021-40,58.7969568989625,Epidemic intelligence subnational data
France,Mayotte,FRY5,2021-41,40.5125373755046,Epidemic intelligence subnational data
France,Mayotte,FRY5,2021-42,35.4932849573005,Epidemic intelligence subnational data
France,Mayotte,FRY5,2021-43,46.2488258534522,Epidemic intelligence subnational data
France,Mayotte,FRY5,2021-44,70.986569914601,Epidemic intelligence subnational data
France,Mayotte,FRY5,2021-45,75.2887862730617,Epidemic intelligence subnational data
France,Mayotte,FRY5,2021-46,64.1747273470383,Epidemic intelligence subnational data
France,Mayotte,FRY5,2021-47,57.7214028093473,Epidemic intelligence subnational data
France,Mayotte,FRY5,2021-48,52.7021503911432,Epidemic intelligence subnational data
France,Mayotte,FRY5,2021-49,56.2873306898604,Epidemic intelligence subnational data
France,Mayotte,FRY5,2021-50,68.8354617353707,Epidemic intelligence subnational data
France,Mayotte,FRY5,2021-51,129.425008783692,Epidemic intelligence subnational data
France,Mayotte,FRY5,2021-52,739.264177595491,Epidemic intelligence subnational data
France,Mayotte,FRY5,2022-01,3042.38400149144,Epidemic intelligence subnational data
France,Mayotte,FRY5,2022-02,3957.68053175394,Epidemic intelligence subnational data
France,Mayotte,FRY5,2022-03,2129.9556154679,Epidemic intelligence subnational data
France,Mayotte,FRY5,2022-04,728.50863669934,Epidemic intelligence subnational data
Germany,Baden-Wurttemberg,DE1,2020-13,,Epidemic intelligence subnational data
Germany,Baden-Wurttemberg,DE1,2020-14,101.203614934749,Epidemic intelligence subnational data
Germany,Baden-Wurttemberg,DE1,2020-15,134.57179988386,Epidemic intelligence subnational data
Germany,Baden-Wurttemberg,DE1,2020-16,85.6095738583694,Epidemic intelligence subnational data
Germany,Baden-Wurttemberg,DE1,2020-17,49.142399810313,Epidemic intelligence subnational data
Germany,Baden-Wurttemberg,DE1,2020-18,33.1339590288417,Epidemic intelligence subnational data
Germany,Baden-Wurttemberg,DE1,2020-19,18.224578334787,Epidemic intelligence subnational data
Germany,Baden-Wurttemberg,DE1,2020-20,13.1346689135539,Epidemic intelligence subnational data
Germany,Baden-Wurttemberg,DE1,2020-21,10.2789144241186,Epidemic intelligence subnational data
Germany,Baden-Wurttemberg,DE1,2020-22,7.01776891883297,Epidemic intelligence subnational data
Germany,Baden-Wurttemberg,DE1,2020-23,4.18904049712109,Epidemic intelligence subnational data
Germany,Baden-Wurttemberg,DE1,2020-24,3.27916288376791,Epidemic intelligence subnational data
Germany,Baden-Wurttemberg,DE1,2020-25,3.99985802305756,Epidemic intelligence subnational data
Germany,Baden-Wurttemberg,DE1,2020-26,4.65749233765937,Epidemic intelligence subnational data
Germany,Baden-Wurttemberg,DE1,2020-27,4.33317952497902,Epidemic intelligence subnational data
Germany,Baden-Wurttemberg,DE1,2020-28,4.21606656484446,Epidemic intelligence subnational data
Germany,Baden-Wurttemberg,DE1,2020-29,5.99978703458634,Epidemic intelligence subnational data
Germany,Baden-Wurttemberg,DE1,2020-30,7.89161177522167,Epidemic intelligence subnational data
Germany,Baden-Wurttemberg,DE1,2020-31,8.63032429299356,Epidemic intelligence subnational data
Germany,Baden-Wurttemberg,DE1,2020-32,8.44114181893003,Epidemic intelligence subnational data
Germany,Baden-Wurttemberg,DE1,2020-33,13.0986341565894,Epidemic intelligence subnational data
Germany,Baden-Wurttemberg,DE1,2020-34,24.4135478434369,Epidemic intelligence subnational data
Germany,Baden-Wurttemberg,DE1,2020-35,30.620534730569,Epidemic intelligence subnational data
Germany,Baden-Wurttemberg,DE1,2020-36,30.9268301647671,Epidemic intelligence subnational data
Germany,Baden-Wurttemberg,DE1,2020-37,30.5214391489167,Epidemic intelligence subnational data
Germany,Baden-Wurttemberg,DE1,2020-38,31.2781690451708,Epidemic intelligence subnational data
Germany,Baden-Wurttemberg,DE1,2020-39,33.0258547579482,Epidemic intelligence subnational data
Germany,Baden-Wurttemberg,DE1,2020-40,35.9356613828302,Epidemic intelligence subnational data
Germany,Baden-Wurttemberg,DE1,2020-41,56.0160297012881,Epidemic intelligence subnational data
Germany,Baden-Wurttemberg,DE1,2020-42,91.1228916739352,Epidemic intelligence subnational data
Germany,Baden-Wurttemberg,DE1,2020-43,155.354845963125,Epidemic intelligence subnational data
Germany,Baden-Wurttemberg,DE1,2020-44,213.938352098133,Epidemic intelligence subnational data
Germany,Baden-Wurttemberg,DE1,2020-45,264.936541892117,Epidemic intelligence subnational data
Germany,Baden-Wurttemberg,DE1,2020-46,298.674083100113,Epidemic intelligence subnational data
Germany,Baden-Wurttemberg,DE1,2020-47,282.836807414223,Epidemic intelligence subnational data
Germany,Baden-Wurttemberg,DE1,2020-48,289.386124492518,Epidemic intelligence subnational data
Germany,Baden-Wurttemberg,DE1,2020-49,311.484439200987,Epidemic intelligence subnational data
Germany,Baden-Wurttemberg,DE1,2020-50,357.635954183248,Epidemic intelligence subnational data
Germany,Baden-Wurttemberg,DE1,2020-51,416.210451629014,Epidemic intelligence subnational data
Germany,Baden-Wurttemberg,DE1,2020-52,371.770587602566,Epidemic intelligence subnational data
Germany,Baden-Wurttemberg,DE1,2020-53,288.043829795591,Epidemic intelligence subnational data
Germany,Baden-Wurttemberg,DE1,2021-01,277.674828479061,Epidemic intelligence subnational data
Germany,Baden-Wurttemberg,DE1,2021-02,261.270005370981,Epidemic intelligence subnational data
Germany,Baden-Wurttemberg,DE1,2021-03,208.154773605333,Epidemic intelligence subnational data
Germany,Baden-Wurttemberg,DE1,2021-04,169.480470693202,Epidemic intelligence subnational data
Germany,Baden-Wurttemberg,DE1,2021-05,139.418474695583,Epidemic intelligence subnational data
Germany,Baden-Wurttemberg,DE1,2021-06,109.419539522651,Epidemic intelligence subnational data
Germany,Baden-Wurttemberg,DE1,2021-07,93.9966635418527,Epidemic intelligence subnational data
Germany,Baden-Wurttemberg,DE1,2021-08,99.4559292219718,Epidemic intelligence subnational data
Germany,Baden-Wurttemberg,DE1,2021-09,115.302213597103,Epidemic intelligence subnational data
Germany,Baden-Wurttemberg,DE1,2021-10,139.481535520271,Epidemic intelligence subnational data
Germany,Baden-Wurttemberg,DE1,2021-11,184.01148643913,Epidemic intelligence subnational data
Germany,Baden-Wurttemberg,DE1,2021-12,237.46904839594,Epidemic intelligence subnational data
Germany,Baden-Wurttemberg,DE1,2021-13,255.711644109209,Epidemic intelligence subnational data
Germany,Baden-Wurttemberg,DE1,2021-14,271.197580914695,Epidemic intelligence subnational data
Germany,Baden-Wurttemberg,DE1,2021-15,321.357962609255,Epidemic intelligence subnational data
Germany,Baden-Wurttemberg,DE1,2021-16,378.806373899881,Epidemic intelligence subnational data
Germany,Baden-Wurttemberg,DE1,2021-17,383.589987886916,Epidemic intelligence subnational data
Germany,Baden-Wurttemberg,DE1,2021-18,328.3126707034,Epidemic intelligence subnational data
Germany,Baden-Wurttemberg,DE1,2021-19,249.567718046765,Epidemic intelligence subnational data
Germany,Baden-Wurttemberg,DE1,2021-20,179.227872452095,Epidemic intelligence subnational data
Germany,Baden-Wurttemberg,DE1,2021-21,120.977687819009,Epidemic intelligence subnational data
Germany,Baden-Wurttemberg,DE1,2021-22,71.4929578175333,Epidemic intelligence subnational data
Germany,Baden-Wurttemberg,DE1,2021-23,52.502640897251,Epidemic intelligence subnational data
Germany,Baden-Wurttemberg,DE1,2021-24,34.2600451839818,Epidemic intelligence subnational data
Germany,Baden-Wurttemberg,DE1,2021-25,18.747082310772,Epidemic intelligence subnational data
Germany,Baden-Wurttemberg,DE1,2021-26,13.738251092709,Epidemic intelligence subnational data
Germany,Baden-Wurttemberg,DE1,2021-27,11.8284089735914,Epidemic intelligence subnational data
Germany,Baden-Wurttemberg,DE1,2021-28,16.3687883511162,Epidemic intelligence subnational data
Germany,Baden-Wurttemberg,DE1,2021-29,22.8460359154819,Epidemic intelligence subnational data
Germany,Baden-Wurttemberg,DE1,2021-30,28.2692668386365,Epidemic intelligence subnational data
Germany,Baden-Wurttemberg,DE1,2021-31,33.8546541681313,Epidemic intelligence subnational data
Germany,Baden-Wurttemberg,DE1,2021-32,49.5027473799579,Epidemic intelligence subnational data
Germany,Baden-Wurttemberg,DE1,2021-33,81.4385507397305,Epidemic intelligence subnational data
Germany,Baden-Wurttemberg,DE1,2021-34,133.04032271287,Epidemic intelligence subnational data
Germany,Baden-Wurttemberg,DE1,2021-35,179.75037642808,Epidemic intelligence subnational data
Germany,Baden-Wurttemberg,DE1,2021-36,193.33547980369,Epidemic intelligence subnational data
Germany,Baden-Wurttemberg,DE1,2021-37,191.794993943458,Epidemic intelligence subnational data
Germany,Baden-Wurttemberg,DE1,2021-38,179.58822002174,Epidemic intelligence subnational data
Germany,Baden-Wurttemberg,DE1,2021-39,170.723669808477,Epidemic intelligence subnational data
Germany,Baden-Wurttemberg,DE1,2021-40,174.390206329613,Epidemic intelligence subnational data
Germany,Baden-Wurttemberg,DE1,2021-41,192.245428405514,Epidemic intelligence subnational data
Germany,Baden-Wurttemberg,DE1,2021-42,243.928278581823,Epidemic intelligence subnational data
Germany,Baden-Wurttemberg,DE1,2021-43,348.257908683241,Epidemic intelligence subnational data
Germany,Baden-Wurttemberg,DE1,2021-44,472.893124334145,Epidemic intelligence subnational data
Germany,Baden-Wurttemberg,DE1,2021-45,658.400053187301,Epidemic intelligence subnational data
Germany,Baden-Wurttemberg,DE1,2021-46,882.707406601964,Epidemic intelligence subnational data
Germany,Baden-Wurttemberg,DE1,2021-47,1029.3238240012,Epidemic intelligence subnational data
Germany,Baden-Wurttemberg,DE1,2021-48,1086.64611364245,Epidemic intelligence subnational data
Germany,Baden-Wurttemberg,DE1,2021-49,1002.11758249302,Epidemic intelligence subnational data
Germany,Baden-Wurttemberg,DE1,2021-50,804.349827582697,Epidemic intelligence subnational data
Germany,Baden-Wurttemberg,DE1,2021-51,577.240771814046,Epidemic intelligence subnational data
Germany,Baden-Wurttemberg,DE1,2021-52,483.027899730406,Epidemic intelligence subnational data
Germany,Baden-Wurttemberg,DE1,2022-01,597.077905522993,Epidemic intelligence subnational data
Germany,Baden-Wurttemberg,DE1,2022-02,932.885805675006,Epidemic intelligence subnational data
Germany,Baden-Wurttemberg,DE1,2022-03,1513.82914876715,Epidemic intelligence subnational data
Germany,Baden-Wurttemberg,DE1,2022-04,2184.10265437425,Epidemic intelligence subnational data
Germany,Bayern,DE2,2020-13,,Epidemic intelligence subnational data
Germany,Bayern,DE2,2020-14,118.044270144232,Epidemic intelligence subnational data
Germany,Bayern,DE2,2020-15,161.16894380436,Epidemic intelligence subnational data
Germany,Bayern,DE2,2020-16,105.449732059393,Epidemic intelligence subnational data
Germany,Bayern,DE2,2020-17,50.9572115616488,Epidemic intelligence subnational data
Germany,Bayern,DE2,2020-18,34.7206957366079,Epidemic intelligence subnational data
Germany,Bayern,DE2,2020-19,21.051850410412,Epidemic intelligence subnational data
Germany,Bayern,DE2,2020-20,17.2803462652242,Epidemic intelligence subnational data
Germany,Bayern,DE2,2020-21,14.2098085470208,Epidemic intelligence subnational data
Germany,Bayern,DE2,2020-22,11.4211812396698,Epidemic intelligence subnational data
Germany,Bayern,DE2,2020-23,7.77920349946822,Epidemic intelligence subnational data
Germany,Bayern,DE2,2020-24,4.3581825677726,Epidemic intelligence subnational data
Germany,Bayern,DE2,2020-25,3.93150735134731,Epidemic intelligence subnational data
Germany,Bayern,DE2,2020-26,5.86678422584773,Epidemic intelligence subnational data
Germany,Bayern,DE2,2020-27,7.29919388098977,Epidemic intelligence subnational data
Germany,Bayern,DE2,2020-28,7.21538267776337,Epidemic intelligence subnational data
Germany,Bayern,DE2,2020-29,7.62681949360204,Epidemic intelligence subnational data
Germany,Bayern,DE2,2020-30,9.66876517220879,Epidemic intelligence subnational data
Germany,Bayern,DE2,2020-31,10.8421220173783,Epidemic intelligence subnational data
Germany,Bayern,DE2,2020-32,11.3221316358568,Epidemic intelligence subnational data
Germany,Bayern,DE2,2020-33,17.7527366834094,Epidemic intelligence subnational data
Germany,Bayern,DE2,2020-34,27.3148330515118,Epidemic intelligence subnational data
Germany,Bayern,DE2,2020-35,31.0406219949398,Epidemic intelligence subnational data
Germany,Bayern,DE2,2020-36,33.1739980770662,Epidemic intelligence subnational data
Germany,Bayern,DE2,2020-37,38.3093390747563,Epidemic intelligence subnational data
Germany,Bayern,DE2,2020-38,42.8580016498616,Epidemic intelligence subnational data
Germany,Bayern,DE2,2020-39,39.5207919213924,Epidemic intelligence subnational data
Germany,Bayern,DE2,2020-40,35.314993359486,Epidemic intelligence subnational data
Germany,Bayern,DE2,2020-41,49.2428914956544,Epidemic intelligence subnational data
Germany,Bayern,DE2,2020-42,89.3046466378717,Epidemic intelligence subnational data
Germany,Bayern,DE2,2020-43,167.325257641353,Epidemic intelligence subnational data
Germany,Bayern,DE2,2020-44,230.092229657631,Epidemic intelligence subnational data
Germany,Bayern,DE2,2020-45,306.413758995704,Epidemic intelligence subnational data
Germany,Bayern,DE2,2020-46,368.982631804355,Epidemic intelligence subnational data
Germany,Bayern,DE2,2020-47,374.613220821111,Epidemic intelligence subnational data
Germany,Bayern,DE2,2020-48,372.982711958343,Epidemic intelligence subnational data
Germany,Bayern,DE2,2020-49,371.900785516693,Epidemic intelligence subnational data
Germany,Bayern,DE2,2020-50,393.33359594177,Epidemic intelligence subnational data
Germany,Bayern,DE2,2020-51,442.835540247397,Epidemic intelligence subnational data
Germany,Bayern,DE2,2020-52,408.602473329561,Epidemic intelligence subnational data
Germany,Bayern,DE2,2020-53,337.987725011176,Epidemic intelligence subnational data
Germany,Bayern,DE2,2021-01,334.254316867454,Epidemic intelligence subnational data
Germany,Bayern,DE2,2021-02,311.038613573743,Epidemic intelligence subnational data
Germany,Bayern,DE2,2021-03,251.883142496494,Epidemic intelligence subnational data
Germany,Bayern,DE2,2021-04,200.36211011314,Epidemic intelligence subnational data
Germany,Bayern,DE2,2021-05,171.195811390354,Epidemic intelligence subnational data
Germany,Bayern,DE2,2021-06,133.922683555488,Epidemic intelligence subnational data
Germany,Bayern,DE2,2021-07,115.080401230135,Epidemic intelligence subnational data
Germany,Bayern,DE2,2021-08,123.872958368613,Epidemic intelligence subnational data
Germany,Bayern,DE2,2021-09,141.488549446743,Epidemic intelligence subnational data
Germany,Bayern,DE2,2021-10,166.243331199703,Epidemic intelligence subnational data
Germany,Bayern,DE2,2021-11,204.125995058034,Epidemic intelligence subnational data
Germany,Bayern,DE2,2021-12,257.353728307089,Epidemic intelligence subnational data
Germany,Bayern,DE2,2021-13,277.308413875265,Epidemic intelligence subnational data
Germany,Bayern,DE2,2021-14,297.804062664265,Epidemic intelligence subnational data
Germany,Bayern,DE2,2021-15,354.376624842083,Epidemic intelligence subnational data
Germany,Bayern,DE2,2021-16,372.472225538691,Epidemic intelligence subnational data
Germany,Bayern,DE2,2021-17,326.642735774439,Epidemic intelligence subnational data
Germany,Bayern,DE2,2021-18,261.551907668702,Epidemic intelligence subnational data
Germany,Bayern,DE2,2021-19,201.390702152737,Epidemic intelligence subnational data
Germany,Bayern,DE2,2021-20,143.240965514204,Epidemic intelligence subnational data
Germany,Bayern,DE2,2021-21,94.7828516487607,Epidemic intelligence subnational data
Germany,Bayern,DE2,2021-22,60.3593047235918,Epidemic intelligence subnational data
Germany,Bayern,DE2,2021-23,43.9932624935646,Epidemic intelligence subnational data
Germany,Bayern,DE2,2021-24,29.8139307477171,Epidemic intelligence subnational data
Germany,Bayern,DE2,2021-25,16.2898502270941,Epidemic intelligence subnational data
Germany,Bayern,DE2,2021-26,11.2383204326304,Epidemic intelligence subnational data
Germany,Bayern,DE2,2021-27,12.8459716945185,Epidemic intelligence subnational data
Germany,Bayern,DE2,2021-28,19.1394311367915,Epidemic intelligence subnational data
Germany,Bayern,DE2,2021-29,24.5338249444541,Epidemic intelligence subnational data
Germany,Bayern,DE2,2021-30,26.7433930295137,Epidemic intelligence subnational data
Germany,Bayern,DE2,2021-31,30.5606123764613,Epidemic intelligence subnational data
Germany,Bayern,DE2,2021-32,45.8980625668918,Epidemic intelligence subnational data
Germany,Bayern,DE2,2021-33,75.7805661172487,Epidemic intelligence subnational data
Germany,Bayern,DE2,2021-34,119.491918199961,Epidemic intelligence subnational data
Germany,Bayern,DE2,2021-35,155.888838001097,Epidemic intelligence subnational data
Germany,Bayern,DE2,2021-36,179.63788531534,Epidemic intelligence subnational data
Germany,Bayern,DE2,2021-37,192.826721023057,Epidemic intelligence subnational data
Germany,Bayern,DE2,2021-38,184.247501492792,Epidemic intelligence subnational data
Germany,Bayern,DE2,2021-39,183.988448682819,Epidemic intelligence subnational data
Germany,Bayern,DE2,2021-40,193.809597860894,Epidemic intelligence subnational data
Germany,Bayern,DE2,2021-41,219.768213260197,Epidemic intelligence subnational data
Germany,Bayern,DE2,2021-42,298.085973075118,Epidemic intelligence subnational data
Germany,Bayern,DE2,2021-43,461.639726571283,Epidemic intelligence subnational data
Germany,Bayern,DE2,2021-44,658.81701096182,Epidemic intelligence subnational data
Germany,Bayern,DE2,2021-45,953.398151902015,Epidemic intelligence subnational data
Germany,Bayern,DE2,2021-46,1261.78528377369,Epidemic intelligence subnational data
Germany,Bayern,DE2,2021-47,1337.9468099056,Epidemic intelligence subnational data
Germany,Bayern,DE2,2021-48,1194.48488758289,Epidemic intelligence subnational data
Germany,Bayern,DE2,2021-49,935.706368820952,Epidemic intelligence subnational data
Germany,Bayern,DE2,2021-50,683.327978305394,Epidemic intelligence subnational data
Germany,Bayern,DE2,2021-51,481.099164120393,Epidemic intelligence subnational data
Germany,Bayern,DE2,2021-52,405.638604415464,Epidemic intelligence subnational data
Germany,Bayern,DE2,2022-01,562.662703260264,Epidemic intelligence subnational data
Germany,Bayern,DE2,2022-02,958.213486487386,Epidemic intelligence subnational data
Germany,Bayern,DE2,2022-03,1645.2748729365,Epidemic intelligence subnational data
Germany,Bayern,DE2,2022-04,2559.31223612328,Epidemic intelligence subnational data
Germany,Berlin,DE3,2020-13,,Epidemic intelligence subnational data
Germany,Berlin,DE3,2020-14,46.7367272463674,Epidemic intelligence subnational data
Germany,Berlin,DE3,2020-15,64.9681386328513,Epidemic intelligence subnational data
Germany,Berlin,DE3,2020-16,44.7473505180964,Epidemic intelligence subnational data
Germany,Berlin,DE3,2020-17,24.1450380992895,Epidemic intelligence subnational data
Germany,Berlin,DE3,2020-18,21.256354082896,Epidemic intelligence subnational data
Germany,Berlin,DE3,2020-19,14.7159374420049,Epidemic intelligence subnational data
Germany,Berlin,DE3,2020-20,10.5191700974331,Epidemic intelligence subnational data
Germany,Berlin,DE3,2020-21,10.8734426654814,Epidemic intelligence subnational data
Germany,Berlin,DE3,2020-22,10.7916874574703,Epidemic intelligence subnational data
Germany,Berlin,DE3,2020-23,11.1459600255185,Epidemic intelligence subnational data
Germany,Berlin,DE3,2020-24,14.3889166099604,Epidemic intelligence subnational data
Germany,Berlin,DE3,2020-25,24.3358002513155,Epidemic intelligence subnational data
Germany,Berlin,DE3,2020-26,22.9187099791224,Epidemic intelligence subnational data
Germany,Berlin,DE3,2020-27,14.3616648739566,Epidemic intelligence subnational data
Germany,Berlin,DE3,2020-28,11.7454982176002,Epidemic intelligence subnational data
Germany,Berlin,DE3,2020-29,9.12933156124378,Epidemic intelligence subnational data
Germany,Berlin,DE3,2020-30,10.818939193474,Epidemic intelligence subnational data
Germany,Berlin,DE3,2020-31,15.3154756340866,Epidemic intelligence subnational data
Germany,Berlin,DE3,2020-32,21.256354082896,Epidemic intelligence subnational data
Germany,Berlin,DE3,2020-33,27.1154773236942,Epidemic intelligence subnational data
Germany,Berlin,DE3,2020-34,27.2789877397165,Epidemic intelligence subnational data
Germany,Berlin,DE3,2020-35,25.9709044115383,Epidemic intelligence subnational data
Germany,Berlin,DE3,2020-36,27.987532875813,Epidemic intelligence subnational data
Germany,Berlin,DE3,2020-37,30.4129373801435,Epidemic intelligence subnational data
Germany,Berlin,DE3,2020-38,40.7413453255506,Epidemic intelligence subnational data
Germany,Berlin,DE3,2020-39,55.5117862395629,Epidemic intelligence subnational data
Germany,Berlin,DE3,2020-40,78.0217201786297,Epidemic intelligence subnational data
Germany,Berlin,DE3,2020-41,123.53211930483,Epidemic intelligence subnational data
Germany,Berlin,DE3,2020-42,176.863766664096,Epidemic intelligence subnational data
Germany,Berlin,DE3,2020-43,246.11042784953,Epidemic intelligence subnational data
Germany,Berlin,DE3,2020-44,288.405122127292,Epidemic intelligence subnational data
Germany,Berlin,DE3,2020-45,337.812519502024,Epidemic intelligence subnational data
Germany,Berlin,DE3,2020-46,428.642555602398,Epidemic intelligence subnational data
Germany,Berlin,DE3,2020-47,459.164499926557,Epidemic intelligence subnational data
Germany,Berlin,DE3,2020-48,438.916460075798,Epidemic intelligence subnational data
Germany,Berlin,DE3,2020-49,402.589895982849,Epidemic intelligence subnational data
Germany,Berlin,DE3,2020-50,399.564953286437,Epidemic intelligence subnational data
Germany,Berlin,DE3,2020-51,434.583434051208,Epidemic intelligence subnational data
Germany,Berlin,DE3,2020-52,398.829156414337,Epidemic intelligence subnational data
Germany,Berlin,DE3,2020-53,313.285957098682,Epidemic intelligence subnational data
Germany,Berlin,DE3,2021-01,348.386193071464,Epidemic intelligence subnational data
Germany,Berlin,DE3,2021-02,368.715988130234,Epidemic intelligence subnational data
Germany,Berlin,DE3,2021-03,269.465165604712,Epidemic intelligence subnational data
Germany,Berlin,DE3,2021-04,200.082245739259,Epidemic intelligence subnational data
Germany,Berlin,DE3,2021-05,157.406027157445,Epidemic intelligence subnational data
Germany,Berlin,DE3,2021-06,124.867454369012,Epidemic intelligence subnational data
Germany,Berlin,DE3,2021-07,117.100709607954,Epidemic intelligence subnational data
Germany,Berlin,DE3,2021-08,125.766761657135,Epidemic intelligence subnational data
Germany,Berlin,DE3,2021-09,132.552443922059,Epidemic intelligence subnational data
Germany,Berlin,DE3,2021-10,150.347827532483,Epidemic intelligence subnational data
Germany,Berlin,DE3,2021-11,188.554761409689,Epidemic intelligence subnational data
Germany,Berlin,DE3,2021-12,258.101191691164,Epidemic intelligence subnational data
Germany,Berlin,DE3,2021-13,279.548307926086,Epidemic intelligence subnational data
Germany,Berlin,DE3,2021-14,256.411584058934,Epidemic intelligence subnational data
Germany,Berlin,DE3,2021-15,287.206045743129,Epidemic intelligence subnational data
Germany,Berlin,DE3,2021-16,302.603276585227,Epidemic intelligence subnational data
Germany,Berlin,DE3,2021-17,266.903502420363,Epidemic intelligence subnational data
Germany,Berlin,DE3,2021-18,220.657306422062,Epidemic intelligence subnational data
Germany,Berlin,DE3,2021-19,166.044827470622,Epidemic intelligence subnational data
Germany,Berlin,DE3,2021-20,112.086390183271,Epidemic intelligence subnational data
Germany,Berlin,DE3,2021-21,73.7431976260468,Epidemic intelligence subnational data
Germany,Berlin,DE3,2021-22,52.3233331271285,Epidemic intelligence subnational data
Germany,Berlin,DE3,2021-23,37.4438852691014,Epidemic intelligence subnational data
Germany,Berlin,DE3,2021-24,18.7219426345507,Epidemic intelligence subnational data
Germany,Berlin,DE3,2021-25,10.8461909294777,Epidemic intelligence subnational data
Germany,Berlin,DE3,2021-26,11.1732117615222,Epidemic intelligence subnational data
Germany,Berlin,DE3,2021-27,13.8438818898861,Epidemic intelligence subnational data
Germany,Berlin,DE3,2021-28,27.796770723787,Epidemic intelligence subnational data
Germany,Berlin,DE3,2021-29,36.3265640929491,Epidemic intelligence subnational data
Germany,Berlin,DE3,2021-30,45.3741404461818,Epidemic intelligence subnational data
Germany,Berlin,DE3,2021-31,71.0725274976829,Epidemic intelligence subnational data
Germany,Berlin,DE3,2021-32,112.3044040713,Epidemic intelligence subnational data
Germany,Berlin,DE3,2021-33,141.73627895531,Epidemic intelligence subnational data
Germany,Berlin,DE3,2021-34,143.207872699511,Epidemic intelligence subnational data
Germany,Berlin,DE3,2021-35,169.069770167034,Epidemic intelligence subnational data
Germany,Berlin,DE3,2021-36,187.410188497533,Epidemic intelligence subnational data
Germany,Berlin,DE3,2021-37,169.778315303131,Epidemic intelligence subnational data
Germany,Berlin,DE3,2021-38,145.197249427782,Epidemic intelligence subnational data
Germany,Berlin,DE3,2021-39,152.52796641278,Epidemic intelligence subnational data
Germany,Berlin,DE3,2021-40,173.021271887572,Epidemic intelligence subnational data
Germany,Berlin,DE3,2021-41,183.213421152961,Epidemic intelligence subnational data
Germany,Berlin,DE3,2021-42,195.776471450673,Epidemic intelligence subnational data
Germany,Berlin,DE3,2021-43,286.361241927014,Epidemic intelligence subnational data
Germany,Berlin,DE3,2021-44,418.395902865002,Epidemic intelligence subnational data
Germany,Berlin,DE3,2021-45,558.905853700145,Epidemic intelligence subnational data
Germany,Berlin,DE3,2021-46,707.782087488428,Epidemic intelligence subnational data
Germany,Berlin,DE3,2021-47,786.975632315218,Epidemic intelligence subnational data
Germany,Berlin,DE3,2021-48,769.207500440797,Epidemic intelligence subnational data
Germany,Berlin,DE3,2021-49,697.480931279025,Epidemic intelligence subnational data
Germany,Berlin,DE3,2021-50,680.939127524771,Epidemic intelligence subnational data
Germany,Berlin,DE3,2021-51,630.468912445895,Epidemic intelligence subnational data
Germany,Berlin,DE3,2021-52,608.285999338873,Epidemic intelligence subnational data
Germany,Berlin,DE3,2022-01,1132.14612053824,Epidemic intelligence subnational data
Germany,Berlin,DE3,2022-02,1899.74576855482,Epidemic intelligence subnational data
Germany,Berlin,DE3,2022-03,2812.56991773518,Epidemic intelligence subnational data
Germany,Berlin,DE3,2022-04,3700.7857493042,Epidemic intelligence subnational data
Germany,Brandenburg,DE4,2020-13,,Epidemic intelligence subnational data
Germany,Brandenburg,DE4,2020-14,53.3329526669054,Epidemic intelligence subnational data
Germany,Brandenburg,DE4,2020-15,51.4296205271199,Epidemic intelligence subnational data
Germany,Brandenburg,DE4,2020-16,41.397474040334,Epidemic intelligence subnational data
Germany,Brandenburg,DE4,2020-17,28.1534545676601,Epidemic intelligence subnational data
Germany,Brandenburg,DE4,2020-18,22.9985966890744,Epidemic intelligence subnational data
Germany,Brandenburg,DE4,2020-19,13.6008942488837,Epidemic intelligence subnational data
Germany,Brandenburg,DE4,2020-20,8.56499462903462,Epidemic intelligence subnational data
Germany,Brandenburg,DE4,2020-21,5.35312164314664,Epidemic intelligence subnational data
Germany,Brandenburg,DE4,2020-22,3.48944225627336,Epidemic intelligence subnational data
Germany,Brandenburg,DE4,2020-23,2.49812343346843,Epidemic intelligence subnational data
Germany,Brandenburg,DE4,2020-24,3.52909500918556,Epidemic intelligence subnational data
Germany,Brandenburg,DE4,2020-25,4.12388630286852,Epidemic intelligence subnational data
Germany,Brandenburg,DE4,2020-26,3.09291472715139,Epidemic intelligence subnational data
Germany,Brandenburg,DE4,2020-27,2.49812343346843,Epidemic intelligence subnational data
Germany,Brandenburg,DE4,2020-28,0.991318822804933,Epidemic intelligence subnational data
Germany,Brandenburg,DE4,2020-29,0.832707811156144,Epidemic intelligence subnational data
Germany,Brandenburg,DE4,2020-30,2.61708169220502,Epidemic intelligence subnational data
Germany,Brandenburg,DE4,2020-31,3.60840051500996,Epidemic intelligence subnational data
Germany,Brandenburg,DE4,2020-32,4.4014555732539,Epidemic intelligence subnational data
Germany,Brandenburg,DE4,2020-33,5.55138540770762,Epidemic intelligence subnational data
Germany,Brandenburg,DE4,2020-34,6.97888451254673,Epidemic intelligence subnational data
Germany,Brandenburg,DE4,2020-35,5.82895467809301,Epidemic intelligence subnational data
Germany,Brandenburg,DE4,2020-36,5.59103816061982,Epidemic intelligence subnational data
Germany,Brandenburg,DE4,2020-37,6.26513496012717,Epidemic intelligence subnational data
Germany,Brandenburg,DE4,2020-38,6.22548220721498,Epidemic intelligence subnational data
Germany,Brandenburg,DE4,2020-39,8.92186940524439,Epidemic intelligence subnational data
Germany,Brandenburg,DE4,2020-40,14.5525603187764,Epidemic intelligence subnational data
Germany,Brandenburg,DE4,2020-41,29.3033844021138,Epidemic intelligence subnational data
Germany,Brandenburg,DE4,2020-42,47.0678177067782,Epidemic intelligence subnational data
Germany,Brandenburg,DE4,2020-43,77.7193957079067,Epidemic intelligence subnational data
Germany,Brandenburg,DE4,2020-44,119.790966547748,Epidemic intelligence subnational data
Germany,Brandenburg,DE4,2020-45,151.989001912452,Epidemic intelligence subnational data
Germany,Brandenburg,DE4,2020-46,181.17342805583,Epidemic intelligence subnational data
Germany,Brandenburg,DE4,2020-47,201.317026535226,Epidemic intelligence subnational data
Germany,Brandenburg,DE4,2020-48,232.444437571301,Epidemic intelligence subnational data
Germany,Brandenburg,DE4,2020-49,272.573023518444,Epidemic intelligence subnational data
Germany,Brandenburg,DE4,2020-50,330.585001028989,Epidemic intelligence subnational data
Germany,Brandenburg,DE4,2020-51,425.077511218755,Epidemic intelligence subnational data
Germany,Brandenburg,DE4,2020-52,410.842172923276,Epidemic intelligence subnational data
Germany,Brandenburg,DE4,2020-53,384.711008754138,Epidemic intelligence subnational data
Germany,Brandenburg,DE4,2021-01,543.282367650015,Epidemic intelligence subnational data
Germany,Brandenburg,DE4,2021-02,613.943573339551,Epidemic intelligence subnational data
Germany,Brandenburg,DE4,2021-03,505.334683113042,Epidemic intelligence subnational data
Germany,Brandenburg,DE4,2021-04,398.430861261759,Epidemic intelligence subnational data
Germany,Brandenburg,DE4,2021-05,279.076074996045,Epidemic intelligence subnational data
Germany,Brandenburg,DE4,2021-06,185.852452899469,Epidemic intelligence subnational data
Germany,Brandenburg,DE4,2021-07,148.380601397442,Epidemic intelligence subnational data
Germany,Brandenburg,DE4,2021-08,132.440194726739,Epidemic intelligence subnational data
Germany,Brandenburg,DE4,2021-09,128.831794211729,Epidemic intelligence subnational data
Germany,Brandenburg,DE4,2021-10,144.217062341662,Epidemic intelligence subnational data
Germany,Brandenburg,DE4,2021-11,197.312098491094,Epidemic intelligence subnational data
Germany,Brandenburg,DE4,2021-12,263.413237595727,Epidemic intelligence subnational data
Germany,Brandenburg,DE4,2021-13,277.648575891206,Epidemic intelligence subnational data
Germany,Brandenburg,DE4,2021-14,258.615254493351,Epidemic intelligence subnational data
Germany,Brandenburg,DE4,2021-15,271.22482991943,Epidemic intelligence subnational data
Germany,Brandenburg,DE4,2021-16,267.378512886947,Epidemic intelligence subnational data
Germany,Brandenburg,DE4,2021-17,232.087562795091,Epidemic intelligence subnational data
Germany,Brandenburg,DE4,2021-18,190.57113049602,Epidemic intelligence subnational data
Germany,Brandenburg,DE4,2021-19,146.397963751833,Epidemic intelligence subnational data
Germany,Brandenburg,DE4,2021-20,108.965765002718,Epidemic intelligence subnational data
Germany,Brandenburg,DE4,2021-21,62.492738589623,Epidemic intelligence subnational data
Germany,Brandenburg,DE4,2021-22,29.937828448709,Epidemic intelligence subnational data
Germany,Brandenburg,DE4,2021-23,15.4249208828448,Epidemic intelligence subnational data
Germany,Brandenburg,DE4,2021-24,2.65673444511722,Epidemic intelligence subnational data
Germany,Brandenburg,DE4,2021-25,2.18090141017085,Epidemic intelligence subnational data
Germany,Brandenburg,DE4,2021-26,3.33083124462457,Epidemic intelligence subnational data
Germany,Brandenburg,DE4,2021-27,6.02721844265399,Epidemic intelligence subnational data
Germany,Brandenburg,DE4,2021-28,9.71492446348834,Epidemic intelligence subnational data
Germany,Brandenburg,DE4,2021-29,9.95284098096152,Epidemic intelligence subnational data
Germany,Brandenburg,DE4,2021-30,13.0061029552007,Epidemic intelligence subnational data
Germany,Brandenburg,DE4,2021-31,22.4038053953915,Epidemic intelligence subnational data
Germany,Brandenburg,DE4,2021-32,35.6478248680654,Epidemic intelligence subnational data
Germany,Brandenburg,DE4,2021-33,47.1867759655148,Epidemic intelligence subnational data
Germany,Brandenburg,DE4,2021-34,52.8174668790468,Epidemic intelligence subnational data
Germany,Brandenburg,DE4,2021-35,66.6562776454037,Epidemic intelligence subnational data
Germany,Brandenburg,DE4,2021-36,85.0551549966632,Epidemic intelligence subnational data
Germany,Brandenburg,DE4,2021-37,88.9411247820586,Epidemic intelligence subnational data
Germany,Brandenburg,DE4,2021-38,80.0589081297264,Epidemic intelligence subnational data
Germany,Brandenburg,DE4,2021-39,79.6623806006044,Epidemic intelligence subnational data
Germany,Brandenburg,DE4,2021-40,96.8320226115858,Epidemic intelligence subnational data
Germany,Brandenburg,DE4,2021-41,114.199928387128,Epidemic intelligence subnational data
Germany,Brandenburg,DE4,2021-42,141.956855425666,Epidemic intelligence subnational data
Germany,Brandenburg,DE4,2021-43,226.218955364086,Epidemic intelligence subnational data
Germany,Brandenburg,DE4,2021-44,399.89801311951,Epidemic intelligence subnational data
Germany,Brandenburg,DE4,2021-45,671.67798157971,Epidemic intelligence subnational data
Germany,Brandenburg,DE4,2021-46,1032.95421336274,Epidemic intelligence subnational data
Germany,Brandenburg,DE4,2021-47,1376.1091370649,Epidemic intelligence subnational data
Germany,Brandenburg,DE4,2021-48,1438.12604261957,Epidemic intelligence subnational data
Germany,Brandenburg,DE4,2021-49,1374.48337419549,Epidemic intelligence subnational data
Germany,Brandenburg,DE4,2021-50,1286.17669346003,Epidemic intelligence subnational data
Germany,Brandenburg,DE4,2021-51,1012.3347818484,Epidemic intelligence subnational data
Germany,Brandenburg,DE4,2021-52,798.249568875444,Epidemic intelligence subnational data
Germany,Brandenburg,DE4,2022-01,887.547568433712,Epidemic intelligence subnational data
Germany,Brandenburg,DE4,2022-02,1170.15273843894,Epidemic intelligence subnational data
Germany,Brandenburg,DE4,2022-03,1902.06325169228,Epidemic intelligence subnational data
Germany,Brandenburg,DE4,2022-04,2696.42685078233,Epidemic intelligence subnational data
Germany,Bremen,DE5,2020-13,,Epidemic intelligence subnational data
Germany,Bremen,DE5,2020-14,57.6921383084606,Epidemic intelligence subnational data
Germany,Bremen,DE5,2020-15,32.4426528401267,Epidemic intelligence subnational data
Germany,Bremen,DE5,2020-16,33.323448844836,Epidemic intelligence subnational data
Germany,Bremen,DE5,2020-17,42.5718068942839,Epidemic intelligence subnational data
Germany,Bremen,DE5,2020-18,42.8654055625204,Epidemic intelligence subnational data
Germany,Bremen,DE5,2020-19,38.3146262048555,Epidemic intelligence subnational data
Germany,Bremen,DE5,2020-20,47.1225862519488,Epidemic intelligence subnational data
Germany,Bremen,DE5,2020-21,38.7550242072102,Epidemic intelligence subnational data
Germany,Bremen,DE5,2020-22,30.8278601648263,Epidemic intelligence subnational data
Germany,Bremen,DE5,2020-23,33.0298501765996,Epidemic intelligence subnational data
Germany,Bremen,DE5,2020-24,23.4878934589153,Epidemic intelligence subnational data
Germany,Bremen,DE5,2020-25,15.5607294165314,Epidemic intelligence subnational data
Germany,Bremen,DE5,2020-26,8.80796004709323,Epidemic intelligence subnational data
Germany,Bremen,DE5,2020-27,3.81678268707373,Epidemic intelligence subnational data
Germany,Bremen,DE5,2020-28,3.52318401883729,Epidemic intelligence subnational data
Germany,Bremen,DE5,2020-29,6.75276936943814,Epidemic intelligence subnational data
Germany,Bremen,DE5,2020-30,9.83555538592077,Epidemic intelligence subnational data
Germany,Bremen,DE5,2020-31,9.54195671768433,Epidemic intelligence subnational data
Germany,Bremen,DE5,2020-32,8.95475938121145,Epidemic intelligence subnational data
Germany,Bremen,DE5,2020-33,11.0099500588665,Epidemic intelligence subnational data
Germany,Bremen,DE5,2020-34,15.4139300824132,Epidemic intelligence subnational data
Germany,Bremen,DE5,2020-35,22.0199001177331,Epidemic intelligence subnational data
Germany,Bremen,DE5,2020-36,23.6346927930335,Epidemic intelligence subnational data
Germany,Bremen,DE5,2020-37,21.1391041130237,Epidemic intelligence subnational data
Germany,Bremen,DE5,2020-38,24.2218901295064,Epidemic intelligence subnational data
Germany,Bremen,DE5,2020-39,40.5166162166288,Epidemic intelligence subnational data
Germany,Bremen,DE5,2020-40,66.3532990214356,Epidemic intelligence subnational data
Germany,Bremen,DE5,2020-41,107.310313240419,Epidemic intelligence subnational data
Germany,Bremen,DE5,2020-42,150.17571880294,Epidemic intelligence subnational data
Germany,Bremen,DE5,2020-43,223.57538586205,Epidemic intelligence subnational data
Germany,Bremen,DE5,2020-44,319.435351041248,Epidemic intelligence subnational data
Germany,Bremen,DE5,2020-45,376.540292013235,Epidemic intelligence subnational data
Germany,Bremen,DE5,2020-46,348.795217864892,Epidemic intelligence subnational data
Germany,Bremen,DE5,2020-47,301.379032944707,Epidemic intelligence subnational data
Germany,Bremen,DE5,2020-48,266.734390092807,Epidemic intelligence subnational data
Germany,Bremen,DE5,2020-49,227.832566551478,Epidemic intelligence subnational data
Germany,Bremen,DE5,2020-50,241.044506622118,Epidemic intelligence subnational data
Germany,Bremen,DE5,2020-51,261.743212732787,Epidemic intelligence subnational data
Germany,Bremen,DE5,2020-52,223.57538586205,Epidemic intelligence subnational data
Germany,Bremen,DE5,2020-53,170.434026911254,Epidemic intelligence subnational data
Germany,Bremen,DE5,2021-01,165.00245154888,Epidemic intelligence subnational data
Germany,Bremen,DE5,2021-02,169.846829574781,Epidemic intelligence subnational data
Germany,Bremen,DE5,2021-03,159.130478184151,Epidemic intelligence subnational data
Germany,Bremen,DE5,2021-04,157.515685508851,Epidemic intelligence subnational data
Germany,Bremen,DE5,2021-05,161.772866198279,Epidemic intelligence subnational data
Germany,Bremen,DE5,2021-06,142.101755426437,Epidemic intelligence subnational data
Germany,Bremen,DE5,2021-07,139.312568078191,Epidemic intelligence subnational data
Germany,Bremen,DE5,2021-08,157.075287506496,Epidemic intelligence subnational data
Germany,Bremen,DE5,2021-09,146.79933411822,Epidemic intelligence subnational data
Germany,Bremen,DE5,2021-10,144.744143440565,Epidemic intelligence subnational data
Germany,Bremen,DE5,2021-11,182.911970311303,Epidemic intelligence subnational data
Germany,Bremen,DE5,2021-12,241.778503292709,Epidemic intelligence subnational data
Germany,Bremen,DE5,2021-13,256.605236038649,Epidemic intelligence subnational data
Germany,Bremen,DE5,2021-14,261.009216062196,Epidemic intelligence subnational data
Germany,Bremen,DE5,2021-15,306.223410970608,Epidemic intelligence subnational data
Germany,Bremen,DE5,2021-16,319.728949709484,Epidemic intelligence subnational data
Germany,Bremen,DE5,2021-17,280.973925502274,Epidemic intelligence subnational data
Germany,Bremen,DE5,2021-18,221.373395850276,Epidemic intelligence subnational data
Germany,Bremen,DE5,2021-19,158.249682179442,Epidemic intelligence subnational data
Germany,Bremen,DE5,2021-20,104.961523894528,Epidemic intelligence subnational data
Germany,Bremen,DE5,2021-21,73.8400650614649,Epidemic intelligence subnational data
Germany,Bremen,DE5,2021-22,53.4349576190322,Epidemic intelligence subnational data
Germany,Bremen,DE5,2021-23,37.1402315319098,Epidemic intelligence subnational data
Germany,Bremen,DE5,2021-24,21.285903447142,Epidemic intelligence subnational data
Germany,Bremen,DE5,2021-25,11.7439467294576,Epidemic intelligence subnational data
Germany,Bremen,DE5,2021-26,13.2119400706398,Epidemic intelligence subnational data
Germany,Bremen,DE5,2021-27,18.3499167647776,Epidemic intelligence subnational data
Germany,Bremen,DE5,2021-28,23.0474954565606,Epidemic intelligence subnational data
Germany,Bremen,DE5,2021-29,29.947064160117,Epidemic intelligence subnational data
Germany,Bremen,DE5,2021-30,43.0122048966386,Epidemic intelligence subnational data
Germany,Bremen,DE5,2021-31,49.4713755978403,Epidemic intelligence subnational data
Germany,Bremen,DE5,2021-32,64.2981083437806,Epidemic intelligence subnational data
Germany,Bremen,DE5,2021-33,94.3919718380158,Epidemic intelligence subnational data
Germany,Bremen,DE5,2021-34,135.642584725236,Epidemic intelligence subnational data
Germany,Bremen,DE5,2021-35,201.995883746671,Epidemic intelligence subnational data
Germany,Bremen,DE5,2021-36,240.163710617409,Epidemic intelligence subnational data
Germany,Bremen,DE5,2021-37,231.355750570315,Epidemic intelligence subnational data
Germany,Bremen,DE5,2021-38,224.749780534996,Epidemic intelligence subnational data
Germany,Bremen,DE5,2021-39,227.979365885596,Epidemic intelligence subnational data
Germany,Bremen,DE5,2021-40,214.620626480838,Epidemic intelligence subnational data
Germany,Bremen,DE5,2021-41,171.168023581845,Epidemic intelligence subnational data
Germany,Bremen,DE5,2021-42,137.404176734654,Epidemic intelligence subnational data
Germany,Bremen,DE5,2021-43,156.194491501787,Epidemic intelligence subnational data
Germany,Bremen,DE5,2021-44,177.039996946574,Epidemic intelligence subnational data
Germany,Bremen,DE5,2021-45,201.995883746671,Epidemic intelligence subnational data
Germany,Bremen,DE5,2021-46,297.562250257633,Epidemic intelligence subnational data
Germany,Bremen,DE5,2021-47,403.257770822752,Epidemic intelligence subnational data
Germany,Bremen,DE5,2021-48,433.351634316987,Epidemic intelligence subnational data
Germany,Bremen,DE5,2021-49,441.719196361725,Epidemic intelligence subnational data
Germany,Bremen,DE5,2021-50,507.191699378452,Epidemic intelligence subnational data
Germany,Bremen,DE5,2021-51,542.423539566825,Epidemic intelligence subnational data
Germany,Bremen,DE5,2021-52,780.532059506578,Epidemic intelligence subnational data
Germany,Bremen,DE5,2022-01,1716.96501184671,Epidemic intelligence subnational data
Germany,Bremen,DE5,2022-02,2545.06005560759,Epidemic intelligence subnational data
Germany,Bremen,DE5,2022-03,2877.41374805124,Epidemic intelligence subnational data
Germany,Bremen,DE5,2022-04,3002.63358005408,Epidemic intelligence subnational data
Germany,Hamburg,DE6,2020-13,,Epidemic intelligence subnational data
Germany,Hamburg,DE6,2020-14,70.3747672895916,Epidemic intelligence subnational data
Germany,Hamburg,DE6,2020-15,102.855429115557,Epidemic intelligence subnational data
Germany,Hamburg,DE6,2020-16,65.5568024520734,Epidemic intelligence subnational data
Germany,Hamburg,DE6,2020-17,30.9648976074203,Epidemic intelligence subnational data
Germany,Hamburg,DE6,2020-18,24.9018407332401,Epidemic intelligence subnational data
Germany,Hamburg,DE6,2020-19,23.5484798238249,Epidemic intelligence subnational data
Germany,Hamburg,DE6,2020-20,20.4628169503582,Epidemic intelligence subnational data
Germany,Hamburg,DE6,2020-21,6.0630568741802,Epidemic intelligence subnational data
Germany,Hamburg,DE6,2020-22,3.0315284370901,Epidemic intelligence subnational data
Germany,Hamburg,DE6,2020-23,2.65258738245384,Epidemic intelligence subnational data
Germany,Hamburg,DE6,2020-24,2.76085625520706,Epidemic intelligence subnational data
Germany,Hamburg,DE6,2020-25,2.92325956433688,Epidemic intelligence subnational data
Germany,Hamburg,DE6,2020-26,2.97739400071349,Epidemic intelligence subnational data
Germany,Hamburg,DE6,2020-27,2.65258738245384,Epidemic intelligence subnational data
Germany,Hamburg,DE6,2020-28,1.46162978216844,Epidemic intelligence subnational data
Germany,Hamburg,DE6,2020-29,1.08268872753218,Epidemic intelligence subnational data
Germany,Hamburg,DE6,2020-30,5.79238469229716,Epidemic intelligence subnational data
Germany,Hamburg,DE6,2020-31,11.7471726937241,Epidemic intelligence subnational data
Germany,Hamburg,DE6,2020-32,22.1951189144097,Epidemic intelligence subnational data
Germany,Hamburg,DE6,2020-33,25.2266473514998,Epidemic intelligence subnational data
Germany,Hamburg,DE6,2020-34,19.5966659683324,Epidemic intelligence subnational data
Germany,Hamburg,DE6,2020-35,20.8958924413711,Epidemic intelligence subnational data
Germany,Hamburg,DE6,2020-36,22.5740599690459,Epidemic intelligence subnational data
Germany,Hamburg,DE6,2020-37,32.6971995714718,Epidemic intelligence subnational data
Germany,Hamburg,DE6,2020-38,41.3587093917292,Epidemic intelligence subnational data
Germany,Hamburg,DE6,2020-39,49.8036814664802,Epidemic intelligence subnational data
Germany,Hamburg,DE6,2020-40,62.7959461968664,Epidemic intelligence subnational data
Germany,Hamburg,DE6,2020-41,71.2409182716174,Epidemic intelligence subnational data
Germany,Hamburg,DE6,2020-42,95.0600702773253,Epidemic intelligence subnational data
Germany,Hamburg,DE6,2020-43,162.403309129827,Epidemic intelligence subnational data
Germany,Hamburg,DE6,2020-44,220.922634852941,Epidemic intelligence subnational data
Germany,Hamburg,DE6,2020-45,286.046361814002,Epidemic intelligence subnational data
Germany,Hamburg,DE6,2020-46,331.140347315717,Epidemic intelligence subnational data
Germany,Hamburg,DE6,2020-47,297.847668944102,Epidemic intelligence subnational data
Germany,Hamburg,DE6,2020-48,240.89824187591,Epidemic intelligence subnational data
Germany,Hamburg,DE6,2020-49,224.224835471914,Epidemic intelligence subnational data
Germany,Hamburg,DE6,2020-50,262.876823044813,Epidemic intelligence subnational data
Germany,Hamburg,DE6,2020-51,305.588893345958,Epidemic intelligence subnational data
Germany,Hamburg,DE6,2020-52,312.518101202164,Epidemic intelligence subnational data
Germany,Hamburg,DE6,2020-53,278.954750648666,Epidemic intelligence subnational data
Germany,Hamburg,DE6,2021-01,296.440173598311,Epidemic intelligence subnational data
Germany,Hamburg,DE6,2021-02,281.390800285613,Epidemic intelligence subnational data
Germany,Hamburg,DE6,2021-03,214.318233614995,Epidemic intelligence subnational data
Germany,Hamburg,DE6,2021-04,188.225435281469,Epidemic intelligence subnational data
Germany,Hamburg,DE6,2021-05,160.508603856646,Epidemic intelligence subnational data
Germany,Hamburg,DE6,2021-06,141.561551124832,Epidemic intelligence subnational data
Germany,Hamburg,DE6,2021-07,142.211164361352,Epidemic intelligence subnational data
Germany,Hamburg,DE6,2021-08,155.149294655361,Epidemic intelligence subnational data
Germany,Hamburg,DE6,2021-09,164.135611093878,Epidemic intelligence subnational data
Germany,Hamburg,DE6,2021-10,174.908363932824,Epidemic intelligence subnational data
Germany,Hamburg,DE6,2021-11,211.611511796164,Epidemic intelligence subnational data
Germany,Hamburg,DE6,2021-12,274.623995738537,Epidemic intelligence subnational data
Germany,Hamburg,DE6,2021-13,311.435412474631,Epidemic intelligence subnational data
Germany,Hamburg,DE6,2021-14,301.853617235972,Epidemic intelligence subnational data
Germany,Hamburg,DE6,2021-15,287.291453850664,Epidemic intelligence subnational data
Germany,Hamburg,DE6,2021-16,259.08741249845,Epidemic intelligence subnational data
Germany,Hamburg,DE6,2021-17,219.948214998162,Epidemic intelligence subnational data
Germany,Hamburg,DE6,2021-18,187.90062866321,Epidemic intelligence subnational data
Germany,Hamburg,DE6,2021-19,135.931569741665,Epidemic intelligence subnational data
Germany,Hamburg,DE6,2021-20,89.0511478395217,Epidemic intelligence subnational data
Germany,Hamburg,DE6,2021-21,61.875660778464,Epidemic intelligence subnational data
Germany,Hamburg,DE6,2021-22,43.6864901559234,Epidemic intelligence subnational data
Germany,Hamburg,DE6,2021-23,37.6775677181198,Epidemic intelligence subnational data
Germany,Hamburg,DE6,2021-24,27.6626969884472,Epidemic intelligence subnational data
Germany,Hamburg,DE6,2021-25,21.0582957505009,Epidemic intelligence subnational data
Germany,Hamburg,DE6,2021-26,18.4598428044237,Epidemic intelligence subnational data
Germany,Hamburg,DE6,2021-27,20.3004136412284,Epidemic intelligence subnational data
Germany,Hamburg,DE6,2021-28,27.4461592429407,Epidemic intelligence subnational data
Germany,Hamburg,DE6,2021-29,46.1766742292474,Epidemic intelligence subnational data
Germany,Hamburg,DE6,2021-30,65.7192057612033,Epidemic intelligence subnational data
Germany,Hamburg,DE6,2021-31,101.014858278752,Epidemic intelligence subnational data
Germany,Hamburg,DE6,2021-32,155.690639019127,Epidemic intelligence subnational data
Germany,Hamburg,DE6,2021-33,172.039238804863,Epidemic intelligence subnational data
Germany,Hamburg,DE6,2021-34,173.013658659642,Epidemic intelligence subnational data
Germany,Hamburg,DE6,2021-35,184.652562480613,Epidemic intelligence subnational data
Germany,Hamburg,DE6,2021-36,178.697774479186,Epidemic intelligence subnational data
Germany,Hamburg,DE6,2021-37,151.847094036388,Epidemic intelligence subnational data
Germany,Hamburg,DE6,2021-38,130.030916176615,Epidemic intelligence subnational data
Germany,Hamburg,DE6,2021-39,140.424727960924,Epidemic intelligence subnational data
Germany,Hamburg,DE6,2021-40,133.170713486458,Epidemic intelligence subnational data
Germany,Hamburg,DE6,2021-41,124.83401028446,Epidemic intelligence subnational data
Germany,Hamburg,DE6,2021-42,169.115979240526,Epidemic intelligence subnational data
Germany,Hamburg,DE6,2021-43,236.296814783898,Epidemic intelligence subnational data
Germany,Hamburg,DE6,2021-44,288.915486941962,Epidemic intelligence subnational data
Germany,Hamburg,DE6,2021-45,336.391387644248,Epidemic intelligence subnational data
Germany,Hamburg,DE6,2021-46,407.632305915865,Epidemic intelligence subnational data
Germany,Hamburg,DE6,2021-47,465.068942911447,Epidemic intelligence subnational data
Germany,Hamburg,DE6,2021-48,493.868463063803,Epidemic intelligence subnational data
Germany,Hamburg,DE6,2021-49,520.881546815731,Epidemic intelligence subnational data
Germany,Hamburg,DE6,2021-50,585.788736031285,Epidemic intelligence subnational data
Germany,Hamburg,DE6,2021-51,674.515077252548,Epidemic intelligence subnational data
Germany,Hamburg,DE6,2021-52,810.609050303342,Epidemic intelligence subnational data
Germany,Hamburg,DE6,2022-01,1134.17057652633,Epidemic intelligence subnational data
Germany,Hamburg,DE6,2022-02,1768.68030529657,Epidemic intelligence subnational data
Germany,Hamburg,DE6,2022-03,3028.38863978026,Epidemic intelligence subnational data
Germany,Hamburg,DE6,2022-04,4109.66987196664,Epidemic intelligence subnational data
Germany,Hessen,DE7,2020-13,,Epidemic intelligence subnational data
Germany,Hessen,DE7,2020-14,37.3882011679241,Epidemic intelligence subnational data
Germany,Hessen,DE7,2020-15,53.7365936820142,Epidemic intelligence subnational data
Germany,Hessen,DE7,2020-16,43.0338036411751,Epidemic intelligence subnational data
Germany,Hessen,DE7,2020-17,27.2579229271892,Epidemic intelligence subnational data
Germany,Hessen,DE7,2020-18,20.0697192147683,Epidemic intelligence subnational data
Germany,Hessen,DE7,2020-19,13.4699304080101,Epidemic intelligence subnational data
Germany,Hessen,DE7,2020-20,11.5456546354372,Epidemic intelligence subnational data
Germany,Hessen,DE7,2020-21,13.1836745079579,Epidemic intelligence subnational data
Germany,Hessen,DE7,2020-22,11.3230111576189,Epidemic intelligence subnational data
Germany,Hessen,DE7,2020-23,6.29762980114757,Epidemic intelligence subnational data
Germany,Hessen,DE7,2020-24,4.86635030088676,Epidemic intelligence subnational data
Germany,Hessen,DE7,2020-25,6.18630806223839,Epidemic intelligence subnational data
Germany,Hessen,DE7,2020-26,6.75881986234272,Epidemic intelligence subnational data
Germany,Hessen,DE7,2020-27,5.83643973995242,Epidemic intelligence subnational data
Germany,Hessen,DE7,2020-28,6.4566608567321,Epidemic intelligence subnational data
Germany,Hessen,DE7,2020-29,7.09278507907024,Epidemic intelligence subnational data
Germany,Hessen,DE7,2020-30,9.36692917392909,Epidemic intelligence subnational data
Germany,Hessen,DE7,2020-31,12.658872024529,Epidemic intelligence subnational data
Germany,Hessen,DE7,2020-32,17.0163229475452,Epidemic intelligence subnational data
Germany,Hessen,DE7,2020-33,25.2541316268241,Epidemic intelligence subnational data
Germany,Hessen,DE7,2020-34,34.1757738451165,Epidemic intelligence subnational data
Germany,Hessen,DE7,2020-35,29.4207452831389,Epidemic intelligence subnational data
Germany,Hessen,DE7,2020-36,21.4691925039122,Epidemic intelligence subnational data
Germany,Hessen,DE7,2020-37,22.1371229373672,Epidemic intelligence subnational data
Germany,Hessen,DE7,2020-38,23.7751428098879,Epidemic intelligence subnational data
Germany,Hessen,DE7,2020-39,29.5956794442819,Epidemic intelligence subnational data
Germany,Hessen,DE7,2020-40,39.5192173127568,Epidemic intelligence subnational data
Germany,Hessen,DE7,2020-41,61.6086309334487,Epidemic intelligence subnational data
Germany,Hessen,DE7,2020-42,110.558389842368,Epidemic intelligence subnational data
Germany,Hessen,DE7,2020-43,204.657065431738,Epidemic intelligence subnational data
Germany,Hessen,DE7,2020-44,274.980598211219,Epidemic intelligence subnational data
Germany,Hessen,DE7,2020-45,318.952685080343,Epidemic intelligence subnational data
Germany,Hessen,DE7,2020-46,348.357527257923,Epidemic intelligence subnational data
Germany,Hessen,DE7,2020-47,352.301497436419,Epidemic intelligence subnational data
Germany,Hessen,DE7,2020-48,343.109502423633,Epidemic intelligence subnational data
Germany,Hessen,DE7,2020-49,318.093917380186,Epidemic intelligence subnational data
Germany,Hessen,DE7,2020-50,344.397653973868,Epidemic intelligence subnational data
Germany,Hessen,DE7,2020-51,393.42692841058,Epidemic intelligence subnational data
Germany,Hessen,DE7,2020-52,357.342781898449,Epidemic intelligence subnational data
Germany,Hessen,DE7,2020-53,292.203661531024,Epidemic intelligence subnational data
Germany,Hessen,DE7,2021-01,303.574382005318,Epidemic intelligence subnational data
Germany,Hessen,DE7,2021-02,292.569432958868,Epidemic intelligence subnational data
Germany,Hessen,DE7,2021-03,241.075177160596,Epidemic intelligence subnational data
Germany,Hessen,DE7,2021-04,206.07244182644,Epidemic intelligence subnational data
Germany,Hessen,DE7,2021-05,173.009885370415,Epidemic intelligence subnational data
Germany,Hessen,DE7,2021-06,136.130583580362,Epidemic intelligence subnational data
Germany,Hessen,DE7,2021-07,118.032849454842,Epidemic intelligence subnational data
Germany,Hessen,DE7,2021-08,126.986297884251,Epidemic intelligence subnational data
Germany,Hessen,DE7,2021-09,137.89582829735,Epidemic intelligence subnational data
Germany,Hessen,DE7,2021-10,162.609254335187,Epidemic intelligence subnational data
Germany,Hessen,DE7,2021-11,212.608618210964,Epidemic intelligence subnational data
Germany,Hessen,DE7,2021-12,269.62125163802,Epidemic intelligence subnational data
Germany,Hessen,DE7,2021-13,293.046526125622,Epidemic intelligence subnational data
Germany,Hessen,DE7,2021-14,293.06242923118,Epidemic intelligence subnational data
Germany,Hessen,DE7,2021-15,311.048841617791,Epidemic intelligence subnational data
Germany,Hessen,DE7,2021-16,348.786911108001,Epidemic intelligence subnational data
Germany,Hessen,DE7,2021-17,337.304868894798,Epidemic intelligence subnational data
Germany,Hessen,DE7,2021-18,275.505400694648,Epidemic intelligence subnational data
Germany,Hessen,DE7,2021-19,216.170913856058,Epidemic intelligence subnational data
Germany,Hessen,DE7,2021-20,161.95722700729,Epidemic intelligence subnational data
Germany,Hessen,DE7,2021-21,113.21420847063,Epidemic intelligence subnational data
Germany,Hessen,DE7,2021-22,69.6237961349092,Epidemic intelligence subnational data
Germany,Hessen,DE7,2021-23,45.5305912138522,Epidemic intelligence subnational data
Germany,Hessen,DE7,2021-24,30.406737827763,Epidemic intelligence subnational data
Germany,Hessen,DE7,2021-25,18.9565018256765,Epidemic intelligence subnational data
Germany,Hessen,DE7,2021-26,15.4101092861414,Epidemic intelligence subnational data
Germany,Hessen,DE7,2021-27,17.0481291586621,Epidemic intelligence subnational data
Germany,Hessen,DE7,2021-28,23.9341738654725,Epidemic intelligence subnational data
Germany,Hessen,DE7,2021-29,31.8857266446992,Epidemic intelligence subnational data
Germany,Hessen,DE7,2021-30,37.7857788068854,Epidemic intelligence subnational data
Germany,Hessen,DE7,2021-31,42.9224819022659,Epidemic intelligence subnational data
Germany,Hessen,DE7,2021-32,60.4795104387985,Epidemic intelligence subnational data
Germany,Hessen,DE7,2021-33,96.1501762064096,Epidemic intelligence subnational data
Germany,Hessen,DE7,2021-34,137.466444447272,Epidemic intelligence subnational data
Germany,Hessen,DE7,2021-35,200.569967303215,Epidemic intelligence subnational data
Germany,Hessen,DE7,2021-36,227.175862902508,Epidemic intelligence subnational data
Germany,Hessen,DE7,2021-37,184.794086589229,Epidemic intelligence subnational data
Germany,Hessen,DE7,2021-38,146.833373621201,Epidemic intelligence subnational data
Germany,Hessen,DE7,2021-39,133.697408429918,Epidemic intelligence subnational data
Germany,Hessen,DE7,2021-40,130.946171168306,Epidemic intelligence subnational data
Germany,Hessen,DE7,2021-41,122.119947583364,Epidemic intelligence subnational data
Germany,Hessen,DE7,2021-42,134.874238241244,Epidemic intelligence subnational data
Germany,Hessen,DE7,2021-43,217.363646772942,Epidemic intelligence subnational data
Germany,Hessen,DE7,2021-44,296.942786987443,Epidemic intelligence subnational data
Germany,Hessen,DE7,2021-45,354.305288736785,Epidemic intelligence subnational data
Germany,Hessen,DE7,2021-46,446.034401597944,Epidemic intelligence subnational data
Germany,Hessen,DE7,2021-47,537.524967875727,Epidemic intelligence subnational data
Germany,Hessen,DE7,2021-48,570.221752903907,Epidemic intelligence subnational data
Germany,Hessen,DE7,2021-49,542.916120660042,Epidemic intelligence subnational data
Germany,Hessen,DE7,2021-50,474.246510858641,Epidemic intelligence subnational data
Germany,Hessen,DE7,2021-51,394.34930853297,Epidemic intelligence subnational data
Germany,Hessen,DE7,2021-52,416.025241409142,Epidemic intelligence subnational data
Germany,Hessen,DE7,2022-01,643.360135367235,Epidemic intelligence subnational data
Germany,Hessen,DE7,2022-02,1121.13713565985,Epidemic intelligence subnational data
Germany,Hessen,DE7,2022-03,1780.70253559115,Epidemic intelligence subnational data
Germany,Hessen,DE7,2022-04,2616.45844200456,Epidemic intelligence subnational data
Germany,Mecklenburg-Vorpommern,DE8,2020-13,,Epidemic intelligence subnational data
Germany,Mecklenburg-Vorpommern,DE8,2020-14,16.7274201592152,Epidemic intelligence subnational data
Germany,Mecklenburg-Vorpommern,DE8,2020-15,17.2870736217912,Epidemic intelligence subnational data
Germany,Mecklenburg-Vorpommern,DE8,2020-16,7.95951591219162,Epidemic intelligence subnational data
Germany,Mecklenburg-Vorpommern,DE8,2020-17,3.29573705739184,Epidemic intelligence subnational data
Germany,Mecklenburg-Vorpommern,DE8,2020-18,3.42010449351984,Epidemic intelligence subnational data
Germany,Mecklenburg-Vorpommern,DE8,2020-19,2.61171615868787,Epidemic intelligence subnational data
Germany,Mecklenburg-Vorpommern,DE8,2020-20,2.54953244062388,Epidemic intelligence subnational data
Germany,Mecklenburg-Vorpommern,DE8,2020-21,1.92769525998391,Epidemic intelligence subnational data
Germany,Mecklenburg-Vorpommern,DE8,2020-22,0.559653462575973,Epidemic intelligence subnational data
Germany,Mecklenburg-Vorpommern,DE8,2020-23,1.05712320708795,Epidemic intelligence subnational data
Germany,Mecklenburg-Vorpommern,DE8,2020-24,1.55459295159993,Epidemic intelligence subnational data
Germany,Mecklenburg-Vorpommern,DE8,2020-25,1.05712320708795,Epidemic intelligence subnational data
Germany,Mecklenburg-Vorpommern,DE8,2020-26,1.05712320708795,Epidemic intelligence subnational data
Germany,Mecklenburg-Vorpommern,DE8,2020-27,0.684020898703967,Epidemic intelligence subnational data
Germany,Mecklenburg-Vorpommern,DE8,2020-28,0.062183718063997,Epidemic intelligence subnational data
Germany,Mecklenburg-Vorpommern,DE8,2020-29,0.373102308383982,Epidemic intelligence subnational data
Germany,Mecklenburg-Vorpommern,DE8,2020-30,2.79826731287987,Epidemic intelligence subnational data
Germany,Mecklenburg-Vorpommern,DE8,2020-31,4.85033000899177,Epidemic intelligence subnational data
Germany,Mecklenburg-Vorpommern,DE8,2020-32,6.40492296059169,Epidemic intelligence subnational data
Germany,Mecklenburg-Vorpommern,DE8,2020-33,5.53435090769573,Epidemic intelligence subnational data
Germany,Mecklenburg-Vorpommern,DE8,2020-34,2.86045103094386,Epidemic intelligence subnational data
Germany,Mecklenburg-Vorpommern,DE8,2020-35,1.92769525998391,Epidemic intelligence subnational data
Germany,Mecklenburg-Vorpommern,DE8,2020-36,2.48734872255988,Epidemic intelligence subnational data
Germany,Mecklenburg-Vorpommern,DE8,2020-37,4.04194167415981,Epidemic intelligence subnational data
Germany,Mecklenburg-Vorpommern,DE8,2020-38,5.78308577995172,Epidemic intelligence subnational data
Germany,Mecklenburg-Vorpommern,DE8,2020-39,6.59147411478368,Epidemic intelligence subnational data
Germany,Mecklenburg-Vorpommern,DE8,2020-40,10.7577832250715,Epidemic intelligence subnational data
Germany,Mecklenburg-Vorpommern,DE8,2020-41,18.1576456746871,Epidemic intelligence subnational data
Germany,Mecklenburg-Vorpommern,DE8,2020-42,30.2212869791025,Epidemic intelligence subnational data
Germany,Mecklenburg-Vorpommern,DE8,2020-43,53.2292626627814,Epidemic intelligence subnational data
Germany,Mecklenburg-Vorpommern,DE8,2020-44,70.0810502581246,Epidemic intelligence subnational data
Germany,Mecklenburg-Vorpommern,DE8,2020-45,90.6638609373076,Epidemic intelligence subnational data
Germany,Mecklenburg-Vorpommern,DE8,2020-46,96.1982118450034,Epidemic intelligence subnational data
Germany,Mecklenburg-Vorpommern,DE8,2020-47,90.8504120914996,Epidemic intelligence subnational data
Germany,Mecklenburg-Vorpommern,DE8,2020-48,95.2032723559794,Epidemic intelligence subnational data
Germany,Mecklenburg-Vorpommern,DE8,2020-49,98.7477442856272,Epidemic intelligence subnational data
Germany,Mecklenburg-Vorpommern,DE8,2020-50,144.266225908473,Epidemic intelligence subnational data
Germany,Mecklenburg-Vorpommern,DE8,2020-51,190.530912148087,Epidemic intelligence subnational data
Germany,Mecklenburg-Vorpommern,DE8,2020-52,177.410147636583,Epidemic intelligence subnational data
Germany,Mecklenburg-Vorpommern,DE8,2020-53,176.539575583688,Epidemic intelligence subnational data
Germany,Mecklenburg-Vorpommern,DE8,2021-01,230.950328889685,Epidemic intelligence subnational data
Germany,Mecklenburg-Vorpommern,DE8,2021-02,258.933002018483,Epidemic intelligence subnational data
Germany,Mecklenburg-Vorpommern,DE8,2021-03,229.271368501957,Epidemic intelligence subnational data
Germany,Mecklenburg-Vorpommern,DE8,2021-04,194.013200359671,Epidemic intelligence subnational data
Germany,Mecklenburg-Vorpommern,DE8,2021-05,172.99510365404,Epidemic intelligence subnational data
Germany,Mecklenburg-Vorpommern,DE8,2021-06,147.561962965865,Epidemic intelligence subnational data
Germany,Mecklenburg-Vorpommern,DE8,2021-07,134.068096145978,Epidemic intelligence subnational data
Germany,Mecklenburg-Vorpommern,DE8,2021-08,137.674751793689,Epidemic intelligence subnational data
Germany,Mecklenburg-Vorpommern,DE8,2021-09,139.975549362057,Epidemic intelligence subnational data
Germany,Mecklenburg-Vorpommern,DE8,2021-10,137.674751793689,Epidemic intelligence subnational data
Germany,Mecklenburg-Vorpommern,DE8,2021-11,145.198981679433,Epidemic intelligence subnational data
Germany,Mecklenburg-Vorpommern,DE8,2021-12,196.376181646103,Epidemic intelligence subnational data
Germany,Mecklenburg-Vorpommern,DE8,2021-13,226.162182598757,Epidemic intelligence subnational data
Germany,Mecklenburg-Vorpommern,DE8,2021-14,251.160037260484,Epidemic intelligence subnational data
Germany,Mecklenburg-Vorpommern,DE8,2021-15,293.196230671746,Epidemic intelligence subnational data
Germany,Mecklenburg-Vorpommern,DE8,2021-16,291.517270284018,Epidemic intelligence subnational data
Germany,Mecklenburg-Vorpommern,DE8,2021-17,263.783332027475,Epidemic intelligence subnational data
Germany,Mecklenburg-Vorpommern,DE8,2021-18,209.24821128535,Epidemic intelligence subnational data
Germany,Mecklenburg-Vorpommern,DE8,2021-19,144.079674754281,Epidemic intelligence subnational data
Germany,Mecklenburg-Vorpommern,DE8,2021-20,95.5763746643634,Epidemic intelligence subnational data
Germany,Mecklenburg-Vorpommern,DE8,2021-21,52.6696092002055,Epidemic intelligence subnational data
Germany,Mecklenburg-Vorpommern,DE8,2021-22,24.0650988907668,Epidemic intelligence subnational data
Germany,Mecklenburg-Vorpommern,DE8,2021-23,14.0535202824633,Epidemic intelligence subnational data
Germany,Mecklenburg-Vorpommern,DE8,2021-24,6.59147411478368,Epidemic intelligence subnational data
Germany,Mecklenburg-Vorpommern,DE8,2021-25,3.73102308383982,Epidemic intelligence subnational data
Germany,Mecklenburg-Vorpommern,DE8,2021-26,3.79320680190382,Epidemic intelligence subnational data
Germany,Mecklenburg-Vorpommern,DE8,2021-27,3.10918590319985,Epidemic intelligence subnational data
Germany,Mecklenburg-Vorpommern,DE8,2021-28,5.16124859931175,Epidemic intelligence subnational data
Germany,Mecklenburg-Vorpommern,DE8,2021-29,8.89227168315157,Epidemic intelligence subnational data
Germany,Mecklenburg-Vorpommern,DE8,2021-30,13.6804179740793,Epidemic intelligence subnational data
Germany,Mecklenburg-Vorpommern,DE8,2021-31,26.5524476133267,Epidemic intelligence subnational data
Germany,Mecklenburg-Vorpommern,DE8,2021-32,43.8395212351179,Epidemic intelligence subnational data
Germany,Mecklenburg-Vorpommern,DE8,2021-33,56.2140811298533,Epidemic intelligence subnational data
Germany,Mecklenburg-Vorpommern,DE8,2021-34,62.432452936253,Epidemic intelligence subnational data
Germany,Mecklenburg-Vorpommern,DE8,2021-35,67.3449666633087,Epidemic intelligence subnational data
Germany,Mecklenburg-Vorpommern,DE8,2021-36,74.4339105226044,Epidemic intelligence subnational data
Germany,Mecklenburg-Vorpommern,DE8,2021-37,70.3919688484446,Epidemic intelligence subnational data
Germany,Mecklenburg-Vorpommern,DE8,2021-38,66.4122108923488,Epidemic intelligence subnational data
Germany,Mecklenburg-Vorpommern,DE8,2021-39,85.5647960560599,Epidemic intelligence subnational data
Germany,Mecklenburg-Vorpommern,DE8,2021-40,102.105665061083,Epidemic intelligence subnational data
Germany,Mecklenburg-Vorpommern,DE8,2021-41,108.572771739739,Epidemic intelligence subnational data
Germany,Mecklenburg-Vorpommern,DE8,2021-42,117.713778295146,Epidemic intelligence subnational data
Germany,Mecklenburg-Vorpommern,DE8,2021-43,161.055829785752,Epidemic intelligence subnational data
Germany,Mecklenburg-Vorpommern,DE8,2021-44,244.941665454084,Epidemic intelligence subnational data
Germany,Mecklenburg-Vorpommern,DE8,2021-45,327.894745351456,Epidemic intelligence subnational data
Germany,Mecklenburg-Vorpommern,DE8,2021-46,486.276675260457,Epidemic intelligence subnational data
Germany,Mecklenburg-Vorpommern,DE8,2021-47,728.793175710045,Epidemic intelligence subnational data
Germany,Mecklenburg-Vorpommern,DE8,2021-48,905.394935011796,Epidemic intelligence subnational data
Germany,Mecklenburg-Vorpommern,DE8,2021-49,934.683466219939,Epidemic intelligence subnational data
Germany,Mecklenburg-Vorpommern,DE8,2021-50,910.43181617498,Epidemic intelligence subnational data
Germany,Mecklenburg-Vorpommern,DE8,2021-51,757.832972045931,Epidemic intelligence subnational data
Germany,Mecklenburg-Vorpommern,DE8,2021-52,586.641196215748,Epidemic intelligence subnational data
Germany,Mecklenburg-Vorpommern,DE8,2022-01,707.339792977966,Epidemic intelligence subnational data
Germany,Mecklenburg-Vorpommern,DE8,2022-02,898.616909742821,Epidemic intelligence subnational data
Germany,Mecklenburg-Vorpommern,DE8,2022-03,1306.04463049813,Epidemic intelligence subnational data
Germany,Mecklenburg-Vorpommern,DE8,2022-04,1956.11321913915,Epidemic intelligence subnational data
Germany,Niedersachsen,DE9,2020-13,,Epidemic intelligence subnational data
Germany,Niedersachsen,DE9,2020-14,39.4064857821399,Epidemic intelligence subnational data
Germany,Niedersachsen,DE9,2020-15,55.74453988737,Epidemic intelligence subnational data
Germany,Niedersachsen,DE9,2020-16,40.9827452134255,Epidemic intelligence subnational data
Germany,Niedersachsen,DE9,2020-17,22.3178319477262,Epidemic intelligence subnational data
Germany,Niedersachsen,DE9,2020-18,15.2246645069411,Epidemic intelligence subnational data
Germany,Niedersachsen,DE9,2020-19,11.5467258339413,Epidemic intelligence subnational data
Germany,Niedersachsen,DE9,2020-20,9.4325365967408,Epidemic intelligence subnational data
Germany,Niedersachsen,DE9,2020-21,9.79532646584621,Epidemic intelligence subnational data
Germany,Niedersachsen,DE9,2020-22,11.346565906159,Epidemic intelligence subnational data
Germany,Niedersachsen,DE9,2020-23,11.8594757211012,Epidemic intelligence subnational data
Germany,Niedersachsen,DE9,2020-24,10.6835361453802,Epidemic intelligence subnational data
Germany,Niedersachsen,DE9,2020-25,8.76950683596193,Epidemic intelligence subnational data
Germany,Niedersachsen,DE9,2020-26,7.61858725121372,Epidemic intelligence subnational data
Germany,Niedersachsen,DE9,2020-27,5.26670809977172,Epidemic intelligence subnational data
Germany,Niedersachsen,DE9,2020-28,3.39020877681267,Epidemic intelligence subnational data
Germany,Niedersachsen,DE9,2020-29,4.41602840669695,Epidemic intelligence subnational data
Germany,Niedersachsen,DE9,2020-30,5.71706793728189,Epidemic intelligence subnational data
Germany,Niedersachsen,DE9,2020-31,7.13069742724437,Epidemic intelligence subnational data
Germany,Niedersachsen,DE9,2020-32,10.2206663123836,Epidemic intelligence subnational data
Germany,Niedersachsen,DE9,2020-33,11.1464059783767,Epidemic intelligence subnational data
Germany,Niedersachsen,DE9,2020-34,14.4115148003255,Epidemic intelligence subnational data
Germany,Niedersachsen,DE9,2020-35,16.588254014958,Epidemic intelligence subnational data
Germany,Niedersachsen,DE9,2020-36,14.7617946739445,Epidemic intelligence subnational data
Germany,Niedersachsen,DE9,2020-37,15.9127142586927,Epidemic intelligence subnational data
Germany,Niedersachsen,DE9,2020-38,21.0543224036005,Epidemic intelligence subnational data
Germany,Niedersachsen,DE9,2020-39,25.0450109637601,Epidemic intelligence subnational data
Germany,Niedersachsen,DE9,2020-40,29.0106795329468,Epidemic intelligence subnational data
Germany,Niedersachsen,DE9,2020-41,42.5089646627656,Epidemic intelligence subnational data
Germany,Niedersachsen,DE9,2020-42,64.4890267323592,Epidemic intelligence subnational data
Germany,Niedersachsen,DE9,2020-43,108.636800803842,Epidemic intelligence subnational data
Germany,Niedersachsen,DE9,2020-44,153.259954703808,Epidemic intelligence subnational data
Germany,Niedersachsen,DE9,2020-45,188.588181957384,Epidemic intelligence subnational data
Germany,Niedersachsen,DE9,2020-46,216.673121824338,Epidemic intelligence subnational data
Germany,Niedersachsen,DE9,2020-47,214.984272433675,Epidemic intelligence subnational data
Germany,Niedersachsen,DE9,2020-48,192.703970472408,Epidemic intelligence subnational data
Germany,Niedersachsen,DE9,2020-49,172.537857748341,Epidemic intelligence subnational data
Germany,Niedersachsen,DE9,2020-50,184.635023383684,Epidemic intelligence subnational data
Germany,Niedersachsen,DE9,2020-51,224.379279043956,Epidemic intelligence subnational data
Germany,Niedersachsen,DE9,2020-52,217.736471440681,Epidemic intelligence subnational data
Germany,Niedersachsen,DE9,2020-53,190.414641298397,Epidemic intelligence subnational data
Germany,Niedersachsen,DE9,2021-01,217.085951675389,Epidemic intelligence subnational data
Germany,Niedersachsen,DE9,2021-02,226.593548245048,Epidemic intelligence subnational data
Germany,Niedersachsen,DE9,2021-03,196.306849172489,Epidemic intelligence subnational data
Germany,Niedersachsen,DE9,2021-04,170.060878642035,Epidemic intelligence subnational data
Germany,Niedersachsen,DE9,2021-05,151.145765466608,Epidemic intelligence subnational data
Germany,Niedersachsen,DE9,2021-06,137.92270023749,Epidemic intelligence subnational data
Germany,Niedersachsen,DE9,2021-07,134.807711361378,Epidemic intelligence subnational data
Germany,Niedersachsen,DE9,2021-08,139.473939677803,Epidemic intelligence subnational data
Germany,Niedersachsen,DE9,2021-09,136.321420815231,Epidemic intelligence subnational data
Germany,Niedersachsen,DE9,2021-10,146.14176727205,Epidemic intelligence subnational data
Germany,Niedersachsen,DE9,2021-11,181.507524512085,Epidemic intelligence subnational data
Germany,Niedersachsen,DE9,2021-12,223.103259504344,Epidemic intelligence subnational data
Germany,Niedersachsen,DE9,2021-13,227.056418078044,Epidemic intelligence subnational data
Germany,Niedersachsen,DE9,2021-14,216.748181797256,Epidemic intelligence subnational data
Germany,Niedersachsen,DE9,2021-15,240.579723198836,Epidemic intelligence subnational data
Germany,Niedersachsen,DE9,2021-16,256.092117601964,Epidemic intelligence subnational data
Germany,Niedersachsen,DE9,2021-17,231.009576651745,Epidemic intelligence subnational data
Germany,Niedersachsen,DE9,2021-18,190.664841208125,Epidemic intelligence subnational data
Germany,Niedersachsen,DE9,2021-19,145.979137330727,Epidemic intelligence subnational data
Germany,Niedersachsen,DE9,2021-20,104.395912333955,Epidemic intelligence subnational data
Germany,Niedersachsen,DE9,2021-21,70.4062545974233,Epidemic intelligence subnational data
Germany,Niedersachsen,DE9,2021-22,41.2454551186398,Epidemic intelligence subnational data
Germany,Niedersachsen,DE9,2021-23,25.5579207787022,Epidemic intelligence subnational data
Germany,Niedersachsen,DE9,2021-24,14.3739848138663,Epidemic intelligence subnational data
Germany,Niedersachsen,DE9,2021-25,8.66942687207079,Epidemic intelligence subnational data
Germany,Niedersachsen,DE9,2021-26,7.11818743175798,Epidemic intelligence subnational data
Germany,Niedersachsen,DE9,2021-27,9.77030647487342,Epidemic intelligence subnational data
Germany,Niedersachsen,DE9,2021-28,17.6015636493558,Epidemic intelligence subnational data
Germany,Niedersachsen,DE9,2021-29,27.7721899797939,Epidemic intelligence subnational data
Germany,Niedersachsen,DE9,2021-30,34.227347650773,Epidemic intelligence subnational data
Germany,Niedersachsen,DE9,2021-31,37.4674364817489,Epidemic intelligence subnational data
Germany,Niedersachsen,DE9,2021-32,46.2994932951428,Epidemic intelligence subnational data
Germany,Niedersachsen,DE9,2021-33,70.5563745432601,Epidemic intelligence subnational data
Germany,Niedersachsen,DE9,2021-34,104.883802157924,Epidemic intelligence subnational data
Germany,Niedersachsen,DE9,2021-35,136.734250666282,Epidemic intelligence subnational data
Germany,Niedersachsen,DE9,2021-36,154.623544211825,Epidemic intelligence subnational data
Germany,Niedersachsen,DE9,2021-37,139.173699786129,Epidemic intelligence subnational data
Germany,Niedersachsen,DE9,2021-38,106.77281147637,Epidemic intelligence subnational data
Germany,Niedersachsen,DE9,2021-39,94.9508657417276,Epidemic intelligence subnational data
Germany,Niedersachsen,DE9,2021-40,92.8116565135543,Epidemic intelligence subnational data
Germany,Niedersachsen,DE9,2021-41,95.7765254438296,Epidemic intelligence subnational data
Germany,Niedersachsen,DE9,2021-42,108.29903092571,Epidemic intelligence subnational data
Germany,Niedersachsen,DE9,2021-43,146.917386992207,Epidemic intelligence subnational data
Germany,Niedersachsen,DE9,2021-44,198.771318283308,Epidemic intelligence subnational data
Germany,Niedersachsen,DE9,2021-45,248.298390413941,Epidemic intelligence subnational data
Germany,Niedersachsen,DE9,2021-46,329.988660940091,Epidemic intelligence subnational data
Germany,Niedersachsen,DE9,2021-47,421.586847891465,Epidemic intelligence subnational data
Germany,Niedersachsen,DE9,2021-48,441.953120543314,Epidemic intelligence subnational data
Germany,Niedersachsen,DE9,2021-49,419.622778600102,Epidemic intelligence subnational data
Germany,Niedersachsen,DE9,2021-50,390.499509107777,Epidemic intelligence subnational data
Germany,Niedersachsen,DE9,2021-51,318.241775178368,Epidemic intelligence subnational data
Germany,Niedersachsen,DE9,2021-52,327.123871973707,Epidemic intelligence subnational data
Germany,Niedersachsen,DE9,2022-01,524.644190708376,Epidemic intelligence subnational data
Germany,Niedersachsen,DE9,2022-02,818.879284548354,Epidemic intelligence subnational data
Germany,Niedersachsen,DE9,2022-03,1265.36102345774,Epidemic intelligence subnational data
Germany,Niedersachsen,DE9,2022-04,1793.63311285717,Epidemic intelligence subnational data
Germany,Nordrhein-Westfalen,DEA,2020-13,,Epidemic intelligence subnational data
Germany,Nordrhein-Westfalen,DEA,2020-14,56.5491448508936,Epidemic intelligence subnational data
Germany,Nordrhein-Westfalen,DEA,2020-15,79.1487439754601,Epidemic intelligence subnational data
Germany,Nordrhein-Westfalen,DEA,2020-16,60.1820192663811,Epidemic intelligence subnational data
Germany,Nordrhein-Westfalen,DEA,2020-17,33.6876667423887,Epidemic intelligence subnational data
Germany,Nordrhein-Westfalen,DEA,2020-18,21.1286192998905,Epidemic intelligence subnational data
Germany,Nordrhein-Westfalen,DEA,2020-19,16.1807780714351,Epidemic intelligence subnational data
Germany,Nordrhein-Westfalen,DEA,2020-20,13.9743083344213,Epidemic intelligence subnational data
Germany,Nordrhein-Westfalen,DEA,2020-21,12.302740351835,Epidemic intelligence subnational data
Germany,Nordrhein-Westfalen,DEA,2020-22,9.47221856798888,Epidemic intelligence subnational data
Germany,Nordrhein-Westfalen,DEA,2020-23,7.265748830975,Epidemic intelligence subnational data
Germany,Nordrhein-Westfalen,DEA,2020-24,7.73378786609916,Epidemic intelligence subnational data
Germany,Nordrhein-Westfalen,DEA,2020-25,15.7851736488897,Epidemic intelligence subnational data
Germany,Nordrhein-Westfalen,DEA,2020-26,20.4432764270301,Epidemic intelligence subnational data
Germany,Nordrhein-Westfalen,DEA,2020-27,14.6429355274558,Epidemic intelligence subnational data
Germany,Nordrhein-Westfalen,DEA,2020-28,11.0936395110976,Epidemic intelligence subnational data
Germany,Nordrhein-Westfalen,DEA,2020-29,11.4836720403677,Epidemic intelligence subnational data
Germany,Nordrhein-Westfalen,DEA,2020-30,15.2224124280857,Epidemic intelligence subnational data
Germany,Nordrhein-Westfalen,DEA,2020-31,20.6215770118393,Epidemic intelligence subnational data
Germany,Nordrhein-Westfalen,DEA,2020-32,25.7588626116545,Epidemic intelligence subnational data
Germany,Nordrhein-Westfalen,DEA,2020-33,29.5700376119512,Epidemic intelligence subnational data
Germany,Nordrhein-Westfalen,DEA,2020-34,16.5596668141547,Epidemic intelligence subnational data
Germany,Nordrhein-Westfalen,DEA,2020-35,21.6635210543181,Epidemic intelligence subnational data
Germany,Nordrhein-Westfalen,DEA,2020-36,29.6313284379793,Epidemic intelligence subnational data
Germany,Nordrhein-Westfalen,DEA,2020-37,21.6858086274193,Epidemic intelligence subnational data
Germany,Nordrhein-Westfalen,DEA,2020-38,29.6034689716029,Epidemic intelligence subnational data
Germany,Nordrhein-Westfalen,DEA,2020-39,37.1478124663423,Epidemic intelligence subnational data
Germany,Nordrhein-Westfalen,DEA,2020-40,46.9376289510226,Epidemic intelligence subnational data
Germany,Nordrhein-Westfalen,DEA,2020-41,69.8381103124545,Epidemic intelligence subnational data
Germany,Nordrhein-Westfalen,DEA,2020-42,112.931132903529,Epidemic intelligence subnational data
Germany,Nordrhein-Westfalen,DEA,2020-43,194.581656959593,Epidemic intelligence subnational data
Germany,Nordrhein-Westfalen,DEA,2020-44,274.438031381014,Epidemic intelligence subnational data
Germany,Nordrhein-Westfalen,DEA,2020-45,326.919694140948,Epidemic intelligence subnational data
Germany,Nordrhein-Westfalen,DEA,2020-46,351.514031058067,Epidemic intelligence subnational data
Germany,Nordrhein-Westfalen,DEA,2020-47,339.077565267626,Epidemic intelligence subnational data
Germany,Nordrhein-Westfalen,DEA,2020-48,314.761823014271,Epidemic intelligence subnational data
Germany,Nordrhein-Westfalen,DEA,2020-49,300.11331559354,Epidemic intelligence subnational data
Germany,Nordrhein-Westfalen,DEA,2020-50,325.041966107176,Epidemic intelligence subnational data
Germany,Nordrhein-Westfalen,DEA,2020-51,371.255248932411,Epidemic intelligence subnational data
Germany,Nordrhein-Westfalen,DEA,2020-52,339.645898381705,Epidemic intelligence subnational data
Germany,Nordrhein-Westfalen,DEA,2020-53,262.937643660821,Epidemic intelligence subnational data
Germany,Nordrhein-Westfalen,DEA,2021-01,271.902819940759,Epidemic intelligence subnational data
Germany,Nordrhein-Westfalen,DEA,2021-02,273.513097097317,Epidemic intelligence subnational data
Germany,Nordrhein-Westfalen,DEA,2021-03,226.636758972322,Epidemic intelligence subnational data
Germany,Nordrhein-Westfalen,DEA,2021-04,191.461396725432,Epidemic intelligence subnational data
Germany,Nordrhein-Westfalen,DEA,2021-05,156.113305787007,Epidemic intelligence subnational data
Germany,Nordrhein-Westfalen,DEA,2021-06,129.786110061273,Epidemic intelligence subnational data
Germany,Nordrhein-Westfalen,DEA,2021-07,120.820933781336,Epidemic intelligence subnational data
Germany,Nordrhein-Westfalen,DEA,2021-08,126.147663752511,Epidemic intelligence subnational data
Germany,Nordrhein-Westfalen,DEA,2021-09,131.998151691563,Epidemic intelligence subnational data
Germany,Nordrhein-Westfalen,DEA,2021-10,151.126461305625,Epidemic intelligence subnational data
Germany,Nordrhein-Westfalen,DEA,2021-11,195.071983567818,Epidemic intelligence subnational data
Germany,Nordrhein-Westfalen,DEA,2021-12,245.19116357903,Epidemic intelligence subnational data
Germany,Nordrhein-Westfalen,DEA,2021-13,261.310650824437,Epidemic intelligence subnational data
Germany,Nordrhein-Westfalen,DEA,2021-14,266.030044428605,Epidemic intelligence subnational data
Germany,Nordrhein-Westfalen,DEA,2021-15,314.566806749636,Epidemic intelligence subnational data
Germany,Nordrhein-Westfalen,DEA,2021-16,373.729169546639,Epidemic intelligence subnational data
Germany,Nordrhein-Westfalen,DEA,2021-17,357.810270459142,Epidemic intelligence subnational data
Germany,Nordrhein-Westfalen,DEA,2021-18,286.841065811805,Epidemic intelligence subnational data
Germany,Nordrhein-Westfalen,DEA,2021-19,216.724360835586,Epidemic intelligence subnational data
Germany,Nordrhein-Westfalen,DEA,2021-20,152.407996758941,Epidemic intelligence subnational data
Germany,Nordrhein-Westfalen,DEA,2021-21,102.132803736021,Epidemic intelligence subnational data
Germany,Nordrhein-Westfalen,DEA,2021-22,65.7762001147699,Epidemic intelligence subnational data
Germany,Nordrhein-Westfalen,DEA,2021-23,43.9678098352943,Epidemic intelligence subnational data
Germany,Nordrhein-Westfalen,DEA,2021-24,25.1125229917211,Epidemic intelligence subnational data
Germany,Nordrhein-Westfalen,DEA,2021-25,13.1440962364034,Epidemic intelligence subnational data
Germany,Nordrhein-Westfalen,DEA,2021-26,11.0546362581706,Epidemic intelligence subnational data
Germany,Nordrhein-Westfalen,DEA,2021-27,13.3948314337913,Epidemic intelligence subnational data
Germany,Nordrhein-Westfalen,DEA,2021-28,20.5435705059853,Epidemic intelligence subnational data
Germany,Nordrhein-Westfalen,DEA,2021-29,30.0325047538,Epidemic intelligence subnational data
Germany,Nordrhein-Westfalen,DEA,2021-30,43.5889210925747,Epidemic intelligence subnational data
Germany,Nordrhein-Westfalen,DEA,2021-31,62.8676718250697,Epidemic intelligence subnational data
Germany,Nordrhein-Westfalen,DEA,2021-32,98.0987530047131,Epidemic intelligence subnational data
Germany,Nordrhein-Westfalen,DEA,2021-33,174.990880203682,Epidemic intelligence subnational data
Germany,Nordrhein-Westfalen,DEA,2021-34,244.377667160838,Epidemic intelligence subnational data
Germany,Nordrhein-Westfalen,DEA,2021-35,251.49297487338,Epidemic intelligence subnational data
Germany,Nordrhein-Westfalen,DEA,2021-36,225.767543621377,Epidemic intelligence subnational data
Germany,Nordrhein-Westfalen,DEA,2021-37,178.412022674708,Epidemic intelligence subnational data
Germany,Nordrhein-Westfalen,DEA,2021-38,131.190227166646,Epidemic intelligence subnational data
Germany,Nordrhein-Westfalen,DEA,2021-39,113.310021646248,Epidemic intelligence subnational data
Germany,Nordrhein-Westfalen,DEA,2021-40,110.262196024666,Epidemic intelligence subnational data
Germany,Nordrhein-Westfalen,DEA,2021-41,106.467736704195,Epidemic intelligence subnational data
Germany,Nordrhein-Westfalen,DEA,2021-42,118.335869380558,Epidemic intelligence subnational data
Germany,Nordrhein-Westfalen,DEA,2021-43,186.67514040196,Epidemic intelligence subnational data
Germany,Nordrhein-Westfalen,DEA,2021-44,252.902663872028,Epidemic intelligence subnational data
Germany,Nordrhein-Westfalen,DEA,2021-45,316.422247210306,Epidemic intelligence subnational data
Germany,Nordrhein-Westfalen,DEA,2021-46,439.427363155555,Epidemic intelligence subnational data
Germany,Nordrhein-Westfalen,DEA,2021-47,553.105129757972,Epidemic intelligence subnational data
Germany,Nordrhein-Westfalen,DEA,2021-48,609.414683198028,Epidemic intelligence subnational data
Germany,Nordrhein-Westfalen,DEA,2021-49,601.60846071935,Epidemic intelligence subnational data
Germany,Nordrhein-Westfalen,DEA,2021-50,534.511721898337,Epidemic intelligence subnational data
Germany,Nordrhein-Westfalen,DEA,2021-51,435.293018345291,Epidemic intelligence subnational data
Germany,Nordrhein-Westfalen,DEA,2021-52,418.566194732878,Epidemic intelligence subnational data
Germany,Nordrhein-Westfalen,DEA,2022-01,633.735997344659,Epidemic intelligence subnational data
Germany,Nordrhein-Westfalen,DEA,2022-02,989.59610515745,Epidemic intelligence subnational data
Germany,Nordrhein-Westfalen,DEA,2022-03,1541.46984650158,Epidemic intelligence subnational data
Germany,Nordrhein-Westfalen,DEA,2022-04,2457.47238527904,Epidemic intelligence subnational data
Germany,Rheinland-Pfalz,DEB,2020-13,,Epidemic intelligence subnational data
Germany,Rheinland-Pfalz,DEB,2020-14,46.6791714410429,Epidemic intelligence subnational data
Germany,Rheinland-Pfalz,DEB,2020-15,61.1396996948877,Epidemic intelligence subnational data
Germany,Rheinland-Pfalz,DEB,2020-16,41.793857841771,Epidemic intelligence subnational data
Germany,Rheinland-Pfalz,DEB,2020-17,21.8617783567417,Epidemic intelligence subnational data
Germany,Rheinland-Pfalz,DEB,2020-18,14.607087661823,Epidemic intelligence subnational data
Germany,Rheinland-Pfalz,DEB,2020-19,9.11110986264208,Epidemic intelligence subnational data
Germany,Rheinland-Pfalz,DEB,2020-20,8.03634087080226,Epidemic intelligence subnational data
Germany,Rheinland-Pfalz,DEB,2020-21,6.25320140706802,Epidemic intelligence subnational data
Germany,Rheinland-Pfalz,DEB,2020-22,4.68990105530102,Epidemic intelligence subnational data
Germany,Rheinland-Pfalz,DEB,2020-23,4.86088703127553,Epidemic intelligence subnational data
Germany,Rheinland-Pfalz,DEB,2020-24,3.51742579147576,Epidemic intelligence subnational data
Germany,Rheinland-Pfalz,DEB,2020-25,2.78462875158498,Epidemic intelligence subnational data
Germany,Rheinland-Pfalz,DEB,2020-26,4.05481028739567,Epidemic intelligence subnational data
Germany,Rheinland-Pfalz,DEB,2020-27,4.29907596735927,Epidemic intelligence subnational data
Germany,Rheinland-Pfalz,DEB,2020-28,4.88531359927189,Epidemic intelligence subnational data
Germany,Rheinland-Pfalz,DEB,2020-29,6.00893572710443,Epidemic intelligence subnational data
Germany,Rheinland-Pfalz,DEB,2020-30,5.71581691114812,Epidemic intelligence subnational data
Germany,Rheinland-Pfalz,DEB,2020-31,6.64402649500978,Epidemic intelligence subnational data
Germany,Rheinland-Pfalz,DEB,2020-32,11.7003260702562,Epidemic intelligence subnational data
Germany,Rheinland-Pfalz,DEB,2020-33,17.4894226853934,Epidemic intelligence subnational data
Germany,Rheinland-Pfalz,DEB,2020-34,20.1274920290002,Epidemic intelligence subnational data
Germany,Rheinland-Pfalz,DEB,2020-35,20.3717577089638,Epidemic intelligence subnational data
Germany,Rheinland-Pfalz,DEB,2020-36,17.6848352293643,Epidemic intelligence subnational data
Germany,Rheinland-Pfalz,DEB,2020-37,16.8787584854844,Epidemic intelligence subnational data
Germany,Rheinland-Pfalz,DEB,2020-38,18.2466462932805,Epidemic intelligence subnational data
Germany,Rheinland-Pfalz,DEB,2020-39,20.4938905489456,Epidemic intelligence subnational data
Germany,Rheinland-Pfalz,DEB,2020-40,26.3318403000755,Epidemic intelligence subnational data
Germany,Rheinland-Pfalz,DEB,2020-41,41.8182844097674,Epidemic intelligence subnational data
Germany,Rheinland-Pfalz,DEB,2020-42,70.6172080774752,Epidemic intelligence subnational data
Germany,Rheinland-Pfalz,DEB,2020-43,131.390509252418,Epidemic intelligence subnational data
Germany,Rheinland-Pfalz,DEB,2020-44,185.348797956376,Epidemic intelligence subnational data
Germany,Rheinland-Pfalz,DEB,2020-45,230.782214429604,Epidemic intelligence subnational data
Germany,Rheinland-Pfalz,DEB,2020-46,285.106901653508,Epidemic intelligence subnational data
Germany,Rheinland-Pfalz,DEB,2020-47,294.047025540175,Epidemic intelligence subnational data
Germany,Rheinland-Pfalz,DEB,2020-48,266.542709976275,Epidemic intelligence subnational data
Germany,Rheinland-Pfalz,DEB,2020-49,256.161418577822,Epidemic intelligence subnational data
Germany,Rheinland-Pfalz,DEB,2020-50,319.768201640342,Epidemic intelligence subnational data
Germany,Rheinland-Pfalz,DEB,2020-51,363.418478649836,Epidemic intelligence subnational data
Germany,Rheinland-Pfalz,DEB,2020-52,306.846547170268,Epidemic intelligence subnational data
Germany,Rheinland-Pfalz,DEB,2020-53,252.131034858422,Epidemic intelligence subnational data
Germany,Rheinland-Pfalz,DEB,2021-01,269.0586464799,Epidemic intelligence subnational data
Germany,Rheinland-Pfalz,DEB,2021-02,258.848341057421,Epidemic intelligence subnational data
Germany,Rheinland-Pfalz,DEB,2021-03,214.733959255996,Epidemic intelligence subnational data
Germany,Rheinland-Pfalz,DEB,2021-04,190.844775755557,Epidemic intelligence subnational data
Germany,Rheinland-Pfalz,DEB,2021-05,152.568343705261,Epidemic intelligence subnational data
Germany,Rheinland-Pfalz,DEB,2021-06,116.221610526678,Epidemic intelligence subnational data
Germany,Rheinland-Pfalz,DEB,2021-07,104.496857888426,Epidemic intelligence subnational data
Germany,Rheinland-Pfalz,DEB,2021-08,105.180801792324,Epidemic intelligence subnational data
Germany,Rheinland-Pfalz,DEB,2021-09,99.5871177211575,Epidemic intelligence subnational data
Germany,Rheinland-Pfalz,DEB,2021-10,112.508772191232,Epidemic intelligence subnational data
Germany,Rheinland-Pfalz,DEB,2021-11,148.660092825844,Epidemic intelligence subnational data
Germany,Rheinland-Pfalz,DEB,2021-12,202.105423601878,Epidemic intelligence subnational data
Germany,Rheinland-Pfalz,DEB,2021-13,225.481649174394,Epidemic intelligence subnational data
Germany,Rheinland-Pfalz,DEB,2021-14,230.220403365688,Epidemic intelligence subnational data
Germany,Rheinland-Pfalz,DEB,2021-15,268.741101095947,Epidemic intelligence subnational data
Germany,Rheinland-Pfalz,DEB,2021-16,293.900466132197,Epidemic intelligence subnational data
Germany,Rheinland-Pfalz,DEB,2021-17,273.162309903288,Epidemic intelligence subnational data
Germany,Rheinland-Pfalz,DEB,2021-18,228.046438814012,Epidemic intelligence subnational data
Germany,Rheinland-Pfalz,DEB,2021-19,179.339862229271,Epidemic intelligence subnational data
Germany,Rheinland-Pfalz,DEB,2021-20,131.512642092399,Epidemic intelligence subnational data
Germany,Rheinland-Pfalz,DEB,2021-21,87.0807149070215,Epidemic intelligence subnational data
Germany,Rheinland-Pfalz,DEB,2021-22,58.30621780731,Epidemic intelligence subnational data
Germany,Rheinland-Pfalz,DEB,2021-23,41.7694312737747,Epidemic intelligence subnational data
Germany,Rheinland-Pfalz,DEB,2021-24,25.6234698281811,Epidemic intelligence subnational data
Germany,Rheinland-Pfalz,DEB,2021-25,14.1918360058849,Epidemic intelligence subnational data
Germany,Rheinland-Pfalz,DEB,2021-26,10.5278508064309,Epidemic intelligence subnational data
Germany,Rheinland-Pfalz,DEB,2021-27,12.8728013340814,Epidemic intelligence subnational data
Germany,Rheinland-Pfalz,DEB,2021-28,19.7610935090548,Epidemic intelligence subnational data
Germany,Rheinland-Pfalz,DEB,2021-29,30.4599302914603,Epidemic intelligence subnational data
Germany,Rheinland-Pfalz,DEB,2021-30,37.1283833544664,Epidemic intelligence subnational data
Germany,Rheinland-Pfalz,DEB,2021-31,41.0610608018803,Epidemic intelligence subnational data
Germany,Rheinland-Pfalz,DEB,2021-32,56.669637751554,Epidemic intelligence subnational data
Germany,Rheinland-Pfalz,DEB,2021-33,88.3508964428322,Epidemic intelligence subnational data
Germany,Rheinland-Pfalz,DEB,2021-34,128.947852452782,Epidemic intelligence subnational data
Germany,Rheinland-Pfalz,DEB,2021-35,185.153385412405,Epidemic intelligence subnational data
Germany,Rheinland-Pfalz,DEB,2021-36,211.387519440495,Epidemic intelligence subnational data
Germany,Rheinland-Pfalz,DEB,2021-37,175.138492533897,Epidemic intelligence subnational data
Germany,Rheinland-Pfalz,DEB,2021-38,136.104836875715,Epidemic intelligence subnational data
Germany,Rheinland-Pfalz,DEB,2021-39,117.174246678536,Epidemic intelligence subnational data
Germany,Rheinland-Pfalz,DEB,2021-40,115.855212006733,Epidemic intelligence subnational data
Germany,Rheinland-Pfalz,DEB,2021-41,119.055092414256,Epidemic intelligence subnational data
Germany,Rheinland-Pfalz,DEB,2021-42,123.25646210963,Epidemic intelligence subnational data
Germany,Rheinland-Pfalz,DEB,2021-43,175.749156733806,Epidemic intelligence subnational data
Germany,Rheinland-Pfalz,DEB,2021-44,256.185845145818,Epidemic intelligence subnational data
Germany,Rheinland-Pfalz,DEB,2021-45,340.213239053295,Epidemic intelligence subnational data
Germany,Rheinland-Pfalz,DEB,2021-46,455.799758812068,Epidemic intelligence subnational data
Germany,Rheinland-Pfalz,DEB,2021-47,600.942425846436,Epidemic intelligence subnational data
Germany,Rheinland-Pfalz,DEB,2021-48,691.540566544933,Epidemic intelligence subnational data
Germany,Rheinland-Pfalz,DEB,2021-49,647.059786223562,Epidemic intelligence subnational data
Germany,Rheinland-Pfalz,DEB,2021-50,521.898051810216,Epidemic intelligence subnational data
Germany,Rheinland-Pfalz,DEB,2021-51,384.86500535064,Epidemic intelligence subnational data
Germany,Rheinland-Pfalz,DEB,2021-52,337.404183733713,Epidemic intelligence subnational data
Germany,Rheinland-Pfalz,DEB,2022-01,528.029120377303,Epidemic intelligence subnational data
Germany,Rheinland-Pfalz,DEB,2022-02,774.41991175658,Epidemic intelligence subnational data
Germany,Rheinland-Pfalz,DEB,2022-03,1155.96290385972,Epidemic intelligence subnational data
Germany,Rheinland-Pfalz,DEB,2022-04,1757.34500793009,Epidemic intelligence subnational data
Germany,Saarland,DEC,2020-13,,Epidemic intelligence subnational data
Germany,Saarland,DEC,2020-14,99.099491633794,Epidemic intelligence subnational data
Germany,Saarland,DEC,2020-15,151.486441710145,Epidemic intelligence subnational data
Germany,Saarland,DEC,2020-16,89.5745916199119,Epidemic intelligence subnational data
Germany,Saarland,DEC,2020-17,31.7158904717561,Epidemic intelligence subnational data
Germany,Saarland,DEC,2020-18,26.3454681235035,Epidemic intelligence subnational data
Germany,Saarland,DEC,2020-19,15.3006372563424,Epidemic intelligence subnational data
Germany,Saarland,DEC,2020-20,7.29566809573943,Epidemic intelligence subnational data
Germany,Saarland,DEC,2020-21,6.58636703087588,Epidemic intelligence subnational data
Germany,Saarland,DEC,2020-22,3.64783404786972,Epidemic intelligence subnational data
Germany,Saarland,DEC,2020-23,3.34384787721391,Epidemic intelligence subnational data
Germany,Saarland,DEC,2020-24,3.85049149497359,Epidemic intelligence subnational data
Germany,Saarland,DEC,2020-25,3.85049149497359,Epidemic intelligence subnational data
Germany,Saarland,DEC,2020-26,3.34384787721391,Epidemic intelligence subnational data
Germany,Saarland,DEC,2020-27,0.709301064863556,Epidemic intelligence subnational data
Germany,Saarland,DEC,2020-28,1.72258830038292,Epidemic intelligence subnational data
Germany,Saarland,DEC,2020-29,2.73587553590229,Epidemic intelligence subnational data
Germany,Saarland,DEC,2020-30,3.44517660076584,Epidemic intelligence subnational data
Germany,Saarland,DEC,2020-31,5.67440851890845,Epidemic intelligence subnational data
Germany,Saarland,DEC,2020-32,9.62622873743397,Epidemic intelligence subnational data
Germany,Saarland,DEC,2020-33,12.767419167544,Epidemic intelligence subnational data
Germany,Saarland,DEC,2020-34,13.4767202324076,Epidemic intelligence subnational data
Germany,Saarland,DEC,2020-35,14.1860212972711,Epidemic intelligence subnational data
Germany,Saarland,DEC,2020-36,12.4634329968882,Epidemic intelligence subnational data
Germany,Saarland,DEC,2020-37,8.41028405481073,Epidemic intelligence subnational data
Germany,Saarland,DEC,2020-38,4.45846383628521,Epidemic intelligence subnational data
Germany,Saarland,DEC,2020-39,5.77573724246038,Epidemic intelligence subnational data
Germany,Saarland,DEC,2020-40,24.014907481809,Epidemic intelligence subnational data
Germany,Saarland,DEC,2020-41,57.7573724246038,Epidemic intelligence subnational data
Germany,Saarland,DEC,2020-42,99.099491633794,Epidemic intelligence subnational data
Germany,Saarland,DEC,2020-43,173.17078855026,Epidemic intelligence subnational data
Germany,Saarland,DEC,2020-44,279.768605726897,Epidemic intelligence subnational data
Germany,Saarland,DEC,2020-45,310.471208963134,Epidemic intelligence subnational data
Germany,Saarland,DEC,2020-46,311.281838751549,Epidemic intelligence subnational data
Germany,Saarland,DEC,2020-47,295.981201495207,Epidemic intelligence subnational data
Germany,Saarland,DEC,2020-48,254.740411009569,Epidemic intelligence subnational data
Germany,Saarland,DEC,2020-49,264.670625917658,Epidemic intelligence subnational data
Germany,Saarland,DEC,2020-50,332.76352814456,Epidemic intelligence subnational data
Germany,Saarland,DEC,2020-51,385.454464391567,Epidemic intelligence subnational data
Germany,Saarland,DEC,2020-52,328.60905047893,Epidemic intelligence subnational data
Germany,Saarland,DEC,2020-53,232.549420551694,Epidemic intelligence subnational data
Germany,Saarland,DEC,2021-01,283.821754668974,Epidemic intelligence subnational data
Germany,Saarland,DEC,2021-02,297.095817454278,Epidemic intelligence subnational data
Germany,Saarland,DEC,2021-03,228.394942886065,Epidemic intelligence subnational data
Germany,Saarland,DEC,2021-04,265.987899323833,Epidemic intelligence subnational data
Germany,Saarland,DEC,2021-05,258.99621739875,Epidemic intelligence subnational data
Germany,Saarland,DEC,2021-06,183.911633246765,Epidemic intelligence subnational data
Germany,Saarland,DEC,2021-07,130.004752317135,Epidemic intelligence subnational data
Germany,Saarland,DEC,2021-08,135.375174665387,Epidemic intelligence subnational data
Germany,Saarland,DEC,2021-09,138.111050201289,Epidemic intelligence subnational data
Germany,Saarland,DEC,2021-10,119.770551238389,Epidemic intelligence subnational data
Germany,Saarland,DEC,2021-11,115.717402296312,Epidemic intelligence subnational data
Germany,Saarland,DEC,2021-12,140.23895339588,Epidemic intelligence subnational data
Germany,Saarland,DEC,2021-13,171.245542802773,Epidemic intelligence subnational data
Germany,Saarland,DEC,2021-14,210.966402435132,Epidemic intelligence subnational data
Germany,Saarland,DEC,2021-15,245.722154613446,Epidemic intelligence subnational data
Germany,Saarland,DEC,2021-16,278.856647214929,Epidemic intelligence subnational data
Germany,Saarland,DEC,2021-17,295.981201495207,Epidemic intelligence subnational data
Germany,Saarland,DEC,2021-18,248.458030149348,Epidemic intelligence subnational data
Germany,Saarland,DEC,2021-19,193.740519431303,Epidemic intelligence subnational data
Germany,Saarland,DEC,2021-20,161.821971512443,Epidemic intelligence subnational data
Germany,Saarland,DEC,2021-21,110.042993777403,Epidemic intelligence subnational data
Germany,Saarland,DEC,2021-22,63.6344383906162,Epidemic intelligence subnational data
Germany,Saarland,DEC,2021-23,50.4617043288644,Epidemic intelligence subnational data
Germany,Saarland,DEC,2021-24,33.6411362192429,Epidemic intelligence subnational data
Germany,Saarland,DEC,2021-25,19.0498000277641,Epidemic intelligence subnational data
Germany,Saarland,DEC,2021-26,16.8205681096215,Epidemic intelligence subnational data
Germany,Saarland,DEC,2021-27,17.0232255567253,Epidemic intelligence subnational data
Germany,Saarland,DEC,2021-28,16.2125957683099,Epidemic intelligence subnational data
Germany,Saarland,DEC,2021-29,31.1079181304445,Epidemic intelligence subnational data
Germany,Saarland,DEC,2021-30,44.3819809157482,Epidemic intelligence subnational data
Germany,Saarland,DEC,2021-31,54.6161819944938,Epidemic intelligence subnational data
Germany,Saarland,DEC,2021-32,75.8952139404005,Epidemic intelligence subnational data
Germany,Saarland,DEC,2021-33,109.840336330299,Epidemic intelligence subnational data
Germany,Saarland,DEC,2021-34,146.217348085444,Epidemic intelligence subnational data
Germany,Saarland,DEC,2021-35,176.717293874577,Epidemic intelligence subnational data
Germany,Saarland,DEC,2021-36,169.421625778838,Epidemic intelligence subnational data
Germany,Saarland,DEC,2021-37,135.172517218283,Epidemic intelligence subnational data
Germany,Saarland,DEC,2021-38,120.277194856149,Epidemic intelligence subnational data
Germany,Saarland,DEC,2021-39,100.214107592865,Epidemic intelligence subnational data
Germany,Saarland,DEC,2021-40,91.6011660909506,Epidemic intelligence subnational data
Germany,Saarland,DEC,2021-41,110.954952289371,Epidemic intelligence subnational data
Germany,Saarland,DEC,2021-42,113.285512931065,Epidemic intelligence subnational data
Germany,Saarland,DEC,2021-43,128.687478910959,Epidemic intelligence subnational data
Germany,Saarland,DEC,2021-44,188.87674070081,Epidemic intelligence subnational data
Germany,Saarland,DEC,2021-45,307.937990874335,Epidemic intelligence subnational data
Germany,Saarland,DEC,2021-46,559.942526348001,Epidemic intelligence subnational data
Germany,Saarland,DEC,2021-47,803.435449043305,Epidemic intelligence subnational data
Germany,Saarland,DEC,2021-48,840.116446969106,Epidemic intelligence subnational data
Germany,Saarland,DEC,2021-49,753.683045779304,Epidemic intelligence subnational data
Germany,Saarland,DEC,2021-50,623.272978567962,Epidemic intelligence subnational data
Germany,Saarland,DEC,2021-51,454.864640024643,Epidemic intelligence subnational data
Germany,Saarland,DEC,2021-52,402.275032501188,Epidemic intelligence subnational data
Germany,Saarland,DEC,2022-01,593.482333843692,Epidemic intelligence subnational data
Germany,Saarland,DEC,2022-02,866.563243816161,Epidemic intelligence subnational data
Germany,Saarland,DEC,2022-03,1377.76665413568,Epidemic intelligence subnational data
Germany,Saarland,DEC,2022-04,2100.03779561389,Epidemic intelligence subnational data
Germany,Sachsen,DED,2020-13,,Epidemic intelligence subnational data
Germany,Sachsen,DED,2020-14,39.243894418698,Epidemic intelligence subnational data
Germany,Sachsen,DED,2020-15,53.0455644207682,Epidemic intelligence subnational data
Germany,Sachsen,DED,2020-16,33.6446403965058,Epidemic intelligence subnational data
Germany,Sachsen,DED,2020-17,13.60520494866,Epidemic intelligence subnational data
Germany,Sachsen,DED,2020-18,12.5492052865799,Epidemic intelligence subnational data
Germany,Sachsen,DED,2020-19,10.7564616742113,Epidemic intelligence subnational data
Germany,Sachsen,DED,2020-20,8.57078795502227,Epidemic intelligence subnational data
Germany,Sachsen,DED,2020-21,7.36743950288448,Epidemic intelligence subnational data
Germany,Sachsen,DED,2020-22,4.22399864832043,Epidemic intelligence subnational data
Germany,Sachsen,DED,2020-23,2.21023185086534,Epidemic intelligence subnational data
Germany,Sachsen,DED,2020-24,1.10511592543267,Epidemic intelligence subnational data
Germany,Sachsen,DED,2020-25,2.43125503595188,Epidemic intelligence subnational data
Germany,Sachsen,DED,2020-26,2.48037129930444,Epidemic intelligence subnational data
Germany,Sachsen,DED,2020-27,0.712185818612166,Epidemic intelligence subnational data
Germany,Sachsen,DED,2020-28,0.663069555259603,Epidemic intelligence subnational data
Germany,Sachsen,DED,2020-29,0.9332090036987,Epidemic intelligence subnational data
Germany,Sachsen,DED,2020-30,1.15423218878523,Epidemic intelligence subnational data
Germany,Sachsen,DED,2020-31,1.39981350554805,Epidemic intelligence subnational data
Germany,Sachsen,DED,2020-32,3.63460348808968,Epidemic intelligence subnational data
Germany,Sachsen,DED,2020-33,4.64148688681722,Epidemic intelligence subnational data
Germany,Sachsen,DED,2020-34,4.12576612161531,Epidemic intelligence subnational data
Germany,Sachsen,DED,2020-35,6.70436994762487,Epidemic intelligence subnational data
Germany,Sachsen,DED,2020-36,8.59534608669856,Epidemic intelligence subnational data
Germany,Sachsen,DED,2020-37,10.9283685959453,Epidemic intelligence subnational data
Germany,Sachsen,DED,2020-38,15.348832297676,Epidemic intelligence subnational data
Germany,Sachsen,DED,2020-39,18.050226782067,Epidemic intelligence subnational data
Germany,Sachsen,DED,2020-40,21.193667636631,Epidemic intelligence subnational data
Germany,Sachsen,DED,2020-41,37.8195227814736,Epidemic intelligence subnational data
Germany,Sachsen,DED,2020-42,79.2490909193607,Epidemic intelligence subnational data
Germany,Sachsen,DED,2020-43,139.170932209488,Epidemic intelligence subnational data
Germany,Sachsen,DED,2020-44,210.782444177525,Epidemic intelligence subnational data
Germany,Sachsen,DED,2020-45,317.536642574321,Epidemic intelligence subnational data
Germany,Sachsen,DED,2020-46,407.517637036217,Epidemic intelligence subnational data
Germany,Sachsen,DED,2020-47,431.928419922441,Epidemic intelligence subnational data
Germany,Sachsen,DED,2020-48,514.591091144804,Epidemic intelligence subnational data
Germany,Sachsen,DED,2020-49,655.923138941805,Epidemic intelligence subnational data
Germany,Sachsen,DED,2020-50,731.071021871226,Epidemic intelligence subnational data
Germany,Sachsen,DED,2020-51,922.354309497784,Epidemic intelligence subnational data
Germany,Sachsen,DED,2020-52,972.870386355895,Epidemic intelligence subnational data
Germany,Sachsen,DED,2020-53,781.145052359165,Epidemic intelligence subnational data
Germany,Sachsen,DED,2021-01,743.030831997576,Epidemic intelligence subnational data
Germany,Sachsen,DED,2021-02,655.284627518222,Epidemic intelligence subnational data
Germany,Sachsen,DED,2021-03,454.178087221152,Epidemic intelligence subnational data
Germany,Sachsen,DED,2021-04,317.733107627731,Epidemic intelligence subnational data
Germany,Sachsen,DED,2021-05,238.434900445018,Epidemic intelligence subnational data
Germany,Sachsen,DED,2021-06,176.744873674199,Epidemic intelligence subnational data
Germany,Sachsen,DED,2021-07,151.499114310981,Epidemic intelligence subnational data
Germany,Sachsen,DED,2021-08,170.875480203567,Epidemic intelligence subnational data
Germany,Sachsen,DED,2021-09,185.020964049106,Epidemic intelligence subnational data
Germany,Sachsen,DED,2021-10,215.006442825845,Epidemic intelligence subnational data
Germany,Sachsen,DED,2021-11,290.940185968908,Epidemic intelligence subnational data
Germany,Sachsen,DED,2021-12,381.707040644445,Epidemic intelligence subnational data
Germany,Sachsen,DED,2021-13,415.548146094361,Epidemic intelligence subnational data
Germany,Sachsen,DED,2021-14,427.802653800825,Epidemic intelligence subnational data
Germany,Sachsen,DED,2021-15,470.705709839289,Epidemic intelligence subnational data
Germany,Sachsen,DED,2021-16,494.109609326786,Epidemic intelligence subnational data
Germany,Sachsen,DED,2021-17,475.248964199401,Epidemic intelligence subnational data
Germany,Sachsen,DED,2021-18,414.664053354015,Epidemic intelligence subnational data
Germany,Sachsen,DED,2021-19,309.727156701263,Epidemic intelligence subnational data
Germany,Sachsen,DED,2021-20,206.38653860747,Epidemic intelligence subnational data
Germany,Sachsen,DED,2021-21,131.16498128302,Epidemic intelligence subnational data
Germany,Sachsen,DED,2021-22,73.7971856872262,Epidemic intelligence subnational data
Germany,Sachsen,DED,2021-23,40.1525452907204,Epidemic intelligence subnational data
Germany,Sachsen,DED,2021-24,18.6150638106214,Epidemic intelligence subnational data
Germany,Sachsen,DED,2021-25,8.17785784820177,Epidemic intelligence subnational data
Germany,Sachsen,DED,2021-26,6.45878863086206,Epidemic intelligence subnational data
Germany,Sachsen,DED,2021-27,6.11497478739411,Epidemic intelligence subnational data
Germany,Sachsen,DED,2021-28,6.82716060600628,Epidemic intelligence subnational data
Germany,Sachsen,DED,2021-29,9.16018311525303,Epidemic intelligence subnational data
Germany,Sachsen,DED,2021-30,11.9106938629966,Epidemic intelligence subnational data
Germany,Sachsen,DED,2021-31,16.0119018529356,Epidemic intelligence subnational data
Germany,Sachsen,DED,2021-32,22.4215742204451,Epidemic intelligence subnational data
Germany,Sachsen,DED,2021-33,32.1711524959289,Epidemic intelligence subnational data
Germany,Sachsen,DED,2021-34,40.7910567143037,Epidemic intelligence subnational data
Germany,Sachsen,DED,2021-35,54.4699360579926,Epidemic intelligence subnational data
Germany,Sachsen,DED,2021-36,77.0879753318479,Epidemic intelligence subnational data
Germany,Sachsen,DED,2021-37,86.690204817274,Epidemic intelligence subnational data
Germany,Sachsen,DED,2021-38,86.7393210806266,Epidemic intelligence subnational data
Germany,Sachsen,DED,2021-39,117.903590177828,Epidemic intelligence subnational data
Germany,Sachsen,DED,2021-40,168.419667035939,Epidemic intelligence subnational data
Germany,Sachsen,DED,2021-41,224.09295154607,Epidemic intelligence subnational data
Germany,Sachsen,DED,2021-42,327.654592824949,Epidemic intelligence subnational data
Germany,Sachsen,DED,2021-43,523.579367338323,Epidemic intelligence subnational data
Germany,Sachsen,DED,2021-44,845.217217902583,Epidemic intelligence subnational data
Germany,Sachsen,DED,2021-45,1350.18152143029,Epidemic intelligence subnational data
Germany,Sachsen,DED,2021-46,1977.07694873073,Epidemic intelligence subnational data
Germany,Sachsen,DED,2021-47,2680.10258422764,Epidemic intelligence subnational data
Germany,Sachsen,DED,2021-48,2812.93751846465,Epidemic intelligence subnational data
Germany,Sachsen,DED,2021-49,2451.95754095498,Epidemic intelligence subnational data
Germany,Sachsen,DED,2021-50,1920.5686877436,Epidemic intelligence subnational data
Germany,Sachsen,DED,2021-51,1210.05282208542,Epidemic intelligence subnational data
Germany,Sachsen,DED,2021-52,801.798441098918,Epidemic intelligence subnational data
Germany,Sachsen,DED,2022-01,675.029365385952,Epidemic intelligence subnational data
Germany,Sachsen,DED,2022-02,597.720366869018,Epidemic intelligence subnational data
Germany,Sachsen,DED,2022-03,694.626754463625,Epidemic intelligence subnational data
Germany,Sachsen,DED,2022-04,1164.32558090419,Epidemic intelligence subnational data
Germany,Sachsen-Anhalt,DEE,2020-13,,Epidemic intelligence subnational data
Germany,Sachsen-Anhalt,DEE,2020-14,22.6901806193052,Epidemic intelligence subnational data
Germany,Sachsen-Anhalt,DEE,2020-15,29.8890732655908,Epidemic intelligence subnational data
Germany,Sachsen-Anhalt,DEE,2020-16,20.0019865298695,Epidemic intelligence subnational data
Germany,Sachsen-Anhalt,DEE,2020-17,12.6208434368425,Epidemic intelligence subnational data
Germany,Sachsen-Anhalt,DEE,2020-18,8.88470927864362,Epidemic intelligence subnational data
Germany,Sachsen-Anhalt,DEE,2020-19,5.60420123729828,Epidemic intelligence subnational data
Germany,Sachsen-Anhalt,DEE,2020-20,4.05507243999632,Epidemic intelligence subnational data
Germany,Sachsen-Anhalt,DEE,2020-21,2.2781305842676,Epidemic intelligence subnational data
Germany,Sachsen-Anhalt,DEE,2020-22,1.27575312718985,Epidemic intelligence subnational data
Germany,Sachsen-Anhalt,DEE,2020-23,1.04794006876309,Epidemic intelligence subnational data
Germany,Sachsen-Anhalt,DEE,2020-24,3.09825759460393,Epidemic intelligence subnational data
Germany,Sachsen-Anhalt,DEE,2020-25,6.15095257752251,Epidemic intelligence subnational data
Germany,Sachsen-Anhalt,DEE,2020-26,4.46513594516449,Epidemic intelligence subnational data
Germany,Sachsen-Anhalt,DEE,2020-27,1.82250446741408,Epidemic intelligence subnational data
Germany,Sachsen-Anhalt,DEE,2020-28,2.18700536089689,Epidemic intelligence subnational data
Germany,Sachsen-Anhalt,DEE,2020-29,2.96156975954787,Epidemic intelligence subnational data
Germany,Sachsen-Anhalt,DEE,2020-30,3.46275848808674,Epidemic intelligence subnational data
Germany,Sachsen-Anhalt,DEE,2020-31,3.41719587640139,Epidemic intelligence subnational data
Germany,Sachsen-Anhalt,DEE,2020-32,3.5994463231428,Epidemic intelligence subnational data
Germany,Sachsen-Anhalt,DEE,2020-33,4.46513594516449,Epidemic intelligence subnational data
Germany,Sachsen-Anhalt,DEE,2020-34,5.60420123729828,Epidemic intelligence subnational data
Germany,Sachsen-Anhalt,DEE,2020-35,5.28526295550082,Epidemic intelligence subnational data
Germany,Sachsen-Anhalt,DEE,2020-36,4.14619766336702,Epidemic intelligence subnational data
Germany,Sachsen-Anhalt,DEE,2020-37,5.28526295550082,Epidemic intelligence subnational data
Germany,Sachsen-Anhalt,DEE,2020-38,8.20127010336334,Epidemic intelligence subnational data
Germany,Sachsen-Anhalt,DEE,2020-39,11.527340756394,Epidemic intelligence subnational data
Germany,Sachsen-Anhalt,DEE,2020-40,13.851033952347,Epidemic intelligence subnational data
Germany,Sachsen-Anhalt,DEE,2020-41,15.8102262548171,Epidemic intelligence subnational data
Germany,Sachsen-Anhalt,DEE,2020-42,27.9298809631207,Epidemic intelligence subnational data
Germany,Sachsen-Anhalt,DEE,2020-43,62.6941536790442,Epidemic intelligence subnational data
Germany,Sachsen-Anhalt,DEE,2020-44,92.7654773913765,Epidemic intelligence subnational data
Germany,Sachsen-Anhalt,DEE,2020-45,117.82491381832,Epidemic intelligence subnational data
Germany,Sachsen-Anhalt,DEE,2020-46,134.865330588642,Epidemic intelligence subnational data
Germany,Sachsen-Anhalt,DEE,2020-47,155.049567565253,Epidemic intelligence subnational data
Germany,Sachsen-Anhalt,DEE,2020-48,188.857025435784,Epidemic intelligence subnational data
Germany,Sachsen-Anhalt,DEE,2020-49,230.774628186307,Epidemic intelligence subnational data
Germany,Sachsen-Anhalt,DEE,2020-50,294.197783652317,Epidemic intelligence subnational data
Germany,Sachsen-Anhalt,DEE,2020-51,372.155412245954,Epidemic intelligence subnational data
Germany,Sachsen-Anhalt,DEE,2020-52,399.538541868851,Epidemic intelligence subnational data
Germany,Sachsen-Anhalt,DEE,2020-53,406.236245786598,Epidemic intelligence subnational data
Germany,Sachsen-Anhalt,DEE,2021-01,481.414555067428,Epidemic intelligence subnational data
Germany,Sachsen-Anhalt,DEE,2021-02,507.202993281337,Epidemic intelligence subnational data
Germany,Sachsen-Anhalt,DEE,2021-03,477.268357404061,Epidemic intelligence subnational data
Germany,Sachsen-Anhalt,DEE,2021-04,403.229113415364,Epidemic intelligence subnational data
Germany,Sachsen-Anhalt,DEE,2021-05,278.023056504017,Epidemic intelligence subnational data
Germany,Sachsen-Anhalt,DEE,2021-06,198.516299113078,Epidemic intelligence subnational data
Germany,Sachsen-Anhalt,DEE,2021-07,178.605437806579,Epidemic intelligence subnational data
Germany,Sachsen-Anhalt,DEE,2021-08,186.168831346348,Epidemic intelligence subnational data
Germany,Sachsen-Anhalt,DEE,2021-09,186.852270521628,Epidemic intelligence subnational data
Germany,Sachsen-Anhalt,DEE,2021-10,201.842369766109,Epidemic intelligence subnational data
Germany,Sachsen-Anhalt,DEE,2021-11,239.841587911692,Epidemic intelligence subnational data
Germany,Sachsen-Anhalt,DEE,2021-12,305.269498291858,Epidemic intelligence subnational data
Germany,Sachsen-Anhalt,DEE,2021-13,336.343199461268,Epidemic intelligence subnational data
Germany,Sachsen-Anhalt,DEE,2021-14,341.992963310251,Epidemic intelligence subnational data
Germany,Sachsen-Anhalt,DEE,2021-15,379.399867503925,Epidemic intelligence subnational data
Germany,Sachsen-Anhalt,DEE,2021-16,393.615402349755,Epidemic intelligence subnational data
Germany,Sachsen-Anhalt,DEE,2021-17,363.498516025737,Epidemic intelligence subnational data
Germany,Sachsen-Anhalt,DEE,2021-18,297.706104752089,Epidemic intelligence subnational data
Germany,Sachsen-Anhalt,DEE,2021-19,216.103467223624,Epidemic intelligence subnational data
Germany,Sachsen-Anhalt,DEE,2021-20,138.783715193582,Epidemic intelligence subnational data
Germany,Sachsen-Anhalt,DEE,2021-21,84.1085811711596,Epidemic intelligence subnational data
Germany,Sachsen-Anhalt,DEE,2021-22,50.8934372525381,Epidemic intelligence subnational data
Germany,Sachsen-Anhalt,DEE,2021-23,28.9322584201985,Epidemic intelligence subnational data
Germany,Sachsen-Anhalt,DEE,2021-24,13.6232208939202,Epidemic intelligence subnational data
Germany,Sachsen-Anhalt,DEE,2021-25,6.15095257752251,Epidemic intelligence subnational data
Germany,Sachsen-Anhalt,DEE,2021-26,3.41719587640139,Epidemic intelligence subnational data
Germany,Sachsen-Anhalt,DEE,2021-27,2.68819408943576,Epidemic intelligence subnational data
Germany,Sachsen-Anhalt,DEE,2021-28,4.7385116152766,Epidemic intelligence subnational data
Germany,Sachsen-Anhalt,DEE,2021-29,6.74326652943208,Epidemic intelligence subnational data
Germany,Sachsen-Anhalt,DEE,2021-30,9.75039890066531,Epidemic intelligence subnational data
Germany,Sachsen-Anhalt,DEE,2021-31,14.4433479042566,Epidemic intelligence subnational data
Germany,Sachsen-Anhalt,DEE,2021-32,19.7286108597574,Epidemic intelligence subnational data
Germany,Sachsen-Anhalt,DEE,2021-33,27.2464417878404,Epidemic intelligence subnational data
Germany,Sachsen-Anhalt,DEE,2021-34,31.7571403446903,Epidemic intelligence subnational data
Germany,Sachsen-Anhalt,DEE,2021-35,41.9631653622091,Epidemic intelligence subnational data
Germany,Sachsen-Anhalt,DEE,2021-36,56.0875749846682,Epidemic intelligence subnational data
Germany,Sachsen-Anhalt,DEE,2021-37,70.4853602772394,Epidemic intelligence subnational data
Germany,Sachsen-Anhalt,DEE,2021-38,76.6818754664472,Epidemic intelligence subnational data
Germany,Sachsen-Anhalt,DEE,2021-39,81.9215758102627,Epidemic intelligence subnational data
Germany,Sachsen-Anhalt,DEE,2021-40,99.053117803955,Epidemic intelligence subnational data
Germany,Sachsen-Anhalt,DEE,2021-41,125.206056911347,Epidemic intelligence subnational data
Germany,Sachsen-Anhalt,DEE,2021-42,160.289267909068,Epidemic intelligence subnational data
Germany,Sachsen-Anhalt,DEE,2021-43,252.325743513479,Epidemic intelligence subnational data
Germany,Sachsen-Anhalt,DEE,2021-44,380.857871077857,Epidemic intelligence subnational data
Germany,Sachsen-Anhalt,DEE,2021-45,580.968861599922,Epidemic intelligence subnational data
Germany,Sachsen-Anhalt,DEE,2021-46,965.517304224292,Epidemic intelligence subnational data
Germany,Sachsen-Anhalt,DEE,2021-47,1370.56892210707,Epidemic intelligence subnational data
Germany,Sachsen-Anhalt,DEE,2021-48,1752.38360803032,Epidemic intelligence subnational data
Germany,Sachsen-Anhalt,DEE,2021-49,1872.66890287965,Epidemic intelligence subnational data
Germany,Sachsen-Anhalt,DEE,2021-50,1583.57413173609,Epidemic intelligence subnational data
Germany,Sachsen-Anhalt,DEE,2021-51,1097.14768938327,Epidemic intelligence subnational data
Germany,Sachsen-Anhalt,DEE,2021-52,700.889655555768,Epidemic intelligence subnational data
Germany,Sachsen-Anhalt,DEE,2022-01,584.704995758121,Epidemic intelligence subnational data
Germany,Sachsen-Anhalt,DEE,2022-02,563.472818712747,Epidemic intelligence subnational data
Germany,Sachsen-Anhalt,DEE,2022-03,757.660669715717,Epidemic intelligence subnational data
Germany,Sachsen-Anhalt,DEE,2022-04,1334.66558409901,Epidemic intelligence subnational data
Germany,Schleswig-Holstein,DEF,2020-13,,Epidemic intelligence subnational data
Germany,Schleswig-Holstein,DEF,2020-14,29.5822021900472,Epidemic intelligence subnational data
Germany,Schleswig-Holstein,DEF,2020-15,42.875252301058,Epidemic intelligence subnational data
Germany,Schleswig-Holstein,DEF,2020-16,28.4113117657613,Epidemic intelligence subnational data
Germany,Schleswig-Holstein,DEF,2020-17,13.2586121573553,Epidemic intelligence subnational data
Germany,Schleswig-Holstein,DEF,2020-18,10.9857072160944,Epidemic intelligence subnational data
Germany,Schleswig-Holstein,DEF,2020-19,9.53931316256471,Epidemic intelligence subnational data
Germany,Schleswig-Holstein,DEF,2020-20,6.43989733357256,Epidemic intelligence subnational data
Germany,Schleswig-Holstein,DEF,2020-21,3.92592671672338,Epidemic intelligence subnational data
Germany,Schleswig-Holstein,DEF,2020-22,3.5815471801687,Epidemic intelligence subnational data
Germany,Schleswig-Holstein,DEF,2020-23,1.54970791449607,Epidemic intelligence subnational data
Germany,Schleswig-Holstein,DEF,2020-24,0.551007258487492,Epidemic intelligence subnational data
Germany,Schleswig-Holstein,DEF,2020-25,0.757634980420301,Epidemic intelligence subnational data
Germany,Schleswig-Holstein,DEF,2020-26,1.27420428525233,Epidemic intelligence subnational data
Germany,Schleswig-Holstein,DEF,2020-27,1.96296335836169,Epidemic intelligence subnational data
Germany,Schleswig-Holstein,DEF,2020-28,2.41065675588278,Epidemic intelligence subnational data
Germany,Schleswig-Holstein,DEF,2020-29,3.20272968995855,Epidemic intelligence subnational data
Germany,Schleswig-Holstein,DEF,2020-30,5.16569304832024,Epidemic intelligence subnational data
Germany,Schleswig-Holstein,DEF,2020-31,7.88629138710223,Epidemic intelligence subnational data
Germany,Schleswig-Holstein,DEF,2020-32,10.1936342820186,Epidemic intelligence subnational data
Germany,Schleswig-Holstein,DEF,2020-33,10.6413276795397,Epidemic intelligence subnational data
Germany,Schleswig-Holstein,DEF,2020-34,9.84925474546392,Epidemic intelligence subnational data
Germany,Schleswig-Holstein,DEF,2020-35,8.23067092365691,Epidemic intelligence subnational data
Germany,Schleswig-Holstein,DEF,2020-36,7.12865640668193,Epidemic intelligence subnational data
Germany,Schleswig-Holstein,DEF,2020-37,7.71410161882489,Epidemic intelligence subnational data
Germany,Schleswig-Holstein,DEF,2020-38,11.3645247063045,Epidemic intelligence subnational data
Germany,Schleswig-Holstein,DEF,2020-39,16.6679695692466,Epidemic intelligence subnational data
Germany,Schleswig-Holstein,DEF,2020-40,18.38986725202,Epidemic intelligence subnational data
Germany,Schleswig-Holstein,DEF,2020-41,21.3170933127348,Epidemic intelligence subnational data
Germany,Schleswig-Holstein,DEF,2020-42,32.9571216482831,Epidemic intelligence subnational data
Germany,Schleswig-Holstein,DEF,2020-43,62.9181413285405,Epidemic intelligence subnational data
Germany,Schleswig-Holstein,DEF,2020-44,89.9174969944276,Epidemic intelligence subnational data
Germany,Schleswig-Holstein,DEF,2020-45,103.176109151783,Epidemic intelligence subnational data
Germany,Schleswig-Holstein,DEF,2020-46,104.105933900481,Epidemic intelligence subnational data
Germany,Schleswig-Holstein,DEF,2020-47,97.8726642888408,Epidemic intelligence subnational data
Germany,Schleswig-Holstein,DEF,2020-48,93.7056718965291,Epidemic intelligence subnational data
Germany,Schleswig-Holstein,DEF,2020-49,100.145569230102,Epidemic intelligence subnational data
Germany,Schleswig-Holstein,DEF,2020-50,137.648500760907,Epidemic intelligence subnational data
Germany,Schleswig-Holstein,DEF,2020-51,175.495811828266,Epidemic intelligence subnational data
Germany,Schleswig-Holstein,DEF,2020-52,187.445781746714,Epidemic intelligence subnational data
Germany,Schleswig-Holstein,DEF,2020-53,169.641359706837,Epidemic intelligence subnational data
Germany,Schleswig-Holstein,DEF,2021-01,174.290483450325,Epidemic intelligence subnational data
Germany,Schleswig-Holstein,DEF,2021-02,186.137139507806,Epidemic intelligence subnational data
Germany,Schleswig-Holstein,DEF,2021-03,176.563388391586,Epidemic intelligence subnational data
Germany,Schleswig-Holstein,DEF,2021-04,170.536746501879,Epidemic intelligence subnational data
Germany,Schleswig-Holstein,DEF,2021-05,143.39963902137,Epidemic intelligence subnational data
Germany,Schleswig-Holstein,DEF,2021-06,118.707626250399,Epidemic intelligence subnational data
Germany,Schleswig-Holstein,DEF,2021-07,105.862269536909,Epidemic intelligence subnational data
Germany,Schleswig-Holstein,DEF,2021-08,98.0792920107736,Epidemic intelligence subnational data
Germany,Schleswig-Holstein,DEF,2021-09,94.2222412013611,Epidemic intelligence subnational data
Germany,Schleswig-Holstein,DEF,2021-10,96.0130147914455,Epidemic intelligence subnational data
Germany,Schleswig-Holstein,DEF,2021-11,112.061101194894,Epidemic intelligence subnational data
Germany,Schleswig-Holstein,DEF,2021-12,131.001975705401,Epidemic intelligence subnational data
Germany,Schleswig-Holstein,DEF,2021-13,137.717376668218,Epidemic intelligence subnational data
Germany,Schleswig-Holstein,DEF,2021-14,141.264485894731,Epidemic intelligence subnational data
Germany,Schleswig-Holstein,DEF,2021-15,147.360003691749,Epidemic intelligence subnational data
Germany,Schleswig-Holstein,DEF,2021-16,147.80769708927,Epidemic intelligence subnational data
Germany,Schleswig-Holstein,DEF,2021-17,130.795347983468,Epidemic intelligence subnational data
Germany,Schleswig-Holstein,DEF,2021-18,107.962984709893,Epidemic intelligence subnational data
Germany,Schleswig-Holstein,DEF,2021-19,85.096183482662,Epidemic intelligence subnational data
Germany,Schleswig-Holstein,DEF,2021-20,64.1579076601373,Epidemic intelligence subnational data
Germany,Schleswig-Holstein,DEF,2021-21,46.5945512958485,Epidemic intelligence subnational data
Germany,Schleswig-Holstein,DEF,2021-22,27.0337936195426,Epidemic intelligence subnational data
Germany,Schleswig-Holstein,DEF,2021-23,18.6653708812638,Epidemic intelligence subnational data
Germany,Schleswig-Holstein,DEF,2021-24,12.8453567134897,Epidemic intelligence subnational data
Germany,Schleswig-Holstein,DEF,2021-25,8.05848115537957,Epidemic intelligence subnational data
Germany,Schleswig-Holstein,DEF,2021-26,6.85315277743818,Epidemic intelligence subnational data
Germany,Schleswig-Holstein,DEF,2021-27,7.50747389689208,Epidemic intelligence subnational data
Germany,Schleswig-Holstein,DEF,2021-28,13.7063055548764,Epidemic intelligence subnational data
Germany,Schleswig-Holstein,DEF,2021-29,26.5172243147106,Epidemic intelligence subnational data
Germany,Schleswig-Holstein,DEF,2021-30,41.6354859694611,Epidemic intelligence subnational data
Germany,Schleswig-Holstein,DEF,2021-31,69.2891627548021,Epidemic intelligence subnational data
Germany,Schleswig-Holstein,DEF,2021-32,95.0143141354369,Epidemic intelligence subnational data
Germany,Schleswig-Holstein,DEF,2021-33,99.5256860643032,Epidemic intelligence subnational data
Germany,Schleswig-Holstein,DEF,2021-34,97.3560949840087,Epidemic intelligence subnational data
Germany,Schleswig-Holstein,DEF,2021-35,100.248883091068,Epidemic intelligence subnational data
Germany,Schleswig-Holstein,DEF,2021-36,95.0831900427478,Epidemic intelligence subnational data
Germany,Schleswig-Holstein,DEF,2021-37,78.2774686588793,Epidemic intelligence subnational data
Germany,Schleswig-Holstein,DEF,2021-38,65.2599221771123,Epidemic intelligence subnational data
Germany,Schleswig-Holstein,DEF,2021-39,59.6809736849265,Epidemic intelligence subnational data
Germany,Schleswig-Holstein,DEF,2021-40,57.9590760021531,Epidemic intelligence subnational data
Germany,Schleswig-Holstein,DEF,2021-41,61.4373093213554,Epidemic intelligence subnational data
Germany,Schleswig-Holstein,DEF,2021-42,83.6842273827878,Epidemic intelligence subnational data
Germany,Schleswig-Holstein,DEF,2021-43,131.552982963889,Epidemic intelligence subnational data
Germany,Schleswig-Holstein,DEF,2021-44,159.516601332129,Epidemic intelligence subnational data
Germany,Schleswig-Holstein,DEF,2021-45,186.550394951672,Epidemic intelligence subnational data
Germany,Schleswig-Holstein,DEF,2021-46,254.909732957776,Epidemic intelligence subnational data
Germany,Schleswig-Holstein,DEF,2021-47,298.611496146565,Epidemic intelligence subnational data
Germany,Schleswig-Holstein,DEF,2021-48,302.434109002322,Epidemic intelligence subnational data
Germany,Schleswig-Holstein,DEF,2021-49,313.764195754971,Epidemic intelligence subnational data
Germany,Schleswig-Holstein,DEF,2021-50,332.946135941067,Epidemic intelligence subnational data
Germany,Schleswig-Holstein,DEF,2021-51,324.71546501741,Epidemic intelligence subnational data
Germany,Schleswig-Holstein,DEF,2021-52,451.378258562222,Epidemic intelligence subnational data
Germany,Schleswig-Holstein,DEF,2022-01,923.557041132347,Epidemic intelligence subnational data
Germany,Schleswig-Holstein,DEF,2022-02,1405.92945798449,Epidemic intelligence subnational data
Germany,Schleswig-Holstein,DEF,2022-03,1786.22778020183,Epidemic intelligence subnational data
Germany,Schleswig-Holstein,DEF,2022-04,2008.14595355766,Epidemic intelligence subnational data
Germany,Thuringen,DEG,2020-13,,Epidemic intelligence subnational data
Germany,Thuringen,DEG,2020-14,29.9524978695759,Epidemic intelligence subnational data
Germany,Thuringen,DEG,2020-15,41.3428843833582,Epidemic intelligence subnational data
Germany,Thuringen,DEG,2020-16,32.6243169283643,Epidemic intelligence subnational data
Germany,Thuringen,DEG,2020-17,26.6713165693093,Epidemic intelligence subnational data
Germany,Thuringen,DEG,2020-18,26.1088283464065,Epidemic intelligence subnational data
Germany,Thuringen,DEG,2020-19,19.8745838759001,Epidemic intelligence subnational data
Germany,Thuringen,DEG,2020-20,15.0465599626508,Epidemic intelligence subnational data
Germany,Thuringen,DEG,2020-21,14.2497016468718,Epidemic intelligence subnational data
Germany,Thuringen,DEG,2020-22,12.7497330524642,Epidemic intelligence subnational data
Germany,Thuringen,DEG,2020-23,9.84354390079958,Epidemic intelligence subnational data
Germany,Thuringen,DEG,2020-24,7.78108708348919,Epidemic intelligence subnational data
Germany,Thuringen,DEG,2020-25,5.76550428475404,Epidemic intelligence subnational data
Germany,Thuringen,DEG,2020-26,3.04681120739035,Epidemic intelligence subnational data
Germany,Thuringen,DEG,2020-27,2.43744896591228,Epidemic intelligence subnational data
Germany,Thuringen,DEG,2020-28,2.24995289161133,Epidemic intelligence subnational data
Germany,Thuringen,DEG,2020-29,2.01558279873515,Epidemic intelligence subnational data
Germany,Thuringen,DEG,2020-30,2.53119700306275,Epidemic intelligence subnational data
Germany,Thuringen,DEG,2020-31,2.99993718881511,Epidemic intelligence subnational data
Germany,Thuringen,DEG,2020-32,4.59365382037314,Epidemic intelligence subnational data
Germany,Thuringen,DEG,2020-33,5.57800821045309,Epidemic intelligence subnational data
Germany,Thuringen,DEG,2020-34,5.53113419187786,Epidemic intelligence subnational data
Germany,Thuringen,DEG,2020-35,6.32799250765687,Epidemic intelligence subnational data
Germany,Thuringen,DEG,2020-36,6.04674839620545,Epidemic intelligence subnational data
Germany,Thuringen,DEG,2020-37,8.90606352929486,Epidemic intelligence subnational data
Germany,Thuringen,DEG,2020-38,12.4216149224376,Epidemic intelligence subnational data
Germany,Thuringen,DEG,2020-39,11.2966384766319,Epidemic intelligence subnational data
Germany,Thuringen,DEG,2020-40,12.9372291267652,Epidemic intelligence subnational data
Germany,Thuringen,DEG,2020-41,22.4995289161133,Epidemic intelligence subnational data
Germany,Thuringen,DEG,2020-42,40.1710339189773,Epidemic intelligence subnational data
Germany,Thuringen,DEG,2020-43,77.1077605562634,Epidemic intelligence subnational data
Germany,Thuringen,DEG,2020-44,108.13836085307,Epidemic intelligence subnational data
Germany,Thuringen,DEG,2020-45,139.309583205602,Epidemic intelligence subnational data
Germany,Thuringen,DEG,2020-46,178.77750684595,Epidemic intelligence subnational data
Germany,Thuringen,DEG,2020-47,234.229470820455,Epidemic intelligence subnational data
Germany,Thuringen,DEG,2020-48,289.165820590631,Epidemic intelligence subnational data
Germany,Thuringen,DEG,2020-49,340.727241023391,Epidemic intelligence subnational data
Germany,Thuringen,DEG,2020-50,447.553129356354,Epidemic intelligence subnational data
Germany,Thuringen,DEG,2020-51,570.972420264951,Epidemic intelligence subnational data
Germany,Thuringen,DEG,2020-52,595.815650109826,Epidemic intelligence subnational data
Germany,Thuringen,DEG,2020-53,538.723095485188,Epidemic intelligence subnational data
Germany,Thuringen,DEG,2021-01,593.800067311091,Epidemic intelligence subnational data
Germany,Thuringen,DEG,2021-02,605.331075880599,Epidemic intelligence subnational data
Germany,Thuringen,DEG,2021-03,471.412004811149,Epidemic intelligence subnational data
Germany,Thuringen,DEG,2021-04,365.382974793965,Epidemic intelligence subnational data
Germany,Thuringen,DEG,2021-05,303.884262423256,Epidemic intelligence subnational data
Germany,Thuringen,DEG,2021-06,251.150991526115,Epidemic intelligence subnational data
Germany,Thuringen,DEG,2021-07,233.057620356074,Epidemic intelligence subnational data
Germany,Thuringen,DEG,2021-08,255.791519365063,Epidemic intelligence subnational data
Germany,Thuringen,DEG,2021-09,271.869307736369,Epidemic intelligence subnational data
Germany,Thuringen,DEG,2021-10,311.243483339568,Epidemic intelligence subnational data
Germany,Thuringen,DEG,2021-11,383.523219982582,Epidemic intelligence subnational data
Germany,Thuringen,DEG,2021-12,462.459067263279,Epidemic intelligence subnational data
Germany,Thuringen,DEG,2021-13,477.224383114479,Epidemic intelligence subnational data
Germany,Thuringen,DEG,2021-14,466.537106879325,Epidemic intelligence subnational data
Germany,Thuringen,DEG,2021-15,488.614769628261,Epidemic intelligence subnational data
Germany,Thuringen,DEG,2021-16,479.614958061816,Epidemic intelligence subnational data
Germany,Thuringen,DEG,2021-17,457.771665405756,Epidemic intelligence subnational data
Germany,Thuringen,DEG,2021-18,406.350867028722,Epidemic intelligence subnational data
Germany,Thuringen,DEG,2021-19,303.509270274654,Epidemic intelligence subnational data
Germany,Thuringen,DEG,2021-20,213.089288443023,Epidemic intelligence subnational data
Germany,Thuringen,DEG,2021-21,137.997110685495,Epidemic intelligence subnational data
Germany,Thuringen,DEG,2021-22,77.0608865376881,Epidemic intelligence subnational data
Germany,Thuringen,DEG,2021-23,42.2803647548629,Epidemic intelligence subnational data
Germany,Thuringen,DEG,2021-24,22.640150971839,Epidemic intelligence subnational data
Germany,Thuringen,DEG,2021-25,11.5778825880833,Epidemic intelligence subnational data
Germany,Thuringen,DEG,2021-26,6.56236260053305,Epidemic intelligence subnational data
Germany,Thuringen,DEG,2021-27,5.39051213615215,Epidemic intelligence subnational data
Germany,Thuringen,DEG,2021-28,7.35922091631207,Epidemic intelligence subnational data
Germany,Thuringen,DEG,2021-29,12.4684889410128,Epidemic intelligence subnational data
Germany,Thuringen,DEG,2021-30,13.8747094982699,Epidemic intelligence subnational data
Germany,Thuringen,DEG,2021-31,13.0309771639156,Epidemic intelligence subnational data
Germany,Thuringen,DEG,2021-32,15.6559222041289,Epidemic intelligence subnational data
Germany,Thuringen,DEG,2021-33,22.9682691018657,Epidemic intelligence subnational data
Germany,Thuringen,DEG,2021-34,39.7960417703754,Epidemic intelligence subnational data
Germany,Thuringen,DEG,2021-35,60.1862398506031,Epidemic intelligence subnational data
Germany,Thuringen,DEG,2021-36,84.6076035283011,Epidemic intelligence subnational data
Germany,Thuringen,DEG,2021-37,102.982218809794,Epidemic intelligence subnational data
Germany,Thuringen,DEG,2021-38,114.747597472178,Epidemic intelligence subnational data
Germany,Thuringen,DEG,2021-39,140.247063577106,Epidemic intelligence subnational data
Germany,Thuringen,DEG,2021-40,179.527491143154,Epidemic intelligence subnational data
Germany,Thuringen,DEG,2021-41,251.010369470389,Epidemic intelligence subnational data
Germany,Thuringen,DEG,2021-42,357.555013691901,Epidemic intelligence subnational data
Germany,Thuringen,DEG,2021-43,556.300852450902,Epidemic intelligence subnational data
Germany,Thuringen,DEG,2021-44,799.530134837802,Epidemic intelligence subnational data
Germany,Thuringen,DEG,2021-45,1009.94760422204,Epidemic intelligence subnational data
Germany,Thuringen,DEG,2021-46,1264.14540695554,Epidemic intelligence subnational data
Germany,Thuringen,DEG,2021-47,1687.69903880138,Epidemic intelligence subnational data
Germany,Thuringen,DEG,2021-48,2045.62904464188,Epidemic intelligence subnational data
Germany,Thuringen,DEG,2021-49,2063.01930553329,Epidemic intelligence subnational data
Germany,Thuringen,DEG,2021-50,1809.66523513414,Epidemic intelligence subnational data
Germany,Thuringen,DEG,2021-51,1327.84719819929,Epidemic intelligence subnational data
Germany,Thuringen,DEG,2021-52,936.167898984615,Epidemic intelligence subnational data
Germany,Thuringen,DEG,2022-01,759.077856807373,Epidemic intelligence subnational data
Germany,Thuringen,DEG,2022-02,551.847820686254,Epidemic intelligence subnational data
Germany,Thuringen,DEG,2022-03,526.863968785654,Epidemic intelligence subnational data
Germany,Thuringen,DEG,2022-04,797.327055964766,Epidemic intelligence subnational data
Greece,Attiki,EL30,2020-19,,Epidemic intelligence subnational data
Greece,Attiki,EL30,2020-20,2.05942869308388,Epidemic intelligence subnational data
Greece,Attiki,EL30,2020-21,1.97919121153515,Epidemic intelligence subnational data
Greece,Attiki,EL30,2020-22,1.444274667877,Epidemic intelligence subnational data
Greece,Attiki,EL30,2020-23,0.74888316112141,Epidemic intelligence subnational data
Greece,Attiki,EL30,2020-24,0.96284977858467,Epidemic intelligence subnational data
Greece,Attiki,EL30,2020-25,0.561662370841057,Epidemic intelligence subnational data
Greece,Attiki,EL30,2020-26,0.722137333938502,Epidemic intelligence subnational data
Greece,Attiki,EL30,2020-27,1.17681639604793,Epidemic intelligence subnational data
Greece,Attiki,EL30,2020-28,2.08617452026678,Epidemic intelligence subnational data
Greece,Attiki,EL30,2020-29,2.99553264448564,Epidemic intelligence subnational data
Greece,Attiki,EL30,2020-30,3.85139911433868,Epidemic intelligence subnational data
Greece,Attiki,EL30,2020-31,4.41306148517974,Epidemic intelligence subnational data
Greece,Attiki,EL30,2020-32,12.0088764051255,Epidemic intelligence subnational data
Greece,Attiki,EL30,2020-33,22.7339531054714,Epidemic intelligence subnational data
Greece,Attiki,EL30,2020-34,28.0831185420529,Epidemic intelligence subnational data
Greece,Attiki,EL30,2020-35,29.6343765186615,Epidemic intelligence subnational data
Greece,Attiki,EL30,2020-36,30.4367513341487,Epidemic intelligence subnational data
Greece,Attiki,EL30,2020-37,43.087527591664,Epidemic intelligence subnational data
Greece,Attiki,EL30,2020-38,62.0235732371625,Epidemic intelligence subnational data
Greece,Attiki,EL30,2020-39,70.4217629725954,Epidemic intelligence subnational data
Greece,Attiki,EL30,2020-40,65.045851708831,Epidemic intelligence subnational data
Greece,Attiki,EL30,2020-41,62.3177773361745,Epidemic intelligence subnational data
Greece,Attiki,EL30,2020-42,71.6520710230092,Epidemic intelligence subnational data
Greece,Attiki,EL30,2020-43,83.3399975019397,Epidemic intelligence subnational data
Greece,Attiki,EL30,2020-44,114.498886170027,Epidemic intelligence subnational data
Greece,Attiki,EL30,2020-45,167.723082264013,Epidemic intelligence subnational data
Greece,Attiki,EL30,2020-46,210.83735568286,Epidemic intelligence subnational data
Greece,Attiki,EL30,2020-47,198.213325252527,Epidemic intelligence subnational data
Greece,Attiki,EL30,2020-48,146.834591234162,Epidemic intelligence subnational data
Greece,Attiki,EL30,2020-49,118.697981037743,Epidemic intelligence subnational data
Greece,Attiki,EL30,2020-50,107.892666855849,Epidemic intelligence subnational data
Greece,Attiki,EL30,2020-51,93.4499201770788,Epidemic intelligence subnational data
Greece,Attiki,EL30,2020-52,79.6223275235156,Epidemic intelligence subnational data
Greece,Attiki,EL30,2020-53,82.965555921379,Epidemic intelligence subnational data
Greece,Attiki,EL30,2021-01,94.1720575110173,Epidemic intelligence subnational data
Greece,Attiki,EL30,2021-02,88.2344838764118,Epidemic intelligence subnational data
Greece,Attiki,EL30,2021-03,82.0561977971602,Epidemic intelligence subnational data
Greece,Attiki,EL30,2021-04,110.11257051203,Epidemic intelligence subnational data
Greece,Attiki,EL30,2021-05,164.75429544671,Epidemic intelligence subnational data
Greece,Attiki,EL30,2021-06,210.971084818774,Epidemic intelligence subnational data
Greece,Attiki,EL30,2021-07,214.314313216638,Epidemic intelligence subnational data
Greece,Attiki,EL30,2021-08,249.485075962161,Epidemic intelligence subnational data
Greece,Attiki,EL30,2021-09,333.253006699027,Epidemic intelligence subnational data
Greece,Attiki,EL30,2021-10,397.362754456457,Epidemic intelligence subnational data
Greece,Attiki,EL30,2021-11,431.570667423395,Epidemic intelligence subnational data
Greece,Attiki,EL30,2021-12,436.037220562941,Epidemic intelligence subnational data
Greece,Attiki,EL30,2021-13,491.58830362184,Epidemic intelligence subnational data
Greece,Attiki,EL30,2021-14,524.378687748084,Epidemic intelligence subnational data
Greece,Attiki,EL30,2021-15,500.039985011639,Epidemic intelligence subnational data
Greece,Attiki,EL30,2021-16,474.551211706328,Epidemic intelligence subnational data
Greece,Attiki,EL30,2021-17,404.316669524013,Epidemic intelligence subnational data
Greece,Attiki,EL30,2021-18,366.738782332028,Epidemic intelligence subnational data
Greece,Attiki,EL30,2021-19,366.123628306821,Epidemic intelligence subnational data
Greece,Attiki,EL30,2021-20,350.02264034271,Epidemic intelligence subnational data
Greece,Attiki,EL30,2021-21,317.553206142661,Epidemic intelligence subnational data
Greece,Attiki,EL30,2021-22,254.540037299731,Epidemic intelligence subnational data
Greece,Attiki,EL30,2021-23,175.292151356776,Epidemic intelligence subnational data
Greece,Attiki,EL30,2021-24,109.256704042177,Epidemic intelligence subnational data
Greece,Attiki,EL30,2021-25,80.9061272282952,Epidemic intelligence subnational data
Greece,Attiki,EL30,2021-26,127.952037243029,Epidemic intelligence subnational data
Greece,Attiki,EL30,2021-27,290.941108095668,Epidemic intelligence subnational data
Greece,Attiki,EL30,2021-28,434.994133302807,Epidemic intelligence subnational data
Greece,Attiki,EL30,2021-29,446.227380719629,Epidemic intelligence subnational data
Greece,Attiki,EL30,2021-30,396.10570057886,Epidemic intelligence subnational data
Greece,Attiki,EL30,2021-31,355.024110025914,Epidemic intelligence subnational data
Greece,Attiki,EL30,2021-32,337.371864085195,Epidemic intelligence subnational data
Greece,Attiki,EL30,2021-33,310.706274383836,Epidemic intelligence subnational data
Greece,Attiki,EL30,2021-34,293.990132394519,Epidemic intelligence subnational data
Greece,Attiki,EL30,2021-35,272.513233166644,Epidemic intelligence subnational data
Greece,Attiki,EL30,2021-36,225.306848188813,Epidemic intelligence subnational data
Greece,Attiki,EL30,2021-37,196.635321448736,Epidemic intelligence subnational data
Greece,Attiki,EL30,2021-38,183.583357783477,Epidemic intelligence subnational data
Greece,Attiki,EL30,2021-39,182.807728795173,Epidemic intelligence subnational data
Greece,Attiki,EL30,2021-40,186.364923810499,Epidemic intelligence subnational data
Greece,Attiki,EL30,2021-41,192.971143124678,Epidemic intelligence subnational data
Greece,Attiki,EL30,2021-42,188.772048256961,Epidemic intelligence subnational data
Greece,Attiki,EL30,2021-43,266.254709605844,Epidemic intelligence subnational data
Greece,Attiki,EL30,2021-44,436.625628760965,Epidemic intelligence subnational data
Greece,Attiki,EL30,2021-45,553.290926932807,Epidemic intelligence subnational data
Greece,Attiki,EL30,2021-46,617.668132962066,Epidemic intelligence subnational data
Greece,Attiki,EL30,2021-47,641.498664982036,Epidemic intelligence subnational data
Greece,Attiki,EL30,2021-48,630.639859145776,Epidemic intelligence subnational data
Greece,Attiki,EL30,2021-49,603.225386283296,Epidemic intelligence subnational data
Greece,Attiki,EL30,2021-50,557.115580219963,Epidemic intelligence subnational data
Greece,Attiki,EL30,2021-51,803.150444475529,Epidemic intelligence subnational data
Greece,Attiki,EL30,2021-52,2892.85541393046,Epidemic intelligence subnational data
Greece,Attiki,EL30,2022-01,4850.16853882999,Epidemic intelligence subnational data
Greece,Attiki,EL30,2022-02,3977.31846871581,Epidemic intelligence subnational data
Greece,Attiki,EL30,2022-03,2790.71309991893,Epidemic intelligence subnational data
Greece,Attiki,EL30,2022-04,2409.39784177222,Epidemic intelligence subnational data
Greece,Voreio Aigaio,EL41,2020-19,,Epidemic intelligence subnational data
Greece,Voreio Aigaio,EL41,2020-20,0.87139894386448,Epidemic intelligence subnational data
Greece,Voreio Aigaio,EL41,2020-21,1.74279788772896,Epidemic intelligence subnational data
Greece,Voreio Aigaio,EL41,2020-22,0.87139894386448,Epidemic intelligence subnational data
Greece,Voreio Aigaio,EL41,2020-23,0.87139894386448,Epidemic intelligence subnational data
Greece,Voreio Aigaio,EL41,2020-24,0.87139894386448,Epidemic intelligence subnational data
Greece,Voreio Aigaio,EL41,2020-25,0.43569947193224,Epidemic intelligence subnational data
Greece,Voreio Aigaio,EL41,2020-26,2.1784973596612,Epidemic intelligence subnational data
Greece,Voreio Aigaio,EL41,2020-27,2.1784973596612,Epidemic intelligence subnational data
Greece,Voreio Aigaio,EL41,2020-28,2.1784973596612,Epidemic intelligence subnational data
Greece,Voreio Aigaio,EL41,2020-29,2.1784973596612,Epidemic intelligence subnational data
Greece,Voreio Aigaio,EL41,2020-30,3.92129524739016,Epidemic intelligence subnational data
Greece,Voreio Aigaio,EL41,2020-31,3.92129524739016,Epidemic intelligence subnational data
Greece,Voreio Aigaio,EL41,2020-32,10.0210878544415,Epidemic intelligence subnational data
Greece,Voreio Aigaio,EL41,2020-33,16.9922794053574,Epidemic intelligence subnational data
Greece,Voreio Aigaio,EL41,2020-34,30.934662507189,Epidemic intelligence subnational data
Greece,Voreio Aigaio,EL41,2020-35,47.4912424406142,Epidemic intelligence subnational data
Greece,Voreio Aigaio,EL41,2020-36,34.8559577545792,Epidemic intelligence subnational data
Greece,Voreio Aigaio,EL41,2020-37,47.0555429686819,Epidemic intelligence subnational data
Greece,Voreio Aigaio,EL41,2020-38,166.872897750048,Epidemic intelligence subnational data
Greece,Voreio Aigaio,EL41,2020-39,149.880618344691,Epidemic intelligence subnational data
Greece,Voreio Aigaio,EL41,2020-40,36.1630561703759,Epidemic intelligence subnational data
Greece,Voreio Aigaio,EL41,2020-41,33.1131598668502,Epidemic intelligence subnational data
Greece,Voreio Aigaio,EL41,2020-42,33.1131598668502,Epidemic intelligence subnational data
Greece,Voreio Aigaio,EL41,2020-43,40.9557503616306,Epidemic intelligence subnational data
Greece,Voreio Aigaio,EL41,2020-44,90.1897906899737,Epidemic intelligence subnational data
Greece,Voreio Aigaio,EL41,2020-45,147.266421513097,Epidemic intelligence subnational data
Greece,Voreio Aigaio,EL41,2020-46,182.122379267676,Epidemic intelligence subnational data
Greece,Voreio Aigaio,EL41,2020-47,202.164554976559,Epidemic intelligence subnational data
Greece,Voreio Aigaio,EL41,2020-48,166.872897750048,Epidemic intelligence subnational data
Greece,Voreio Aigaio,EL41,2020-49,160.773105142997,Epidemic intelligence subnational data
Greece,Voreio Aigaio,EL41,2020-50,145.087924153436,Epidemic intelligence subnational data
Greece,Voreio Aigaio,EL41,2020-51,105.00357273567,Epidemic intelligence subnational data
Greece,Voreio Aigaio,EL41,2020-52,85.397096498719,Epidemic intelligence subnational data
Greece,Voreio Aigaio,EL41,2020-53,59.6908276547169,Epidemic intelligence subnational data
Greece,Voreio Aigaio,EL41,2021-01,63.612122902107,Epidemic intelligence subnational data
Greece,Voreio Aigaio,EL41,2021-02,62.3050244863103,Epidemic intelligence subnational data
Greece,Voreio Aigaio,EL41,2021-03,43.569947193224,Epidemic intelligence subnational data
Greece,Voreio Aigaio,EL41,2021-04,52.2839366318688,Epidemic intelligence subnational data
Greece,Voreio Aigaio,EL41,2021-05,51.4125376880043,Epidemic intelligence subnational data
Greece,Voreio Aigaio,EL41,2021-06,29.6275640913923,Epidemic intelligence subnational data
Greece,Voreio Aigaio,EL41,2021-07,37.4701545861726,Epidemic intelligence subnational data
Greece,Voreio Aigaio,EL41,2021-08,77.990205475871,Epidemic intelligence subnational data
Greece,Voreio Aigaio,EL41,2021-09,120.253054253298,Epidemic intelligence subnational data
Greece,Voreio Aigaio,EL41,2021-10,138.11673260252,Epidemic intelligence subnational data
Greece,Voreio Aigaio,EL41,2021-11,152.930514648216,Epidemic intelligence subnational data
Greece,Voreio Aigaio,EL41,2021-12,130.709841579672,Epidemic intelligence subnational data
Greece,Voreio Aigaio,EL41,2021-13,123.302950556824,Epidemic intelligence subnational data
Greece,Voreio Aigaio,EL41,2021-14,125.045748444553,Epidemic intelligence subnational data
Greece,Voreio Aigaio,EL41,2021-15,97.5966817128218,Epidemic intelligence subnational data
Greece,Voreio Aigaio,EL41,2021-16,74.0689102284808,Epidemic intelligence subnational data
Greece,Voreio Aigaio,EL41,2021-17,52.2839366318688,Epidemic intelligence subnational data
Greece,Voreio Aigaio,EL41,2021-18,73.1975112846163,Epidemic intelligence subnational data
Greece,Voreio Aigaio,EL41,2021-19,117.638857421705,Epidemic intelligence subnational data
Greece,Voreio Aigaio,EL41,2021-20,129.402743163875,Epidemic intelligence subnational data
Greece,Voreio Aigaio,EL41,2021-21,123.302950556824,Epidemic intelligence subnational data
Greece,Voreio Aigaio,EL41,2021-22,85.397096498719,Epidemic intelligence subnational data
Greece,Voreio Aigaio,EL41,2021-23,46.6198434967497,Epidemic intelligence subnational data
Greece,Voreio Aigaio,EL41,2021-24,38.7772530019694,Epidemic intelligence subnational data
Greece,Voreio Aigaio,EL41,2021-25,28.7561651475278,Epidemic intelligence subnational data
Greece,Voreio Aigaio,EL41,2021-26,24.3991704282054,Epidemic intelligence subnational data
Greece,Voreio Aigaio,EL41,2021-27,47.0555429686819,Epidemic intelligence subnational data
Greece,Voreio Aigaio,EL41,2021-28,91.9325885777027,Epidemic intelligence subnational data
Greece,Voreio Aigaio,EL41,2021-29,166.001498806183,Epidemic intelligence subnational data
Greece,Voreio Aigaio,EL41,2021-30,257.062688440022,Epidemic intelligence subnational data
Greece,Voreio Aigaio,EL41,2021-31,339.409888635215,Epidemic intelligence subnational data
Greece,Voreio Aigaio,EL41,2021-32,362.066261175692,Epidemic intelligence subnational data
Greece,Voreio Aigaio,EL41,2021-33,349.430976489657,Epidemic intelligence subnational data
Greece,Voreio Aigaio,EL41,2021-34,386.465431603897,Epidemic intelligence subnational data
Greece,Voreio Aigaio,EL41,2021-35,392.129524739016,Epidemic intelligence subnational data
Greece,Voreio Aigaio,EL41,2021-36,273.183568901515,Epidemic intelligence subnational data
Greece,Voreio Aigaio,EL41,2021-37,152.494815176284,Epidemic intelligence subnational data
Greece,Voreio Aigaio,EL41,2021-38,102.389375904076,Epidemic intelligence subnational data
Greece,Voreio Aigaio,EL41,2021-39,61.8693250143781,Epidemic intelligence subnational data
Greece,Voreio Aigaio,EL41,2021-40,55.7695324073267,Epidemic intelligence subnational data
Greece,Voreio Aigaio,EL41,2021-41,82.7828996671256,Epidemic intelligence subnational data
Greece,Voreio Aigaio,EL41,2021-42,93.6753864654316,Epidemic intelligence subnational data
Greece,Voreio Aigaio,EL41,2021-43,142.473727321843,Epidemic intelligence subnational data
Greece,Voreio Aigaio,EL41,2021-44,416.528695167222,Epidemic intelligence subnational data
Greece,Voreio Aigaio,EL41,2021-45,566.845012983844,Epidemic intelligence subnational data
Greece,Voreio Aigaio,EL41,2021-46,507.154185329127,Epidemic intelligence subnational data
Greece,Voreio Aigaio,EL41,2021-47,482.755014900922,Epidemic intelligence subnational data
Greece,Voreio Aigaio,EL41,2021-48,427.421181965528,Epidemic intelligence subnational data
Greece,Voreio Aigaio,EL41,2021-49,421.321389358476,Epidemic intelligence subnational data
Greece,Voreio Aigaio,EL41,2021-50,431.342477212918,Epidemic intelligence subnational data
Greece,Voreio Aigaio,EL41,2021-51,505.847086913331,Epidemic intelligence subnational data
Greece,Voreio Aigaio,EL41,2021-52,1523.64105334704,Epidemic intelligence subnational data
Greece,Voreio Aigaio,EL41,2022-01,2710.48641489047,Epidemic intelligence subnational data
Greece,Voreio Aigaio,EL41,2022-02,2404.1896861221,Epidemic intelligence subnational data
Greece,Voreio Aigaio,EL41,2022-03,1963.69751999861,Epidemic intelligence subnational data
Greece,Voreio Aigaio,EL41,2022-04,2465.62331166455,Epidemic intelligence subnational data
Greece,Notio Aigaio,EL42,2020-19,,Epidemic intelligence subnational data
Greece,Notio Aigaio,EL42,2020-20,0,Epidemic intelligence subnational data
Greece,Notio Aigaio,EL42,2020-21,0,Epidemic intelligence subnational data
Greece,Notio Aigaio,EL42,2020-22,0,Epidemic intelligence subnational data
Greece,Notio Aigaio,EL42,2020-23,0.287759847141969,Epidemic intelligence subnational data
Greece,Notio Aigaio,EL42,2020-24,0.287759847141969,Epidemic intelligence subnational data
Greece,Notio Aigaio,EL42,2020-25,0.863279541425908,Epidemic intelligence subnational data
Greece,Notio Aigaio,EL42,2020-26,2.87759847141969,Epidemic intelligence subnational data
Greece,Notio Aigaio,EL42,2020-27,4.60415755427151,Epidemic intelligence subnational data
Greece,Notio Aigaio,EL42,2020-28,4.02863785998757,Epidemic intelligence subnational data
Greece,Notio Aigaio,EL42,2020-29,4.31639770712954,Epidemic intelligence subnational data
Greece,Notio Aigaio,EL42,2020-30,4.89191740141348,Epidemic intelligence subnational data
Greece,Notio Aigaio,EL42,2020-31,4.89191740141348,Epidemic intelligence subnational data
Greece,Notio Aigaio,EL42,2020-32,15.2512718985244,Epidemic intelligence subnational data
Greece,Notio Aigaio,EL42,2020-33,37.408780128456,Epidemic intelligence subnational data
Greece,Notio Aigaio,EL42,2020-34,56.113170192684,Epidemic intelligence subnational data
Greece,Notio Aigaio,EL42,2020-35,50.0702134027026,Epidemic intelligence subnational data
Greece,Notio Aigaio,EL42,2020-36,35.6822210456042,Epidemic intelligence subnational data
Greece,Notio Aigaio,EL42,2020-37,31.3658233384746,Epidemic intelligence subnational data
Greece,Notio Aigaio,EL42,2020-38,35.9699808927462,Epidemic intelligence subnational data
Greece,Notio Aigaio,EL42,2020-39,42.5884573770114,Epidemic intelligence subnational data
Greece,Notio Aigaio,EL42,2020-40,39.7108589055918,Epidemic intelligence subnational data
Greece,Notio Aigaio,EL42,2020-41,42.5884573770114,Epidemic intelligence subnational data
Greece,Notio Aigaio,EL42,2020-42,49.7824535555607,Epidemic intelligence subnational data
Greece,Notio Aigaio,EL42,2020-43,59.8540482055296,Epidemic intelligence subnational data
Greece,Notio Aigaio,EL42,2020-44,65.609245148369,Epidemic intelligence subnational data
Greece,Notio Aigaio,EL42,2020-45,67.9113239255047,Epidemic intelligence subnational data
Greece,Notio Aigaio,EL42,2020-46,65.321485301227,Epidemic intelligence subnational data
Greece,Notio Aigaio,EL42,2020-47,63.8826860655172,Epidemic intelligence subnational data
Greece,Notio Aigaio,EL42,2020-48,58.4152489698198,Epidemic intelligence subnational data
Greece,Notio Aigaio,EL42,2020-49,40.8618982941596,Epidemic intelligence subnational data
Greece,Notio Aigaio,EL42,2020-50,31.6535831856166,Epidemic intelligence subnational data
Greece,Notio Aigaio,EL42,2020-51,21.2942286885057,Epidemic intelligence subnational data
Greece,Notio Aigaio,EL42,2020-52,15.5390317456663,Epidemic intelligence subnational data
Greece,Notio Aigaio,EL42,2020-53,24.4595870070674,Epidemic intelligence subnational data
Greece,Notio Aigaio,EL42,2021-01,26.4739059370612,Epidemic intelligence subnational data
Greece,Notio Aigaio,EL42,2021-02,19.5676696056539,Epidemic intelligence subnational data
Greece,Notio Aigaio,EL42,2021-03,18.704390064228,Epidemic intelligence subnational data
Greece,Notio Aigaio,EL42,2021-04,34.5311816570363,Epidemic intelligence subnational data
Greece,Notio Aigaio,EL42,2021-05,52.6600520269804,Epidemic intelligence subnational data
Greece,Notio Aigaio,EL42,2021-06,63.5949262183752,Epidemic intelligence subnational data
Greece,Notio Aigaio,EL42,2021-07,73.6665208683441,Epidemic intelligence subnational data
Greece,Notio Aigaio,EL42,2021-08,104.456824512535,Epidemic intelligence subnational data
Greece,Notio Aigaio,EL42,2021-09,104.456824512535,Epidemic intelligence subnational data
Greece,Notio Aigaio,EL42,2021-10,82.2993162826032,Epidemic intelligence subnational data
Greece,Notio Aigaio,EL42,2021-11,115.39169870393,Epidemic intelligence subnational data
Greece,Notio Aigaio,EL42,2021-12,134.3838486153,Epidemic intelligence subnational data
Greece,Notio Aigaio,EL42,2021-13,163.447593176639,Epidemic intelligence subnational data
Greece,Notio Aigaio,EL42,2021-14,197.691014986533,Epidemic intelligence subnational data
Greece,Notio Aigaio,EL42,2021-15,178.123345380879,Epidemic intelligence subnational data
Greece,Notio Aigaio,EL42,2021-16,80.2849973526094,Epidemic intelligence subnational data
Greece,Notio Aigaio,EL42,2021-17,124.887773659615,Epidemic intelligence subnational data
Greece,Notio Aigaio,EL42,2021-18,243.732590529248,Epidemic intelligence subnational data
Greece,Notio Aigaio,EL42,2021-19,223.013881535026,Epidemic intelligence subnational data
Greece,Notio Aigaio,EL42,2021-20,165.17415225949,Epidemic intelligence subnational data
Greece,Notio Aigaio,EL42,2021-21,109.63650176109,Epidemic intelligence subnational data
Greece,Notio Aigaio,EL42,2021-22,96.3995487925597,Epidemic intelligence subnational data
Greece,Notio Aigaio,EL42,2021-23,83.738115518313,Epidemic intelligence subnational data
Greece,Notio Aigaio,EL42,2021-24,72.2277216326343,Epidemic intelligence subnational data
Greece,Notio Aigaio,EL42,2021-25,77.4073988811897,Epidemic intelligence subnational data
Greece,Notio Aigaio,EL42,2021-26,94.3852298625659,Epidemic intelligence subnational data
Greece,Notio Aigaio,EL42,2021-27,198.554294527959,Epidemic intelligence subnational data
Greece,Notio Aigaio,EL42,2021-28,433.366329795806,Epidemic intelligence subnational data
Greece,Notio Aigaio,EL42,2021-29,650.625014387992,Epidemic intelligence subnational data
Greece,Notio Aigaio,EL42,2021-30,750.765441193398,Epidemic intelligence subnational data
Greece,Notio Aigaio,EL42,2021-31,802.849973526094,Epidemic intelligence subnational data
Greece,Notio Aigaio,EL42,2021-32,911.335435898616,Epidemic intelligence subnational data
Greece,Notio Aigaio,EL42,2021-33,945.003338014227,Epidemic intelligence subnational data
Greece,Notio Aigaio,EL42,2021-34,852.344667234513,Epidemic intelligence subnational data
Greece,Notio Aigaio,EL42,2021-35,691.486912682152,Epidemic intelligence subnational data
Greece,Notio Aigaio,EL42,2021-36,489.191740141348,Epidemic intelligence subnational data
Greece,Notio Aigaio,EL42,2021-37,408.906742788738,Epidemic intelligence subnational data
Greece,Notio Aigaio,EL42,2021-38,345.887336264647,Epidemic intelligence subnational data
Greece,Notio Aigaio,EL42,2021-39,246.89794884781,Epidemic intelligence subnational data
Greece,Notio Aigaio,EL42,2021-40,188.770459725132,Epidemic intelligence subnational data
Greece,Notio Aigaio,EL42,2021-41,169.49054996662,Epidemic intelligence subnational data
Greece,Notio Aigaio,EL42,2021-42,151.649439443818,Epidemic intelligence subnational data
Greece,Notio Aigaio,EL42,2021-43,181.576463546583,Epidemic intelligence subnational data
Greece,Notio Aigaio,EL42,2021-44,289.198646377679,Epidemic intelligence subnational data
Greece,Notio Aigaio,EL42,2021-45,346.462855958931,Epidemic intelligence subnational data
Greece,Notio Aigaio,EL42,2021-46,361.138608163171,Epidemic intelligence subnational data
Greece,Notio Aigaio,EL42,2021-47,393.07995119593,Epidemic intelligence subnational data
Greece,Notio Aigaio,EL42,2021-48,416.964018508713,Epidemic intelligence subnational data
Greece,Notio Aigaio,EL42,2021-49,355.09565137319,Epidemic intelligence subnational data
Greece,Notio Aigaio,EL42,2021-50,264.45129952347,Epidemic intelligence subnational data
Greece,Notio Aigaio,EL42,2021-51,293.227284237667,Epidemic intelligence subnational data
Greece,Notio Aigaio,EL42,2021-52,1391.31886093142,Epidemic intelligence subnational data
Greece,Notio Aigaio,EL42,2022-01,3030.39895025208,Epidemic intelligence subnational data
Greece,Notio Aigaio,EL42,2022-02,3103.77771127328,Epidemic intelligence subnational data
Greece,Notio Aigaio,EL42,2022-03,2679.33193673888,Epidemic intelligence subnational data
Greece,Notio Aigaio,EL42,2022-04,2943.78323626235,Epidemic intelligence subnational data
Greece,Kriti,EL43,2020-19,,Epidemic intelligence subnational data
Greece,Kriti,EL43,2020-20,0.157108203561957,Epidemic intelligence subnational data
Greece,Kriti,EL43,2020-21,0.314216407123914,Epidemic intelligence subnational data
Greece,Kriti,EL43,2020-22,0.314216407123914,Epidemic intelligence subnational data
Greece,Kriti,EL43,2020-23,0,Epidemic intelligence subnational data
Greece,Kriti,EL43,2020-24,0,Epidemic intelligence subnational data
Greece,Kriti,EL43,2020-25,0,Epidemic intelligence subnational data
Greece,Kriti,EL43,2020-26,0.157108203561957,Epidemic intelligence subnational data
Greece,Kriti,EL43,2020-27,0.628432814247829,Epidemic intelligence subnational data
Greece,Kriti,EL43,2020-28,1.25686562849566,Epidemic intelligence subnational data
Greece,Kriti,EL43,2020-29,2.1995148498674,Epidemic intelligence subnational data
Greece,Kriti,EL43,2020-30,2.82794766411523,Epidemic intelligence subnational data
Greece,Kriti,EL43,2020-31,2.98505586767719,Epidemic intelligence subnational data
Greece,Kriti,EL43,2020-32,5.81300353179242,Epidemic intelligence subnational data
Greece,Kriti,EL43,2020-33,13.6684137098903,Epidemic intelligence subnational data
Greece,Kriti,EL43,2020-34,20.7382828701784,Epidemic intelligence subnational data
Greece,Kriti,EL43,2020-35,21.995148498674,Epidemic intelligence subnational data
Greece,Kriti,EL43,2020-36,26.8655028090947,Epidemic intelligence subnational data
Greece,Kriti,EL43,2020-37,28.2794766411523,Epidemic intelligence subnational data
Greece,Kriti,EL43,2020-38,22.6235813129218,Epidemic intelligence subnational data
Greece,Kriti,EL43,2020-39,16.8105777811294,Epidemic intelligence subnational data
Greece,Kriti,EL43,2020-40,12.0973316742707,Epidemic intelligence subnational data
Greece,Kriti,EL43,2020-41,12.7257644885185,Epidemic intelligence subnational data
Greece,Kriti,EL43,2020-42,17.4390105953773,Epidemic intelligence subnational data
Greece,Kriti,EL43,2020-43,25.608637180599,Epidemic intelligence subnational data
Greece,Kriti,EL43,2020-44,38.3344016691175,Epidemic intelligence subnational data
Greece,Kriti,EL43,2020-45,74.1550720812438,Epidemic intelligence subnational data
Greece,Kriti,EL43,2020-46,98.5068436333472,Epidemic intelligence subnational data
Greece,Kriti,EL43,2020-47,95.52178776567,Epidemic intelligence subnational data
Greece,Kriti,EL43,2020-48,84.367105312771,Epidemic intelligence subnational data
Greece,Kriti,EL43,2020-49,68.3420685494514,Epidemic intelligence subnational data
Greece,Kriti,EL43,2020-50,49.3319759184546,Epidemic intelligence subnational data
Greece,Kriti,EL43,2020-51,28.5936930482762,Epidemic intelligence subnational data
Greece,Kriti,EL43,2020-52,14.611062931262,Epidemic intelligence subnational data
Greece,Kriti,EL43,2020-53,8.48384299234569,Epidemic intelligence subnational data
Greece,Kriti,EL43,2021-01,24.1946633485414,Epidemic intelligence subnational data
Greece,Kriti,EL43,2021-02,33.6211555622588,Epidemic intelligence subnational data
Greece,Kriti,EL43,2021-03,23.7233387378555,Epidemic intelligence subnational data
Greece,Kriti,EL43,2021-04,31.8929653230773,Epidemic intelligence subnational data
Greece,Kriti,EL43,2021-05,60.8008747784774,Epidemic intelligence subnational data
Greece,Kriti,EL43,2021-06,84.367105312771,Epidemic intelligence subnational data
Greece,Kriti,EL43,2021-07,93.7935975264884,Epidemic intelligence subnational data
Greece,Kriti,EL43,2021-08,115.317421414477,Epidemic intelligence subnational data
Greece,Kriti,EL43,2021-09,141.2402750022,Epidemic intelligence subnational data
Greece,Kriti,EL43,2021-10,163.235423500874,Epidemic intelligence subnational data
Greece,Kriti,EL43,2021-11,182.873948946118,Epidemic intelligence subnational data
Greece,Kriti,EL43,2021-12,161.035908651006,Epidemic intelligence subnational data
Greece,Kriti,EL43,2021-13,172.033482900343,Epidemic intelligence subnational data
Greece,Kriti,EL43,2021-14,204.869097444792,Epidemic intelligence subnational data
Greece,Kriti,EL43,2021-15,219.95148498674,Epidemic intelligence subnational data
Greece,Kriti,EL43,2021-16,218.223294747559,Epidemic intelligence subnational data
Greece,Kriti,EL43,2021-17,174.547214157335,Epidemic intelligence subnational data
Greece,Kriti,EL43,2021-18,165.120721943617,Epidemic intelligence subnational data
Greece,Kriti,EL43,2021-19,185.701896610233,Epidemic intelligence subnational data
Greece,Kriti,EL43,2021-20,186.644545831605,Epidemic intelligence subnational data
Greece,Kriti,EL43,2021-21,177.532270025012,Epidemic intelligence subnational data
Greece,Kriti,EL43,2021-22,139.040760152332,Epidemic intelligence subnational data
Greece,Kriti,EL43,2021-23,93.0080565086787,Epidemic intelligence subnational data
Greece,Kriti,EL43,2021-24,64.4143634604024,Epidemic intelligence subnational data
Greece,Kriti,EL43,2021-25,55.144979450247,Epidemic intelligence subnational data
Greece,Kriti,EL43,2021-26,102.905873333082,Epidemic intelligence subnational data
Greece,Kriti,EL43,2021-27,321.129168080641,Epidemic intelligence subnational data
Greece,Kriti,EL43,2021-28,547.993414024107,Epidemic intelligence subnational data
Greece,Kriti,EL43,2021-29,594.02611766776,Epidemic intelligence subnational data
Greece,Kriti,EL43,2021-30,631.417870115506,Epidemic intelligence subnational data
Greece,Kriti,EL43,2021-31,725.997008659804,Epidemic intelligence subnational data
Greece,Kriti,EL43,2021-32,852.626220730742,Epidemic intelligence subnational data
Greece,Kriti,EL43,2021-33,808.793031936956,Epidemic intelligence subnational data
Greece,Kriti,EL43,2021-34,580.986136772118,Epidemic intelligence subnational data
Greece,Kriti,EL43,2021-35,400.311702675867,Epidemic intelligence subnational data
Greece,Kriti,EL43,2021-36,288.13644533263,Epidemic intelligence subnational data
Greece,Kriti,EL43,2021-37,230.949059236077,Epidemic intelligence subnational data
Greece,Kriti,EL43,2021-38,209.582343551651,Epidemic intelligence subnational data
Greece,Kriti,EL43,2021-39,186.173221220919,Epidemic intelligence subnational data
Greece,Kriti,EL43,2021-40,154.594472304966,Epidemic intelligence subnational data
Greece,Kriti,EL43,2021-41,137.783894523837,Epidemic intelligence subnational data
Greece,Kriti,EL43,2021-42,136.527028895341,Epidemic intelligence subnational data
Greece,Kriti,EL43,2021-43,200.155851337934,Epidemic intelligence subnational data
Greece,Kriti,EL43,2021-44,334.326257179845,Epidemic intelligence subnational data
Greece,Kriti,EL43,2021-45,446.658622726644,Epidemic intelligence subnational data
Greece,Kriti,EL43,2021-46,558.205447255634,Epidemic intelligence subnational data
Greece,Kriti,EL43,2021-47,642.572552568405,Epidemic intelligence subnational data
Greece,Kriti,EL43,2021-48,633.460276761811,Epidemic intelligence subnational data
Greece,Kriti,EL43,2021-49,615.864157962872,Epidemic intelligence subnational data
Greece,Kriti,EL43,2021-50,607.066098563403,Epidemic intelligence subnational data
Greece,Kriti,EL43,2021-51,672.266003041615,Epidemic intelligence subnational data
Greece,Kriti,EL43,2021-52,2046.17724319093,Epidemic intelligence subnational data
Greece,Kriti,EL43,2022-01,4161.167879542,Epidemic intelligence subnational data
Greece,Kriti,EL43,2022-02,4296.90936741953,Epidemic intelligence subnational data
Greece,Kriti,EL43,2022-03,3702.09770873396,Epidemic intelligence subnational data
Greece,Kriti,EL43,2022-04,3585.68052989455,Epidemic intelligence subnational data
Greece,"Anatoliki Makedonia, Thraki",EL51,2020-19,,Epidemic intelligence subnational data
Greece,"Anatoliki Makedonia, Thraki",EL51,2020-20,1.83758120856046,Epidemic intelligence subnational data
Greece,"Anatoliki Makedonia, Thraki",EL51,2020-21,1.50347553427674,Epidemic intelligence subnational data
Greece,"Anatoliki Makedonia, Thraki",EL51,2020-22,2.83989823141161,Epidemic intelligence subnational data
Greece,"Anatoliki Makedonia, Thraki",EL51,2020-23,9.35495887994414,Epidemic intelligence subnational data
Greece,"Anatoliki Makedonia, Thraki",EL51,2020-24,15.3688610170511,Epidemic intelligence subnational data
Greece,"Anatoliki Makedonia, Thraki",EL51,2020-25,27.0625596169813,Epidemic intelligence subnational data
Greece,"Anatoliki Makedonia, Thraki",EL51,2020-26,24.3897142227115,Epidemic intelligence subnational data
Greece,"Anatoliki Makedonia, Thraki",EL51,2020-27,14.8677025056255,Epidemic intelligence subnational data
Greece,"Anatoliki Makedonia, Thraki",EL51,2020-28,17.5405478998953,Epidemic intelligence subnational data
Greece,"Anatoliki Makedonia, Thraki",EL51,2020-29,9.18790604280228,Epidemic intelligence subnational data
Greece,"Anatoliki Makedonia, Thraki",EL51,2020-30,3.84221525426277,Epidemic intelligence subnational data
Greece,"Anatoliki Makedonia, Thraki",EL51,2020-31,9.18790604280228,Epidemic intelligence subnational data
Greece,"Anatoliki Makedonia, Thraki",EL51,2020-32,26.227295431272,Epidemic intelligence subnational data
Greece,"Anatoliki Makedonia, Thraki",EL51,2020-33,29.5683521741092,Epidemic intelligence subnational data
Greece,"Anatoliki Makedonia, Thraki",EL51,2020-34,16.5382308770441,Epidemic intelligence subnational data
Greece,"Anatoliki Makedonia, Thraki",EL51,2020-35,13.0301212970651,Epidemic intelligence subnational data
Greece,"Anatoliki Makedonia, Thraki",EL51,2020-36,8.85380036851856,Epidemic intelligence subnational data
Greece,"Anatoliki Makedonia, Thraki",EL51,2020-37,5.34569078853951,Epidemic intelligence subnational data
Greece,"Anatoliki Makedonia, Thraki",EL51,2020-38,0.668211348567438,Epidemic intelligence subnational data
Greece,"Anatoliki Makedonia, Thraki",EL51,2020-39,-1.33642269713488,Epidemic intelligence subnational data
Greece,"Anatoliki Makedonia, Thraki",EL51,2020-40,5.84684929996509,Epidemic intelligence subnational data
Greece,"Anatoliki Makedonia, Thraki",EL51,2020-41,9.18790604280228,Epidemic intelligence subnational data
Greece,"Anatoliki Makedonia, Thraki",EL51,2020-42,15.5359138541929,Epidemic intelligence subnational data
Greece,"Anatoliki Makedonia, Thraki",EL51,2020-43,48.9464812825649,Epidemic intelligence subnational data
Greece,"Anatoliki Makedonia, Thraki",EL51,2020-44,246.402934784243,Epidemic intelligence subnational data
Greece,"Anatoliki Makedonia, Thraki",EL51,2020-45,503.831356819849,Epidemic intelligence subnational data
Greece,"Anatoliki Makedonia, Thraki",EL51,2020-46,568.64785763089,Epidemic intelligence subnational data
Greece,"Anatoliki Makedonia, Thraki",EL51,2020-47,523.71064443973,Epidemic intelligence subnational data
Greece,"Anatoliki Makedonia, Thraki",EL51,2020-48,423.645994991756,Epidemic intelligence subnational data
Greece,"Anatoliki Makedonia, Thraki",EL51,2020-49,401.762073326172,Epidemic intelligence subnational data
Greece,"Anatoliki Makedonia, Thraki",EL51,2020-50,401.427967651889,Epidemic intelligence subnational data
Greece,"Anatoliki Makedonia, Thraki",EL51,2020-51,296.184680252517,Epidemic intelligence subnational data
Greece,"Anatoliki Makedonia, Thraki",EL51,2020-52,199.294034710239,Epidemic intelligence subnational data
Greece,"Anatoliki Makedonia, Thraki",EL51,2020-53,155.192085704788,Epidemic intelligence subnational data
Greece,"Anatoliki Makedonia, Thraki",EL51,2021-01,134.811639573481,Epidemic intelligence subnational data
Greece,"Anatoliki Makedonia, Thraki",EL51,2021-02,85.0298941052065,Epidemic intelligence subnational data
Greece,"Anatoliki Makedonia, Thraki",EL51,2021-03,57.4661759767997,Epidemic intelligence subnational data
Greece,"Anatoliki Makedonia, Thraki",EL51,2021-04,49.6146926311323,Epidemic intelligence subnational data
Greece,"Anatoliki Makedonia, Thraki",EL51,2021-05,37.4198355197766,Epidemic intelligence subnational data
Greece,"Anatoliki Makedonia, Thraki",EL51,2021-06,43.6007904940253,Epidemic intelligence subnational data
Greece,"Anatoliki Makedonia, Thraki",EL51,2021-07,56.2968061168067,Epidemic intelligence subnational data
Greece,"Anatoliki Makedonia, Thraki",EL51,2021-08,62.3107082539136,Epidemic intelligence subnational data
Greece,"Anatoliki Makedonia, Thraki",EL51,2021-09,65.1506064853252,Epidemic intelligence subnational data
Greece,"Anatoliki Makedonia, Thraki",EL51,2021-10,76.5101994109717,Epidemic intelligence subnational data
Greece,"Anatoliki Makedonia, Thraki",EL51,2021-11,91.3779019165972,Epidemic intelligence subnational data
Greece,"Anatoliki Makedonia, Thraki",EL51,2021-12,99.897596610832,Epidemic intelligence subnational data
Greece,"Anatoliki Makedonia, Thraki",EL51,2021-13,140.99259454773,Epidemic intelligence subnational data
Greece,"Anatoliki Makedonia, Thraki",EL51,2021-14,200.129298895948,Epidemic intelligence subnational data
Greece,"Anatoliki Makedonia, Thraki",EL51,2021-15,258.430739058457,Epidemic intelligence subnational data
Greece,"Anatoliki Makedonia, Thraki",EL51,2021-16,269.957384821245,Epidemic intelligence subnational data
Greece,"Anatoliki Makedonia, Thraki",EL51,2021-17,214.161737215864,Epidemic intelligence subnational data
Greece,"Anatoliki Makedonia, Thraki",EL51,2021-18,182.254645321769,Epidemic intelligence subnational data
Greece,"Anatoliki Makedonia, Thraki",EL51,2021-19,184.259279367471,Epidemic intelligence subnational data
Greece,"Anatoliki Makedonia, Thraki",EL51,2021-20,149.679342079106,Epidemic intelligence subnational data
Greece,"Anatoliki Makedonia, Thraki",EL51,2021-21,100.732860796541,Epidemic intelligence subnational data
Greece,"Anatoliki Makedonia, Thraki",EL51,2021-22,68.4916632281624,Epidemic intelligence subnational data
Greece,"Anatoliki Makedonia, Thraki",EL51,2021-23,42.2643677968905,Epidemic intelligence subnational data
Greece,"Anatoliki Makedonia, Thraki",EL51,2021-24,27.5637181284068,Epidemic intelligence subnational data
Greece,"Anatoliki Makedonia, Thraki",EL51,2021-25,15.2018081799092,Epidemic intelligence subnational data
Greece,"Anatoliki Makedonia, Thraki",EL51,2021-26,14.8677025056255,Epidemic intelligence subnational data
Greece,"Anatoliki Makedonia, Thraki",EL51,2021-27,22.7191858512929,Epidemic intelligence subnational data
Greece,"Anatoliki Makedonia, Thraki",EL51,2021-28,49.6146926311323,Epidemic intelligence subnational data
Greece,"Anatoliki Makedonia, Thraki",EL51,2021-29,96.0553813565693,Epidemic intelligence subnational data
Greece,"Anatoliki Makedonia, Thraki",EL51,2021-30,145.50302115056,Epidemic intelligence subnational data
Greece,"Anatoliki Makedonia, Thraki",EL51,2021-31,186.430966250315,Epidemic intelligence subnational data
Greece,"Anatoliki Makedonia, Thraki",EL51,2021-32,265.94811672984,Epidemic intelligence subnational data
Greece,"Anatoliki Makedonia, Thraki",EL51,2021-33,389.567216214817,Epidemic intelligence subnational data
Greece,"Anatoliki Makedonia, Thraki",EL51,2021-34,452.71318865444,Epidemic intelligence subnational data
Greece,"Anatoliki Makedonia, Thraki",EL51,2021-35,421.140202434628,Epidemic intelligence subnational data
Greece,"Anatoliki Makedonia, Thraki",EL51,2021-36,369.854981432077,Epidemic intelligence subnational data
Greece,"Anatoliki Makedonia, Thraki",EL51,2021-37,441.019490054509,Epidemic intelligence subnational data
Greece,"Anatoliki Makedonia, Thraki",EL51,2021-38,498.151560357025,Epidemic intelligence subnational data
Greece,"Anatoliki Makedonia, Thraki",EL51,2021-39,496.481031985607,Epidemic intelligence subnational data
Greece,"Anatoliki Makedonia, Thraki",EL51,2021-40,548.267411499583,Epidemic intelligence subnational data
Greece,"Anatoliki Makedonia, Thraki",EL51,2021-41,600.220843850702,Epidemic intelligence subnational data
Greece,"Anatoliki Makedonia, Thraki",EL51,2021-42,702.290127344378,Epidemic intelligence subnational data
Greece,"Anatoliki Makedonia, Thraki",EL51,2021-43,799.848984235224,Epidemic intelligence subnational data
Greece,"Anatoliki Makedonia, Thraki",EL51,2021-44,958.883285194274,Epidemic intelligence subnational data
Greece,"Anatoliki Makedonia, Thraki",EL51,2021-45,1028.87842395671,Epidemic intelligence subnational data
Greece,"Anatoliki Makedonia, Thraki",EL51,2021-46,988.1175316941,Epidemic intelligence subnational data
Greece,"Anatoliki Makedonia, Thraki",EL51,2021-47,973.918040537041,Epidemic intelligence subnational data
Greece,"Anatoliki Makedonia, Thraki",EL51,2021-48,845.28735593781,Epidemic intelligence subnational data
Greece,"Anatoliki Makedonia, Thraki",EL51,2021-49,697.946753578689,Epidemic intelligence subnational data
Greece,"Anatoliki Makedonia, Thraki",EL51,2021-50,545.594566105313,Epidemic intelligence subnational data
Greece,"Anatoliki Makedonia, Thraki",EL51,2021-51,488.295442965656,Epidemic intelligence subnational data
Greece,"Anatoliki Makedonia, Thraki",EL51,2021-52,1384.36686139459,Epidemic intelligence subnational data
Greece,"Anatoliki Makedonia, Thraki",EL51,2022-01,2777.75457599484,Epidemic intelligence subnational data
Greece,"Anatoliki Makedonia, Thraki",EL51,2022-02,2713.94039220665,Epidemic intelligence subnational data
Greece,"Anatoliki Makedonia, Thraki",EL51,2022-03,2301.82104297768,Epidemic intelligence subnational data
Greece,"Anatoliki Makedonia, Thraki",EL51,2022-04,2705.92185602384,Epidemic intelligence subnational data
Greece,Kentriki Makedonia,EL52,2020-19,,Epidemic intelligence subnational data
Greece,Kentriki Makedonia,EL52,2020-20,0.21366357174983,Epidemic intelligence subnational data
Greece,Kentriki Makedonia,EL52,2020-21,0.21366357174983,Epidemic intelligence subnational data
Greece,Kentriki Makedonia,EL52,2020-22,0.21366357174983,Epidemic intelligence subnational data
Greece,Kentriki Makedonia,EL52,2020-23,0.21366357174983,Epidemic intelligence subnational data
Greece,Kentriki Makedonia,EL52,2020-24,0.373911250562202,Epidemic intelligence subnational data
Greece,Kentriki Makedonia,EL52,2020-25,0.801238394061862,Epidemic intelligence subnational data
Greece,Kentriki Makedonia,EL52,2020-26,0.747822501124405,Epidemic intelligence subnational data
Greece,Kentriki Makedonia,EL52,2020-27,1.81614035987355,Epidemic intelligence subnational data
Greece,Kentriki Makedonia,EL52,2020-28,6.24965947368252,Epidemic intelligence subnational data
Greece,Kentriki Makedonia,EL52,2020-29,6.67698661718218,Epidemic intelligence subnational data
Greece,Kentriki Makedonia,EL52,2020-30,4.75401447143372,Epidemic intelligence subnational data
Greece,Kentriki Makedonia,EL52,2020-31,7.63847269005642,Epidemic intelligence subnational data
Greece,Kentriki Makedonia,EL52,2020-32,28.2035914709775,Epidemic intelligence subnational data
Greece,Kentriki Makedonia,EL52,2020-33,50.0506916823977,Epidemic intelligence subnational data
Greece,Kentriki Makedonia,EL52,2020-34,45.4569248897763,Epidemic intelligence subnational data
Greece,Kentriki Makedonia,EL52,2020-35,33.0644377282862,Epidemic intelligence subnational data
Greece,Kentriki Makedonia,EL52,2020-36,28.5775027215397,Epidemic intelligence subnational data
Greece,Kentriki Makedonia,EL52,2020-37,37.017213805658,Epidemic intelligence subnational data
Greece,Kentriki Makedonia,EL52,2020-38,31.8892880836621,Epidemic intelligence subnational data
Greece,Kentriki Makedonia,EL52,2020-39,17.0396698470489,Epidemic intelligence subnational data
Greece,Kentriki Makedonia,EL52,2020-40,19.9241280656716,Epidemic intelligence subnational data
Greece,Kentriki Makedonia,EL52,2020-41,25.2657173594174,Epidemic intelligence subnational data
Greece,Kentriki Makedonia,EL52,2020-42,47.1662334637749,Epidemic intelligence subnational data
Greece,Kentriki Makedonia,EL52,2020-43,115.164665173158,Epidemic intelligence subnational data
Greece,Kentriki Makedonia,EL52,2020-44,299.342664021512,Epidemic intelligence subnational data
Greece,Kentriki Makedonia,EL52,2020-45,578.654368191477,Epidemic intelligence subnational data
Greece,Kentriki Makedonia,EL52,2020-46,762.351624003393,Epidemic intelligence subnational data
Greece,Kentriki Makedonia,EL52,2020-47,782.008672604377,Epidemic intelligence subnational data
Greece,Kentriki Makedonia,EL52,2020-48,670.796783508591,Epidemic intelligence subnational data
Greece,Kentriki Makedonia,EL52,2020-49,536.028485627386,Epidemic intelligence subnational data
Greece,Kentriki Makedonia,EL52,2020-50,407.296183648113,Epidemic intelligence subnational data
Greece,Kentriki Makedonia,EL52,2020-51,273.32912416097,Epidemic intelligence subnational data
Greece,Kentriki Makedonia,EL52,2020-52,181.881115452043,Epidemic intelligence subnational data
Greece,Kentriki Makedonia,EL52,2020-53,132.044087341395,Epidemic intelligence subnational data
Greece,Kentriki Makedonia,EL52,2021-01,114.897585708471,Epidemic intelligence subnational data
Greece,Kentriki Makedonia,EL52,2021-02,93.9585556769877,Epidemic intelligence subnational data
Greece,Kentriki Makedonia,EL52,2021-03,72.2182872514425,Epidemic intelligence subnational data
Greece,Kentriki Makedonia,EL52,2021-04,68.6928383175703,Epidemic intelligence subnational data
Greece,Kentriki Makedonia,EL52,2021-05,91.7685040665519,Epidemic intelligence subnational data
Greece,Kentriki Makedonia,EL52,2021-06,112.333622847473,Epidemic intelligence subnational data
Greece,Kentriki Makedonia,EL52,2021-07,121.895067683278,Epidemic intelligence subnational data
Greece,Kentriki Makedonia,EL52,2021-08,150.472570404818,Epidemic intelligence subnational data
Greece,Kentriki Makedonia,EL52,2021-09,204.956781201024,Epidemic intelligence subnational data
Greece,Kentriki Makedonia,EL52,2021-10,247.90315912274,Epidemic intelligence subnational data
Greece,Kentriki Makedonia,EL52,2021-11,265.744067363851,Epidemic intelligence subnational data
Greece,Kentriki Makedonia,EL52,2021-12,298.968752770949,Epidemic intelligence subnational data
Greece,Kentriki Makedonia,EL52,2021-13,376.955956459637,Epidemic intelligence subnational data
Greece,Kentriki Makedonia,EL52,2021-14,425.564419032724,Epidemic intelligence subnational data
Greece,Kentriki Makedonia,EL52,2021-15,419.421591344916,Epidemic intelligence subnational data
Greece,Kentriki Makedonia,EL52,2021-16,388.173293976503,Epidemic intelligence subnational data
Greece,Kentriki Makedonia,EL52,2021-17,322.952488699868,Epidemic intelligence subnational data
Greece,Kentriki Makedonia,EL52,2021-18,263.23352039579,Epidemic intelligence subnational data
Greece,Kentriki Makedonia,EL52,2021-19,219.592735865888,Epidemic intelligence subnational data
Greece,Kentriki Makedonia,EL52,2021-20,175.097297048986,Epidemic intelligence subnational data
Greece,Kentriki Makedonia,EL52,2021-21,155.280000769189,Epidemic intelligence subnational data
Greece,Kentriki Makedonia,EL52,2021-22,135.996863418767,Epidemic intelligence subnational data
Greece,Kentriki Makedonia,EL52,2021-23,101.543612474107,Epidemic intelligence subnational data
Greece,Kentriki Makedonia,EL52,2021-24,65.8617959918851,Epidemic intelligence subnational data
Greece,Kentriki Makedonia,EL52,2021-25,35.7886482680965,Epidemic intelligence subnational data
Greece,Kentriki Makedonia,EL52,2021-26,34.3998350517226,Epidemic intelligence subnational data
Greece,Kentriki Makedonia,EL52,2021-27,64.7934781331359,Epidemic intelligence subnational data
Greece,Kentriki Makedonia,EL52,2021-28,132.524830377832,Epidemic intelligence subnational data
Greece,Kentriki Makedonia,EL52,2021-29,212.969165141643,Epidemic intelligence subnational data
Greece,Kentriki Makedonia,EL52,2021-30,272.68813344572,Epidemic intelligence subnational data
Greece,Kentriki Makedonia,EL52,2021-31,290.208546329206,Epidemic intelligence subnational data
Greece,Kentriki Makedonia,EL52,2021-32,303.348855991821,Epidemic intelligence subnational data
Greece,Kentriki Makedonia,EL52,2021-33,336.787204970669,Epidemic intelligence subnational data
Greece,Kentriki Makedonia,EL52,2021-34,360.664109113713,Epidemic intelligence subnational data
Greece,Kentriki Makedonia,EL52,2021-35,359.061632325589,Epidemic intelligence subnational data
Greece,Kentriki Makedonia,EL52,2021-36,360.450445541963,Epidemic intelligence subnational data
Greece,Kentriki Makedonia,EL52,2021-37,415.522231160482,Epidemic intelligence subnational data
Greece,Kentriki Makedonia,EL52,2021-38,457.133211758761,Epidemic intelligence subnational data
Greece,Kentriki Makedonia,EL52,2021-39,455.69098264945,Epidemic intelligence subnational data
Greece,Kentriki Makedonia,EL52,2021-40,465.519506949942,Epidemic intelligence subnational data
Greece,Kentriki Makedonia,EL52,2021-41,510.388857017406,Epidemic intelligence subnational data
Greece,Kentriki Makedonia,EL52,2021-42,647.667701866672,Epidemic intelligence subnational data
Greece,Kentriki Makedonia,EL52,2021-43,816.355091763163,Epidemic intelligence subnational data
Greece,Kentriki Makedonia,EL52,2021-44,1108.91393738162,Epidemic intelligence subnational data
Greece,Kentriki Makedonia,EL52,2021-45,1357.03076007611,Epidemic intelligence subnational data
Greece,Kentriki Makedonia,EL52,2021-46,1362.90650829923,Epidemic intelligence subnational data
Greece,Kentriki Makedonia,EL52,2021-47,1312.05457822277,Epidemic intelligence subnational data
Greece,Kentriki Makedonia,EL52,2021-48,1160.19319460158,Epidemic intelligence subnational data
Greece,Kentriki Makedonia,EL52,2021-49,967.308405204417,Epidemic intelligence subnational data
Greece,Kentriki Makedonia,EL52,2021-50,849.526361277324,Epidemic intelligence subnational data
Greece,Kentriki Makedonia,EL52,2021-51,853.212057890008,Epidemic intelligence subnational data
Greece,Kentriki Makedonia,EL52,2021-52,2337.10556369258,Epidemic intelligence subnational data
Greece,Kentriki Makedonia,EL52,2022-01,3930.50165001693,Epidemic intelligence subnational data
Greece,Kentriki Makedonia,EL52,2022-02,3195.23188373283,Epidemic intelligence subnational data
Greece,Kentriki Makedonia,EL52,2022-03,2185.88517078663,Epidemic intelligence subnational data
Greece,Kentriki Makedonia,EL52,2022-04,2165.5871314704,Epidemic intelligence subnational data
Greece,Dytiki Makedonia,EL53,2020-19,,Epidemic intelligence subnational data
Greece,Dytiki Makedonia,EL53,2020-20,-0.377828994597045,Epidemic intelligence subnational data
Greece,Dytiki Makedonia,EL53,2020-21,-0.755657989194091,Epidemic intelligence subnational data
Greece,Dytiki Makedonia,EL53,2020-22,-1.51131597838818,Epidemic intelligence subnational data
Greece,Dytiki Makedonia,EL53,2020-23,1.51131597838818,Epidemic intelligence subnational data
Greece,Dytiki Makedonia,EL53,2020-24,2.64480296217932,Epidemic intelligence subnational data
Greece,Dytiki Makedonia,EL53,2020-25,0.377828994597045,Epidemic intelligence subnational data
Greece,Dytiki Makedonia,EL53,2020-26,5.66743491895568,Epidemic intelligence subnational data
Greece,Dytiki Makedonia,EL53,2020-27,9.44572486492614,Epidemic intelligence subnational data
Greece,Dytiki Makedonia,EL53,2020-28,9.44572486492614,Epidemic intelligence subnational data
Greece,Dytiki Makedonia,EL53,2020-29,6.80092190274682,Epidemic intelligence subnational data
Greece,Dytiki Makedonia,EL53,2020-30,1.51131597838818,Epidemic intelligence subnational data
Greece,Dytiki Makedonia,EL53,2020-31,1.88914497298523,Epidemic intelligence subnational data
Greece,Dytiki Makedonia,EL53,2020-32,9.06789587032909,Epidemic intelligence subnational data
Greece,Dytiki Makedonia,EL53,2020-33,16.246646767673,Epidemic intelligence subnational data
Greece,Dytiki Makedonia,EL53,2020-34,27.5815166055843,Epidemic intelligence subnational data
Greece,Dytiki Makedonia,EL53,2020-35,36.2715834813164,Epidemic intelligence subnational data
Greece,Dytiki Makedonia,EL53,2020-36,30.2263195677636,Epidemic intelligence subnational data
Greece,Dytiki Makedonia,EL53,2020-37,34.7602675029282,Epidemic intelligence subnational data
Greece,Dytiki Makedonia,EL53,2020-38,43.8281633732573,Epidemic intelligence subnational data
Greece,Dytiki Makedonia,EL53,2020-39,45.7173083462425,Epidemic intelligence subnational data
Greece,Dytiki Makedonia,EL53,2020-40,44.9616503570484,Epidemic intelligence subnational data
Greece,Dytiki Makedonia,EL53,2020-41,94.0794196546643,Epidemic intelligence subnational data
Greece,Dytiki Makedonia,EL53,2020-42,170.02304756867,Epidemic intelligence subnational data
Greece,Dytiki Makedonia,EL53,2020-43,174.179166509238,Epidemic intelligence subnational data
Greece,Dytiki Makedonia,EL53,2020-44,163.222125665924,Epidemic intelligence subnational data
Greece,Dytiki Makedonia,EL53,2020-45,221.785619828466,Epidemic intelligence subnational data
Greece,Dytiki Makedonia,EL53,2020-46,347.980504023879,Epidemic intelligence subnational data
Greece,Dytiki Makedonia,EL53,2020-47,448.86084558129,Epidemic intelligence subnational data
Greece,Dytiki Makedonia,EL53,2020-48,406.921827181018,Epidemic intelligence subnational data
Greece,Dytiki Makedonia,EL53,2020-49,364.982808780746,Epidemic intelligence subnational data
Greece,Dytiki Makedonia,EL53,2020-50,362.715834813164,Epidemic intelligence subnational data
Greece,Dytiki Makedonia,EL53,2020-51,312.842407526354,Epidemic intelligence subnational data
Greece,Dytiki Makedonia,EL53,2020-52,211.962065968943,Epidemic intelligence subnational data
Greece,Dytiki Makedonia,EL53,2020-53,156.04337476858,Epidemic intelligence subnational data
Greece,Dytiki Makedonia,EL53,2021-01,149.242452865833,Epidemic intelligence subnational data
Greece,Dytiki Makedonia,EL53,2021-02,119.393962292666,Epidemic intelligence subnational data
Greece,Dytiki Makedonia,EL53,2021-03,95.5907356330525,Epidemic intelligence subnational data
Greece,Dytiki Makedonia,EL53,2021-04,68.7648770166623,Epidemic intelligence subnational data
Greece,Dytiki Makedonia,EL53,2021-05,65.7422450598859,Epidemic intelligence subnational data
Greece,Dytiki Makedonia,EL53,2021-06,49.4955982922129,Epidemic intelligence subnational data
Greece,Dytiki Makedonia,EL53,2021-07,47.9842823138248,Epidemic intelligence subnational data
Greece,Dytiki Makedonia,EL53,2021-08,87.2784977519175,Epidemic intelligence subnational data
Greece,Dytiki Makedonia,EL53,2021-09,143.952846941474,Epidemic intelligence subnational data
Greece,Dytiki Makedonia,EL53,2021-10,208.561605017569,Epidemic intelligence subnational data
Greece,Dytiki Makedonia,EL53,2021-11,299.618392715457,Epidemic intelligence subnational data
Greece,Dytiki Makedonia,EL53,2021-12,405.788340197227,Epidemic intelligence subnational data
Greece,Dytiki Makedonia,EL53,2021-13,553.519477084672,Epidemic intelligence subnational data
Greece,Dytiki Makedonia,EL53,2021-14,553.519477084672,Epidemic intelligence subnational data
Greece,Dytiki Makedonia,EL53,2021-15,439.792949710961,Epidemic intelligence subnational data
Greece,Dytiki Makedonia,EL53,2021-16,375.93984962406,Epidemic intelligence subnational data
Greece,Dytiki Makedonia,EL53,2021-17,306.041485623607,Epidemic intelligence subnational data
Greece,Dytiki Makedonia,EL53,2021-18,285.260890920769,Epidemic intelligence subnational data
Greece,Dytiki Makedonia,EL53,2021-19,251.634110401632,Epidemic intelligence subnational data
Greece,Dytiki Makedonia,EL53,2021-20,206.672460044584,Epidemic intelligence subnational data
Greece,Dytiki Makedonia,EL53,2021-21,185.514036347149,Epidemic intelligence subnational data
Greece,Dytiki Makedonia,EL53,2021-22,160.577322703744,Epidemic intelligence subnational data
Greece,Dytiki Makedonia,EL53,2021-23,120.14962028186,Epidemic intelligence subnational data
Greece,Dytiki Makedonia,EL53,2021-24,80.8554048437677,Epidemic intelligence subnational data
Greece,Dytiki Makedonia,EL53,2021-25,55.1630332111686,Epidemic intelligence subnational data
Greece,Dytiki Makedonia,EL53,2021-26,45.3394793516454,Epidemic intelligence subnational data
Greece,Dytiki Makedonia,EL53,2021-27,104.658631503382,Epidemic intelligence subnational data
Greece,Dytiki Makedonia,EL53,2021-28,174.179166509238,Epidemic intelligence subnational data
Greece,Dytiki Makedonia,EL53,2021-29,230.097857709601,Epidemic intelligence subnational data
Greece,Dytiki Makedonia,EL53,2021-30,308.686288585786,Epidemic intelligence subnational data
Greece,Dytiki Makedonia,EL53,2021-31,324.177277364265,Epidemic intelligence subnational data
Greece,Dytiki Makedonia,EL53,2021-32,318.132013450712,Epidemic intelligence subnational data
Greece,Dytiki Makedonia,EL53,2021-33,419.39018400272,Epidemic intelligence subnational data
Greece,Dytiki Makedonia,EL53,2021-34,508.179997733026,Epidemic intelligence subnational data
Greece,Dytiki Makedonia,EL53,2021-35,448.483016586693,Epidemic intelligence subnational data
Greece,Dytiki Makedonia,EL53,2021-36,347.980504023879,Epidemic intelligence subnational data
Greece,Dytiki Makedonia,EL53,2021-37,358.181886877999,Epidemic intelligence subnational data
Greece,Dytiki Makedonia,EL53,2021-38,410.700117126988,Epidemic intelligence subnational data
Greece,Dytiki Makedonia,EL53,2021-39,380.851626553822,Epidemic intelligence subnational data
Greece,Dytiki Makedonia,EL53,2021-40,355.53708391582,Epidemic intelligence subnational data
Greece,Dytiki Makedonia,EL53,2021-41,357.048399894208,Epidemic intelligence subnational data
Greece,Dytiki Makedonia,EL53,2021-42,392.942154380927,Epidemic intelligence subnational data
Greece,Dytiki Makedonia,EL53,2021-43,494.578153927532,Epidemic intelligence subnational data
Greece,Dytiki Makedonia,EL53,2021-44,840.291683983829,Epidemic intelligence subnational data
Greece,Dytiki Makedonia,EL53,2021-45,1256.28140703518,Epidemic intelligence subnational data
Greece,Dytiki Makedonia,EL53,2021-46,1396.83379302528,Epidemic intelligence subnational data
Greece,Dytiki Makedonia,EL53,2021-47,1363.96267049533,Epidemic intelligence subnational data
Greece,Dytiki Makedonia,EL53,2021-48,1237.76778629992,Epidemic intelligence subnational data
Greece,Dytiki Makedonia,EL53,2021-49,1121.77428495863,Epidemic intelligence subnational data
Greece,Dytiki Makedonia,EL53,2021-50,1019.76045641743,Epidemic intelligence subnational data
Greece,Dytiki Makedonia,EL53,2021-51,1091.54796539086,Epidemic intelligence subnational data
Greece,Dytiki Makedonia,EL53,2021-52,3244.79540559943,Epidemic intelligence subnational data
Greece,Dytiki Makedonia,EL53,2022-01,5059.88589564363,Epidemic intelligence subnational data
Greece,Dytiki Makedonia,EL53,2022-02,3809.64975252201,Epidemic intelligence subnational data
Greece,Dytiki Makedonia,EL53,2022-03,2342.53976650168,Epidemic intelligence subnational data
Greece,Dytiki Makedonia,EL53,2022-04,1847.96161257415,Epidemic intelligence subnational data
Greece,Ipeiros,EL54,2020-19,,Epidemic intelligence subnational data
Greece,Ipeiros,EL54,2020-20,0,Epidemic intelligence subnational data
Greece,Ipeiros,EL54,2020-21,0,Epidemic intelligence subnational data
Greece,Ipeiros,EL54,2020-22,0,Epidemic intelligence subnational data
Greece,Ipeiros,EL54,2020-23,0.300061512610085,Epidemic intelligence subnational data
Greece,Ipeiros,EL54,2020-24,0.60012302522017,Epidemic intelligence subnational data
Greece,Ipeiros,EL54,2020-25,3.00061512610085,Epidemic intelligence subnational data
Greece,Ipeiros,EL54,2020-26,4.50092268915128,Epidemic intelligence subnational data
Greece,Ipeiros,EL54,2020-27,2.1004305882706,Epidemic intelligence subnational data
Greece,Ipeiros,EL54,2020-28,1.50030756305043,Epidemic intelligence subnational data
Greece,Ipeiros,EL54,2020-29,1.50030756305043,Epidemic intelligence subnational data
Greece,Ipeiros,EL54,2020-30,0.300061512610085,Epidemic intelligence subnational data
Greece,Ipeiros,EL54,2020-31,0,Epidemic intelligence subnational data
Greece,Ipeiros,EL54,2020-32,3.90079966393111,Epidemic intelligence subnational data
Greece,Ipeiros,EL54,2020-33,6.60135327742187,Epidemic intelligence subnational data
Greece,Ipeiros,EL54,2020-34,7.20147630264204,Epidemic intelligence subnational data
Greece,Ipeiros,EL54,2020-35,11.1022759665731,Epidemic intelligence subnational data
Greece,Ipeiros,EL54,2020-36,13.5027680674538,Epidemic intelligence subnational data
Greece,Ipeiros,EL54,2020-37,13.8028295800639,Epidemic intelligence subnational data
Greece,Ipeiros,EL54,2020-38,18.0036907566051,Epidemic intelligence subnational data
Greece,Ipeiros,EL54,2020-39,26.1053515970774,Epidemic intelligence subnational data
Greece,Ipeiros,EL54,2020-40,31.5064588240589,Epidemic intelligence subnational data
Greece,Ipeiros,EL54,2020-41,59.4121794967969,Epidemic intelligence subnational data
Greece,Ipeiros,EL54,2020-42,70.2143939507599,Epidemic intelligence subnational data
Greece,Ipeiros,EL54,2020-43,111.322821178342,Epidemic intelligence subnational data
Greece,Ipeiros,EL54,2020-44,168.934631599478,Epidemic intelligence subnational data
Greece,Ipeiros,EL54,2020-45,147.030141178942,Epidemic intelligence subnational data
Greece,Ipeiros,EL54,2020-46,122.425097144915,Epidemic intelligence subnational data
Greece,Ipeiros,EL54,2020-47,105.92171395136,Epidemic intelligence subnational data
Greece,Ipeiros,EL54,2020-48,85.8175926064843,Epidemic intelligence subnational data
Greece,Ipeiros,EL54,2020-49,72.0147630264204,Epidemic intelligence subnational data
Greece,Ipeiros,EL54,2020-50,51.3105186563245,Epidemic intelligence subnational data
Greece,Ipeiros,EL54,2020-51,32.1065818492791,Epidemic intelligence subnational data
Greece,Ipeiros,EL54,2020-52,21.004305882706,Epidemic intelligence subnational data
Greece,Ipeiros,EL54,2020-53,20.1041213448757,Epidemic intelligence subnational data
Greece,Ipeiros,EL54,2021-01,19.8040598322656,Epidemic intelligence subnational data
Greece,Ipeiros,EL54,2021-02,16.2033216809446,Epidemic intelligence subnational data
Greece,Ipeiros,EL54,2021-03,28.5058436979581,Epidemic intelligence subnational data
Greece,Ipeiros,EL54,2021-04,26.4054131096875,Epidemic intelligence subnational data
Greece,Ipeiros,EL54,2021-05,23.4047979835866,Epidemic intelligence subnational data
Greece,Ipeiros,EL54,2021-06,52.5107647067649,Epidemic intelligence subnational data
Greece,Ipeiros,EL54,2021-07,84.9174080686541,Epidemic intelligence subnational data
Greece,Ipeiros,EL54,2021-08,140.12872638891,Epidemic intelligence subnational data
Greece,Ipeiros,EL54,2021-09,190.238998994794,Epidemic intelligence subnational data
Greece,Ipeiros,EL54,2021-10,190.839122020014,Epidemic intelligence subnational data
Greece,Ipeiros,EL54,2021-11,177.63641546517,Epidemic intelligence subnational data
Greece,Ipeiros,EL54,2021-12,179.136723028221,Epidemic intelligence subnational data
Greece,Ipeiros,EL54,2021-13,188.438629919133,Epidemic intelligence subnational data
Greece,Ipeiros,EL54,2021-14,166.534139498597,Epidemic intelligence subnational data
Greece,Ipeiros,EL54,2021-15,131.126881010607,Epidemic intelligence subnational data
Greece,Ipeiros,EL54,2021-16,150.330817817653,Epidemic intelligence subnational data
Greece,Ipeiros,EL54,2021-17,168.334508574258,Epidemic intelligence subnational data
Greece,Ipeiros,EL54,2021-18,171.035062187749,Epidemic intelligence subnational data
Greece,Ipeiros,EL54,2021-19,195.640106221776,Epidemic intelligence subnational data
Greece,Ipeiros,EL54,2021-20,199.240844373097,Epidemic intelligence subnational data
Greece,Ipeiros,EL54,2021-21,164.433708910327,Epidemic intelligence subnational data
Greece,Ipeiros,EL54,2021-22,108.922329077461,Epidemic intelligence subnational data
Greece,Ipeiros,EL54,2021-23,63.613040673338,Epidemic intelligence subnational data
Greece,Ipeiros,EL54,2021-24,35.7073200006001,Epidemic intelligence subnational data
Greece,Ipeiros,EL54,2021-25,25.2051670592472,Epidemic intelligence subnational data
Greece,Ipeiros,EL54,2021-26,52.2107031941548,Epidemic intelligence subnational data
Greece,Ipeiros,EL54,2021-27,163.833585885107,Epidemic intelligence subnational data
Greece,Ipeiros,EL54,2021-28,249.651178491591,Epidemic intelligence subnational data
Greece,Ipeiros,EL54,2021-29,213.343735465771,Epidemic intelligence subnational data
Greece,Ipeiros,EL54,2021-30,191.739306557844,Epidemic intelligence subnational data
Greece,Ipeiros,EL54,2021-31,235.548287398917,Epidemic intelligence subnational data
Greece,Ipeiros,EL54,2021-32,306.362804374897,Epidemic intelligence subnational data
Greece,Ipeiros,EL54,2021-33,365.174860846474,Epidemic intelligence subnational data
Greece,Ipeiros,EL54,2021-34,325.566741181942,Epidemic intelligence subnational data
Greece,Ipeiros,EL54,2021-35,289.259298156122,Epidemic intelligence subnational data
Greece,Ipeiros,EL54,2021-36,283.55812941653,Epidemic intelligence subnational data
Greece,Ipeiros,EL54,2021-37,247.25068639071,Epidemic intelligence subnational data
Greece,Ipeiros,EL54,2021-38,205.842197650518,Epidemic intelligence subnational data
Greece,Ipeiros,EL54,2021-39,174.93586185168,Epidemic intelligence subnational data
Greece,Ipeiros,EL54,2021-40,163.533524372496,Epidemic intelligence subnational data
Greece,Ipeiros,EL54,2021-41,168.934631599478,Epidemic intelligence subnational data
Greece,Ipeiros,EL54,2021-42,212.44355092794,Epidemic intelligence subnational data
Greece,Ipeiros,EL54,2021-43,288.359113618292,Epidemic intelligence subnational data
Greece,Ipeiros,EL54,2021-44,566.516135807841,Epidemic intelligence subnational data
Greece,Ipeiros,EL54,2021-45,903.485214468966,Epidemic intelligence subnational data
Greece,Ipeiros,EL54,2021-46,976.100100520607,Epidemic intelligence subnational data
Greece,Ipeiros,EL54,2021-47,853.975064888302,Epidemic intelligence subnational data
Greece,Ipeiros,EL54,2021-48,714.446461524613,Epidemic intelligence subnational data
Greece,Ipeiros,EL54,2021-49,658.635020179137,Epidemic intelligence subnational data
Greece,Ipeiros,EL54,2021-50,601.623332783221,Epidemic intelligence subnational data
Greece,Ipeiros,EL54,2021-51,571.317120009602,Epidemic intelligence subnational data
Greece,Ipeiros,EL54,2021-52,2129.83661650638,Epidemic intelligence subnational data
Greece,Ipeiros,EL54,2022-01,4049.3301126731,Epidemic intelligence subnational data
Greece,Ipeiros,EL54,2022-02,3430.30321215849,Epidemic intelligence subnational data
Greece,Ipeiros,EL54,2022-03,2345.58084407304,Epidemic intelligence subnational data
Greece,Ipeiros,EL54,2022-04,2356.98318155222,Epidemic intelligence subnational data
Greece,Thessalia,EL61,2020-19,,Epidemic intelligence subnational data
Greece,Thessalia,EL61,2020-20,2.93659061829216,Epidemic intelligence subnational data
Greece,Thessalia,EL61,2020-21,11.1870118792082,Epidemic intelligence subnational data
Greece,Thessalia,EL61,2020-22,10.0683106912874,Epidemic intelligence subnational data
Greece,Thessalia,EL61,2020-23,3.21626591527237,Epidemic intelligence subnational data
Greece,Thessalia,EL61,2020-24,1.67805178188124,Epidemic intelligence subnational data
Greece,Thessalia,EL61,2020-25,0,Epidemic intelligence subnational data
Greece,Thessalia,EL61,2020-26,0.279675296980206,Epidemic intelligence subnational data
Greece,Thessalia,EL61,2020-27,1.67805178188124,Epidemic intelligence subnational data
Greece,Thessalia,EL61,2020-28,1.67805178188124,Epidemic intelligence subnational data
Greece,Thessalia,EL61,2020-29,1.25853883641093,Epidemic intelligence subnational data
Greece,Thessalia,EL61,2020-30,1.81788943037134,Epidemic intelligence subnational data
Greece,Thessalia,EL61,2020-31,2.23740237584165,Epidemic intelligence subnational data
Greece,Thessalia,EL61,2020-32,15.5219789824014,Epidemic intelligence subnational data
Greece,Thessalia,EL61,2020-33,24.3317508372779,Epidemic intelligence subnational data
Greece,Thessalia,EL61,2020-34,20.1366213825748,Epidemic intelligence subnational data
Greece,Thessalia,EL61,2020-35,14.5431154429707,Epidemic intelligence subnational data
Greece,Thessalia,EL61,2020-36,9.3691224488369,Epidemic intelligence subnational data
Greece,Thessalia,EL61,2020-37,14.2634401459905,Epidemic intelligence subnational data
Greece,Thessalia,EL61,2020-38,26.2894779161394,Epidemic intelligence subnational data
Greece,Thessalia,EL61,2020-39,31.7431462072534,Epidemic intelligence subnational data
Greece,Thessalia,EL61,2020-40,31.3236332617831,Epidemic intelligence subnational data
Greece,Thessalia,EL61,2020-41,26.2894779161394,Epidemic intelligence subnational data
Greece,Thessalia,EL61,2020-42,27.9675296980206,Epidemic intelligence subnational data
Greece,Thessalia,EL61,2020-43,60.5497017962146,Epidemic intelligence subnational data
Greece,Thessalia,EL61,2020-44,145.431154429707,Epidemic intelligence subnational data
Greece,Thessalia,EL61,2020-45,280.793998168127,Epidemic intelligence subnational data
Greece,Thessalia,EL61,2020-46,448.31950105927,Epidemic intelligence subnational data
Greece,Thessalia,EL61,2020-47,555.155464505709,Epidemic intelligence subnational data
Greece,Thessalia,EL61,2020-48,484.257776721227,Epidemic intelligence subnational data
Greece,Thessalia,EL61,2020-49,385.112883941744,Epidemic intelligence subnational data
Greece,Thessalia,EL61,2020-50,316.732273830083,Epidemic intelligence subnational data
Greece,Thessalia,EL61,2020-51,245.275235451641,Epidemic intelligence subnational data
Greece,Thessalia,EL61,2020-52,171.021444103396,Epidemic intelligence subnational data
Greece,Thessalia,EL61,2020-53,102.361158694755,Epidemic intelligence subnational data
Greece,Thessalia,EL61,2021-01,97.0473280521315,Epidemic intelligence subnational data
Greece,Thessalia,EL61,2021-02,90.894471518567,Epidemic intelligence subnational data
Greece,Thessalia,EL61,2021-03,78.0294078574775,Epidemic intelligence subnational data
Greece,Thessalia,EL61,2021-04,76.7708690210666,Epidemic intelligence subnational data
Greece,Thessalia,EL61,2021-05,84.7416149850024,Epidemic intelligence subnational data
Greece,Thessalia,EL61,2021-06,98.0261915915622,Epidemic intelligence subnational data
Greece,Thessalia,EL61,2021-07,98.7253798340127,Epidemic intelligence subnational data
Greece,Thessalia,EL61,2021-08,120.260377701489,Epidemic intelligence subnational data
Greece,Thessalia,EL61,2021-09,161.652321654559,Epidemic intelligence subnational data
Greece,Thessalia,EL61,2021-10,215.489816323249,Epidemic intelligence subnational data
Greece,Thessalia,EL61,2021-11,258.69964970669,Epidemic intelligence subnational data
Greece,Thessalia,EL61,2021-12,283.171238192459,Epidemic intelligence subnational data
Greece,Thessalia,EL61,2021-13,305.545261950875,Epidemic intelligence subnational data
Greece,Thessalia,EL61,2021-14,295.476951259588,Epidemic intelligence subnational data
Greece,Thessalia,EL61,2021-15,292.120847695825,Epidemic intelligence subnational data
Greece,Thessalia,EL61,2021-16,282.472049950008,Epidemic intelligence subnational data
Greece,Thessalia,EL61,2021-17,249.610202554834,Epidemic intelligence subnational data
Greece,Thessalia,EL61,2021-18,245.554910748621,Epidemic intelligence subnational data
Greece,Thessalia,EL61,2021-19,259.818350894611,Epidemic intelligence subnational data
Greece,Thessalia,EL61,2021-20,244.01669661523,Epidemic intelligence subnational data
Greece,Thessalia,EL61,2021-21,209.197122141194,Epidemic intelligence subnational data
Greece,Thessalia,EL61,2021-22,164.309236975871,Epidemic intelligence subnational data
Greece,Thessalia,EL61,2021-23,110.611579955672,Epidemic intelligence subnational data
Greece,Thessalia,EL61,2021-24,68.9399607056208,Epidemic intelligence subnational data
Greece,Thessalia,EL61,2021-25,48.5236640260657,Epidemic intelligence subnational data
Greece,Thessalia,EL61,2021-26,68.6602854086406,Epidemic intelligence subnational data
Greece,Thessalia,EL61,2021-27,158.715731036267,Epidemic intelligence subnational data
Greece,Thessalia,EL61,2021-28,265.551694482706,Epidemic intelligence subnational data
Greece,Thessalia,EL61,2021-29,267.229746264587,Epidemic intelligence subnational data
Greece,Thessalia,EL61,2021-30,211.993875110996,Epidemic intelligence subnational data
Greece,Thessalia,EL61,2021-31,193.115792564832,Epidemic intelligence subnational data
Greece,Thessalia,EL61,2021-32,214.371115135328,Epidemic intelligence subnational data
Greece,Thessalia,EL61,2021-33,258.14029911273,Epidemic intelligence subnational data
Greece,Thessalia,EL61,2021-34,288.205393538102,Epidemic intelligence subnational data
Greece,Thessalia,EL61,2021-35,290.442795913944,Epidemic intelligence subnational data
Greece,Thessalia,EL61,2021-36,274.920816931543,Epidemic intelligence subnational data
Greece,Thessalia,EL61,2021-37,302.748508981073,Epidemic intelligence subnational data
Greece,Thessalia,EL61,2021-38,358.543730728624,Epidemic intelligence subnational data
Greece,Thessalia,EL61,2021-39,434.89508680422,Epidemic intelligence subnational data
Greece,Thessalia,EL61,2021-40,518.098487655832,Epidemic intelligence subnational data
Greece,Thessalia,EL61,2021-41,605.497017962146,Epidemic intelligence subnational data
Greece,Thessalia,EL61,2021-42,796.655083448117,Epidemic intelligence subnational data
Greece,Thessalia,EL61,2021-43,1007.25058207421,Epidemic intelligence subnational data
Greece,Thessalia,EL61,2021-44,1396.97810841613,Epidemic intelligence subnational data
Greece,Thessalia,EL61,2021-45,1605.75571761185,Epidemic intelligence subnational data
Greece,Thessalia,EL61,2021-46,1379.91791530034,Epidemic intelligence subnational data
Greece,Thessalia,EL61,2021-47,1140.37602343679,Epidemic intelligence subnational data
Greece,Thessalia,EL61,2021-48,925.865070652972,Epidemic intelligence subnational data
Greece,Thessalia,EL61,2021-49,714.150870838956,Epidemic intelligence subnational data
Greece,Thessalia,EL61,2021-50,542.98958908707,Epidemic intelligence subnational data
Greece,Thessalia,EL61,2021-51,565.643288142467,Epidemic intelligence subnational data
Greece,Thessalia,EL61,2021-52,2090.01349433308,Epidemic intelligence subnational data
Greece,Thessalia,EL61,2022-01,3925.80214371115,Epidemic intelligence subnational data
Greece,Thessalia,EL61,2022-02,3372.74424393279,Epidemic intelligence subnational data
Greece,Thessalia,EL61,2022-03,2251.80565363613,Epidemic intelligence subnational data
Greece,Thessalia,EL61,2022-04,2060.78742579865,Epidemic intelligence subnational data
Greece,Ionia Nisia,EL62,2020-19,,Epidemic intelligence subnational data
Greece,Ionia Nisia,EL62,2020-20,0,Epidemic intelligence subnational data
Greece,Ionia Nisia,EL62,2020-21,0,Epidemic intelligence subnational data
Greece,Ionia Nisia,EL62,2020-22,0,Epidemic intelligence subnational data
Greece,Ionia Nisia,EL62,2020-23,0,Epidemic intelligence subnational data
Greece,Ionia Nisia,EL62,2020-24,0,Epidemic intelligence subnational data
Greece,Ionia Nisia,EL62,2020-25,0,Epidemic intelligence subnational data
Greece,Ionia Nisia,EL62,2020-26,0.492249531132322,Epidemic intelligence subnational data
Greece,Ionia Nisia,EL62,2020-27,3.44574671792625,Epidemic intelligence subnational data
Greece,Ionia Nisia,EL62,2020-28,12.306238278308,Epidemic intelligence subnational data
Greece,Ionia Nisia,EL62,2020-29,12.306238278308,Epidemic intelligence subnational data
Greece,Ionia Nisia,EL62,2020-30,10.3372401537788,Epidemic intelligence subnational data
Greece,Ionia Nisia,EL62,2020-31,15.7519849962343,Epidemic intelligence subnational data
Greece,Ionia Nisia,EL62,2020-32,8.36824202924947,Epidemic intelligence subnational data
Greece,Ionia Nisia,EL62,2020-33,35.4419662415272,Epidemic intelligence subnational data
Greece,Ionia Nisia,EL62,2020-34,53.6551988934231,Epidemic intelligence subnational data
Greece,Ionia Nisia,EL62,2020-35,31.0117204613363,Epidemic intelligence subnational data
Greece,Ionia Nisia,EL62,2020-36,25.5969756188807,Epidemic intelligence subnational data
Greece,Ionia Nisia,EL62,2020-37,30.5194709302039,Epidemic intelligence subnational data
Greece,Ionia Nisia,EL62,2020-38,26.0892251500131,Epidemic intelligence subnational data
Greece,Ionia Nisia,EL62,2020-39,27.56597374341,Epidemic intelligence subnational data
Greece,Ionia Nisia,EL62,2020-40,40.3644615528504,Epidemic intelligence subnational data
Greece,Ionia Nisia,EL62,2020-41,35.4419662415272,Epidemic intelligence subnational data
Greece,Ionia Nisia,EL62,2020-42,31.5039699924686,Epidemic intelligence subnational data
Greece,Ionia Nisia,EL62,2020-43,35.9342157726595,Epidemic intelligence subnational data
Greece,Ionia Nisia,EL62,2020-44,46.2714559264382,Epidemic intelligence subnational data
Greece,Ionia Nisia,EL62,2020-45,70.8839324830543,Epidemic intelligence subnational data
Greece,Ionia Nisia,EL62,2020-46,88.6049156038179,Epidemic intelligence subnational data
Greece,Ionia Nisia,EL62,2020-47,84.174669823627,Epidemic intelligence subnational data
Greece,Ionia Nisia,EL62,2020-48,62.5156904538048,Epidemic intelligence subnational data
Greece,Ionia Nisia,EL62,2020-49,39.3799624905857,Epidemic intelligence subnational data
Greece,Ionia Nisia,EL62,2020-50,19.1977317141605,Epidemic intelligence subnational data
Greece,Ionia Nisia,EL62,2020-51,13.782986871705,Epidemic intelligence subnational data
Greece,Ionia Nisia,EL62,2020-52,20.6744803075575,Epidemic intelligence subnational data
Greece,Ionia Nisia,EL62,2020-53,19.6899812452929,Epidemic intelligence subnational data
Greece,Ionia Nisia,EL62,2021-01,16.7364840584989,Epidemic intelligence subnational data
Greece,Ionia Nisia,EL62,2021-02,10.3372401537788,Epidemic intelligence subnational data
Greece,Ionia Nisia,EL62,2021-03,10.3372401537788,Epidemic intelligence subnational data
Greece,Ionia Nisia,EL62,2021-04,17.2287335896313,Epidemic intelligence subnational data
Greece,Ionia Nisia,EL62,2021-05,34.9497167103948,Epidemic intelligence subnational data
Greece,Ionia Nisia,EL62,2021-06,65.4691876405988,Epidemic intelligence subnational data
Greece,Ionia Nisia,EL62,2021-07,83.6824202924947,Epidemic intelligence subnational data
Greece,Ionia Nisia,EL62,2021-08,111.740643567037,Epidemic intelligence subnational data
Greece,Ionia Nisia,EL62,2021-09,115.186390284963,Epidemic intelligence subnational data
Greece,Ionia Nisia,EL62,2021-10,92.0506623217441,Epidemic intelligence subnational data
Greece,Ionia Nisia,EL62,2021-11,103.372401537788,Epidemic intelligence subnational data
Greece,Ionia Nisia,EL62,2021-12,130.446125750065,Epidemic intelligence subnational data
Greece,Ionia Nisia,EL62,2021-13,170.318337771783,Epidemic intelligence subnational data
Greece,Ionia Nisia,EL62,2021-14,150.136106995358,Epidemic intelligence subnational data
Greece,Ionia Nisia,EL62,2021-15,114.694140753831,Epidemic intelligence subnational data
Greece,Ionia Nisia,EL62,2021-16,106.325898724582,Epidemic intelligence subnational data
Greece,Ionia Nisia,EL62,2021-17,79.7444240434361,Epidemic intelligence subnational data
Greece,Ionia Nisia,EL62,2021-18,158.504349024608,Epidemic intelligence subnational data
Greece,Ionia Nisia,EL62,2021-19,157.519849962343,Epidemic intelligence subnational data
Greece,Ionia Nisia,EL62,2021-20,124.046881845345,Epidemic intelligence subnational data
Greece,Ionia Nisia,EL62,2021-21,172.287335896313,Epidemic intelligence subnational data
Greece,Ionia Nisia,EL62,2021-22,139.306617310447,Epidemic intelligence subnational data
Greece,Ionia Nisia,EL62,2021-23,92.5429118528765,Epidemic intelligence subnational data
Greece,Ionia Nisia,EL62,2021-24,46.7637054575706,Epidemic intelligence subnational data
Greece,Ionia Nisia,EL62,2021-25,23.6279774943514,Epidemic intelligence subnational data
Greece,Ionia Nisia,EL62,2021-26,37.4109643660564,Epidemic intelligence subnational data
Greece,Ionia Nisia,EL62,2021-27,99.9266548198613,Epidemic intelligence subnational data
Greece,Ionia Nisia,EL62,2021-28,216.097544167089,Epidemic intelligence subnational data
Greece,Ionia Nisia,EL62,2021-29,336.698679294508,Epidemic intelligence subnational data
Greece,Ionia Nisia,EL62,2021-30,456.315315359662,Epidemic intelligence subnational data
Greece,Ionia Nisia,EL62,2021-31,508.493765659688,Epidemic intelligence subnational data
Greece,Ionia Nisia,EL62,2021-32,546.396979556877,Epidemic intelligence subnational data
Greece,Ionia Nisia,EL62,2021-33,658.629872655046,Epidemic intelligence subnational data
Greece,Ionia Nisia,EL62,2021-34,690.133842647515,Epidemic intelligence subnational data
Greece,Ionia Nisia,EL62,2021-35,570.517206582361,Epidemic intelligence subnational data
Greece,Ionia Nisia,EL62,2021-36,467.637054575706,Epidemic intelligence subnational data
Greece,Ionia Nisia,EL62,2021-37,438.594332238899,Epidemic intelligence subnational data
Greece,Ionia Nisia,EL62,2021-38,355.404161477536,Epidemic intelligence subnational data
Greece,Ionia Nisia,EL62,2021-39,267.291495404851,Epidemic intelligence subnational data
Greece,Ionia Nisia,EL62,2021-40,236.279774943514,Epidemic intelligence subnational data
Greece,Ionia Nisia,EL62,2021-41,237.756523536911,Epidemic intelligence subnational data
Greece,Ionia Nisia,EL62,2021-42,252.524009470881,Epidemic intelligence subnational data
Greece,Ionia Nisia,EL62,2021-43,376.570891316226,Epidemic intelligence subnational data
Greece,Ionia Nisia,EL62,2021-44,666.013615622031,Epidemic intelligence subnational data
Greece,Ionia Nisia,EL62,2021-45,837.808701987211,Epidemic intelligence subnational data
Greece,Ionia Nisia,EL62,2021-46,855.529685107975,Epidemic intelligence subnational data
Greece,Ionia Nisia,EL62,2021-47,870.297171041945,Epidemic intelligence subnational data
Greece,Ionia Nisia,EL62,2021-48,857.990932763637,Epidemic intelligence subnational data
Greece,Ionia Nisia,EL62,2021-49,765.940270441892,Epidemic intelligence subnational data
Greece,Ionia Nisia,EL62,2021-50,639.924390472018,Epidemic intelligence subnational data
Greece,Ionia Nisia,EL62,2021-51,655.18412593712,Epidemic intelligence subnational data
Greece,Ionia Nisia,EL62,2021-52,1556.98526697153,Epidemic intelligence subnational data
Greece,Ionia Nisia,EL62,2022-01,2944.63669523355,Epidemic intelligence subnational data
Greece,Ionia Nisia,EL62,2022-02,2938.72970085996,Epidemic intelligence subnational data
Greece,Ionia Nisia,EL62,2022-03,2431.71268379367,Epidemic intelligence subnational data
Greece,Ionia Nisia,EL62,2022-04,2798.43858448725,Epidemic intelligence subnational data
Greece,Dytiki Ellada,EL63,2020-19,,Epidemic intelligence subnational data
Greece,Dytiki Ellada,EL63,2020-20,0.153594495173293,Epidemic intelligence subnational data
Greece,Dytiki Ellada,EL63,2020-21,-0.153594495173293,Epidemic intelligence subnational data
Greece,Dytiki Ellada,EL63,2020-22,-0.153594495173293,Epidemic intelligence subnational data
Greece,Dytiki Ellada,EL63,2020-23,0.153594495173293,Epidemic intelligence subnational data
Greece,Dytiki Ellada,EL63,2020-24,0.153594495173293,Epidemic intelligence subnational data
Greece,Dytiki Ellada,EL63,2020-25,0,Epidemic intelligence subnational data
Greece,Dytiki Ellada,EL63,2020-26,0.153594495173293,Epidemic intelligence subnational data
Greece,Dytiki Ellada,EL63,2020-27,0.767972475866465,Epidemic intelligence subnational data
Greece,Dytiki Ellada,EL63,2020-28,0.614377980693172,Epidemic intelligence subnational data
Greece,Dytiki Ellada,EL63,2020-29,0,Epidemic intelligence subnational data
Greece,Dytiki Ellada,EL63,2020-30,1.68953944690622,Epidemic intelligence subnational data
Greece,Dytiki Ellada,EL63,2020-31,2.3039174275994,Epidemic intelligence subnational data
Greece,Dytiki Ellada,EL63,2020-32,1.84313394207952,Epidemic intelligence subnational data
Greece,Dytiki Ellada,EL63,2020-33,4.76142935037208,Epidemic intelligence subnational data
Greece,Dytiki Ellada,EL63,2020-34,6.14377980693172,Epidemic intelligence subnational data
Greece,Dytiki Ellada,EL63,2020-35,4.4542403600255,Epidemic intelligence subnational data
Greece,Dytiki Ellada,EL63,2020-36,3.99345687450562,Epidemic intelligence subnational data
Greece,Dytiki Ellada,EL63,2020-37,3.83986237933233,Epidemic intelligence subnational data
Greece,Dytiki Ellada,EL63,2020-38,11.0588036524771,Epidemic intelligence subnational data
Greece,Dytiki Ellada,EL63,2020-39,14.8986660318094,Epidemic intelligence subnational data
Greece,Dytiki Ellada,EL63,2020-40,15.9738274980225,Epidemic intelligence subnational data
Greece,Dytiki Ellada,EL63,2020-41,24.2679302373803,Epidemic intelligence subnational data
Greece,Dytiki Ellada,EL63,2020-42,25.0359027132468,Epidemic intelligence subnational data
Greece,Dytiki Ellada,EL63,2020-43,25.6502806939399,Epidemic intelligence subnational data
Greece,Dytiki Ellada,EL63,2020-44,39.0130017740164,Epidemic intelligence subnational data
Greece,Dytiki Ellada,EL63,2020-45,65.8920384293427,Epidemic intelligence subnational data
Greece,Dytiki Ellada,EL63,2020-46,93.3854530653621,Epidemic intelligence subnational data
Greece,Dytiki Ellada,EL63,2020-47,122.722001643461,Epidemic intelligence subnational data
Greece,Dytiki Ellada,EL63,2020-48,133.627210800765,Epidemic intelligence subnational data
Greece,Dytiki Ellada,EL63,2020-49,99.3756383771206,Epidemic intelligence subnational data
Greece,Dytiki Ellada,EL63,2020-50,72.9573852073142,Epidemic intelligence subnational data
Greece,Dytiki Ellada,EL63,2020-51,60.0554476127576,Epidemic intelligence subnational data
Greece,Dytiki Ellada,EL63,2020-52,42.5456751630022,Epidemic intelligence subnational data
Greece,Dytiki Ellada,EL63,2020-53,39.9345687450562,Epidemic intelligence subnational data
Greece,Dytiki Ellada,EL63,2021-01,46.6927265326811,Epidemic intelligence subnational data
Greece,Dytiki Ellada,EL63,2021-02,49.3038329506271,Epidemic intelligence subnational data
Greece,Dytiki Ellada,EL63,2021-03,53.2972898251327,Epidemic intelligence subnational data
Greece,Dytiki Ellada,EL63,2021-04,78.3331925383794,Epidemic intelligence subnational data
Greece,Dytiki Ellada,EL63,2021-05,137.774262170444,Epidemic intelligence subnational data
Greece,Dytiki Ellada,EL63,2021-06,205.816623532213,Epidemic intelligence subnational data
Greece,Dytiki Ellada,EL63,2021-07,229.777364779246,Epidemic intelligence subnational data
Greece,Dytiki Ellada,EL63,2021-08,255.427645473186,Epidemic intelligence subnational data
Greece,Dytiki Ellada,EL63,2021-09,297.666131645842,Epidemic intelligence subnational data
Greece,Dytiki Ellada,EL63,2021-10,299.662860083095,Epidemic intelligence subnational data
Greece,Dytiki Ellada,EL63,2021-11,303.041938976907,Epidemic intelligence subnational data
Greece,Dytiki Ellada,EL63,2021-12,318.09419950389,Epidemic intelligence subnational data
Greece,Dytiki Ellada,EL63,2021-13,335.603971953645,Epidemic intelligence subnational data
Greece,Dytiki Ellada,EL63,2021-14,331.303326088793,Epidemic intelligence subnational data
Greece,Dytiki Ellada,EL63,2021-15,267.71520508705,Epidemic intelligence subnational data
Greece,Dytiki Ellada,EL63,2021-16,209.349296921198,Epidemic intelligence subnational data
Greece,Dytiki Ellada,EL63,2021-17,178.016019905847,Epidemic intelligence subnational data
Greece,Dytiki Ellada,EL63,2021-18,257.117184920092,Epidemic intelligence subnational data
Greece,Dytiki Ellada,EL63,2021-19,362.175819618625,Epidemic intelligence subnational data
Greece,Dytiki Ellada,EL63,2021-20,320.705305921836,Epidemic intelligence subnational data
Greece,Dytiki Ellada,EL63,2021-21,220.561695068849,Epidemic intelligence subnational data
Greece,Dytiki Ellada,EL63,2021-22,143.764447482202,Epidemic intelligence subnational data
Greece,Dytiki Ellada,EL63,2021-23,91.0815356377627,Epidemic intelligence subnational data
Greece,Dytiki Ellada,EL63,2021-24,52.9901008347861,Epidemic intelligence subnational data
Greece,Dytiki Ellada,EL63,2021-25,31.1796825201785,Epidemic intelligence subnational data
Greece,Dytiki Ellada,EL63,2021-26,35.7875173753773,Epidemic intelligence subnational data
Greece,Dytiki Ellada,EL63,2021-27,100.450799843334,Epidemic intelligence subnational data
Greece,Dytiki Ellada,EL63,2021-28,191.378740985923,Epidemic intelligence subnational data
Greece,Dytiki Ellada,EL63,2021-29,217.489805165383,Epidemic intelligence subnational data
Greece,Dytiki Ellada,EL63,2021-30,224.401557448181,Epidemic intelligence subnational data
Greece,Dytiki Ellada,EL63,2021-31,257.577968405612,Epidemic intelligence subnational data
Greece,Dytiki Ellada,EL63,2021-32,351.731393946841,Epidemic intelligence subnational data
Greece,Dytiki Ellada,EL63,2021-33,489.966439602805,Epidemic intelligence subnational data
Greece,Dytiki Ellada,EL63,2021-34,589.342077979925,Epidemic intelligence subnational data
Greece,Dytiki Ellada,EL63,2021-35,544.031701903804,Epidemic intelligence subnational data
Greece,Dytiki Ellada,EL63,2021-36,378.917619592514,Epidemic intelligence subnational data
Greece,Dytiki Ellada,EL63,2021-37,278.46681974918,Epidemic intelligence subnational data
Greece,Dytiki Ellada,EL63,2021-38,250.512621627641,Epidemic intelligence subnational data
Greece,Dytiki Ellada,EL63,2021-39,220.868884059195,Epidemic intelligence subnational data
Greece,Dytiki Ellada,EL63,2021-40,189.228418053497,Epidemic intelligence subnational data
Greece,Dytiki Ellada,EL63,2021-41,222.097640020582,Epidemic intelligence subnational data
Greece,Dytiki Ellada,EL63,2021-42,301.045210539654,Epidemic intelligence subnational data
Greece,Dytiki Ellada,EL63,2021-43,394.430663605016,Epidemic intelligence subnational data
Greece,Dytiki Ellada,EL63,2021-44,599.325720166189,Epidemic intelligence subnational data
Greece,Dytiki Ellada,EL63,2021-45,798.07699692043,Epidemic intelligence subnational data
Greece,Dytiki Ellada,EL63,2021-46,877.33175642985,Epidemic intelligence subnational data
Greece,Dytiki Ellada,EL63,2021-47,885.011481188514,Epidemic intelligence subnational data
Greece,Dytiki Ellada,EL63,2021-48,793.008378579712,Epidemic intelligence subnational data
Greece,Dytiki Ellada,EL63,2021-49,661.224301721026,Epidemic intelligence subnational data
Greece,Dytiki Ellada,EL63,2021-50,525.446767987835,Epidemic intelligence subnational data
Greece,Dytiki Ellada,EL63,2021-51,533.280087241673,Epidemic intelligence subnational data
Greece,Dytiki Ellada,EL63,2021-52,1956.17949052706,Epidemic intelligence subnational data
Greece,Dytiki Ellada,EL63,2022-01,3774.12393539816,Epidemic intelligence subnational data
Greece,Dytiki Ellada,EL63,2022-02,3532.67338898574,Epidemic intelligence subnational data
Greece,Dytiki Ellada,EL63,2022-03,2633.07043075576,Epidemic intelligence subnational data
Greece,Dytiki Ellada,EL63,2022-04,2399.45320359718,Epidemic intelligence subnational data
Greece,Sterea Ellada,EL64,2020-19,,Epidemic intelligence subnational data
Greece,Sterea Ellada,EL64,2020-20,0.179855468145798,Epidemic intelligence subnational data
Greece,Sterea Ellada,EL64,2020-21,-0.179855468145798,Epidemic intelligence subnational data
Greece,Sterea Ellada,EL64,2020-22,-0.179855468145798,Epidemic intelligence subnational data
Greece,Sterea Ellada,EL64,2020-23,1.07913280887479,Epidemic intelligence subnational data
Greece,Sterea Ellada,EL64,2020-24,1.97841014960378,Epidemic intelligence subnational data
Greece,Sterea Ellada,EL64,2020-25,0.89927734072899,Epidemic intelligence subnational data
Greece,Sterea Ellada,EL64,2020-26,0,Epidemic intelligence subnational data
Greece,Sterea Ellada,EL64,2020-27,0.179855468145798,Epidemic intelligence subnational data
Greece,Sterea Ellada,EL64,2020-28,2.15826561774958,Epidemic intelligence subnational data
Greece,Sterea Ellada,EL64,2020-29,2.33812108589537,Epidemic intelligence subnational data
Greece,Sterea Ellada,EL64,2020-30,1.25898827702059,Epidemic intelligence subnational data
Greece,Sterea Ellada,EL64,2020-31,1.97841014960378,Epidemic intelligence subnational data
Greece,Sterea Ellada,EL64,2020-32,4.13667576735336,Epidemic intelligence subnational data
Greece,Sterea Ellada,EL64,2020-33,7.73378513026932,Epidemic intelligence subnational data
Greece,Sterea Ellada,EL64,2020-34,8.8129179391441,Epidemic intelligence subnational data
Greece,Sterea Ellada,EL64,2020-35,6.11508591695713,Epidemic intelligence subnational data
Greece,Sterea Ellada,EL64,2020-36,9.1726288754357,Epidemic intelligence subnational data
Greece,Sterea Ellada,EL64,2020-37,17.6258358782882,Epidemic intelligence subnational data
Greece,Sterea Ellada,EL64,2020-38,-3.77696483106176,Epidemic intelligence subnational data
Greece,Sterea Ellada,EL64,2020-39,-6.47479685324873,Epidemic intelligence subnational data
Greece,Sterea Ellada,EL64,2020-40,15.4675702605386,Epidemic intelligence subnational data
Greece,Sterea Ellada,EL64,2020-41,20.1438124323294,Epidemic intelligence subnational data
Greece,Sterea Ellada,EL64,2020-42,30.0358631803483,Epidemic intelligence subnational data
Greece,Sterea Ellada,EL64,2020-43,32.5538397343894,Epidemic intelligence subnational data
Greece,Sterea Ellada,EL64,2020-44,27.6977420944529,Epidemic intelligence subnational data
Greece,Sterea Ellada,EL64,2020-45,52.6976521667188,Epidemic intelligence subnational data
Greece,Sterea Ellada,EL64,2020-46,105.035593397146,Epidemic intelligence subnational data
Greece,Sterea Ellada,EL64,2020-47,112.409667591124,Epidemic intelligence subnational data
Greece,Sterea Ellada,EL64,2020-48,88.6687457958784,Epidemic intelligence subnational data
Greece,Sterea Ellada,EL64,2020-49,96.7622418624393,Epidemic intelligence subnational data
Greece,Sterea Ellada,EL64,2020-50,96.0428199898562,Epidemic intelligence subnational data
Greece,Sterea Ellada,EL64,2020-51,66.7263786820911,Epidemic intelligence subnational data
Greece,Sterea Ellada,EL64,2020-52,44.9638670364495,Epidemic intelligence subnational data
Greece,Sterea Ellada,EL64,2020-53,46.2228553134701,Epidemic intelligence subnational data
Greece,Sterea Ellada,EL64,2021-01,72.4817536627566,Epidemic intelligence subnational data
Greece,Sterea Ellada,EL64,2021-02,81.1148161337549,Epidemic intelligence subnational data
Greece,Sterea Ellada,EL64,2021-03,73.021320067194,Epidemic intelligence subnational data
Greece,Sterea Ellada,EL64,2021-04,98.7406520120431,Epidemic intelligence subnational data
Greece,Sterea Ellada,EL64,2021-05,144.24408545293,Epidemic intelligence subnational data
Greece,Sterea Ellada,EL64,2021-06,166.726018971155,Epidemic intelligence subnational data
Greece,Sterea Ellada,EL64,2021-07,140.467120621868,Epidemic intelligence subnational data
Greece,Sterea Ellada,EL64,2021-08,157.013823691282,Epidemic intelligence subnational data
Greece,Sterea Ellada,EL64,2021-09,213.308585220917,Epidemic intelligence subnational data
Greece,Sterea Ellada,EL64,2021-10,242.625026528682,Epidemic intelligence subnational data
Greece,Sterea Ellada,EL64,2021-11,258.452307725512,Epidemic intelligence subnational data
Greece,Sterea Ellada,EL64,2021-12,241.006327315369,Epidemic intelligence subnational data
Greece,Sterea Ellada,EL64,2021-13,254.67534289445,Epidemic intelligence subnational data
Greece,Sterea Ellada,EL64,2021-14,262.049417088428,Epidemic intelligence subnational data
Greece,Sterea Ellada,EL64,2021-15,239.927194506495,Epidemic intelligence subnational data
Greece,Sterea Ellada,EL64,2021-16,245.502714019014,Epidemic intelligence subnational data
Greece,Sterea Ellada,EL64,2021-17,226.078323459268,Epidemic intelligence subnational data
Greece,Sterea Ellada,EL64,2021-18,211.689886007604,Epidemic intelligence subnational data
Greece,Sterea Ellada,EL64,2021-19,216.725839115687,Epidemic intelligence subnational data
Greece,Sterea Ellada,EL64,2021-20,189.387807957525,Epidemic intelligence subnational data
Greece,Sterea Ellada,EL64,2021-21,158.81237837274,Epidemic intelligence subnational data
Greece,Sterea Ellada,EL64,2021-22,121.042730062122,Epidemic intelligence subnational data
Greece,Sterea Ellada,EL64,2021-23,90.1075895410448,Epidemic intelligence subnational data
Greece,Sterea Ellada,EL64,2021-24,67.2659450865285,Epidemic intelligence subnational data
Greece,Sterea Ellada,EL64,2021-25,37.2300819061802,Epidemic intelligence subnational data
Greece,Sterea Ellada,EL64,2021-26,37.0502264380344,Epidemic intelligence subnational data
Greece,Sterea Ellada,EL64,2021-27,71.4026208538818,Epidemic intelligence subnational data
Greece,Sterea Ellada,EL64,2021-28,120.323308189539,Epidemic intelligence subnational data
Greece,Sterea Ellada,EL64,2021-29,186.330264999047,Epidemic intelligence subnational data
Greece,Sterea Ellada,EL64,2021-30,228.056733608872,Epidemic intelligence subnational data
Greece,Sterea Ellada,EL64,2021-31,265.466670983198,Epidemic intelligence subnational data
Greece,Sterea Ellada,EL64,2021-32,326.617530152769,Epidemic intelligence subnational data
Greece,Sterea Ellada,EL64,2021-33,356.473537864972,Epidemic intelligence subnational data
Greece,Sterea Ellada,EL64,2021-34,352.516717565764,Epidemic intelligence subnational data
Greece,Sterea Ellada,EL64,2021-35,302.516897421232,Epidemic intelligence subnational data
Greece,Sterea Ellada,EL64,2021-36,228.596300013309,Epidemic intelligence subnational data
Greece,Sterea Ellada,EL64,2021-37,188.488530616796,Epidemic intelligence subnational data
Greece,Sterea Ellada,EL64,2021-38,185.790698594609,Epidemic intelligence subnational data
Greece,Sterea Ellada,EL64,2021-39,191.366218107129,Epidemic intelligence subnational data
Greece,Sterea Ellada,EL64,2021-40,212.049596943896,Epidemic intelligence subnational data
Greece,Sterea Ellada,EL64,2021-41,227.157456268143,Epidemic intelligence subnational data
Greece,Sterea Ellada,EL64,2021-42,252.337221808555,Epidemic intelligence subnational data
Greece,Sterea Ellada,EL64,2021-43,282.91265139334,Epidemic intelligence subnational data
Greece,Sterea Ellada,EL64,2021-44,408.631623627253,Epidemic intelligence subnational data
Greece,Sterea Ellada,EL64,2021-45,588.666947241197,Epidemic intelligence subnational data
Greece,Sterea Ellada,EL64,2021-46,671.760173524556,Epidemic intelligence subnational data
Greece,Sterea Ellada,EL64,2021-47,702.695314045633,Epidemic intelligence subnational data
Greece,Sterea Ellada,EL64,2021-48,695.141384383509,Epidemic intelligence subnational data
Greece,Sterea Ellada,EL64,2021-49,634.889802554667,Epidemic intelligence subnational data
Greece,Sterea Ellada,EL64,2021-50,549.458455185413,Epidemic intelligence subnational data
Greece,Sterea Ellada,EL64,2021-51,574.818076193971,Epidemic intelligence subnational data
Greece,Sterea Ellada,EL64,2021-52,1809.52586501487,Epidemic intelligence subnational data
Greece,Sterea Ellada,EL64,2022-01,3377.68569177809,Epidemic intelligence subnational data
Greece,Sterea Ellada,EL64,2022-02,2943.87430261042,Epidemic intelligence subnational data
Greece,Sterea Ellada,EL64,2022-03,1938.30238020727,Epidemic intelligence subnational data
Greece,Sterea Ellada,EL64,2022-04,1700.71330678667,Epidemic intelligence subnational data
Greece,Peloponnisos,EL65,2020-19,,Epidemic intelligence subnational data
Greece,Peloponnisos,EL65,2020-20,0.349558071208475,Epidemic intelligence subnational data
Greece,Peloponnisos,EL65,2020-21,0.699116142416949,Epidemic intelligence subnational data
Greece,Peloponnisos,EL65,2020-22,1.22345324922966,Epidemic intelligence subnational data
Greece,Peloponnisos,EL65,2020-23,1.3982322848339,Epidemic intelligence subnational data
Greece,Peloponnisos,EL65,2020-24,1.3982322848339,Epidemic intelligence subnational data
Greece,Peloponnisos,EL65,2020-25,0.699116142416949,Epidemic intelligence subnational data
Greece,Peloponnisos,EL65,2020-26,0.174779035604237,Epidemic intelligence subnational data
Greece,Peloponnisos,EL65,2020-27,0,Epidemic intelligence subnational data
Greece,Peloponnisos,EL65,2020-28,0.699116142416949,Epidemic intelligence subnational data
Greece,Peloponnisos,EL65,2020-29,1.22345324922966,Epidemic intelligence subnational data
Greece,Peloponnisos,EL65,2020-30,0.349558071208475,Epidemic intelligence subnational data
Greece,Peloponnisos,EL65,2020-31,0.699116142416949,Epidemic intelligence subnational data
Greece,Peloponnisos,EL65,2020-32,5.94248721054407,Epidemic intelligence subnational data
Greece,Peloponnisos,EL65,2020-33,10.4867421362542,Epidemic intelligence subnational data
Greece,Peloponnisos,EL65,2020-34,7.51549853098221,Epidemic intelligence subnational data
Greece,Peloponnisos,EL65,2020-35,5.41815010373136,Epidemic intelligence subnational data
Greece,Peloponnisos,EL65,2020-36,7.69027756658644,Epidemic intelligence subnational data
Greece,Peloponnisos,EL65,2020-37,6.64160335296102,Epidemic intelligence subnational data
Greece,Peloponnisos,EL65,2020-38,5.76770817493983,Epidemic intelligence subnational data
Greece,Peloponnisos,EL65,2020-39,12.4093115279009,Epidemic intelligence subnational data
Greece,Peloponnisos,EL65,2020-40,14.8562180263602,Epidemic intelligence subnational data
Greece,Peloponnisos,EL65,2020-41,17.652682596028,Epidemic intelligence subnational data
Greece,Peloponnisos,EL65,2020-42,20.9734842725085,Epidemic intelligence subnational data
Greece,Peloponnisos,EL65,2020-43,26.7411924474483,Epidemic intelligence subnational data
Greece,Peloponnisos,EL65,2020-44,50.3363622540204,Epidemic intelligence subnational data
Greece,Peloponnisos,EL65,2020-45,89.836424300578,Epidemic intelligence subnational data
Greece,Peloponnisos,EL65,2020-46,100.672724508041,Epidemic intelligence subnational data
Greece,Peloponnisos,EL65,2020-47,77.4271127726772,Epidemic intelligence subnational data
Greece,Peloponnisos,EL65,2020-48,60.4735463190661,Epidemic intelligence subnational data
Greece,Peloponnisos,EL65,2020-49,57.3275236781899,Epidemic intelligence subnational data
Greece,Peloponnisos,EL65,2020-50,53.8319429661051,Epidemic intelligence subnational data
Greece,Peloponnisos,EL65,2020-51,49.1129090047907,Epidemic intelligence subnational data
Greece,Peloponnisos,EL65,2020-52,38.6261668685365,Epidemic intelligence subnational data
Greece,Peloponnisos,EL65,2020-53,36.7035974768898,Epidemic intelligence subnational data
Greece,Peloponnisos,EL65,2021-01,51.0354783964373,Epidemic intelligence subnational data
Greece,Peloponnisos,EL65,2021-02,53.1328268236882,Epidemic intelligence subnational data
Greece,Peloponnisos,EL65,2021-03,49.9868041828119,Epidemic intelligence subnational data
Greece,Peloponnisos,EL65,2021-04,61.8717786039,Epidemic intelligence subnational data
Greece,Peloponnisos,EL65,2021-05,70.9602884553204,Epidemic intelligence subnational data
Greece,Peloponnisos,EL65,2021-06,75.6793224166348,Epidemic intelligence subnational data
Greece,Peloponnisos,EL65,2021-07,106.615211718585,Epidemic intelligence subnational data
Greece,Peloponnisos,EL65,2021-08,152.232540011291,Epidemic intelligence subnational data
Greece,Peloponnisos,EL65,2021-09,203.442797443332,Epidemic intelligence subnational data
Greece,Peloponnisos,EL65,2021-10,228.960536641551,Epidemic intelligence subnational data
Greece,Peloponnisos,EL65,2021-11,207.113157191021,Epidemic intelligence subnational data
Greece,Peloponnisos,EL65,2021-12,176.352046924676,Epidemic intelligence subnational data
Greece,Peloponnisos,EL65,2021-13,188.237021345764,Epidemic intelligence subnational data
Greece,Peloponnisos,EL65,2021-14,195.228182769933,Epidemic intelligence subnational data
Greece,Peloponnisos,EL65,2021-15,189.635253630598,Epidemic intelligence subnational data
Greece,Peloponnisos,EL65,2021-16,177.400721138301,Epidemic intelligence subnational data
Greece,Peloponnisos,EL65,2021-17,145.59093665833,Epidemic intelligence subnational data
Greece,Peloponnisos,EL65,2021-18,138.59977523416,Epidemic intelligence subnational data
Greece,Peloponnisos,EL65,2021-19,141.221460768224,Epidemic intelligence subnational data
Greece,Peloponnisos,EL65,2021-20,120.772313602528,Epidemic intelligence subnational data
Greece,Peloponnisos,EL65,2021-21,95.4293534399136,Epidemic intelligence subnational data
Greece,Peloponnisos,EL65,2021-22,80.9226934847619,Epidemic intelligence subnational data
Greece,Peloponnisos,EL65,2021-23,55.0553962153348,Epidemic intelligence subnational data
Greece,Peloponnisos,EL65,2021-24,36.7035974768898,Epidemic intelligence subnational data
Greece,Peloponnisos,EL65,2021-25,30.7611102663458,Epidemic intelligence subnational data
Greece,Peloponnisos,EL65,2021-26,32.5089006223882,Epidemic intelligence subnational data
Greece,Peloponnisos,EL65,2021-27,80.5731354135534,Epidemic intelligence subnational data
Greece,Peloponnisos,EL65,2021-28,189.635253630598,Epidemic intelligence subnational data
Greece,Peloponnisos,EL65,2021-29,279.296898895571,Epidemic intelligence subnational data
Greece,Peloponnisos,EL65,2021-30,302.892068702143,Epidemic intelligence subnational data
Greece,Peloponnisos,EL65,2021-31,332.429725719259,Epidemic intelligence subnational data
Greece,Peloponnisos,EL65,2021-32,408.458606207103,Epidemic intelligence subnational data
Greece,Peloponnisos,EL65,2021-33,492.002985225928,Epidemic intelligence subnational data
Greece,Peloponnisos,EL65,2021-34,494.275112688783,Epidemic intelligence subnational data
Greece,Peloponnisos,EL65,2021-35,441.317064900699,Epidemic intelligence subnational data
Greece,Peloponnisos,EL65,2021-36,385.038215436135,Epidemic intelligence subnational data
Greece,Peloponnisos,EL65,2021-37,336.624422573761,Epidemic intelligence subnational data
Greece,Peloponnisos,EL65,2021-38,294.852233064348,Epidemic intelligence subnational data
Greece,Peloponnisos,EL65,2021-39,236.126477101325,Epidemic intelligence subnational data
Greece,Peloponnisos,EL65,2021-40,218.998131612109,Epidemic intelligence subnational data
Greece,Peloponnisos,EL65,2021-41,269.858830972943,Epidemic intelligence subnational data
Greece,Peloponnisos,EL65,2021-42,369.133323196149,Epidemic intelligence subnational data
Greece,Peloponnisos,EL65,2021-43,490.779531976699,Epidemic intelligence subnational data
Greece,Peloponnisos,EL65,2021-44,661.363870726434,Epidemic intelligence subnational data
Greece,Peloponnisos,EL65,2021-45,726.731230042419,Epidemic intelligence subnational data
Greece,Peloponnisos,EL65,2021-46,684.434703426193,Epidemic intelligence subnational data
Greece,Peloponnisos,EL65,2021-47,642.487734881177,Epidemic intelligence subnational data
Greece,Peloponnisos,EL65,2021-48,605.259800297474,Epidemic intelligence subnational data
Greece,Peloponnisos,EL65,2021-49,601.239882478576,Epidemic intelligence subnational data
Greece,Peloponnisos,EL65,2021-50,544.087137835991,Epidemic intelligence subnational data
Greece,Peloponnisos,EL65,2021-51,557.545123577517,Epidemic intelligence subnational data
Greece,Peloponnisos,EL65,2021-52,1990.20887842545,Epidemic intelligence subnational data
Greece,Peloponnisos,EL65,2022-01,3552.55867769173,Epidemic intelligence subnational data
Greece,Peloponnisos,EL65,2022-02,3006.54897046409,Epidemic intelligence subnational data
Greece,Peloponnisos,EL65,2022-03,2209.38178907316,Epidemic intelligence subnational data
Greece,Peloponnisos,EL65,2022-04,2198.5454888657,Epidemic intelligence subnational data
Hungary,Budapest,HU110,2020-15,,Epidemic intelligence subnational data
Hungary,Budapest,HU110,2020-16,45.4801007418513,Epidemic intelligence subnational data
Hungary,Budapest,HU110,2020-17,30.9676062840244,Epidemic intelligence subnational data
Hungary,Budapest,HU110,2020-18,23.7113590551109,Epidemic intelligence subnational data
Hungary,Budapest,HU110,2020-19,14.1696796281145,Epidemic intelligence subnational data
Hungary,Budapest,HU110,2020-20,9.19886459728399,Epidemic intelligence subnational data
Hungary,Budapest,HU110,2020-21,11.9985190399356,Epidemic intelligence subnational data
Hungary,Budapest,HU110,2020-22,10.2273090864213,Epidemic intelligence subnational data
Hungary,Budapest,HU110,2020-23,5.99925951996782,Epidemic intelligence subnational data
Hungary,Budapest,HU110,2020-24,3.65669151693277,Epidemic intelligence subnational data
Hungary,Budapest,HU110,2020-25,2.39970380798713,Epidemic intelligence subnational data
Hungary,Budapest,HU110,2020-26,2.6853828327475,Epidemic intelligence subnational data
Hungary,Budapest,HU110,2020-27,2.05688897827468,Epidemic intelligence subnational data
Hungary,Budapest,HU110,2020-28,1.02844448913734,Epidemic intelligence subnational data
Hungary,Budapest,HU110,2020-29,1.77120995351431,Epidemic intelligence subnational data
Hungary,Budapest,HU110,2020-30,2.28543219808298,Epidemic intelligence subnational data
Hungary,Budapest,HU110,2020-31,2.74251863769958,Epidemic intelligence subnational data
Hungary,Budapest,HU110,2020-32,3.71382732188484,Epidemic intelligence subnational data
Hungary,Budapest,HU110,2020-33,6.34207434968027,Epidemic intelligence subnational data
Hungary,Budapest,HU110,2020-34,11.4271609904149,Epidemic intelligence subnational data
Hungary,Budapest,HU110,2020-35,44.6801994725223,Epidemic intelligence subnational data
Hungary,Budapest,HU110,2020-36,111.871906096162,Epidemic intelligence subnational data
Hungary,Budapest,HU110,2020-37,185.234279654626,Epidemic intelligence subnational data
Hungary,Budapest,HU110,2020-38,220.201392285295,Epidemic intelligence subnational data
Hungary,Budapest,HU110,2020-39,214.773490814848,Epidemic intelligence subnational data
Hungary,Budapest,HU110,2020-40,189.119514391367,Epidemic intelligence subnational data
Hungary,Budapest,HU110,2020-41,186.891217998236,Epidemic intelligence subnational data
Hungary,Budapest,HU110,2020-42,214.202132765327,Epidemic intelligence subnational data
Hungary,Budapest,HU110,2020-43,291.792555890244,Epidemic intelligence subnational data
Hungary,Budapest,HU110,2020-44,405.435671939921,Epidemic intelligence subnational data
Hungary,Budapest,HU110,2020-45,629.579434766909,Epidemic intelligence subnational data
Hungary,Budapest,HU110,2020-46,792.359343075369,Epidemic intelligence subnational data
Hungary,Budapest,HU110,2020-47,707.512672721538,Epidemic intelligence subnational data
Hungary,Budapest,HU110,2020-48,640.092422878091,Epidemic intelligence subnational data
Hungary,Budapest,HU110,2020-49,631.179237305567,Epidemic intelligence subnational data
Hungary,Budapest,HU110,2020-50,512.622442030012,Epidemic intelligence subnational data
Hungary,Budapest,HU110,2020-51,377.553399123308,Epidemic intelligence subnational data
Hungary,Budapest,HU110,2020-52,270.19522161836,Epidemic intelligence subnational data
Hungary,Budapest,HU110,2020-53,188.491020536894,Epidemic intelligence subnational data
Hungary,Budapest,HU110,2021-01,210.716848663251,Epidemic intelligence subnational data
Hungary,Budapest,HU110,2021-02,188.433884731942,Epidemic intelligence subnational data
Hungary,Budapest,HU110,2021-03,137.640154129547,Epidemic intelligence subnational data
Hungary,Budapest,HU110,2021-04,145.98198165255,Epidemic intelligence subnational data
Hungary,Budapest,HU110,2021-05,178.777933695041,Epidemic intelligence subnational data
Hungary,Budapest,HU110,2021-06,227.629046929065,Epidemic intelligence subnational data
Hungary,Budapest,HU110,2021-07,331.844755161649,Epidemic intelligence subnational data
Hungary,Budapest,HU110,2021-08,543.475776704133,Epidemic intelligence subnational data
Hungary,Budapest,HU110,2021-09,782.874799453325,Epidemic intelligence subnational data
Hungary,Budapest,HU110,2021-10,1086.03738052903,Epidemic intelligence subnational data
Hungary,Budapest,HU110,2021-11,1234.93328823414,Epidemic intelligence subnational data
Hungary,Budapest,HU110,2021-12,1132.48878995507,Epidemic intelligence subnational data
Hungary,Budapest,HU110,2021-13,992.963154262103,Epidemic intelligence subnational data
Hungary,Budapest,HU110,2021-14,733.738007194541,Epidemic intelligence subnational data
Hungary,Budapest,HU110,2021-15,485.140119848064,Epidemic intelligence subnational data
Hungary,Budapest,HU110,2021-16,334.6444096043,Epidemic intelligence subnational data
Hungary,Budapest,HU110,2021-17,218.944404576349,Epidemic intelligence subnational data
Hungary,Budapest,HU110,2021-18,141.811067891049,Epidemic intelligence subnational data
Hungary,Budapest,HU110,2021-19,101.644597009741,Epidemic intelligence subnational data
Hungary,Budapest,HU110,2021-20,73.3052377535116,Epidemic intelligence subnational data
Hungary,Budapest,HU110,2021-21,41.5377302001582,Epidemic intelligence subnational data
Hungary,Budapest,HU110,2021-22,28.0536802314686,Epidemic intelligence subnational data
Hungary,Budapest,HU110,2021-23,19.9975317332261,Epidemic intelligence subnational data
Hungary,Budapest,HU110,2021-24,13.3697783587854,Epidemic intelligence subnational data
Hungary,Budapest,HU110,2021-25,10.74153133099,Epidemic intelligence subnational data
Hungary,Budapest,HU110,2021-26,8.5132349378591,Epidemic intelligence subnational data
Hungary,Budapest,HU110,2021-27,7.59906205862591,Epidemic intelligence subnational data
Hungary,Budapest,HU110,2021-28,8.62750654776325,Epidemic intelligence subnational data
Hungary,Budapest,HU110,2021-29,12.6270128944085,Epidemic intelligence subnational data
Hungary,Budapest,HU110,2021-30,14.6839018726831,Epidemic intelligence subnational data
Hungary,Budapest,HU110,2021-31,15.5409389469643,Epidemic intelligence subnational data
Hungary,Budapest,HU110,2021-32,19.140494658945,Epidemic intelligence subnational data
Hungary,Budapest,HU110,2021-33,21.9401491015966,Epidemic intelligence subnational data
Hungary,Budapest,HU110,2021-34,35.3670632653341,Epidemic intelligence subnational data
Hungary,Budapest,HU110,2021-35,53.3077060202855,Epidemic intelligence subnational data
Hungary,Budapest,HU110,2021-36,59.2498297353012,Epidemic intelligence subnational data
Hungary,Budapest,HU110,2021-37,74.6764970723614,Epidemic intelligence subnational data
Hungary,Budapest,HU110,2021-38,82.7326455706039,Epidemic intelligence subnational data
Hungary,Budapest,HU110,2021-39,81.4756578616582,Epidemic intelligence subnational data
Hungary,Budapest,HU110,2021-40,99.5877080314658,Epidemic intelligence subnational data
Hungary,Budapest,HU110,2021-41,134.726228076992,Epidemic intelligence subnational data
Hungary,Budapest,HU110,2021-42,223.572404777468,Epidemic intelligence subnational data
Hungary,Budapest,HU110,2021-43,359.384213148549,Epidemic intelligence subnational data
Hungary,Budapest,HU110,2021-44,509.708515977457,Epidemic intelligence subnational data
Hungary,Budapest,HU110,2021-45,733.966550414349,Epidemic intelligence subnational data
Hungary,Budapest,HU110,2021-46,946.511744836066,Epidemic intelligence subnational data
Hungary,Budapest,HU110,2021-47,1129.40345648766,Epidemic intelligence subnational data
Hungary,Budapest,HU110,2021-48,1072.61046636529,Epidemic intelligence subnational data
Hungary,Budapest,HU110,2021-49,753.506995707958,Epidemic intelligence subnational data
Hungary,Budapest,HU110,2021-50,518.964516379693,Epidemic intelligence subnational data
Hungary,Budapest,HU110,2021-51,386.809399525544,Epidemic intelligence subnational data
Hungary,Budapest,HU110,2021-52,442.288266134009,Epidemic intelligence subnational data
Hungary,Budapest,HU110,2022-01,883.83376680364,Epidemic intelligence subnational data
Hungary,Budapest,HU110,2022-02,1456.16312500857,Epidemic intelligence subnational data
Hungary,Budapest,HU110,2022-03,2026.66413745503,Epidemic intelligence subnational data
Hungary,Budapest,HU110,2022-04,2150.70597000599,Epidemic intelligence subnational data
Hungary,Pest,HU120,2020-15,,Epidemic intelligence subnational data
Hungary,Pest,HU120,2020-16,12.5664751114407,Epidemic intelligence subnational data
Hungary,Pest,HU120,2020-17,9.17429778074508,Epidemic intelligence subnational data
Hungary,Pest,HU120,2020-18,8.09496863006919,Epidemic intelligence subnational data
Hungary,Pest,HU120,2020-19,5.9363103287174,Epidemic intelligence subnational data
Hungary,Pest,HU120,2020-20,5.85921538938341,Epidemic intelligence subnational data
Hungary,Pest,HU120,2020-21,6.9385445400593,Epidemic intelligence subnational data
Hungary,Pest,HU120,2020-22,5.9363103287174,Epidemic intelligence subnational data
Hungary,Pest,HU120,2020-23,4.16312672403558,Epidemic intelligence subnational data
Hungary,Pest,HU120,2020-24,2.62122793735574,Epidemic intelligence subnational data
Hungary,Pest,HU120,2020-25,1.54189878667985,Epidemic intelligence subnational data
Hungary,Pest,HU120,2020-26,2.15865830135178,Epidemic intelligence subnational data
Hungary,Pest,HU120,2020-27,2.0044684226838,Epidemic intelligence subnational data
Hungary,Pest,HU120,2020-28,1.54189878667985,Epidemic intelligence subnational data
Hungary,Pest,HU120,2020-29,2.15865830135178,Epidemic intelligence subnational data
Hungary,Pest,HU120,2020-30,2.85251275535771,Epidemic intelligence subnational data
Hungary,Pest,HU120,2020-31,2.23575324068578,Epidemic intelligence subnational data
Hungary,Pest,HU120,2020-32,1.85027854401581,Epidemic intelligence subnational data
Hungary,Pest,HU120,2020-33,3.54636720936364,Epidemic intelligence subnational data
Hungary,Pest,HU120,2020-34,4.85698117804151,Epidemic intelligence subnational data
Hungary,Pest,HU120,2020-35,15.9586524421364,Epidemic intelligence subnational data
Hungary,Pest,HU120,2020-36,48.9552864770851,Epidemic intelligence subnational data
Hungary,Pest,HU120,2020-37,83.7251041167156,Epidemic intelligence subnational data
Hungary,Pest,HU120,2020-38,105.388782069567,Epidemic intelligence subnational data
Hungary,Pest,HU120,2020-39,112.404421548961,Epidemic intelligence subnational data
Hungary,Pest,HU120,2020-40,114.331795032311,Epidemic intelligence subnational data
Hungary,Pest,HU120,2020-41,130.290447474447,Epidemic intelligence subnational data
Hungary,Pest,HU120,2020-42,164.443505599406,Epidemic intelligence subnational data
Hungary,Pest,HU120,2020-43,238.68593217804,Epidemic intelligence subnational data
Hungary,Pest,HU120,2020-44,336.21103043554,Epidemic intelligence subnational data
Hungary,Pest,HU120,2020-45,553.233284660728,Epidemic intelligence subnational data
Hungary,Pest,HU120,2020-46,699.482384577312,Epidemic intelligence subnational data
Hungary,Pest,HU120,2020-47,649.293579070883,Epidemic intelligence subnational data
Hungary,Pest,HU120,2020-48,672.344965931746,Epidemic intelligence subnational data
Hungary,Pest,HU120,2020-49,723.073436013513,Epidemic intelligence subnational data
Hungary,Pest,HU120,2020-50,592.782988539066,Epidemic intelligence subnational data
Hungary,Pest,HU120,2020-51,430.729426059015,Epidemic intelligence subnational data
Hungary,Pest,HU120,2020-52,283.555186870423,Epidemic intelligence subnational data
Hungary,Pest,HU120,2020-53,186.492658248927,Epidemic intelligence subnational data
Hungary,Pest,HU120,2021-01,237.683697966698,Epidemic intelligence subnational data
Hungary,Pest,HU120,2021-02,208.773095716451,Epidemic intelligence subnational data
Hungary,Pest,HU120,2021-03,144.861391008571,Epidemic intelligence subnational data
Hungary,Pest,HU120,2021-04,149.718372186613,Epidemic intelligence subnational data
Hungary,Pest,HU120,2021-05,180.247968162874,Epidemic intelligence subnational data
Hungary,Pest,HU120,2021-06,225.502697551927,Epidemic intelligence subnational data
Hungary,Pest,HU120,2021-07,326.497068079457,Epidemic intelligence subnational data
Hungary,Pest,HU120,2021-08,579.214279216284,Epidemic intelligence subnational data
Hungary,Pest,HU120,2021-09,860.456617906687,Epidemic intelligence subnational data
Hungary,Pest,HU120,2021-10,1226.34919998581,Epidemic intelligence subnational data
Hungary,Pest,HU120,2021-11,1440.13346675898,Epidemic intelligence subnational data
Hungary,Pest,HU120,2021-12,1353.01618531156,Epidemic intelligence subnational data
Hungary,Pest,HU120,2021-13,1212.62630078436,Epidemic intelligence subnational data
Hungary,Pest,HU120,2021-14,911.416372806456,Epidemic intelligence subnational data
Hungary,Pest,HU120,2021-15,623.929344029999,Epidemic intelligence subnational data
Hungary,Pest,HU120,2021-16,438.438919992414,Epidemic intelligence subnational data
Hungary,Pest,HU120,2021-17,294.348478377182,Epidemic intelligence subnational data
Hungary,Pest,HU120,2021-18,201.834551176392,Epidemic intelligence subnational data
Hungary,Pest,HU120,2021-19,141.469213677876,Epidemic intelligence subnational data
Hungary,Pest,HU120,2021-20,98.5273324688421,Epidemic intelligence subnational data
Hungary,Pest,HU120,2021-21,57.2044449858222,Epidemic intelligence subnational data
Hungary,Pest,HU120,2021-22,42.8647862696997,Epidemic intelligence subnational data
Hungary,Pest,HU120,2021-23,31.7631150056048,Epidemic intelligence subnational data
Hungary,Pest,HU120,2021-24,18.5798803794921,Epidemic intelligence subnational data
Hungary,Pest,HU120,2021-25,11.4100510214309,Epidemic intelligence subnational data
Hungary,Pest,HU120,2021-26,6.78435466139132,Epidemic intelligence subnational data
Hungary,Pest,HU120,2021-27,4.85698117804151,Epidemic intelligence subnational data
Hungary,Pest,HU120,2021-28,7.09273441872729,Epidemic intelligence subnational data
Hungary,Pest,HU120,2021-29,8.63463320540713,Epidemic intelligence subnational data
Hungary,Pest,HU120,2021-30,7.55530405473124,Epidemic intelligence subnational data
Hungary,Pest,HU120,2021-31,7.78658887273322,Epidemic intelligence subnational data
Hungary,Pest,HU120,2021-32,10.022342113419,Epidemic intelligence subnational data
Hungary,Pest,HU120,2021-33,12.4893801721067,Epidemic intelligence subnational data
Hungary,Pest,HU120,2021-34,20.8156336201779,Epidemic intelligence subnational data
Hungary,Pest,HU120,2021-35,33.6904884889546,Epidemic intelligence subnational data
Hungary,Pest,HU120,2021-36,41.2457925436858,Epidemic intelligence subnational data
Hungary,Pest,HU120,2021-37,59.594388105176,Epidemic intelligence subnational data
Hungary,Pest,HU120,2021-38,70.5418694906029,Epidemic intelligence subnational data
Hungary,Pest,HU120,2021-39,77.7887937879982,Epidemic intelligence subnational data
Hungary,Pest,HU120,2021-40,102.613364253544,Epidemic intelligence subnational data
Hungary,Pest,HU120,2021-41,140.466979466534,Epidemic intelligence subnational data
Hungary,Pest,HU120,2021-42,244.313862749421,Epidemic intelligence subnational data
Hungary,Pest,HU120,2021-43,418.47133070491,Epidemic intelligence subnational data
Hungary,Pest,HU120,2021-44,612.596387947902,Epidemic intelligence subnational data
Hungary,Pest,HU120,2021-45,835.40076262314,Epidemic intelligence subnational data
Hungary,Pest,HU120,2021-46,1068.30457435113,Epidemic intelligence subnational data
Hungary,Pest,HU120,2021-47,1340.29552032145,Epidemic intelligence subnational data
Hungary,Pest,HU120,2021-48,1335.20725432541,Epidemic intelligence subnational data
Hungary,Pest,HU120,2021-49,957.82752628552,Epidemic intelligence subnational data
Hungary,Pest,HU120,2021-50,650.604193039561,Epidemic intelligence subnational data
Hungary,Pest,HU120,2021-51,446.533888622483,Epidemic intelligence subnational data
Hungary,Pest,HU120,2021-52,364.504873171115,Epidemic intelligence subnational data
Hungary,Pest,HU120,2022-01,644.128218135505,Epidemic intelligence subnational data
Hungary,Pest,HU120,2022-02,1223.11121253379,Epidemic intelligence subnational data
Hungary,Pest,HU120,2022-03,1992.4416121477,Epidemic intelligence subnational data
Hungary,Pest,HU120,2022-04,2315.46940795712,Epidemic intelligence subnational data
Hungary,Fejer,HU211,2020-15,,Epidemic intelligence subnational data
Hungary,Fejer,HU211,2020-16,37.5057034947193,Epidemic intelligence subnational data
Hungary,Fejer,HU211,2020-17,35.1168051829538,Epidemic intelligence subnational data
Hungary,Fejer,HU211,2020-18,30.8167882217758,Epidemic intelligence subnational data
Hungary,Fejer,HU211,2020-19,16.4833983511824,Epidemic intelligence subnational data
Hungary,Fejer,HU211,2020-20,11.7056017276513,Epidemic intelligence subnational data
Hungary,Fejer,HU211,2020-21,7.40558476647325,Epidemic intelligence subnational data
Hungary,Fejer,HU211,2020-22,2.86667797411868,Epidemic intelligence subnational data
Hungary,Fejer,HU211,2020-23,1.19444915588278,Epidemic intelligence subnational data
Hungary,Fejer,HU211,2020-24,1.19444915588278,Epidemic intelligence subnational data
Hungary,Fejer,HU211,2020-25,0.477779662353113,Epidemic intelligence subnational data
Hungary,Fejer,HU211,2020-26,0.238889831176556,Epidemic intelligence subnational data
Hungary,Fejer,HU211,2020-27,0.716669493529669,Epidemic intelligence subnational data
Hungary,Fejer,HU211,2020-28,0.477779662353113,Epidemic intelligence subnational data
Hungary,Fejer,HU211,2020-29,0,Epidemic intelligence subnational data
Hungary,Fejer,HU211,2020-30,0.238889831176556,Epidemic intelligence subnational data
Hungary,Fejer,HU211,2020-31,0,Epidemic intelligence subnational data
Hungary,Fejer,HU211,2020-32,0.477779662353113,Epidemic intelligence subnational data
Hungary,Fejer,HU211,2020-33,2.86667797411868,Epidemic intelligence subnational data
Hungary,Fejer,HU211,2020-34,4.53890679235457,Epidemic intelligence subnational data
Hungary,Fejer,HU211,2020-35,10.9889322341216,Epidemic intelligence subnational data
Hungary,Fejer,HU211,2020-36,41.5668306247208,Epidemic intelligence subnational data
Hungary,Fejer,HU211,2020-37,86.4781188859134,Epidemic intelligence subnational data
Hungary,Fejer,HU211,2020-38,103.678186730625,Epidemic intelligence subnational data
Hungary,Fejer,HU211,2020-39,98.6615002759178,Epidemic intelligence subnational data
Hungary,Fejer,HU211,2020-40,86.2392290547368,Epidemic intelligence subnational data
Hungary,Fejer,HU211,2020-41,91.2559155094445,Epidemic intelligence subnational data
Hungary,Fejer,HU211,2020-42,117.533796938866,Epidemic intelligence subnational data
Hungary,Fejer,HU211,2020-43,168.895110641825,Epidemic intelligence subnational data
Hungary,Fejer,HU211,2020-44,298.373399139519,Epidemic intelligence subnational data
Hungary,Fejer,HU211,2020-45,436.451721559568,Epidemic intelligence subnational data
Hungary,Fejer,HU211,2020-46,449.112882611926,Epidemic intelligence subnational data
Hungary,Fejer,HU211,2020-47,501.907535301945,Epidemic intelligence subnational data
Hungary,Fejer,HU211,2020-48,591.969001655507,Epidemic intelligence subnational data
Hungary,Fejer,HU211,2020-49,603.674603383158,Epidemic intelligence subnational data
Hungary,Fejer,HU211,2020-50,592.685671149036,Epidemic intelligence subnational data
Hungary,Fejer,HU211,2020-51,507.163111587829,Epidemic intelligence subnational data
Hungary,Fejer,HU211,2020-52,331.340195841884,Epidemic intelligence subnational data
Hungary,Fejer,HU211,2020-53,269.467729567156,Epidemic intelligence subnational data
Hungary,Fejer,HU211,2021-01,372.668136635428,Epidemic intelligence subnational data
Hungary,Fejer,HU211,2021-02,333.01242466012,Epidemic intelligence subnational data
Hungary,Fejer,HU211,2021-03,232.917585397142,Epidemic intelligence subnational data
Hungary,Fejer,HU211,2021-04,199.473009032425,Epidemic intelligence subnational data
Hungary,Fejer,HU211,2021-05,168.417330979472,Epidemic intelligence subnational data
Hungary,Fejer,HU211,2021-06,163.161754693588,Epidemic intelligence subnational data
Hungary,Fejer,HU211,2021-07,258.478797333034,Epidemic intelligence subnational data
Hungary,Fejer,HU211,2021-08,490.918603067823,Epidemic intelligence subnational data
Hungary,Fejer,HU211,2021-09,808.403188701467,Epidemic intelligence subnational data
Hungary,Fejer,HU211,2021-10,1166.02126597277,Epidemic intelligence subnational data
Hungary,Fejer,HU211,2021-11,1462.00576680052,Epidemic intelligence subnational data
Hungary,Fejer,HU211,2021-12,1496.8836821523,Epidemic intelligence subnational data
Hungary,Fejer,HU211,2021-13,1369.31651230402,Epidemic intelligence subnational data
Hungary,Fejer,HU211,2021-14,1106.77658784099,Epidemic intelligence subnational data
Hungary,Fejer,HU211,2021-15,737.691798673206,Epidemic intelligence subnational data
Hungary,Fejer,HU211,2021-16,501.429755639592,Epidemic intelligence subnational data
Hungary,Fejer,HU211,2021-17,340.418009426593,Epidemic intelligence subnational data
Hungary,Fejer,HU211,2021-18,219.061975188902,Epidemic intelligence subnational data
Hungary,Fejer,HU211,2021-19,136.883873264167,Epidemic intelligence subnational data
Hungary,Fejer,HU211,2021-20,76.444745976498,Epidemic intelligence subnational data
Hungary,Fejer,HU211,2021-21,50.8835340406065,Epidemic intelligence subnational data
Hungary,Fejer,HU211,2021-22,37.2668136635428,Epidemic intelligence subnational data
Hungary,Fejer,HU211,2021-23,18.872296662948,Epidemic intelligence subnational data
Hungary,Fejer,HU211,2021-24,11.4667118964747,Epidemic intelligence subnational data
Hungary,Fejer,HU211,2021-25,6.68891527294358,Epidemic intelligence subnational data
Hungary,Fejer,HU211,2021-26,3.58334746764835,Epidemic intelligence subnational data
Hungary,Fejer,HU211,2021-27,3.58334746764835,Epidemic intelligence subnational data
Hungary,Fejer,HU211,2021-28,4.30001696117801,Epidemic intelligence subnational data
Hungary,Fejer,HU211,2021-29,5.25557628588424,Epidemic intelligence subnational data
Hungary,Fejer,HU211,2021-30,7.16669493529669,Epidemic intelligence subnational data
Hungary,Fejer,HU211,2021-31,6.68891527294358,Epidemic intelligence subnational data
Hungary,Fejer,HU211,2021-32,6.92780510412013,Epidemic intelligence subnational data
Hungary,Fejer,HU211,2021-33,11.4667118964747,Epidemic intelligence subnational data
Hungary,Fejer,HU211,2021-34,18.3945170005948,Epidemic intelligence subnational data
Hungary,Fejer,HU211,2021-35,24.1278729488322,Epidemic intelligence subnational data
Hungary,Fejer,HU211,2021-36,25.5612119358915,Epidemic intelligence subnational data
Hungary,Fejer,HU211,2021-37,28.6667797411868,Epidemic intelligence subnational data
Hungary,Fejer,HU211,2021-38,33.2056865335413,Epidemic intelligence subnational data
Hungary,Fejer,HU211,2021-39,38.9390424817787,Epidemic intelligence subnational data
Hungary,Fejer,HU211,2021-40,48.972415391194,Epidemic intelligence subnational data
Hungary,Fejer,HU211,2021-41,82.6558815870885,Epidemic intelligence subnational data
Hungary,Fejer,HU211,2021-42,168.656220810649,Epidemic intelligence subnational data
Hungary,Fejer,HU211,2021-43,311.512339854229,Epidemic intelligence subnational data
Hungary,Fejer,HU211,2021-44,477.30188269076,Epidemic intelligence subnational data
Hungary,Fejer,HU211,2021-45,659.335934047295,Epidemic intelligence subnational data
Hungary,Fejer,HU211,2021-46,870.514544807371,Epidemic intelligence subnational data
Hungary,Fejer,HU211,2021-47,1164.58792698571,Epidemic intelligence subnational data
Hungary,Fejer,HU211,2021-48,1236.0159865075,Epidemic intelligence subnational data
Hungary,Fejer,HU211,2021-49,953.409316225636,Epidemic intelligence subnational data
Hungary,Fejer,HU211,2021-50,738.169578335559,Epidemic intelligence subnational data
Hungary,Fejer,HU211,2021-51,545.624374407255,Epidemic intelligence subnational data
Hungary,Fejer,HU211,2021-52,376.490373934253,Epidemic intelligence subnational data
Hungary,Fejer,HU211,2022-01,525.796518419601,Epidemic intelligence subnational data
Hungary,Fejer,HU211,2022-02,824.647697221472,Epidemic intelligence subnational data
Hungary,Fejer,HU211,2022-03,1379.58877504461,Epidemic intelligence subnational data
Hungary,Fejer,HU211,2022-04,1897.26303920421,Epidemic intelligence subnational data
Hungary,Komarom-Esztergom,HU212,2020-15,,Epidemic intelligence subnational data
Hungary,Komarom-Esztergom,HU212,2020-16,11.2958687021379,Epidemic intelligence subnational data
Hungary,Komarom-Esztergom,HU212,2020-17,23.9206631339391,Epidemic intelligence subnational data
Hungary,Komarom-Esztergom,HU212,2020-18,33.2231432415821,Epidemic intelligence subnational data
Hungary,Komarom-Esztergom,HU212,2020-19,26.9107460256815,Epidemic intelligence subnational data
Hungary,Komarom-Esztergom,HU212,2020-20,16.9438030532069,Epidemic intelligence subnational data
Hungary,Komarom-Esztergom,HU212,2020-21,22.9239688366916,Epidemic intelligence subnational data
Hungary,Komarom-Esztergom,HU212,2020-22,22.9239688366916,Epidemic intelligence subnational data
Hungary,Komarom-Esztergom,HU212,2020-23,14.6181830262961,Epidemic intelligence subnational data
Hungary,Komarom-Esztergom,HU212,2020-24,10.9636372697221,Epidemic intelligence subnational data
Hungary,Komarom-Esztergom,HU212,2020-25,4.98347148623731,Epidemic intelligence subnational data
Hungary,Komarom-Esztergom,HU212,2020-26,1.99338859449493,Epidemic intelligence subnational data
Hungary,Komarom-Esztergom,HU212,2020-27,1.6611571620791,Epidemic intelligence subnational data
Hungary,Komarom-Esztergom,HU212,2020-28,0.332231432415821,Epidemic intelligence subnational data
Hungary,Komarom-Esztergom,HU212,2020-29,0.664462864831642,Epidemic intelligence subnational data
Hungary,Komarom-Esztergom,HU212,2020-30,1.32892572966328,Epidemic intelligence subnational data
Hungary,Komarom-Esztergom,HU212,2020-31,0.996694297247463,Epidemic intelligence subnational data
Hungary,Komarom-Esztergom,HU212,2020-32,0.996694297247463,Epidemic intelligence subnational data
Hungary,Komarom-Esztergom,HU212,2020-33,0.996694297247463,Epidemic intelligence subnational data
Hungary,Komarom-Esztergom,HU212,2020-34,0.996694297247463,Epidemic intelligence subnational data
Hungary,Komarom-Esztergom,HU212,2020-35,10.2991744048905,Epidemic intelligence subnational data
Hungary,Komarom-Esztergom,HU212,2020-36,23.5884317015233,Epidemic intelligence subnational data
Hungary,Komarom-Esztergom,HU212,2020-37,51.8281034568681,Epidemic intelligence subnational data
Hungary,Komarom-Esztergom,HU212,2020-38,102.327281184073,Epidemic intelligence subnational data
Hungary,Komarom-Esztergom,HU212,2020-39,109.304141264805,Epidemic intelligence subnational data
Hungary,Komarom-Esztergom,HU212,2020-40,95.0181896709248,Epidemic intelligence subnational data
Hungary,Komarom-Esztergom,HU212,2020-41,106.646289805479,Epidemic intelligence subnational data
Hungary,Komarom-Esztergom,HU212,2020-42,137.54381302015,Epidemic intelligence subnational data
Hungary,Komarom-Esztergom,HU212,2020-43,200.003322314324,Epidemic intelligence subnational data
Hungary,Komarom-Esztergom,HU212,2020-44,247.512417149787,Epidemic intelligence subnational data
Hungary,Komarom-Esztergom,HU212,2020-45,393.362015980332,Epidemic intelligence subnational data
Hungary,Komarom-Esztergom,HU212,2020-46,661.472781939899,Epidemic intelligence subnational data
Hungary,Komarom-Esztergom,HU212,2020-47,736.224854233459,Epidemic intelligence subnational data
Hungary,Komarom-Esztergom,HU212,2020-48,761.474443097062,Epidemic intelligence subnational data
Hungary,Komarom-Esztergom,HU212,2020-49,814.963703716009,Epidemic intelligence subnational data
Hungary,Komarom-Esztergom,HU212,2020-50,708.649645342946,Epidemic intelligence subnational data
Hungary,Komarom-Esztergom,HU212,2020-51,610.973604212695,Epidemic intelligence subnational data
Hungary,Komarom-Esztergom,HU212,2020-52,397.348793169322,Epidemic intelligence subnational data
Hungary,Komarom-Esztergom,HU212,2020-53,215.285968205452,Epidemic intelligence subnational data
Hungary,Komarom-Esztergom,HU212,2021-01,280.071097526537,Epidemic intelligence subnational data
Hungary,Komarom-Esztergom,HU212,2021-02,292.695891958338,Epidemic intelligence subnational data
Hungary,Komarom-Esztergom,HU212,2021-03,217.279356799947,Epidemic intelligence subnational data
Hungary,Komarom-Esztergom,HU212,2021-04,211.631422448878,Epidemic intelligence subnational data
Hungary,Komarom-Esztergom,HU212,2021-05,253.160351500856,Epidemic intelligence subnational data
Hungary,Komarom-Esztergom,HU212,2021-06,333.560358145484,Epidemic intelligence subnational data
Hungary,Komarom-Esztergom,HU212,2021-07,531.570291865313,Epidemic intelligence subnational data
Hungary,Komarom-Esztergom,HU212,2021-08,800.677752122128,Epidemic intelligence subnational data
Hungary,Komarom-Esztergom,HU212,2021-09,1163.47447632021,Epidemic intelligence subnational data
Hungary,Komarom-Esztergom,HU212,2021-10,1544.21169786874,Epidemic intelligence subnational data
Hungary,Komarom-Esztergom,HU212,2021-11,1618.63153872988,Epidemic intelligence subnational data
Hungary,Komarom-Esztergom,HU212,2021-12,1452.18359108955,Epidemic intelligence subnational data
Hungary,Komarom-Esztergom,HU212,2021-13,1221.28274556056,Epidemic intelligence subnational data
Hungary,Komarom-Esztergom,HU212,2021-14,826.259572418147,Epidemic intelligence subnational data
Hungary,Komarom-Esztergom,HU212,2021-15,499.011611488563,Epidemic intelligence subnational data
Hungary,Komarom-Esztergom,HU212,2021-16,345.85292114487,Epidemic intelligence subnational data
Hungary,Komarom-Esztergom,HU212,2021-17,216.947125367531,Epidemic intelligence subnational data
Hungary,Komarom-Esztergom,HU212,2021-18,137.54381302015,Epidemic intelligence subnational data
Hungary,Komarom-Esztergom,HU212,2021-19,124.254555723517,Epidemic intelligence subnational data
Hungary,Komarom-Esztergom,HU212,2021-20,100.99835545441,Epidemic intelligence subnational data
Hungary,Komarom-Esztergom,HU212,2021-21,57.476037807937,Epidemic intelligence subnational data
Hungary,Komarom-Esztergom,HU212,2021-22,34.2198375388296,Epidemic intelligence subnational data
Hungary,Komarom-Esztergom,HU212,2021-23,20.5983488097809,Epidemic intelligence subnational data
Hungary,Komarom-Esztergom,HU212,2021-24,18.9371916477018,Epidemic intelligence subnational data
Hungary,Komarom-Esztergom,HU212,2021-25,13.6214887290487,Epidemic intelligence subnational data
Hungary,Komarom-Esztergom,HU212,2021-26,7.30909151314806,Epidemic intelligence subnational data
Hungary,Komarom-Esztergom,HU212,2021-27,5.31570291865313,Epidemic intelligence subnational data
Hungary,Komarom-Esztergom,HU212,2021-28,5.64793435106896,Epidemic intelligence subnational data
Hungary,Komarom-Esztergom,HU212,2021-29,5.31570291865313,Epidemic intelligence subnational data
Hungary,Komarom-Esztergom,HU212,2021-30,6.64462864831642,Epidemic intelligence subnational data
Hungary,Komarom-Esztergom,HU212,2021-31,4.98347148623731,Epidemic intelligence subnational data
Hungary,Komarom-Esztergom,HU212,2021-32,2.99008289174239,Epidemic intelligence subnational data
Hungary,Komarom-Esztergom,HU212,2021-33,4.31900862140567,Epidemic intelligence subnational data
Hungary,Komarom-Esztergom,HU212,2021-34,11.2958687021379,Epidemic intelligence subnational data
Hungary,Komarom-Esztergom,HU212,2021-35,15.2826458911278,Epidemic intelligence subnational data
Hungary,Komarom-Esztergom,HU212,2021-36,15.9471087559594,Epidemic intelligence subnational data
Hungary,Komarom-Esztergom,HU212,2021-37,25.2495888636024,Epidemic intelligence subnational data
Hungary,Komarom-Esztergom,HU212,2021-38,28.5719031877606,Epidemic intelligence subnational data
Hungary,Komarom-Esztergom,HU212,2021-39,30.2330603498397,Epidemic intelligence subnational data
Hungary,Komarom-Esztergom,HU212,2021-40,36.8776889981561,Epidemic intelligence subnational data
Hungary,Komarom-Esztergom,HU212,2021-41,48.8380205651257,Epidemic intelligence subnational data
Hungary,Komarom-Esztergom,HU212,2021-42,108.307446967558,Epidemic intelligence subnational data
Hungary,Komarom-Esztergom,HU212,2021-43,205.319025232977,Epidemic intelligence subnational data
Hungary,Komarom-Esztergom,HU212,2021-44,343.527301117959,Epidemic intelligence subnational data
Hungary,Komarom-Esztergom,HU212,2021-45,483.728965597435,Epidemic intelligence subnational data
Hungary,Komarom-Esztergom,HU212,2021-46,602.003355537467,Epidemic intelligence subnational data
Hungary,Komarom-Esztergom,HU212,2021-47,903.337264738617,Epidemic intelligence subnational data
Hungary,Komarom-Esztergom,HU212,2021-48,1193.37530523763,Epidemic intelligence subnational data
Hungary,Komarom-Esztergom,HU212,2021-49,1106.6629013771,Epidemic intelligence subnational data
Hungary,Komarom-Esztergom,HU212,2021-50,848.851309822422,Epidemic intelligence subnational data
Hungary,Komarom-Esztergom,HU212,2021-51,559.145500755827,Epidemic intelligence subnational data
Hungary,Komarom-Esztergom,HU212,2021-52,385.720693034768,Epidemic intelligence subnational data
Hungary,Komarom-Esztergom,HU212,2022-01,553.497566404758,Epidemic intelligence subnational data
Hungary,Komarom-Esztergom,HU212,2022-02,910.646356251765,Epidemic intelligence subnational data
Hungary,Komarom-Esztergom,HU212,2022-03,1679.09765942956,Epidemic intelligence subnational data
Hungary,Komarom-Esztergom,HU212,2022-04,2478.77871725444,Epidemic intelligence subnational data
Hungary,Veszprem,HU213,2020-15,,Epidemic intelligence subnational data
Hungary,Veszprem,HU213,2020-16,11.1385667009617,Epidemic intelligence subnational data
Hungary,Veszprem,HU213,2020-17,6.44864387950416,Epidemic intelligence subnational data
Hungary,Veszprem,HU213,2020-18,2.93120176341098,Epidemic intelligence subnational data
Hungary,Veszprem,HU213,2020-19,1.75872105804659,Epidemic intelligence subnational data
Hungary,Veszprem,HU213,2020-20,1.46560088170549,Epidemic intelligence subnational data
Hungary,Veszprem,HU213,2020-21,0.879360529023294,Epidemic intelligence subnational data
Hungary,Veszprem,HU213,2020-22,0.879360529023294,Epidemic intelligence subnational data
Hungary,Veszprem,HU213,2020-23,0.586240352682196,Epidemic intelligence subnational data
Hungary,Veszprem,HU213,2020-24,-0.879360529023294,Epidemic intelligence subnational data
Hungary,Veszprem,HU213,2020-25,-1.17248070536439,Epidemic intelligence subnational data
Hungary,Veszprem,HU213,2020-26,0,Epidemic intelligence subnational data
Hungary,Veszprem,HU213,2020-27,0,Epidemic intelligence subnational data
Hungary,Veszprem,HU213,2020-28,0,Epidemic intelligence subnational data
Hungary,Veszprem,HU213,2020-29,0.586240352682196,Epidemic intelligence subnational data
Hungary,Veszprem,HU213,2020-30,1.17248070536439,Epidemic intelligence subnational data
Hungary,Veszprem,HU213,2020-31,3.22432193975208,Epidemic intelligence subnational data
Hungary,Veszprem,HU213,2020-32,18.7596912858303,Epidemic intelligence subnational data
Hungary,Veszprem,HU213,2020-33,21.1046526965591,Epidemic intelligence subnational data
Hungary,Veszprem,HU213,2020-34,7.91424476120965,Epidemic intelligence subnational data
Hungary,Veszprem,HU213,2020-35,15.5353693460782,Epidemic intelligence subnational data
Hungary,Veszprem,HU213,2020-36,35.4675413372729,Epidemic intelligence subnational data
Hungary,Veszprem,HU213,2020-37,60.3827563262662,Epidemic intelligence subnational data
Hungary,Veszprem,HU213,2020-38,85.2979713152596,Epidemic intelligence subnational data
Hungary,Veszprem,HU213,2020-39,84.7117309625774,Epidemic intelligence subnational data
Hungary,Veszprem,HU213,2020-40,86.4704520206239,Epidemic intelligence subnational data
Hungary,Veszprem,HU213,2020-41,126.041675826672,Epidemic intelligence subnational data
Hungary,Veszprem,HU213,2020-42,170.302822454178,Epidemic intelligence subnational data
Hungary,Veszprem,HU213,2020-43,332.691400147146,Epidemic intelligence subnational data
Hungary,Veszprem,HU213,2020-44,449.646350507244,Epidemic intelligence subnational data
Hungary,Veszprem,HU213,2020-45,605.586284320709,Epidemic intelligence subnational data
Hungary,Veszprem,HU213,2020-46,845.944828920409,Epidemic intelligence subnational data
Hungary,Veszprem,HU213,2020-47,779.699669067321,Epidemic intelligence subnational data
Hungary,Veszprem,HU213,2020-48,819.56401304971,Epidemic intelligence subnational data
Hungary,Veszprem,HU213,2020-49,933.294641470056,Epidemic intelligence subnational data
Hungary,Veszprem,HU213,2020-50,792.010716473647,Epidemic intelligence subnational data
Hungary,Veszprem,HU213,2020-51,620.535413314105,Epidemic intelligence subnational data
Hungary,Veszprem,HU213,2020-52,406.264564408762,Epidemic intelligence subnational data
Hungary,Veszprem,HU213,2020-53,276.119206113314,Epidemic intelligence subnational data
Hungary,Veszprem,HU213,2021-01,361.124057252233,Epidemic intelligence subnational data
Hungary,Veszprem,HU213,2021-02,327.122116796666,Epidemic intelligence subnational data
Hungary,Veszprem,HU213,2021-03,207.822205025839,Epidemic intelligence subnational data
Hungary,Veszprem,HU213,2021-04,207.822205025839,Epidemic intelligence subnational data
Hungary,Veszprem,HU213,2021-05,198.149239206582,Epidemic intelligence subnational data
Hungary,Veszprem,HU213,2021-06,181.148268978799,Epidemic intelligence subnational data
Hungary,Veszprem,HU213,2021-07,209.580926083885,Epidemic intelligence subnational data
Hungary,Veszprem,HU213,2021-08,293.999536870121,Epidemic intelligence subnational data
Hungary,Veszprem,HU213,2021-09,458.733075973819,Epidemic intelligence subnational data
Hungary,Veszprem,HU213,2021-10,711.695788156186,Epidemic intelligence subnational data
Hungary,Veszprem,HU213,2021-11,1005.40220484997,Epidemic intelligence subnational data
Hungary,Veszprem,HU213,2021-12,1202.08584317484,Epidemic intelligence subnational data
Hungary,Veszprem,HU213,2021-13,1294.12557854595,Epidemic intelligence subnational data
Hungary,Veszprem,HU213,2021-14,1198.56840105875,Epidemic intelligence subnational data
Hungary,Veszprem,HU213,2021-15,937.984564291514,Epidemic intelligence subnational data
Hungary,Veszprem,HU213,2021-16,704.954024100341,Epidemic intelligence subnational data
Hungary,Veszprem,HU213,2021-17,486.286372549882,Epidemic intelligence subnational data
Hungary,Veszprem,HU213,2021-18,315.690429919363,Epidemic intelligence subnational data
Hungary,Veszprem,HU213,2021-19,225.995655958987,Epidemic intelligence subnational data
Hungary,Veszprem,HU213,2021-20,161.802337340286,Epidemic intelligence subnational data
Hungary,Veszprem,HU213,2021-21,91.7466151947637,Epidemic intelligence subnational data
Hungary,Veszprem,HU213,2021-22,51.5891510360333,Epidemic intelligence subnational data
Hungary,Veszprem,HU213,2021-23,29.898257986792,Epidemic intelligence subnational data
Hungary,Veszprem,HU213,2021-24,17.0009702277837,Epidemic intelligence subnational data
Hungary,Veszprem,HU213,2021-25,11.4316868773028,Epidemic intelligence subnational data
Hungary,Veszprem,HU213,2021-26,6.74176405584526,Epidemic intelligence subnational data
Hungary,Veszprem,HU213,2021-27,6.44864387950416,Epidemic intelligence subnational data
Hungary,Veszprem,HU213,2021-28,8.79360529023294,Epidemic intelligence subnational data
Hungary,Veszprem,HU213,2021-29,7.91424476120965,Epidemic intelligence subnational data
Hungary,Veszprem,HU213,2021-30,7.32800440852745,Epidemic intelligence subnational data
Hungary,Veszprem,HU213,2021-31,7.32800440852745,Epidemic intelligence subnational data
Hungary,Veszprem,HU213,2021-32,5.86240352682196,Epidemic intelligence subnational data
Hungary,Veszprem,HU213,2021-33,7.91424476120965,Epidemic intelligence subnational data
Hungary,Veszprem,HU213,2021-34,12.3110474063261,Epidemic intelligence subnational data
Hungary,Veszprem,HU213,2021-35,19.9321719911947,Epidemic intelligence subnational data
Hungary,Veszprem,HU213,2021-36,31.0707386921564,Epidemic intelligence subnational data
Hungary,Veszprem,HU213,2021-37,40.7437045114126,Epidemic intelligence subnational data
Hungary,Veszprem,HU213,2021-38,50.1235501543278,Epidemic intelligence subnational data
Hungary,Veszprem,HU213,2021-39,66.5382800294293,Epidemic intelligence subnational data
Hungary,Veszprem,HU213,2021-40,75.6250054960033,Epidemic intelligence subnational data
Hungary,Veszprem,HU213,2021-41,88.5222932550116,Epidemic intelligence subnational data
Hungary,Veszprem,HU213,2021-42,150.956890815666,Epidemic intelligence subnational data
Hungary,Veszprem,HU213,2021-43,273.774244702586,Epidemic intelligence subnational data
Hungary,Veszprem,HU213,2021-44,475.14780584892,Epidemic intelligence subnational data
Hungary,Veszprem,HU213,2021-45,774.13038571684,Epidemic intelligence subnational data
Hungary,Veszprem,HU213,2021-46,1072.52672523208,Epidemic intelligence subnational data
Hungary,Veszprem,HU213,2021-47,1622.12705587164,Epidemic intelligence subnational data
Hungary,Veszprem,HU213,2021-48,1967.12950342511,Epidemic intelligence subnational data
Hungary,Veszprem,HU213,2021-49,1562.03741972171,Epidemic intelligence subnational data
Hungary,Veszprem,HU213,2021-50,1012.14396890581,Epidemic intelligence subnational data
Hungary,Veszprem,HU213,2021-51,619.069812432399,Epidemic intelligence subnational data
Hungary,Veszprem,HU213,2021-52,418.575611815088,Epidemic intelligence subnational data
Hungary,Veszprem,HU213,2022-01,579.20546845001,Epidemic intelligence subnational data
Hungary,Veszprem,HU213,2022-02,901.344542248877,Epidemic intelligence subnational data
Hungary,Veszprem,HU213,2022-03,1633.85186292528,Epidemic intelligence subnational data
Hungary,Veszprem,HU213,2022-04,2385.41199506386,Epidemic intelligence subnational data
Hungary,Gyor-Moson-Sopron,HU221,2020-15,,Epidemic intelligence subnational data
Hungary,Gyor-Moson-Sopron,HU221,2020-16,8.66549295030445,Epidemic intelligence subnational data
Hungary,Gyor-Moson-Sopron,HU221,2020-17,3.17030229889187,Epidemic intelligence subnational data
Hungary,Gyor-Moson-Sopron,HU221,2020-18,1.26812091955675,Epidemic intelligence subnational data
Hungary,Gyor-Moson-Sopron,HU221,2020-19,1.26812091955675,Epidemic intelligence subnational data
Hungary,Gyor-Moson-Sopron,HU221,2020-20,0.634060459778375,Epidemic intelligence subnational data
Hungary,Gyor-Moson-Sopron,HU221,2020-21,0.211353486592792,Epidemic intelligence subnational data
Hungary,Gyor-Moson-Sopron,HU221,2020-22,0.211353486592792,Epidemic intelligence subnational data
Hungary,Gyor-Moson-Sopron,HU221,2020-23,0.211353486592792,Epidemic intelligence subnational data
Hungary,Gyor-Moson-Sopron,HU221,2020-24,0.211353486592792,Epidemic intelligence subnational data
Hungary,Gyor-Moson-Sopron,HU221,2020-25,0.211353486592792,Epidemic intelligence subnational data
Hungary,Gyor-Moson-Sopron,HU221,2020-26,0,Epidemic intelligence subnational data
Hungary,Gyor-Moson-Sopron,HU221,2020-27,0.422706973185583,Epidemic intelligence subnational data
Hungary,Gyor-Moson-Sopron,HU221,2020-28,0.634060459778375,Epidemic intelligence subnational data
Hungary,Gyor-Moson-Sopron,HU221,2020-29,0.422706973185583,Epidemic intelligence subnational data
Hungary,Gyor-Moson-Sopron,HU221,2020-30,1.90218137933512,Epidemic intelligence subnational data
Hungary,Gyor-Moson-Sopron,HU221,2020-31,2.5362418391135,Epidemic intelligence subnational data
Hungary,Gyor-Moson-Sopron,HU221,2020-32,1.26812091955675,Epidemic intelligence subnational data
Hungary,Gyor-Moson-Sopron,HU221,2020-33,1.47947440614954,Epidemic intelligence subnational data
Hungary,Gyor-Moson-Sopron,HU221,2020-34,2.74759532570629,Epidemic intelligence subnational data
Hungary,Gyor-Moson-Sopron,HU221,2020-35,11.6244417626035,Epidemic intelligence subnational data
Hungary,Gyor-Moson-Sopron,HU221,2020-36,30.6462555559548,Epidemic intelligence subnational data
Hungary,Gyor-Moson-Sopron,HU221,2020-37,75.8759016868122,Epidemic intelligence subnational data
Hungary,Gyor-Moson-Sopron,HU221,2020-38,131.884575633902,Epidemic intelligence subnational data
Hungary,Gyor-Moson-Sopron,HU221,2020-39,170.35091019379,Epidemic intelligence subnational data
Hungary,Gyor-Moson-Sopron,HU221,2020-40,179.861817090466,Epidemic intelligence subnational data
Hungary,Gyor-Moson-Sopron,HU221,2020-41,246.226811880602,Epidemic intelligence subnational data
Hungary,Gyor-Moson-Sopron,HU221,2020-42,295.049467283537,Epidemic intelligence subnational data
Hungary,Gyor-Moson-Sopron,HU221,2020-43,328.654671651791,Epidemic intelligence subnational data
Hungary,Gyor-Moson-Sopron,HU221,2020-44,512.320851500927,Epidemic intelligence subnational data
Hungary,Gyor-Moson-Sopron,HU221,2020-45,933.971057253546,Epidemic intelligence subnational data
Hungary,Gyor-Moson-Sopron,HU221,2020-46,1128.20491143232,Epidemic intelligence subnational data
Hungary,Gyor-Moson-Sopron,HU221,2020-47,833.155444148785,Epidemic intelligence subnational data
Hungary,Gyor-Moson-Sopron,HU221,2020-48,737.41231472225,Epidemic intelligence subnational data
Hungary,Gyor-Moson-Sopron,HU221,2020-49,765.945035412277,Epidemic intelligence subnational data
Hungary,Gyor-Moson-Sopron,HU221,2020-50,606.584506521312,Epidemic intelligence subnational data
Hungary,Gyor-Moson-Sopron,HU221,2020-51,415.520954641428,Epidemic intelligence subnational data
Hungary,Gyor-Moson-Sopron,HU221,2020-52,267.784867513067,Epidemic intelligence subnational data
Hungary,Gyor-Moson-Sopron,HU221,2020-53,205.858295941379,Epidemic intelligence subnational data
Hungary,Gyor-Moson-Sopron,HU221,2021-01,226.148230654287,Epidemic intelligence subnational data
Hungary,Gyor-Moson-Sopron,HU221,2021-02,214.312435405091,Epidemic intelligence subnational data
Hungary,Gyor-Moson-Sopron,HU221,2021-03,140.127361611021,Epidemic intelligence subnational data
Hungary,Gyor-Moson-Sopron,HU221,2021-04,128.291566361825,Epidemic intelligence subnational data
Hungary,Gyor-Moson-Sopron,HU221,2021-05,165.489780002156,Epidemic intelligence subnational data
Hungary,Gyor-Moson-Sopron,HU221,2021-06,221.709807435838,Epidemic intelligence subnational data
Hungary,Gyor-Moson-Sopron,HU221,2021-07,350.212727284256,Epidemic intelligence subnational data
Hungary,Gyor-Moson-Sopron,HU221,2021-08,613.136464605688,Epidemic intelligence subnational data
Hungary,Gyor-Moson-Sopron,HU221,2021-09,952.781517560305,Epidemic intelligence subnational data
Hungary,Gyor-Moson-Sopron,HU221,2021-10,1267.27550561038,Epidemic intelligence subnational data
Hungary,Gyor-Moson-Sopron,HU221,2021-11,1388.16969994146,Epidemic intelligence subnational data
Hungary,Gyor-Moson-Sopron,HU221,2021-12,1298.34446813952,Epidemic intelligence subnational data
Hungary,Gyor-Moson-Sopron,HU221,2021-13,1098.82677679592,Epidemic intelligence subnational data
Hungary,Gyor-Moson-Sopron,HU221,2021-14,847.104774263909,Epidemic intelligence subnational data
Hungary,Gyor-Moson-Sopron,HU221,2021-15,605.739092574941,Epidemic intelligence subnational data
Hungary,Gyor-Moson-Sopron,HU221,2021-16,402.839745445861,Epidemic intelligence subnational data
Hungary,Gyor-Moson-Sopron,HU221,2021-17,274.125472110851,Epidemic intelligence subnational data
Hungary,Gyor-Moson-Sopron,HU221,2021-18,222.55522138221,Epidemic intelligence subnational data
Hungary,Gyor-Moson-Sopron,HU221,2021-19,186.836482148028,Epidemic intelligence subnational data
Hungary,Gyor-Moson-Sopron,HU221,2021-20,116.033064139443,Epidemic intelligence subnational data
Hungary,Gyor-Moson-Sopron,HU221,2021-21,62.5606320314663,Epidemic intelligence subnational data
Hungary,Gyor-Moson-Sopron,HU221,2021-22,35.2960322609962,Epidemic intelligence subnational data
Hungary,Gyor-Moson-Sopron,HU221,2021-23,19.8672277397224,Epidemic intelligence subnational data
Hungary,Gyor-Moson-Sopron,HU221,2021-24,12.6812091955675,Epidemic intelligence subnational data
Hungary,Gyor-Moson-Sopron,HU221,2021-25,7.39737203074771,Epidemic intelligence subnational data
Hungary,Gyor-Moson-Sopron,HU221,2021-26,5.072483678227,Epidemic intelligence subnational data
Hungary,Gyor-Moson-Sopron,HU221,2021-27,5.70654413800537,Epidemic intelligence subnational data
Hungary,Gyor-Moson-Sopron,HU221,2021-28,5.49519065141258,Epidemic intelligence subnational data
Hungary,Gyor-Moson-Sopron,HU221,2021-29,5.28383716481979,Epidemic intelligence subnational data
Hungary,Gyor-Moson-Sopron,HU221,2021-30,6.12925111119096,Epidemic intelligence subnational data
Hungary,Gyor-Moson-Sopron,HU221,2021-31,7.18601854415491,Epidemic intelligence subnational data
Hungary,Gyor-Moson-Sopron,HU221,2021-32,11.4130882760108,Epidemic intelligence subnational data
Hungary,Gyor-Moson-Sopron,HU221,2021-33,12.6812091955675,Epidemic intelligence subnational data
Hungary,Gyor-Moson-Sopron,HU221,2021-34,15.8515114944594,Epidemic intelligence subnational data
Hungary,Gyor-Moson-Sopron,HU221,2021-35,28.9554276632125,Epidemic intelligence subnational data
Hungary,Gyor-Moson-Sopron,HU221,2021-36,34.450618314625,Epidemic intelligence subnational data
Hungary,Gyor-Moson-Sopron,HU221,2021-37,38.4663345598881,Epidemic intelligence subnational data
Hungary,Gyor-Moson-Sopron,HU221,2021-38,45.652353104043,Epidemic intelligence subnational data
Hungary,Gyor-Moson-Sopron,HU221,2021-39,50.0907763224916,Epidemic intelligence subnational data
Hungary,Gyor-Moson-Sopron,HU221,2021-40,71.8601854415491,Epidemic intelligence subnational data
Hungary,Gyor-Moson-Sopron,HU221,2021-41,91.7274131812716,Epidemic intelligence subnational data
Hungary,Gyor-Moson-Sopron,HU221,2021-42,137.8024732585,Epidemic intelligence subnational data
Hungary,Gyor-Moson-Sopron,HU221,2021-43,252.1447095052,Epidemic intelligence subnational data
Hungary,Gyor-Moson-Sopron,HU221,2021-44,429.470284756553,Epidemic intelligence subnational data
Hungary,Gyor-Moson-Sopron,HU221,2021-45,637.230762077267,Epidemic intelligence subnational data
Hungary,Gyor-Moson-Sopron,HU221,2021-46,876.905615873492,Epidemic intelligence subnational data
Hungary,Gyor-Moson-Sopron,HU221,2021-47,1221.20044553315,Epidemic intelligence subnational data
Hungary,Gyor-Moson-Sopron,HU221,2021-48,1260.9349010126,Epidemic intelligence subnational data
Hungary,Gyor-Moson-Sopron,HU221,2021-49,1005.19718223532,Epidemic intelligence subnational data
Hungary,Gyor-Moson-Sopron,HU221,2021-50,758.759016868122,Epidemic intelligence subnational data
Hungary,Gyor-Moson-Sopron,HU221,2021-51,470.261507668961,Epidemic intelligence subnational data
Hungary,Gyor-Moson-Sopron,HU221,2021-52,341.124527360766,Epidemic intelligence subnational data
Hungary,Gyor-Moson-Sopron,HU221,2022-01,537.894623378655,Epidemic intelligence subnational data
Hungary,Gyor-Moson-Sopron,HU221,2022-02,1023.1622285957,Epidemic intelligence subnational data
Hungary,Gyor-Moson-Sopron,HU221,2022-03,2107.40561481673,Epidemic intelligence subnational data
Hungary,Gyor-Moson-Sopron,HU221,2022-04,2982.40904931088,Epidemic intelligence subnational data
Hungary,Vas,HU222,2020-15,,Epidemic intelligence subnational data
Hungary,Vas,HU222,2020-16,1.57395420580238,Epidemic intelligence subnational data
Hungary,Vas,HU222,2020-17,0,Epidemic intelligence subnational data
Hungary,Vas,HU222,2020-18,-0.393488551450596,Epidemic intelligence subnational data
Hungary,Vas,HU222,2020-19,0,Epidemic intelligence subnational data
Hungary,Vas,HU222,2020-20,1.18046565435179,Epidemic intelligence subnational data
Hungary,Vas,HU222,2020-21,1.18046565435179,Epidemic intelligence subnational data
Hungary,Vas,HU222,2020-22,0,Epidemic intelligence subnational data
Hungary,Vas,HU222,2020-23,0,Epidemic intelligence subnational data
Hungary,Vas,HU222,2020-24,0,Epidemic intelligence subnational data
Hungary,Vas,HU222,2020-25,0,Epidemic intelligence subnational data
Hungary,Vas,HU222,2020-26,0,Epidemic intelligence subnational data
Hungary,Vas,HU222,2020-27,0,Epidemic intelligence subnational data
Hungary,Vas,HU222,2020-28,0.393488551450596,Epidemic intelligence subnational data
Hungary,Vas,HU222,2020-29,0.786977102901191,Epidemic intelligence subnational data
Hungary,Vas,HU222,2020-30,2.36093130870357,Epidemic intelligence subnational data
Hungary,Vas,HU222,2020-31,3.54139696305536,Epidemic intelligence subnational data
Hungary,Vas,HU222,2020-32,5.50883972030834,Epidemic intelligence subnational data
Hungary,Vas,HU222,2020-33,5.50883972030834,Epidemic intelligence subnational data
Hungary,Vas,HU222,2020-34,1.96744275725298,Epidemic intelligence subnational data
Hungary,Vas,HU222,2020-35,3.54139696305536,Epidemic intelligence subnational data
Hungary,Vas,HU222,2020-36,16.526519160925,Epidemic intelligence subnational data
Hungary,Vas,HU222,2020-37,39.3488551450596,Epidemic intelligence subnational data
Hungary,Vas,HU222,2020-38,101.913534825704,Epidemic intelligence subnational data
Hungary,Vas,HU222,2020-39,145.984252588171,Epidemic intelligence subnational data
Hungary,Vas,HU222,2020-40,130.244710530147,Epidemic intelligence subnational data
Hungary,Vas,HU222,2020-41,168.019611469404,Epidemic intelligence subnational data
Hungary,Vas,HU222,2020-42,270.72012339801,Epidemic intelligence subnational data
Hungary,Vas,HU222,2020-43,454.872765476888,Epidemic intelligence subnational data
Hungary,Vas,HU222,2020-44,521.76581922349,Epidemic intelligence subnational data
Hungary,Vas,HU222,2020-45,507.206742819818,Epidemic intelligence subnational data
Hungary,Vas,HU222,2020-46,797.601293790357,Epidemic intelligence subnational data
Hungary,Vas,HU222,2020-47,964.046951053959,Epidemic intelligence subnational data
Hungary,Vas,HU222,2020-48,986.869287038094,Epidemic intelligence subnational data
Hungary,Vas,HU222,2020-49,1018.74185970559,Epidemic intelligence subnational data
Hungary,Vas,HU222,2020-50,844.032942861527,Epidemic intelligence subnational data
Hungary,Vas,HU222,2020-51,623.679354049194,Epidemic intelligence subnational data
Hungary,Vas,HU222,2020-52,354.139696305536,Epidemic intelligence subnational data
Hungary,Vas,HU222,2020-53,218.779634606531,Epidemic intelligence subnational data
Hungary,Vas,HU222,2021-01,266.785237883504,Epidemic intelligence subnational data
Hungary,Vas,HU222,2021-02,232.158245355851,Epidemic intelligence subnational data
Hungary,Vas,HU222,2021-03,169.987054226657,Epidemic intelligence subnational data
Hungary,Vas,HU222,2021-04,193.202878762242,Epidemic intelligence subnational data
Hungary,Vas,HU222,2021-05,218.386146055081,Epidemic intelligence subnational data
Hungary,Vas,HU222,2021-06,179.824268012922,Epidemic intelligence subnational data
Hungary,Vas,HU222,2021-07,175.102405395515,Epidemic intelligence subnational data
Hungary,Vas,HU222,2021-08,304.953627374212,Epidemic intelligence subnational data
Hungary,Vas,HU222,2021-09,530.029078803952,Epidemic intelligence subnational data
Hungary,Vas,HU222,2021-10,837.737126038318,Epidemic intelligence subnational data
Hungary,Vas,HU222,2021-11,1089.17631041525,Epidemic intelligence subnational data
Hungary,Vas,HU222,2021-12,1297.33175413261,Epidemic intelligence subnational data
Hungary,Vas,HU222,2021-13,1300.87315109567,Epidemic intelligence subnational data
Hungary,Vas,HU222,2021-14,1099.80050130442,Epidemic intelligence subnational data
Hungary,Vas,HU222,2021-15,840.885034449923,Epidemic intelligence subnational data
Hungary,Vas,HU222,2021-16,532.783498664106,Epidemic intelligence subnational data
Hungary,Vas,HU222,2021-17,347.843879482327,Epidemic intelligence subnational data
Hungary,Vas,HU222,2021-18,235.306153767456,Epidemic intelligence subnational data
Hungary,Vas,HU222,2021-19,159.362863337491,Epidemic intelligence subnational data
Hungary,Vas,HU222,2021-20,132.605641838851,Epidemic intelligence subnational data
Hungary,Vas,HU222,2021-21,97.5851607597477,Epidemic intelligence subnational data
Hungary,Vas,HU222,2021-22,53.514442997281,Epidemic intelligence subnational data
Hungary,Vas,HU222,2021-23,33.4465268733006,Epidemic intelligence subnational data
Hungary,Vas,HU222,2021-24,17.7069848152768,Epidemic intelligence subnational data
Hungary,Vas,HU222,2021-25,16.9200077123756,Epidemic intelligence subnational data
Hungary,Vas,HU222,2021-26,12.1981450949685,Epidemic intelligence subnational data
Hungary,Vas,HU222,2021-27,6.68930537466012,Epidemic intelligence subnational data
Hungary,Vas,HU222,2021-28,8.26325958046251,Epidemic intelligence subnational data
Hungary,Vas,HU222,2021-29,7.86977102901191,Epidemic intelligence subnational data
Hungary,Vas,HU222,2021-30,6.29581682320953,Epidemic intelligence subnational data
Hungary,Vas,HU222,2021-31,5.11535116885774,Epidemic intelligence subnational data
Hungary,Vas,HU222,2021-32,6.29581682320953,Epidemic intelligence subnational data
Hungary,Vas,HU222,2021-33,5.90232827175893,Epidemic intelligence subnational data
Hungary,Vas,HU222,2021-34,5.11535116885774,Epidemic intelligence subnational data
Hungary,Vas,HU222,2021-35,16.9200077123756,Epidemic intelligence subnational data
Hungary,Vas,HU222,2021-36,27.9376871529923,Epidemic intelligence subnational data
Hungary,Vas,HU222,2021-37,31.8725726674982,Epidemic intelligence subnational data
Hungary,Vas,HU222,2021-38,38.5618780421584,Epidemic intelligence subnational data
Hungary,Vas,HU222,2021-39,53.514442997281,Epidemic intelligence subnational data
Hungary,Vas,HU222,2021-40,79.4846873930203,Epidemic intelligence subnational data
Hungary,Vas,HU222,2021-41,79.4846873930203,Epidemic intelligence subnational data
Hungary,Vas,HU222,2021-42,128.277267772894,Epidemic intelligence subnational data
Hungary,Vas,HU222,2021-43,236.486619421808,Epidemic intelligence subnational data
Hungary,Vas,HU222,2021-44,419.852284397786,Epidemic intelligence subnational data
Hungary,Vas,HU222,2021-45,666.963094708759,Epidemic intelligence subnational data
Hungary,Vas,HU222,2021-46,918.00879053424,Epidemic intelligence subnational data
Hungary,Vas,HU222,2021-47,1304.02105950727,Epidemic intelligence subnational data
Hungary,Vas,HU222,2021-48,1510.99603757029,Epidemic intelligence subnational data
Hungary,Vas,HU222,2021-49,1265.45918146512,Epidemic intelligence subnational data
Hungary,Vas,HU222,2021-50,868.429233051464,Epidemic intelligence subnational data
Hungary,Vas,HU222,2021-51,523.339773429292,Epidemic intelligence subnational data
Hungary,Vas,HU222,2021-52,371.453192569362,Epidemic intelligence subnational data
Hungary,Vas,HU222,2022-01,543.801178104723,Epidemic intelligence subnational data
Hungary,Vas,HU222,2022-02,993.165103861303,Epidemic intelligence subnational data
Hungary,Vas,HU222,2022-03,1979.2474137965,Epidemic intelligence subnational data
Hungary,Vas,HU222,2022-04,2819.34547114352,Epidemic intelligence subnational data
Hungary,Zala,HU223,2020-15,,Epidemic intelligence subnational data
Hungary,Zala,HU223,2020-16,11.5987144134605,Epidemic intelligence subnational data
Hungary,Zala,HU223,2020-17,24.3198850604817,Epidemic intelligence subnational data
Hungary,Zala,HU223,2020-18,36.6669036296493,Epidemic intelligence subnational data
Hungary,Zala,HU223,2020-19,28.8097099947245,Epidemic intelligence subnational data
Hungary,Zala,HU223,2020-20,32.1770786954065,Epidemic intelligence subnational data
Hungary,Zala,HU223,2020-21,26.9389496054566,Epidemic intelligence subnational data
Hungary,Zala,HU223,2020-22,10.8504102577534,Epidemic intelligence subnational data
Hungary,Zala,HU223,2020-23,4.48982493424277,Epidemic intelligence subnational data
Hungary,Zala,HU223,2020-24,2.24491246712139,Epidemic intelligence subnational data
Hungary,Zala,HU223,2020-25,0.748304155707129,Epidemic intelligence subnational data
Hungary,Zala,HU223,2020-26,0.374152077853564,Epidemic intelligence subnational data
Hungary,Zala,HU223,2020-27,0.374152077853564,Epidemic intelligence subnational data
Hungary,Zala,HU223,2020-28,0,Epidemic intelligence subnational data
Hungary,Zala,HU223,2020-29,0,Epidemic intelligence subnational data
Hungary,Zala,HU223,2020-30,1.12245623356069,Epidemic intelligence subnational data
Hungary,Zala,HU223,2020-31,1.12245623356069,Epidemic intelligence subnational data
Hungary,Zala,HU223,2020-32,0,Epidemic intelligence subnational data
Hungary,Zala,HU223,2020-33,5.2381290899499,Epidemic intelligence subnational data
Hungary,Zala,HU223,2020-34,5.2381290899499,Epidemic intelligence subnational data
Hungary,Zala,HU223,2020-35,6.36058532351059,Epidemic intelligence subnational data
Hungary,Zala,HU223,2020-36,24.6940371383353,Epidemic intelligence subnational data
Hungary,Zala,HU223,2020-37,41.9050327195992,Epidemic intelligence subnational data
Hungary,Zala,HU223,2020-38,52.7554429773526,Epidemic intelligence subnational data
Hungary,Zala,HU223,2020-39,69.592286480763,Epidemic intelligence subnational data
Hungary,Zala,HU223,2020-40,69.9664385586165,Epidemic intelligence subnational data
Hungary,Zala,HU223,2020-41,106.259190110412,Epidemic intelligence subnational data
Hungary,Zala,HU223,2020-42,181.089605681125,Epidemic intelligence subnational data
Hungary,Zala,HU223,2020-43,292.586924881487,Epidemic intelligence subnational data
Hungary,Zala,HU223,2020-44,409.322373171799,Epidemic intelligence subnational data
Hungary,Zala,HU223,2020-45,524.561213150697,Epidemic intelligence subnational data
Hungary,Zala,HU223,2020-46,603.133149499946,Epidemic intelligence subnational data
Hungary,Zala,HU223,2020-47,644.664030141691,Epidemic intelligence subnational data
Hungary,Zala,HU223,2020-48,776.365561546146,Epidemic intelligence subnational data
Hungary,Zala,HU223,2020-49,874.019253865926,Epidemic intelligence subnational data
Hungary,Zala,HU223,2020-50,784.222755181071,Epidemic intelligence subnational data
Hungary,Zala,HU223,2020-51,621.46660131477,Epidemic intelligence subnational data
Hungary,Zala,HU223,2020-52,386.873248500586,Epidemic intelligence subnational data
Hungary,Zala,HU223,2020-53,270.511952288127,Epidemic intelligence subnational data
Hungary,Zala,HU223,2021-01,328.131372277576,Epidemic intelligence subnational data
Hungary,Zala,HU223,2021-02,169.865043345518,Epidemic intelligence subnational data
Hungary,Zala,HU223,2021-03,209.89931567585,Epidemic intelligence subnational data
Hungary,Zala,HU223,2021-04,300.069966438559,Epidemic intelligence subnational data
Hungary,Zala,HU223,2021-05,150.034983219279,Epidemic intelligence subnational data
Hungary,Zala,HU223,2021-06,110.374862966802,Epidemic intelligence subnational data
Hungary,Zala,HU223,2021-07,122.347729458116,Epidemic intelligence subnational data
Hungary,Zala,HU223,2021-08,180.341301525418,Epidemic intelligence subnational data
Hungary,Zala,HU223,2021-09,260.409846186081,Epidemic intelligence subnational data
Hungary,Zala,HU223,2021-10,380.138511099221,Epidemic intelligence subnational data
Hungary,Zala,HU223,2021-11,511.091738347969,Epidemic intelligence subnational data
Hungary,Zala,HU223,2021-12,590.037826775071,Epidemic intelligence subnational data
Hungary,Zala,HU223,2021-13,686.194910783437,Epidemic intelligence subnational data
Hungary,Zala,HU223,2021-14,699.664385586165,Epidemic intelligence subnational data
Hungary,Zala,HU223,2021-15,599.017476643557,Epidemic intelligence subnational data
Hungary,Zala,HU223,2021-16,476.295595107587,Epidemic intelligence subnational data
Hungary,Zala,HU223,2021-17,351.328801104497,Epidemic intelligence subnational data
Hungary,Zala,HU223,2021-18,263.403062808909,Epidemic intelligence subnational data
Hungary,Zala,HU223,2021-19,171.735803734786,Epidemic intelligence subnational data
Hungary,Zala,HU223,2021-20,102.143517254023,Epidemic intelligence subnational data
Hungary,Zala,HU223,2021-21,71.4630468700308,Epidemic intelligence subnational data
Hungary,Zala,HU223,2021-22,39.6601202524778,Epidemic intelligence subnational data
Hungary,Zala,HU223,2021-23,23.197428826921,Epidemic intelligence subnational data
Hungary,Zala,HU223,2021-24,11.9728664913141,Epidemic intelligence subnational data
Hungary,Zala,HU223,2021-25,4.11567285638921,Epidemic intelligence subnational data
Hungary,Zala,HU223,2021-26,1.87076038926782,Epidemic intelligence subnational data
Hungary,Zala,HU223,2021-27,2.24491246712139,Epidemic intelligence subnational data
Hungary,Zala,HU223,2021-28,2.61906454497495,Epidemic intelligence subnational data
Hungary,Zala,HU223,2021-29,2.24491246712139,Epidemic intelligence subnational data
Hungary,Zala,HU223,2021-30,1.87076038926782,Epidemic intelligence subnational data
Hungary,Zala,HU223,2021-31,0.748304155707129,Epidemic intelligence subnational data
Hungary,Zala,HU223,2021-32,2.61906454497495,Epidemic intelligence subnational data
Hungary,Zala,HU223,2021-33,3.74152077853564,Epidemic intelligence subnational data
Hungary,Zala,HU223,2021-34,7.10888947921772,Epidemic intelligence subnational data
Hungary,Zala,HU223,2021-35,12.7211706470212,Epidemic intelligence subnational data
Hungary,Zala,HU223,2021-36,14.2177789584355,Epidemic intelligence subnational data
Hungary,Zala,HU223,2021-37,35.9185994739422,Epidemic intelligence subnational data
Hungary,Zala,HU223,2021-38,55.000355444474,Epidemic intelligence subnational data
Hungary,Zala,HU223,2021-39,52.7554429773526,Epidemic intelligence subnational data
Hungary,Zala,HU223,2021-40,57.6194199894489,Epidemic intelligence subnational data
Hungary,Zala,HU223,2021-41,69.2181344029094,Epidemic intelligence subnational data
Hungary,Zala,HU223,2021-42,138.062116727965,Epidemic intelligence subnational data
Hungary,Zala,HU223,2021-43,273.131016833102,Epidemic intelligence subnational data
Hungary,Zala,HU223,2021-44,517.826475749333,Epidemic intelligence subnational data
Hungary,Zala,HU223,2021-45,845.583695949056,Epidemic intelligence subnational data
Hungary,Zala,HU223,2021-46,1182.69471809512,Epidemic intelligence subnational data
Hungary,Zala,HU223,2021-47,1668.34411514904,Epidemic intelligence subnational data
Hungary,Zala,HU223,2021-48,1833.34518148247,Epidemic intelligence subnational data
Hungary,Zala,HU223,2021-49,1438.61473934696,Epidemic intelligence subnational data
Hungary,Zala,HU223,2021-50,1019.56441215096,Epidemic intelligence subnational data
Hungary,Zala,HU223,2021-51,646.908942608813,Epidemic intelligence subnational data
Hungary,Zala,HU223,2021-52,424.662608363796,Epidemic intelligence subnational data
Hungary,Zala,HU223,2022-01,561.6022688582,Epidemic intelligence subnational data
Hungary,Zala,HU223,2022-02,1023.3059329295,Epidemic intelligence subnational data
Hungary,Zala,HU223,2022-03,1831.10026901534,Epidemic intelligence subnational data
Hungary,Zala,HU223,2022-04,2415.15166254476,Epidemic intelligence subnational data
Hungary,Baranya,HU231,2020-15,,Epidemic intelligence subnational data
Hungary,Baranya,HU231,2020-16,3.34160380274513,Epidemic intelligence subnational data
Hungary,Baranya,HU231,2020-17,0.556933967124188,Epidemic intelligence subnational data
Hungary,Baranya,HU231,2020-18,0.278466983562094,Epidemic intelligence subnational data
Hungary,Baranya,HU231,2020-19,0.556933967124188,Epidemic intelligence subnational data
Hungary,Baranya,HU231,2020-20,0,Epidemic intelligence subnational data
Hungary,Baranya,HU231,2020-21,0,Epidemic intelligence subnational data
Hungary,Baranya,HU231,2020-22,0,Epidemic intelligence subnational data
Hungary,Baranya,HU231,2020-23,0.556933967124188,Epidemic intelligence subnational data
Hungary,Baranya,HU231,2020-24,0.835400950686282,Epidemic intelligence subnational data
Hungary,Baranya,HU231,2020-25,0.556933967124188,Epidemic intelligence subnational data
Hungary,Baranya,HU231,2020-26,0.278466983562094,Epidemic intelligence subnational data
Hungary,Baranya,HU231,2020-27,0,Epidemic intelligence subnational data
Hungary,Baranya,HU231,2020-28,0,Epidemic intelligence subnational data
Hungary,Baranya,HU231,2020-29,0.278466983562094,Epidemic intelligence subnational data
Hungary,Baranya,HU231,2020-30,0.278466983562094,Epidemic intelligence subnational data
Hungary,Baranya,HU231,2020-31,1.11386793424838,Epidemic intelligence subnational data
Hungary,Baranya,HU231,2020-32,3.62007078630722,Epidemic intelligence subnational data
Hungary,Baranya,HU231,2020-33,2.78466983562094,Epidemic intelligence subnational data
Hungary,Baranya,HU231,2020-34,1.39233491781047,Epidemic intelligence subnational data
Hungary,Baranya,HU231,2020-35,11.4171463260459,Epidemic intelligence subnational data
Hungary,Baranya,HU231,2020-36,34.2514389781376,Epidemic intelligence subnational data
Hungary,Baranya,HU231,2020-37,52.0733259261116,Epidemic intelligence subnational data
Hungary,Baranya,HU231,2020-38,67.3890100220267,Epidemic intelligence subnational data
Hungary,Baranya,HU231,2020-39,104.146651852223,Epidemic intelligence subnational data
Hungary,Baranya,HU231,2020-40,110.829859457713,Epidemic intelligence subnational data
Hungary,Baranya,HU231,2020-41,121.968538800197,Epidemic intelligence subnational data
Hungary,Baranya,HU231,2020-42,150.093704139969,Epidemic intelligence subnational data
Hungary,Baranya,HU231,2020-43,181.560473282485,Epidemic intelligence subnational data
Hungary,Baranya,HU231,2020-44,303.807479066245,Epidemic intelligence subnational data
Hungary,Baranya,HU231,2020-45,449.44571146922,Epidemic intelligence subnational data
Hungary,Baranya,HU231,2020-46,443.876371797978,Epidemic intelligence subnational data
Hungary,Baranya,HU231,2020-47,421.320546129448,Epidemic intelligence subnational data
Hungary,Baranya,HU231,2020-48,534.65660843922,Epidemic intelligence subnational data
Hungary,Baranya,HU231,2020-49,606.222623214679,Epidemic intelligence subnational data
Hungary,Baranya,HU231,2020-50,613.462764787293,Epidemic intelligence subnational data
Hungary,Baranya,HU231,2020-51,614.019698754417,Epidemic intelligence subnational data
Hungary,Baranya,HU231,2020-52,505.417575165201,Epidemic intelligence subnational data
Hungary,Baranya,HU231,2020-53,410.460333770527,Epidemic intelligence subnational data
Hungary,Baranya,HU231,2021-01,459.470522877455,Epidemic intelligence subnational data
Hungary,Baranya,HU231,2021-02,395.701583641736,Epidemic intelligence subnational data
Hungary,Baranya,HU231,2021-03,279.30238451278,Epidemic intelligence subnational data
Hungary,Baranya,HU231,2021-04,244.494011567519,Epidemic intelligence subnational data
Hungary,Baranya,HU231,2021-05,219.153516063368,Epidemic intelligence subnational data
Hungary,Baranya,HU231,2021-06,203.837831967453,Epidemic intelligence subnational data
Hungary,Baranya,HU231,2021-07,212.470308457878,Epidemic intelligence subnational data
Hungary,Baranya,HU231,2021-08,277.353115627846,Epidemic intelligence subnational data
Hungary,Baranya,HU231,2021-09,419.649744228076,Epidemic intelligence subnational data
Hungary,Baranya,HU231,2021-10,615.968967639352,Epidemic intelligence subnational data
Hungary,Baranya,HU231,2021-11,829.83161101504,Epidemic intelligence subnational data
Hungary,Baranya,HU231,2021-12,932.307460965891,Epidemic intelligence subnational data
Hungary,Baranya,HU231,2021-13,1100.22305205383,Epidemic intelligence subnational data
Hungary,Baranya,HU231,2021-14,1111.36173139632,Epidemic intelligence subnational data
Hungary,Baranya,HU231,2021-15,880.512602023341,Epidemic intelligence subnational data
Hungary,Baranya,HU231,2021-16,677.231704023013,Epidemic intelligence subnational data
Hungary,Baranya,HU231,2021-17,448.053376551409,Epidemic intelligence subnational data
Hungary,Baranya,HU231,2021-18,282.087054348401,Epidemic intelligence subnational data
Hungary,Baranya,HU231,2021-19,199.939294197584,Epidemic intelligence subnational data
Hungary,Baranya,HU231,2021-20,151.764506041341,Epidemic intelligence subnational data
Hungary,Baranya,HU231,2021-21,91.6156375919289,Epidemic intelligence subnational data
Hungary,Baranya,HU231,2021-22,56.5287976631051,Epidemic intelligence subnational data
Hungary,Baranya,HU231,2021-23,24.7835615370264,Epidemic intelligence subnational data
Hungary,Baranya,HU231,2021-24,13.3664152109805,Epidemic intelligence subnational data
Hungary,Baranya,HU231,2021-25,7.24014157261444,Epidemic intelligence subnational data
Hungary,Baranya,HU231,2021-26,4.7339387205556,Epidemic intelligence subnational data
Hungary,Baranya,HU231,2021-27,3.62007078630722,Epidemic intelligence subnational data
Hungary,Baranya,HU231,2021-28,5.84780665480397,Epidemic intelligence subnational data
Hungary,Baranya,HU231,2021-29,7.51860855617654,Epidemic intelligence subnational data
Hungary,Baranya,HU231,2021-30,6.12627363836607,Epidemic intelligence subnational data
Hungary,Baranya,HU231,2021-31,8.07554252330072,Epidemic intelligence subnational data
Hungary,Baranya,HU231,2021-32,11.1386793424838,Epidemic intelligence subnational data
Hungary,Baranya,HU231,2021-33,10.3032783917975,Epidemic intelligence subnational data
Hungary,Baranya,HU231,2021-34,13.0879482274184,Epidemic intelligence subnational data
Hungary,Baranya,HU231,2021-35,22.2773586849675,Epidemic intelligence subnational data
Hungary,Baranya,HU231,2021-36,26.732830421961,Epidemic intelligence subnational data
Hungary,Baranya,HU231,2021-37,42.3269815014383,Epidemic intelligence subnational data
Hungary,Baranya,HU231,2021-38,54.5795287781704,Epidemic intelligence subnational data
Hungary,Baranya,HU231,2021-39,67.3890100220267,Epidemic intelligence subnational data
Hungary,Baranya,HU231,2021-40,98.8557791645434,Epidemic intelligence subnational data
Hungary,Baranya,HU231,2021-41,149.815237156407,Epidemic intelligence subnational data
Hungary,Baranya,HU231,2021-42,253.683422025068,Epidemic intelligence subnational data
Hungary,Baranya,HU231,2021-43,465.875263499383,Epidemic intelligence subnational data
Hungary,Baranya,HU231,2021-44,793.073969184844,Epidemic intelligence subnational data
Hungary,Baranya,HU231,2021-45,1104.95699077439,Epidemic intelligence subnational data
Hungary,Baranya,HU231,2021-46,1270.9233129774,Epidemic intelligence subnational data
Hungary,Baranya,HU231,2021-47,1621.79171226564,Epidemic intelligence subnational data
Hungary,Baranya,HU231,2021-48,1689.45918927122,Epidemic intelligence subnational data
Hungary,Baranya,HU231,2021-49,1263.40470442122,Epidemic intelligence subnational data
Hungary,Baranya,HU231,2021-50,890.537413431577,Epidemic intelligence subnational data
Hungary,Baranya,HU231,2021-51,553.313896337881,Epidemic intelligence subnational data
Hungary,Baranya,HU231,2021-52,396.536984592422,Epidemic intelligence subnational data
Hungary,Baranya,HU231,2022-01,507.088377066573,Epidemic intelligence subnational data
Hungary,Baranya,HU231,2022-02,823.14840340955,Epidemic intelligence subnational data
Hungary,Baranya,HU231,2022-03,1517.64506041341,Epidemic intelligence subnational data
Hungary,Baranya,HU231,2022-04,2283.9861991763,Epidemic intelligence subnational data
Hungary,Somogy,HU232,2020-15,,Epidemic intelligence subnational data
Hungary,Somogy,HU232,2020-16,3.00050008334722,Epidemic intelligence subnational data
Hungary,Somogy,HU232,2020-17,1.33355559259877,Epidemic intelligence subnational data
Hungary,Somogy,HU232,2020-18,1.33355559259877,Epidemic intelligence subnational data
Hungary,Somogy,HU232,2020-19,1.00016669444908,Epidemic intelligence subnational data
Hungary,Somogy,HU232,2020-20,0,Epidemic intelligence subnational data
Hungary,Somogy,HU232,2020-21,0,Epidemic intelligence subnational data
Hungary,Somogy,HU232,2020-22,0.333388898149692,Epidemic intelligence subnational data
Hungary,Somogy,HU232,2020-23,-2.00033338889815,Epidemic intelligence subnational data
Hungary,Somogy,HU232,2020-24,-2.33372228704784,Epidemic intelligence subnational data
Hungary,Somogy,HU232,2020-25,0,Epidemic intelligence subnational data
Hungary,Somogy,HU232,2020-26,0,Epidemic intelligence subnational data
Hungary,Somogy,HU232,2020-27,0,Epidemic intelligence subnational data
Hungary,Somogy,HU232,2020-28,0,Epidemic intelligence subnational data
Hungary,Somogy,HU232,2020-29,0.666777796299383,Epidemic intelligence subnational data
Hungary,Somogy,HU232,2020-30,1.66694449074846,Epidemic intelligence subnational data
Hungary,Somogy,HU232,2020-31,1.33355559259877,Epidemic intelligence subnational data
Hungary,Somogy,HU232,2020-32,2.00033338889815,Epidemic intelligence subnational data
Hungary,Somogy,HU232,2020-33,1.66694449074846,Epidemic intelligence subnational data
Hungary,Somogy,HU232,2020-34,0,Epidemic intelligence subnational data
Hungary,Somogy,HU232,2020-35,3.33388898149692,Epidemic intelligence subnational data
Hungary,Somogy,HU232,2020-36,21.3368894815803,Epidemic intelligence subnational data
Hungary,Somogy,HU232,2020-37,40.6734455742624,Epidemic intelligence subnational data
Hungary,Somogy,HU232,2020-38,60.0100016669445,Epidemic intelligence subnational data
Hungary,Somogy,HU232,2020-39,89.3482247041174,Epidemic intelligence subnational data
Hungary,Somogy,HU232,2020-40,91.6819469911652,Epidemic intelligence subnational data
Hungary,Somogy,HU232,2020-41,98.349724954159,Epidemic intelligence subnational data
Hungary,Somogy,HU232,2020-42,115.352558759793,Epidemic intelligence subnational data
Hungary,Somogy,HU232,2020-43,109.018169694949,Epidemic intelligence subnational data
Hungary,Somogy,HU232,2020-44,194.36572762127,Epidemic intelligence subnational data
Hungary,Somogy,HU232,2020-45,380.396732788798,Epidemic intelligence subnational data
Hungary,Somogy,HU232,2020-46,495.415902650442,Epidemic intelligence subnational data
Hungary,Somogy,HU232,2020-47,441.740290048341,Epidemic intelligence subnational data
Hungary,Somogy,HU232,2020-48,519.41990331722,Epidemic intelligence subnational data
Hungary,Somogy,HU232,2020-49,697.782963827305,Epidemic intelligence subnational data
Hungary,Somogy,HU232,2020-50,767.79463243874,Epidemic intelligence subnational data
Hungary,Somogy,HU232,2020-51,699.449908318053,Epidemic intelligence subnational data
Hungary,Somogy,HU232,2020-52,477.412902150358,Epidemic intelligence subnational data
Hungary,Somogy,HU232,2020-53,360.393398899817,Epidemic intelligence subnational data
Hungary,Somogy,HU232,2021-01,429.071511918653,Epidemic intelligence subnational data
Hungary,Somogy,HU232,2021-02,388.73145524254,Epidemic intelligence subnational data
Hungary,Somogy,HU232,2021-03,243.707284547425,Epidemic intelligence subnational data
Hungary,Somogy,HU232,2021-04,206.034339056509,Epidemic intelligence subnational data
Hungary,Somogy,HU232,2021-05,226.371061843641,Epidemic intelligence subnational data
Hungary,Somogy,HU232,2021-06,277.379563260543,Epidemic intelligence subnational data
Hungary,Somogy,HU232,2021-07,477.412902150358,Epidemic intelligence subnational data
Hungary,Somogy,HU232,2021-08,853.80896816136,Epidemic intelligence subnational data
Hungary,Somogy,HU232,2021-09,1268.21136856143,Epidemic intelligence subnational data
Hungary,Somogy,HU232,2021-10,1557.92632105351,Epidemic intelligence subnational data
Hungary,Somogy,HU232,2021-11,1720.62010335056,Epidemic intelligence subnational data
Hungary,Somogy,HU232,2021-12,1634.60576762794,Epidemic intelligence subnational data
Hungary,Somogy,HU232,2021-13,1373.89564927488,Epidemic intelligence subnational data
Hungary,Somogy,HU232,2021-14,1118.85314219036,Epidemic intelligence subnational data
Hungary,Somogy,HU232,2021-15,741.123520586765,Epidemic intelligence subnational data
Hungary,Somogy,HU232,2021-16,436.739456576096,Epidemic intelligence subnational data
Hungary,Somogy,HU232,2021-17,270.3783963994,Epidemic intelligence subnational data
Hungary,Somogy,HU232,2021-18,155.692615435906,Epidemic intelligence subnational data
Hungary,Somogy,HU232,2021-19,96.6827804634106,Epidemic intelligence subnational data
Hungary,Somogy,HU232,2021-20,56.6761126854476,Epidemic intelligence subnational data
Hungary,Somogy,HU232,2021-21,31.0051675279213,Epidemic intelligence subnational data
Hungary,Somogy,HU232,2021-22,24.3373895649275,Epidemic intelligence subnational data
Hungary,Somogy,HU232,2021-23,13.6689448241374,Epidemic intelligence subnational data
Hungary,Somogy,HU232,2021-24,6.33438906484414,Epidemic intelligence subnational data
Hungary,Somogy,HU232,2021-25,4.0006667777963,Epidemic intelligence subnational data
Hungary,Somogy,HU232,2021-26,5.33422237039507,Epidemic intelligence subnational data
Hungary,Somogy,HU232,2021-27,6.33438906484414,Epidemic intelligence subnational data
Hungary,Somogy,HU232,2021-28,5.33422237039507,Epidemic intelligence subnational data
Hungary,Somogy,HU232,2021-29,8.33472245374229,Epidemic intelligence subnational data
Hungary,Somogy,HU232,2021-30,15.0025004167361,Epidemic intelligence subnational data
Hungary,Somogy,HU232,2021-31,14.0023337222871,Epidemic intelligence subnational data
Hungary,Somogy,HU232,2021-32,10.3350558426404,Epidemic intelligence subnational data
Hungary,Somogy,HU232,2021-33,9.66827804634106,Epidemic intelligence subnational data
Hungary,Somogy,HU232,2021-34,13.6689448241374,Epidemic intelligence subnational data
Hungary,Somogy,HU232,2021-35,21.67027837973,Epidemic intelligence subnational data
Hungary,Somogy,HU232,2021-36,26.004334055676,Epidemic intelligence subnational data
Hungary,Somogy,HU232,2021-37,40.006667777963,Epidemic intelligence subnational data
Hungary,Somogy,HU232,2021-38,42.3403900650108,Epidemic intelligence subnational data
Hungary,Somogy,HU232,2021-39,33.6722787131189,Epidemic intelligence subnational data
Hungary,Somogy,HU232,2021-40,42.6737789631605,Epidemic intelligence subnational data
Hungary,Somogy,HU232,2021-41,81.0135022503751,Epidemic intelligence subnational data
Hungary,Somogy,HU232,2021-42,156.692782130355,Epidemic intelligence subnational data
Hungary,Somogy,HU232,2021-43,253.042173695616,Epidemic intelligence subnational data
Hungary,Somogy,HU232,2021-44,429.404900816803,Epidemic intelligence subnational data
Hungary,Somogy,HU232,2021-45,664.777462910485,Epidemic intelligence subnational data
Hungary,Somogy,HU232,2021-46,849.474912485414,Epidemic intelligence subnational data
Hungary,Somogy,HU232,2021-47,1101.18353058843,Epidemic intelligence subnational data
Hungary,Somogy,HU232,2021-48,1147.85797632939,Epidemic intelligence subnational data
Hungary,Somogy,HU232,2021-49,909.151525254209,Epidemic intelligence subnational data
Hungary,Somogy,HU232,2021-50,700.783463910652,Epidemic intelligence subnational data
Hungary,Somogy,HU232,2021-51,462.743790631772,Epidemic intelligence subnational data
Hungary,Somogy,HU232,2021-52,340.390065010835,Epidemic intelligence subnational data
Hungary,Somogy,HU232,2022-01,519.41990331722,Epidemic intelligence subnational data
Hungary,Somogy,HU232,2022-02,877.812968828138,Epidemic intelligence subnational data
Hungary,Somogy,HU232,2022-03,1585.59759959993,Epidemic intelligence subnational data
Hungary,Somogy,HU232,2022-04,2164.69411568595,Epidemic intelligence subnational data
Hungary,Tolna,HU233,2020-15,,Epidemic intelligence subnational data
Hungary,Tolna,HU233,2020-16,1.39202093599488,Epidemic intelligence subnational data
Hungary,Tolna,HU233,2020-17,1.39202093599488,Epidemic intelligence subnational data
Hungary,Tolna,HU233,2020-18,0.928013957329918,Epidemic intelligence subnational data
Hungary,Tolna,HU233,2020-19,0,Epidemic intelligence subnational data
Hungary,Tolna,HU233,2020-20,0,Epidemic intelligence subnational data
Hungary,Tolna,HU233,2020-21,0,Epidemic intelligence subnational data
Hungary,Tolna,HU233,2020-22,0,Epidemic intelligence subnational data
Hungary,Tolna,HU233,2020-23,-1.39202093599488,Epidemic intelligence subnational data
Hungary,Tolna,HU233,2020-24,-1.85602791465984,Epidemic intelligence subnational data
Hungary,Tolna,HU233,2020-25,-0.464006978664959,Epidemic intelligence subnational data
Hungary,Tolna,HU233,2020-26,0.464006978664959,Epidemic intelligence subnational data
Hungary,Tolna,HU233,2020-27,0,Epidemic intelligence subnational data
Hungary,Tolna,HU233,2020-28,-0.464006978664959,Epidemic intelligence subnational data
Hungary,Tolna,HU233,2020-29,0,Epidemic intelligence subnational data
Hungary,Tolna,HU233,2020-30,0.464006978664959,Epidemic intelligence subnational data
Hungary,Tolna,HU233,2020-31,2.3200348933248,Epidemic intelligence subnational data
Hungary,Tolna,HU233,2020-32,1.85602791465984,Epidemic intelligence subnational data
Hungary,Tolna,HU233,2020-33,1.39202093599488,Epidemic intelligence subnational data
Hungary,Tolna,HU233,2020-34,1.85602791465984,Epidemic intelligence subnational data
Hungary,Tolna,HU233,2020-35,6.03209072264447,Epidemic intelligence subnational data
Hungary,Tolna,HU233,2020-36,29.2324396558924,Epidemic intelligence subnational data
Hungary,Tolna,HU233,2020-37,56.1448444184601,Epidemic intelligence subnational data
Hungary,Tolna,HU233,2020-38,63.1049490984344,Epidemic intelligence subnational data
Hungary,Tolna,HU233,2020-39,51.0407676531455,Epidemic intelligence subnational data
Hungary,Tolna,HU233,2020-40,41.7606280798463,Epidemic intelligence subnational data
Hungary,Tolna,HU233,2020-41,53.8248095251353,Epidemic intelligence subnational data
Hungary,Tolna,HU233,2020-42,95.1214306263166,Epidemic intelligence subnational data
Hungary,Tolna,HU233,2020-43,124.817877260874,Epidemic intelligence subnational data
Hungary,Tolna,HU233,2020-44,200.915021761927,Epidemic intelligence subnational data
Hungary,Tolna,HU233,2020-45,384.197778334586,Epidemic intelligence subnational data
Hungary,Tolna,HU233,2020-46,515.51175329677,Epidemic intelligence subnational data
Hungary,Tolna,HU233,2020-47,504.375585808811,Epidemic intelligence subnational data
Hungary,Tolna,HU233,2020-48,626.87342817636,Epidemic intelligence subnational data
Hungary,Tolna,HU233,2020-49,848.204756999545,Epidemic intelligence subnational data
Hungary,Tolna,HU233,2020-50,866.301029167479,Epidemic intelligence subnational data
Hungary,Tolna,HU233,2020-51,703.434579656078,Epidemic intelligence subnational data
Hungary,Tolna,HU233,2020-52,414.822238926474,Epidemic intelligence subnational data
Hungary,Tolna,HU233,2020-53,306.244605918873,Epidemic intelligence subnational data
Hungary,Tolna,HU233,2021-01,482.103250832893,Epidemic intelligence subnational data
Hungary,Tolna,HU233,2021-02,455.190846070325,Epidemic intelligence subnational data
Hungary,Tolna,HU233,2021-03,268.196033668346,Epidemic intelligence subnational data
Hungary,Tolna,HU233,2021-04,231.07547537515,Epidemic intelligence subnational data
Hungary,Tolna,HU233,2021-05,260.307915031042,Epidemic intelligence subnational data
Hungary,Tolna,HU233,2021-06,287.684326772275,Epidemic intelligence subnational data
Hungary,Tolna,HU233,2021-07,355.893352636024,Epidemic intelligence subnational data
Hungary,Tolna,HU233,2021-08,489.063355512867,Epidemic intelligence subnational data
Hungary,Tolna,HU233,2021-09,704.826600592073,Epidemic intelligence subnational data
Hungary,Tolna,HU233,2021-10,877.901203634103,Epidemic intelligence subnational data
Hungary,Tolna,HU233,2021-11,967.918557495105,Epidemic intelligence subnational data
Hungary,Tolna,HU233,2021-12,1105.26462317993,Epidemic intelligence subnational data
Hungary,Tolna,HU233,2021-13,1213.37824920887,Epidemic intelligence subnational data
Hungary,Tolna,HU233,2021-14,992.510927364348,Epidemic intelligence subnational data
Hungary,Tolna,HU233,2021-15,620.841337453715,Epidemic intelligence subnational data
Hungary,Tolna,HU233,2021-16,403.22206445985,Epidemic intelligence subnational data
Hungary,Tolna,HU233,2021-17,281.188229070965,Epidemic intelligence subnational data
Hungary,Tolna,HU233,2021-18,197.666972911273,Epidemic intelligence subnational data
Hungary,Tolna,HU233,2021-19,131.777981940848,Epidemic intelligence subnational data
Hungary,Tolna,HU233,2021-20,94.6574236476517,Epidemic intelligence subnational data
Hungary,Tolna,HU233,2021-21,60.3209072264447,Epidemic intelligence subnational data
Hungary,Tolna,HU233,2021-22,44.0806629731711,Epidemic intelligence subnational data
Hungary,Tolna,HU233,2021-23,21.8083279972531,Epidemic intelligence subnational data
Hungary,Tolna,HU233,2021-24,14.8482233172787,Epidemic intelligence subnational data
Hungary,Tolna,HU233,2021-25,12.5281884239539,Epidemic intelligence subnational data
Hungary,Tolna,HU233,2021-26,5.56808374397951,Epidemic intelligence subnational data
Hungary,Tolna,HU233,2021-27,3.24804885065471,Epidemic intelligence subnational data
Hungary,Tolna,HU233,2021-28,6.03209072264447,Epidemic intelligence subnational data
Hungary,Tolna,HU233,2021-29,7.42411165863935,Epidemic intelligence subnational data
Hungary,Tolna,HU233,2021-30,6.49609770130943,Epidemic intelligence subnational data
Hungary,Tolna,HU233,2021-31,5.56808374397951,Epidemic intelligence subnational data
Hungary,Tolna,HU233,2021-32,3.71205582931967,Epidemic intelligence subnational data
Hungary,Tolna,HU233,2021-33,4.17606280798463,Epidemic intelligence subnational data
Hungary,Tolna,HU233,2021-34,5.10407676531455,Epidemic intelligence subnational data
Hungary,Tolna,HU233,2021-35,17.1682582106035,Epidemic intelligence subnational data
Hungary,Tolna,HU233,2021-36,26.4483977839027,Epidemic intelligence subnational data
Hungary,Tolna,HU233,2021-37,19.9523000825932,Epidemic intelligence subnational data
Hungary,Tolna,HU233,2021-38,18.5602791465984,Epidemic intelligence subnational data
Hungary,Tolna,HU233,2021-39,19.9523000825932,Epidemic intelligence subnational data
Hungary,Tolna,HU233,2021-40,26.4483977839027,Epidemic intelligence subnational data
Hungary,Tolna,HU233,2021-41,49.6487467171506,Epidemic intelligence subnational data
Hungary,Tolna,HU233,2021-42,115.07373070891,Epidemic intelligence subnational data
Hungary,Tolna,HU233,2021-43,238.499587033789,Epidemic intelligence subnational data
Hungary,Tolna,HU233,2021-44,437.558580881057,Epidemic intelligence subnational data
Hungary,Tolna,HU233,2021-45,662.137958554897,Epidemic intelligence subnational data
Hungary,Tolna,HU233,2021-46,913.629740991305,Epidemic intelligence subnational data
Hungary,Tolna,HU233,2021-47,1373.92466382694,Epidemic intelligence subnational data
Hungary,Tolna,HU233,2021-48,1458.37393394397,Epidemic intelligence subnational data
Hungary,Tolna,HU233,2021-49,1080.20824633203,Epidemic intelligence subnational data
Hungary,Tolna,HU233,2021-50,759.115417095873,Epidemic intelligence subnational data
Hungary,Tolna,HU233,2021-51,486.279313640877,Epidemic intelligence subnational data
Hungary,Tolna,HU233,2021-52,363.317464294663,Epidemic intelligence subnational data
Hungary,Tolna,HU233,2022-01,510.87168351012,Epidemic intelligence subnational data
Hungary,Tolna,HU233,2022-02,788.811863730431,Epidemic intelligence subnational data
Hungary,Tolna,HU233,2022-03,1205.0261235929,Epidemic intelligence subnational data
Hungary,Tolna,HU233,2022-04,1774.82669339347,Epidemic intelligence subnational data
Hungary,Borsod-Abauj-Zemplen,HU311,2020-15,,Epidemic intelligence subnational data
Hungary,Borsod-Abauj-Zemplen,HU311,2020-16,7.22062461542326,Epidemic intelligence subnational data
Hungary,Borsod-Abauj-Zemplen,HU311,2020-17,2.04061130435875,Epidemic intelligence subnational data
Hungary,Borsod-Abauj-Zemplen,HU311,2020-18,1.88364120402346,Epidemic intelligence subnational data
Hungary,Borsod-Abauj-Zemplen,HU311,2020-19,0.156970100335288,Epidemic intelligence subnational data
Hungary,Borsod-Abauj-Zemplen,HU311,2020-20,-0.156970100335288,Epidemic intelligence subnational data
Hungary,Borsod-Abauj-Zemplen,HU311,2020-21,-0.470910301005864,Epidemic intelligence subnational data
Hungary,Borsod-Abauj-Zemplen,HU311,2020-22,-0.470910301005864,Epidemic intelligence subnational data
Hungary,Borsod-Abauj-Zemplen,HU311,2020-23,0.156970100335288,Epidemic intelligence subnational data
Hungary,Borsod-Abauj-Zemplen,HU311,2020-24,0.156970100335288,Epidemic intelligence subnational data
Hungary,Borsod-Abauj-Zemplen,HU311,2020-25,0,Epidemic intelligence subnational data
Hungary,Borsod-Abauj-Zemplen,HU311,2020-26,0,Epidemic intelligence subnational data
Hungary,Borsod-Abauj-Zemplen,HU311,2020-27,3.45334220737634,Epidemic intelligence subnational data
Hungary,Borsod-Abauj-Zemplen,HU311,2020-28,5.96486381274095,Epidemic intelligence subnational data
Hungary,Borsod-Abauj-Zemplen,HU311,2020-29,5.80789371240566,Epidemic intelligence subnational data
Hungary,Borsod-Abauj-Zemplen,HU311,2020-30,4.08122260871749,Epidemic intelligence subnational data
Hungary,Borsod-Abauj-Zemplen,HU311,2020-31,2.82546180603519,Epidemic intelligence subnational data
Hungary,Borsod-Abauj-Zemplen,HU311,2020-32,3.13940200670576,Epidemic intelligence subnational data
Hungary,Borsod-Abauj-Zemplen,HU311,2020-33,2.04061130435875,Epidemic intelligence subnational data
Hungary,Borsod-Abauj-Zemplen,HU311,2020-34,2.6684917056999,Epidemic intelligence subnational data
Hungary,Borsod-Abauj-Zemplen,HU311,2020-35,6.5927442140821,Epidemic intelligence subnational data
Hungary,Borsod-Abauj-Zemplen,HU311,2020-36,18.8364120402346,Epidemic intelligence subnational data
Hungary,Borsod-Abauj-Zemplen,HU311,2020-37,33.4346313714164,Epidemic intelligence subnational data
Hungary,Borsod-Abauj-Zemplen,HU311,2020-38,60.5904587294212,Epidemic intelligence subnational data
Hungary,Borsod-Abauj-Zemplen,HU311,2020-39,86.0196149837379,Epidemic intelligence subnational data
Hungary,Borsod-Abauj-Zemplen,HU311,2020-40,136.877927492371,Epidemic intelligence subnational data
Hungary,Borsod-Abauj-Zemplen,HU311,2020-41,197.625356322128,Epidemic intelligence subnational data
Hungary,Borsod-Abauj-Zemplen,HU311,2020-42,219.444200268733,Epidemic intelligence subnational data
Hungary,Borsod-Abauj-Zemplen,HU311,2020-43,316.451722275941,Epidemic intelligence subnational data
Hungary,Borsod-Abauj-Zemplen,HU311,2020-44,414.871975186167,Epidemic intelligence subnational data
Hungary,Borsod-Abauj-Zemplen,HU311,2020-45,435.121118129419,Epidemic intelligence subnational data
Hungary,Borsod-Abauj-Zemplen,HU311,2020-46,499.792799467557,Epidemic intelligence subnational data
Hungary,Borsod-Abauj-Zemplen,HU311,2020-47,587.382115454648,Epidemic intelligence subnational data
Hungary,Borsod-Abauj-Zemplen,HU311,2020-48,742.468574585913,Epidemic intelligence subnational data
Hungary,Borsod-Abauj-Zemplen,HU311,2020-49,700.714527896726,Epidemic intelligence subnational data
Hungary,Borsod-Abauj-Zemplen,HU311,2020-50,488.490952243417,Epidemic intelligence subnational data
Hungary,Borsod-Abauj-Zemplen,HU311,2020-51,383.948865420115,Epidemic intelligence subnational data
Hungary,Borsod-Abauj-Zemplen,HU311,2020-52,241.420014315673,Epidemic intelligence subnational data
Hungary,Borsod-Abauj-Zemplen,HU311,2020-53,161.365263144676,Epidemic intelligence subnational data
Hungary,Borsod-Abauj-Zemplen,HU311,2021-01,180.201675184911,Epidemic intelligence subnational data
Hungary,Borsod-Abauj-Zemplen,HU311,2021-02,166.702246556076,Epidemic intelligence subnational data
Hungary,Borsod-Abauj-Zemplen,HU311,2021-03,132.639734783318,Epidemic intelligence subnational data
Hungary,Borsod-Abauj-Zemplen,HU311,2021-04,138.604598596059,Epidemic intelligence subnational data
Hungary,Borsod-Abauj-Zemplen,HU311,2021-05,166.388306355405,Epidemic intelligence subnational data
Hungary,Borsod-Abauj-Zemplen,HU311,2021-06,210.810844750292,Epidemic intelligence subnational data
Hungary,Borsod-Abauj-Zemplen,HU311,2021-07,308.446247158841,Epidemic intelligence subnational data
Hungary,Borsod-Abauj-Zemplen,HU311,2021-08,460.3933042834,Epidemic intelligence subnational data
Hungary,Borsod-Abauj-Zemplen,HU311,2021-09,609.200959401253,Epidemic intelligence subnational data
Hungary,Borsod-Abauj-Zemplen,HU311,2021-10,757.694674318436,Epidemic intelligence subnational data
Hungary,Borsod-Abauj-Zemplen,HU311,2021-11,866.474953850791,Epidemic intelligence subnational data
Hungary,Borsod-Abauj-Zemplen,HU311,2021-12,924.867831175518,Epidemic intelligence subnational data
Hungary,Borsod-Abauj-Zemplen,HU311,2021-13,933.501186693959,Epidemic intelligence subnational data
Hungary,Borsod-Abauj-Zemplen,HU311,2021-14,777.943817261688,Epidemic intelligence subnational data
Hungary,Borsod-Abauj-Zemplen,HU311,2021-15,595.073650371077,Epidemic intelligence subnational data
Hungary,Borsod-Abauj-Zemplen,HU311,2021-16,477.973955520952,Epidemic intelligence subnational data
Hungary,Borsod-Abauj-Zemplen,HU311,2021-17,336.229954918187,Epidemic intelligence subnational data
Hungary,Borsod-Abauj-Zemplen,HU311,2021-18,240.321223613326,Epidemic intelligence subnational data
Hungary,Borsod-Abauj-Zemplen,HU311,2021-19,201.863549031181,Epidemic intelligence subnational data
Hungary,Borsod-Abauj-Zemplen,HU311,2021-20,144.5694624088,Epidemic intelligence subnational data
Hungary,Borsod-Abauj-Zemplen,HU311,2021-21,87.1184056860849,Epidemic intelligence subnational data
Hungary,Borsod-Abauj-Zemplen,HU311,2021-22,59.4916680270742,Epidemic intelligence subnational data
Hungary,Borsod-Abauj-Zemplen,HU311,2021-23,40.9691961875102,Epidemic intelligence subnational data
Hungary,Borsod-Abauj-Zemplen,HU311,2021-24,24.8012758529755,Epidemic intelligence subnational data
Hungary,Borsod-Abauj-Zemplen,HU311,2021-25,15.5400399331935,Epidemic intelligence subnational data
Hungary,Borsod-Abauj-Zemplen,HU311,2021-26,8.94729571911142,Epidemic intelligence subnational data
Hungary,Borsod-Abauj-Zemplen,HU311,2021-27,7.69153491642912,Epidemic intelligence subnational data
Hungary,Borsod-Abauj-Zemplen,HU311,2021-28,7.53456481609383,Epidemic intelligence subnational data
Hungary,Borsod-Abauj-Zemplen,HU311,2021-29,9.41820602011729,Epidemic intelligence subnational data
Hungary,Borsod-Abauj-Zemplen,HU311,2021-30,10.6739668227996,Epidemic intelligence subnational data
Hungary,Borsod-Abauj-Zemplen,HU311,2021-31,7.69153491642912,Epidemic intelligence subnational data
Hungary,Borsod-Abauj-Zemplen,HU311,2021-32,6.5927442140821,Epidemic intelligence subnational data
Hungary,Borsod-Abauj-Zemplen,HU311,2021-33,7.06365451508797,Epidemic intelligence subnational data
Hungary,Borsod-Abauj-Zemplen,HU311,2021-34,9.73214622078787,Epidemic intelligence subnational data
Hungary,Borsod-Abauj-Zemplen,HU311,2021-35,17.7376213378876,Epidemic intelligence subnational data
Hungary,Borsod-Abauj-Zemplen,HU311,2021-36,25.9000665553225,Epidemic intelligence subnational data
Hungary,Borsod-Abauj-Zemplen,HU311,2021-37,46.6201197995806,Epidemic intelligence subnational data
Hungary,Borsod-Abauj-Zemplen,HU311,2021-38,68.9098740471915,Epidemic intelligence subnational data
Hungary,Borsod-Abauj-Zemplen,HU311,2021-39,89.4729571911142,Epidemic intelligence subnational data
Hungary,Borsod-Abauj-Zemplen,HU311,2021-40,122.27970816119,Epidemic intelligence subnational data
Hungary,Borsod-Abauj-Zemplen,HU311,2021-41,174.079841271835,Epidemic intelligence subnational data
Hungary,Borsod-Abauj-Zemplen,HU311,2021-42,306.405635854483,Epidemic intelligence subnational data
Hungary,Borsod-Abauj-Zemplen,HU311,2021-43,528.204387628245,Epidemic intelligence subnational data
Hungary,Borsod-Abauj-Zemplen,HU311,2021-44,819.069983549534,Epidemic intelligence subnational data
Hungary,Borsod-Abauj-Zemplen,HU311,2021-45,1143.68415104291,Epidemic intelligence subnational data
Hungary,Borsod-Abauj-Zemplen,HU311,2021-46,1320.43248402044,Epidemic intelligence subnational data
Hungary,Borsod-Abauj-Zemplen,HU311,2021-47,1418.53879673,Epidemic intelligence subnational data
Hungary,Borsod-Abauj-Zemplen,HU311,2021-48,1305.04941418759,Epidemic intelligence subnational data
Hungary,Borsod-Abauj-Zemplen,HU311,2021-49,927.222382680547,Epidemic intelligence subnational data
Hungary,Borsod-Abauj-Zemplen,HU311,2021-50,631.176773448194,Epidemic intelligence subnational data
Hungary,Borsod-Abauj-Zemplen,HU311,2021-51,396.192533246267,Epidemic intelligence subnational data
Hungary,Borsod-Abauj-Zemplen,HU311,2021-52,247.070937927744,Epidemic intelligence subnational data
Hungary,Borsod-Abauj-Zemplen,HU311,2022-01,299.341981339395,Epidemic intelligence subnational data
Hungary,Borsod-Abauj-Zemplen,HU311,2022-02,404.198008363367,Epidemic intelligence subnational data
Hungary,Borsod-Abauj-Zemplen,HU311,2022-03,710.760614318185,Epidemic intelligence subnational data
Hungary,Borsod-Abauj-Zemplen,HU311,2022-04,1224.83769291625,Epidemic intelligence subnational data
Hungary,Heves,HU312,2020-15,,Epidemic intelligence subnational data
Hungary,Heves,HU312,2020-16,3.40807236019235,Epidemic intelligence subnational data
Hungary,Heves,HU312,2020-17,1.36322894407694,Epidemic intelligence subnational data
Hungary,Heves,HU312,2020-18,1.02242170805771,Epidemic intelligence subnational data
Hungary,Heves,HU312,2020-19,0,Epidemic intelligence subnational data
Hungary,Heves,HU312,2020-20,0,Epidemic intelligence subnational data
Hungary,Heves,HU312,2020-21,-1.36322894407694,Epidemic intelligence subnational data
Hungary,Heves,HU312,2020-22,-1.36322894407694,Epidemic intelligence subnational data
Hungary,Heves,HU312,2020-23,0.340807236019235,Epidemic intelligence subnational data
Hungary,Heves,HU312,2020-24,0.340807236019235,Epidemic intelligence subnational data
Hungary,Heves,HU312,2020-25,0,Epidemic intelligence subnational data
Hungary,Heves,HU312,2020-26,0,Epidemic intelligence subnational data
Hungary,Heves,HU312,2020-27,2.04484341611541,Epidemic intelligence subnational data
Hungary,Heves,HU312,2020-28,2.72645788815388,Epidemic intelligence subnational data
Hungary,Heves,HU312,2020-29,1.36322894407694,Epidemic intelligence subnational data
Hungary,Heves,HU312,2020-30,2.04484341611541,Epidemic intelligence subnational data
Hungary,Heves,HU312,2020-31,1.36322894407694,Epidemic intelligence subnational data
Hungary,Heves,HU312,2020-32,0.340807236019235,Epidemic intelligence subnational data
Hungary,Heves,HU312,2020-33,1.36322894407694,Epidemic intelligence subnational data
Hungary,Heves,HU312,2020-34,1.36322894407694,Epidemic intelligence subnational data
Hungary,Heves,HU312,2020-35,4.43049406825006,Epidemic intelligence subnational data
Hungary,Heves,HU312,2020-36,26.5829644095003,Epidemic intelligence subnational data
Hungary,Heves,HU312,2020-37,50.4394709308468,Epidemic intelligence subnational data
Hungary,Heves,HU312,2020-38,53.8475432910392,Epidemic intelligence subnational data
Hungary,Heves,HU312,2020-39,67.4798327318086,Epidemic intelligence subnational data
Hungary,Heves,HU312,2020-40,91.6771464891743,Epidemic intelligence subnational data
Hungary,Heves,HU312,2020-41,134.618858227598,Epidemic intelligence subnational data
Hungary,Heves,HU312,2020-42,194.941739003003,Epidemic intelligence subnational data
Hungary,Heves,HU312,2020-43,264.125607914907,Epidemic intelligence subnational data
Hungary,Heves,HU312,2020-44,308.089741361389,Epidemic intelligence subnational data
Hungary,Heves,HU312,2020-45,425.327430552006,Epidemic intelligence subnational data
Hungary,Heves,HU312,2020-46,691.497881883028,Epidemic intelligence subnational data
Hungary,Heves,HU312,2020-47,663.210881293432,Epidemic intelligence subnational data
Hungary,Heves,HU312,2020-48,630.152579399566,Epidemic intelligence subnational data
Hungary,Heves,HU312,2020-49,774.995654707741,Epidemic intelligence subnational data
Hungary,Heves,HU312,2020-50,652.305049740816,Epidemic intelligence subnational data
Hungary,Heves,HU312,2020-51,499.28260076818,Epidemic intelligence subnational data
Hungary,Heves,HU312,2020-52,339.103199839139,Epidemic intelligence subnational data
Hungary,Heves,HU312,2020-53,224.251161300657,Epidemic intelligence subnational data
Hungary,Heves,HU312,2021-01,243.677173753753,Epidemic intelligence subnational data
Hungary,Heves,HU312,2021-02,244.017980989772,Epidemic intelligence subnational data
Hungary,Heves,HU312,2021-03,192.215281114849,Epidemic intelligence subnational data
Hungary,Heves,HU312,2021-04,142.116617420021,Epidemic intelligence subnational data
Hungary,Heves,HU312,2021-05,149.614376612444,Epidemic intelligence subnational data
Hungary,Heves,HU312,2021-06,169.040389065541,Epidemic intelligence subnational data
Hungary,Heves,HU312,2021-07,200.73546201533,Epidemic intelligence subnational data
Hungary,Heves,HU312,2021-08,266.511258567042,Epidemic intelligence subnational data
Hungary,Heves,HU312,2021-09,415.103213471428,Epidemic intelligence subnational data
Hungary,Heves,HU312,2021-10,615.497868250739,Epidemic intelligence subnational data
Hungary,Heves,HU312,2021-11,854.062933464203,Epidemic intelligence subnational data
Hungary,Heves,HU312,2021-12,1034.6907685544,Epidemic intelligence subnational data
Hungary,Heves,HU312,2021-13,1121.25580650328,Epidemic intelligence subnational data
Hungary,Heves,HU312,2021-14,1043.89256392692,Epidemic intelligence subnational data
Hungary,Heves,HU312,2021-15,821.686246042376,Epidemic intelligence subnational data
Hungary,Heves,HU312,2021-16,587.210867661142,Epidemic intelligence subnational data
Hungary,Heves,HU312,2021-17,390.905899714063,Epidemic intelligence subnational data
Hungary,Heves,HU312,2021-18,259.354306610638,Epidemic intelligence subnational data
Hungary,Heves,HU312,2021-19,168.017967357483,Epidemic intelligence subnational data
Hungary,Heves,HU312,2021-20,118.260110898675,Epidemic intelligence subnational data
Hungary,Heves,HU312,2021-21,64.0717603716162,Epidemic intelligence subnational data
Hungary,Heves,HU312,2021-22,35.4439525460005,Epidemic intelligence subnational data
Hungary,Heves,HU312,2021-23,23.5156992853272,Epidemic intelligence subnational data
Hungary,Heves,HU312,2021-24,20.1076269251349,Epidemic intelligence subnational data
Hungary,Heves,HU312,2021-25,16.3587473289233,Epidemic intelligence subnational data
Hungary,Heves,HU312,2021-26,7.15695195640394,Epidemic intelligence subnational data
Hungary,Heves,HU312,2021-27,4.77130130426929,Epidemic intelligence subnational data
Hungary,Heves,HU312,2021-28,4.08968683223082,Epidemic intelligence subnational data
Hungary,Heves,HU312,2021-29,5.11210854028853,Epidemic intelligence subnational data
Hungary,Heves,HU312,2021-30,6.47533748436547,Epidemic intelligence subnational data
Hungary,Heves,HU312,2021-31,6.8161447203847,Epidemic intelligence subnational data
Hungary,Heves,HU312,2021-32,13.6322894407694,Epidemic intelligence subnational data
Hungary,Heves,HU312,2021-33,13.2914822047502,Epidemic intelligence subnational data
Hungary,Heves,HU312,2021-34,12.2690604966925,Epidemic intelligence subnational data
Hungary,Heves,HU312,2021-35,21.4708558692118,Epidemic intelligence subnational data
Hungary,Heves,HU312,2021-36,35.1031453099812,Epidemic intelligence subnational data
Hungary,Heves,HU312,2021-37,54.8699649990969,Epidemic intelligence subnational data
Hungary,Heves,HU312,2021-38,56.2331939431738,Epidemic intelligence subnational data
Hungary,Heves,HU312,2021-39,67.4798327318086,Epidemic intelligence subnational data
Hungary,Heves,HU312,2021-40,90.3139175450973,Epidemic intelligence subnational data
Hungary,Heves,HU312,2021-41,123.031412202944,Epidemic intelligence subnational data
Hungary,Heves,HU312,2021-42,296.502295336735,Epidemic intelligence subnational data
Hungary,Heves,HU312,2021-43,603.228807754046,Epidemic intelligence subnational data
Hungary,Heves,HU312,2021-44,906.888055047185,Epidemic intelligence subnational data
Hungary,Heves,HU312,2021-45,1179.19303662655,Epidemic intelligence subnational data
Hungary,Heves,HU312,2021-46,1298.81637646931,Epidemic intelligence subnational data
Hungary,Heves,HU312,2021-47,1460.0181991064,Epidemic intelligence subnational data
Hungary,Heves,HU312,2021-48,1354.36795594044,Epidemic intelligence subnational data
Hungary,Heves,HU312,2021-49,847.587595979838,Epidemic intelligence subnational data
Hungary,Heves,HU312,2021-50,512.57408297293,Epidemic intelligence subnational data
Hungary,Heves,HU312,2021-51,304.340861765177,Epidemic intelligence subnational data
Hungary,Heves,HU312,2021-52,217.775823816291,Epidemic intelligence subnational data
Hungary,Heves,HU312,2022-01,309.793777541485,Epidemic intelligence subnational data
Hungary,Heves,HU312,2022-02,510.529239556814,Epidemic intelligence subnational data
Hungary,Heves,HU312,2022-03,1049.68628693924,Epidemic intelligence subnational data
Hungary,Heves,HU312,2022-04,1662.45769730183,Epidemic intelligence subnational data
Hungary,Nograd,HU313,2020-15,,Epidemic intelligence subnational data
Hungary,Nograd,HU313,2020-16,6.91151138804415,Epidemic intelligence subnational data
Hungary,Nograd,HU313,2020-17,2.65827361078621,Epidemic intelligence subnational data
Hungary,Nograd,HU313,2020-18,1.06330944431448,Epidemic intelligence subnational data
Hungary,Nograd,HU313,2020-19,0.531654722157242,Epidemic intelligence subnational data
Hungary,Nograd,HU313,2020-20,0,Epidemic intelligence subnational data
Hungary,Nograd,HU313,2020-21,5.31654722157242,Epidemic intelligence subnational data
Hungary,Nograd,HU313,2020-22,11.6964038874593,Epidemic intelligence subnational data
Hungary,Nograd,HU313,2020-23,9.03813027667312,Epidemic intelligence subnational data
Hungary,Nograd,HU313,2020-24,2.12661888862897,Epidemic intelligence subnational data
Hungary,Nograd,HU313,2020-25,-0.531654722157242,Epidemic intelligence subnational data
Hungary,Nograd,HU313,2020-26,0.531654722157242,Epidemic intelligence subnational data
Hungary,Nograd,HU313,2020-27,0.531654722157242,Epidemic intelligence subnational data
Hungary,Nograd,HU313,2020-28,0,Epidemic intelligence subnational data
Hungary,Nograd,HU313,2020-29,0.531654722157242,Epidemic intelligence subnational data
Hungary,Nograd,HU313,2020-30,0.531654722157242,Epidemic intelligence subnational data
Hungary,Nograd,HU313,2020-31,0,Epidemic intelligence subnational data
Hungary,Nograd,HU313,2020-32,1.59496416647173,Epidemic intelligence subnational data
Hungary,Nograd,HU313,2020-33,2.12661888862897,Epidemic intelligence subnational data
Hungary,Nograd,HU313,2020-34,3.18992833294345,Epidemic intelligence subnational data
Hungary,Nograd,HU313,2020-35,7.44316611020139,Epidemic intelligence subnational data
Hungary,Nograd,HU313,2020-36,21.2661888862897,Epidemic intelligence subnational data
Hungary,Nograd,HU313,2020-37,51.5705080492525,Epidemic intelligence subnational data
Hungary,Nograd,HU313,2020-38,74.4316611020139,Epidemic intelligence subnational data
Hungary,Nograd,HU313,2020-39,112.179146375178,Epidemic intelligence subnational data
Hungary,Nograd,HU313,2020-40,177.041022478362,Epidemic intelligence subnational data
Hungary,Nograd,HU313,2020-41,234.459732471344,Epidemic intelligence subnational data
Hungary,Nograd,HU313,2020-42,292.941751908641,Epidemic intelligence subnational data
Hungary,Nograd,HU313,2020-43,451.906513833656,Epidemic intelligence subnational data
Hungary,Nograd,HU313,2020-44,549.730982710589,Epidemic intelligence subnational data
Hungary,Nograd,HU313,2020-45,597.048252982583,Epidemic intelligence subnational data
Hungary,Nograd,HU313,2020-46,862.343959339047,Epidemic intelligence subnational data
Hungary,Nograd,HU313,2020-47,741.658337409353,Epidemic intelligence subnational data
Hungary,Nograd,HU313,2020-48,700.189269081088,Epidemic intelligence subnational data
Hungary,Nograd,HU313,2020-49,972.396486825596,Epidemic intelligence subnational data
Hungary,Nograd,HU313,2020-50,959.105118771665,Epidemic intelligence subnational data
Hungary,Nograd,HU313,2020-51,808.115177679008,Epidemic intelligence subnational data
Hungary,Nograd,HU313,2020-52,471.046083831317,Epidemic intelligence subnational data
Hungary,Nograd,HU313,2020-53,279.650383854709,Epidemic intelligence subnational data
Hungary,Nograd,HU313,2021-01,331.220891903962,Epidemic intelligence subnational data
Hungary,Nograd,HU313,2021-02,291.878442464326,Epidemic intelligence subnational data
Hungary,Nograd,HU313,2021-03,212.661888862897,Epidemic intelligence subnational data
Hungary,Nograd,HU313,2021-04,214.788507751526,Epidemic intelligence subnational data
Hungary,Nograd,HU313,2021-05,242.434553303702,Epidemic intelligence subnational data
Hungary,Nograd,HU313,2021-06,279.650383854709,Epidemic intelligence subnational data
Hungary,Nograd,HU313,2021-07,457.754715777386,Epidemic intelligence subnational data
Hungary,Nograd,HU313,2021-08,806.520213512536,Epidemic intelligence subnational data
Hungary,Nograd,HU313,2021-09,1118.06988069668,Epidemic intelligence subnational data
Hungary,Nograd,HU313,2021-10,1373.26414733216,Epidemic intelligence subnational data
Hungary,Nograd,HU313,2021-11,1593.90085702741,Epidemic intelligence subnational data
Hungary,Nograd,HU313,2021-12,1507.77279203794,Epidemic intelligence subnational data
Hungary,Nograd,HU313,2021-13,1214.29938540714,Epidemic intelligence subnational data
Hungary,Nograd,HU313,2021-14,1039.38498181741,Epidemic intelligence subnational data
Hungary,Nograd,HU313,2021-15,835.761223231185,Epidemic intelligence subnational data
Hungary,Nograd,HU313,2021-16,582.16192076218,Epidemic intelligence subnational data
Hungary,Nograd,HU313,2021-17,390.234566063416,Epidemic intelligence subnational data
Hungary,Nograd,HU313,2021-18,251.472683580376,Epidemic intelligence subnational data
Hungary,Nograd,HU313,2021-19,160.559726091487,Epidemic intelligence subnational data
Hungary,Nograd,HU313,2021-20,106.862599153606,Epidemic intelligence subnational data
Hungary,Nograd,HU313,2021-21,70.7100780469132,Epidemic intelligence subnational data
Hungary,Nograd,HU313,2021-22,49.4438891606235,Epidemic intelligence subnational data
Hungary,Nograd,HU313,2021-23,32.4309380515918,Epidemic intelligence subnational data
Hungary,Nograd,HU313,2021-24,21.7978436084469,Epidemic intelligence subnational data
Hungary,Nograd,HU313,2021-25,15.9496416647173,Epidemic intelligence subnational data
Hungary,Nograd,HU313,2021-26,8.50647555451588,Epidemic intelligence subnational data
Hungary,Nograd,HU313,2021-27,7.97482083235863,Epidemic intelligence subnational data
Hungary,Nograd,HU313,2021-28,5.31654722157242,Epidemic intelligence subnational data
Hungary,Nograd,HU313,2021-29,3.18992833294345,Epidemic intelligence subnational data
Hungary,Nograd,HU313,2021-30,6.37985666588691,Epidemic intelligence subnational data
Hungary,Nograd,HU313,2021-31,6.91151138804415,Epidemic intelligence subnational data
Hungary,Nograd,HU313,2021-32,8.50647555451588,Epidemic intelligence subnational data
Hungary,Nograd,HU313,2021-33,13.8230227760883,Epidemic intelligence subnational data
Hungary,Nograd,HU313,2021-34,22.3294983306042,Epidemic intelligence subnational data
Hungary,Nograd,HU313,2021-35,39.3424494396359,Epidemic intelligence subnational data
Hungary,Nograd,HU313,2021-36,57.4187099929822,Epidemic intelligence subnational data
Hungary,Nograd,HU313,2021-37,78.1532441571146,Epidemic intelligence subnational data
Hungary,Nograd,HU313,2021-38,88.7863386002594,Epidemic intelligence subnational data
Hungary,Nograd,HU313,2021-39,112.710801097335,Epidemic intelligence subnational data
Hungary,Nograd,HU313,2021-40,145.673393871084,Epidemic intelligence subnational data
Hungary,Nograd,HU313,2021-41,160.02807136933,Epidemic intelligence subnational data
Hungary,Nograd,HU313,2021-42,258.915849690577,Epidemic intelligence subnational data
Hungary,Nograd,HU313,2021-43,413.095719116177,Epidemic intelligence subnational data
Hungary,Nograd,HU313,2021-44,665.631712140867,Epidemic intelligence subnational data
Hungary,Nograd,HU313,2021-45,976.118069880697,Epidemic intelligence subnational data
Hungary,Nograd,HU313,2021-46,1136.14614125003,Epidemic intelligence subnational data
Hungary,Nograd,HU313,2021-47,1379.64400399804,Epidemic intelligence subnational data
Hungary,Nograd,HU313,2021-48,1404.63177593943,Epidemic intelligence subnational data
Hungary,Nograd,HU313,2021-49,1073.94253875763,Epidemic intelligence subnational data
Hungary,Nograd,HU313,2021-50,765.051145184272,Epidemic intelligence subnational data
Hungary,Nograd,HU313,2021-51,473.172702719946,Epidemic intelligence subnational data
Hungary,Nograd,HU313,2021-52,355.145354401038,Epidemic intelligence subnational data
Hungary,Nograd,HU313,2022-01,508.261914382324,Epidemic intelligence subnational data
Hungary,Nograd,HU313,2022-02,724.645386300321,Epidemic intelligence subnational data
Hungary,Nograd,HU313,2022-03,1207.91952874125,Epidemic intelligence subnational data
Hungary,Nograd,HU313,2022-04,1780.5116645046,Epidemic intelligence subnational data
Hungary,Hajdu-Bihar,HU321,2020-15,,Epidemic intelligence subnational data
Hungary,Hajdu-Bihar,HU321,2020-16,1.32896168223767,Epidemic intelligence subnational data
Hungary,Hajdu-Bihar,HU321,2020-17,0.759406675564382,Epidemic intelligence subnational data
Hungary,Hajdu-Bihar,HU321,2020-18,0.189851668891095,Epidemic intelligence subnational data
Hungary,Hajdu-Bihar,HU321,2020-19,0,Epidemic intelligence subnational data
Hungary,Hajdu-Bihar,HU321,2020-20,0,Epidemic intelligence subnational data
Hungary,Hajdu-Bihar,HU321,2020-21,0.189851668891095,Epidemic intelligence subnational data
Hungary,Hajdu-Bihar,HU321,2020-22,0.379703337782191,Epidemic intelligence subnational data
Hungary,Hajdu-Bihar,HU321,2020-23,0.379703337782191,Epidemic intelligence subnational data
Hungary,Hajdu-Bihar,HU321,2020-24,0.379703337782191,Epidemic intelligence subnational data
Hungary,Hajdu-Bihar,HU321,2020-25,0.189851668891095,Epidemic intelligence subnational data
Hungary,Hajdu-Bihar,HU321,2020-26,-0.949258344455477,Epidemic intelligence subnational data
Hungary,Hajdu-Bihar,HU321,2020-27,-0.759406675564382,Epidemic intelligence subnational data
Hungary,Hajdu-Bihar,HU321,2020-28,0.759406675564382,Epidemic intelligence subnational data
Hungary,Hajdu-Bihar,HU321,2020-29,1.32896168223767,Epidemic intelligence subnational data
Hungary,Hajdu-Bihar,HU321,2020-30,4.36658838449519,Epidemic intelligence subnational data
Hungary,Hajdu-Bihar,HU321,2020-31,5.50569839784177,Epidemic intelligence subnational data
Hungary,Hajdu-Bihar,HU321,2020-32,6.45495674229724,Epidemic intelligence subnational data
Hungary,Hajdu-Bihar,HU321,2020-33,6.83466008007943,Epidemic intelligence subnational data
Hungary,Hajdu-Bihar,HU321,2020-34,8.1636217623171,Epidemic intelligence subnational data
Hungary,Hajdu-Bihar,HU321,2020-35,21.832941922476,Epidemic intelligence subnational data
Hungary,Hajdu-Bihar,HU321,2020-36,41.9572188249321,Epidemic intelligence subnational data
Hungary,Hajdu-Bihar,HU321,2020-37,61.1322373829327,Epidemic intelligence subnational data
Hungary,Hajdu-Bihar,HU321,2020-38,88.4708777032505,Epidemic intelligence subnational data
Hungary,Hajdu-Bihar,HU321,2020-39,98.7228678233696,Epidemic intelligence subnational data
Hungary,Hajdu-Bihar,HU321,2020-40,115.050111348004,Epidemic intelligence subnational data
Hungary,Hajdu-Bihar,HU321,2020-41,163.272435246342,Epidemic intelligence subnational data
Hungary,Hajdu-Bihar,HU321,2020-42,188.712558877749,Epidemic intelligence subnational data
Hungary,Hajdu-Bihar,HU321,2020-43,239.592806140562,Epidemic intelligence subnational data
Hungary,Hajdu-Bihar,HU321,2020-44,383.310519491122,Epidemic intelligence subnational data
Hungary,Hajdu-Bihar,HU321,2020-45,547.342361413028,Epidemic intelligence subnational data
Hungary,Hajdu-Bihar,HU321,2020-46,621.384512280555,Epidemic intelligence subnational data
Hungary,Hajdu-Bihar,HU321,2020-47,667.138764483309,Epidemic intelligence subnational data
Hungary,Hajdu-Bihar,HU321,2020-48,796.427750998145,Epidemic intelligence subnational data
Hungary,Hajdu-Bihar,HU321,2020-49,863.06568677892,Epidemic intelligence subnational data
Hungary,Hajdu-Bihar,HU321,2020-50,739.472250330817,Epidemic intelligence subnational data
Hungary,Hajdu-Bihar,HU321,2020-51,697.515031505885,Epidemic intelligence subnational data
Hungary,Hajdu-Bihar,HU321,2020-52,436.089283442846,Epidemic intelligence subnational data
Hungary,Hajdu-Bihar,HU321,2020-53,210.735352469116,Epidemic intelligence subnational data
Hungary,Hajdu-Bihar,HU321,2021-01,285.536910012207,Epidemic intelligence subnational data
Hungary,Hajdu-Bihar,HU321,2021-02,219.278677569215,Epidemic intelligence subnational data
Hungary,Hajdu-Bihar,HU321,2021-03,153.590000132896,Epidemic intelligence subnational data
Hungary,Hajdu-Bihar,HU321,2021-04,154.918961815134,Epidemic intelligence subnational data
Hungary,Hajdu-Bihar,HU321,2021-05,182.447453804343,Epidemic intelligence subnational data
Hungary,Hajdu-Bihar,HU321,2021-06,188.712558877749,Epidemic intelligence subnational data
Hungary,Hajdu-Bihar,HU321,2021-07,266.361891454207,Epidemic intelligence subnational data
Hungary,Hajdu-Bihar,HU321,2021-08,433.621211747262,Epidemic intelligence subnational data
Hungary,Hajdu-Bihar,HU321,2021-09,641.698640851902,Epidemic intelligence subnational data
Hungary,Hajdu-Bihar,HU321,2021-10,860.597615083335,Epidemic intelligence subnational data
Hungary,Hajdu-Bihar,HU321,2021-11,995.961855002686,Epidemic intelligence subnational data
Hungary,Hajdu-Bihar,HU321,2021-12,1028.99604538974,Epidemic intelligence subnational data
Hungary,Hajdu-Bihar,HU321,2021-13,999.569036711617,Epidemic intelligence subnational data
Hungary,Hajdu-Bihar,HU321,2021-14,862.496131772246,Epidemic intelligence subnational data
Hungary,Hajdu-Bihar,HU321,2021-15,650.241965952002,Epidemic intelligence subnational data
Hungary,Hajdu-Bihar,HU321,2021-16,446.531125231856,Epidemic intelligence subnational data
Hungary,Hajdu-Bihar,HU321,2021-17,287.245575032227,Epidemic intelligence subnational data
Hungary,Hajdu-Bihar,HU321,2021-18,185.295228837709,Epidemic intelligence subnational data
Hungary,Hajdu-Bihar,HU321,2021-19,119.986254739172,Epidemic intelligence subnational data
Hungary,Hajdu-Bihar,HU321,2021-20,78.0290359142402,Epidemic intelligence subnational data
Hungary,Hajdu-Bihar,HU321,2021-21,47.2730655538828,Epidemic intelligence subnational data
Hungary,Hajdu-Bihar,HU321,2021-22,27.5284919892088,Epidemic intelligence subnational data
Hungary,Hajdu-Bihar,HU321,2021-23,17.2765018690897,Epidemic intelligence subnational data
Hungary,Hajdu-Bihar,HU321,2021-24,14.4287268357233,Epidemic intelligence subnational data
Hungary,Hajdu-Bihar,HU321,2021-25,8.92302843788148,Epidemic intelligence subnational data
Hungary,Hajdu-Bihar,HU321,2021-26,2.46807169558424,Epidemic intelligence subnational data
Hungary,Hajdu-Bihar,HU321,2021-27,1.32896168223767,Epidemic intelligence subnational data
Hungary,Hajdu-Bihar,HU321,2021-28,1.70866502001986,Epidemic intelligence subnational data
Hungary,Hajdu-Bihar,HU321,2021-29,2.08836835780205,Epidemic intelligence subnational data
Hungary,Hajdu-Bihar,HU321,2021-30,3.60718170893081,Epidemic intelligence subnational data
Hungary,Hajdu-Bihar,HU321,2021-31,4.93614339116848,Epidemic intelligence subnational data
Hungary,Hajdu-Bihar,HU321,2021-32,7.21436341786163,Epidemic intelligence subnational data
Hungary,Hajdu-Bihar,HU321,2021-33,8.1636217623171,Epidemic intelligence subnational data
Hungary,Hajdu-Bihar,HU321,2021-34,7.59406675564382,Epidemic intelligence subnational data
Hungary,Hajdu-Bihar,HU321,2021-35,13.0997651534856,Epidemic intelligence subnational data
Hungary,Hajdu-Bihar,HU321,2021-36,24.4908652869513,Epidemic intelligence subnational data
Hungary,Hajdu-Bihar,HU321,2021-37,40.6282571426944,Epidemic intelligence subnational data
Hungary,Hajdu-Bihar,HU321,2021-38,54.6772806406355,Epidemic intelligence subnational data
Hungary,Hajdu-Bihar,HU321,2021-39,66.0683807741012,Epidemic intelligence subnational data
Hungary,Hajdu-Bihar,HU321,2021-40,97.3939061411319,Epidemic intelligence subnational data
Hungary,Hajdu-Bihar,HU321,2021-41,136.88305327048,Epidemic intelligence subnational data
Hungary,Hajdu-Bihar,HU321,2021-42,229.150964351552,Epidemic intelligence subnational data
Hungary,Hajdu-Bihar,HU321,2021-43,407.041978102509,Epidemic intelligence subnational data
Hungary,Hajdu-Bihar,HU321,2021-44,721.05663844838,Epidemic intelligence subnational data
Hungary,Hajdu-Bihar,HU321,2021-45,1070.00400587021,Epidemic intelligence subnational data
Hungary,Hajdu-Bihar,HU321,2021-46,1363.13498263806,Epidemic intelligence subnational data
Hungary,Hajdu-Bihar,HU321,2021-47,1638.60975419904,Epidemic intelligence subnational data
Hungary,Hajdu-Bihar,HU321,2021-48,1533.62178130227,Epidemic intelligence subnational data
Hungary,Hajdu-Bihar,HU321,2021-49,1092.97605780604,Epidemic intelligence subnational data
Hungary,Hajdu-Bihar,HU321,2021-50,708.336576632677,Epidemic intelligence subnational data
Hungary,Hajdu-Bihar,HU321,2021-51,419.38233658043,Epidemic intelligence subnational data
Hungary,Hajdu-Bihar,HU321,2021-52,302.243856874624,Epidemic intelligence subnational data
Hungary,Hajdu-Bihar,HU321,2022-01,432.292250065024,Epidemic intelligence subnational data
Hungary,Hajdu-Bihar,HU321,2022-02,620.4352539361,Epidemic intelligence subnational data
Hungary,Hajdu-Bihar,HU321,2022-03,1084.24288103705,Epidemic intelligence subnational data
Hungary,Hajdu-Bihar,HU321,2022-04,1674.87142295724,Epidemic intelligence subnational data
Hungary,Jasz-Nagykun-Szolnok,HU322,2020-15,,Epidemic intelligence subnational data
Hungary,Jasz-Nagykun-Szolnok,HU322,2020-16,2.99805126667666,Epidemic intelligence subnational data
Hungary,Jasz-Nagykun-Szolnok,HU322,2020-17,1.63530069091454,Epidemic intelligence subnational data
Hungary,Jasz-Nagykun-Szolnok,HU322,2020-18,1.0902004606097,Epidemic intelligence subnational data
Hungary,Jasz-Nagykun-Szolnok,HU322,2020-19,0.272550115152424,Epidemic intelligence subnational data
Hungary,Jasz-Nagykun-Szolnok,HU322,2020-20,0.545100230304847,Epidemic intelligence subnational data
Hungary,Jasz-Nagykun-Szolnok,HU322,2020-21,0.817650345457271,Epidemic intelligence subnational data
Hungary,Jasz-Nagykun-Szolnok,HU322,2020-22,-1.90785080606697,Epidemic intelligence subnational data
Hungary,Jasz-Nagykun-Szolnok,HU322,2020-23,-2.45295103637181,Epidemic intelligence subnational data
Hungary,Jasz-Nagykun-Szolnok,HU322,2020-24,0,Epidemic intelligence subnational data
Hungary,Jasz-Nagykun-Szolnok,HU322,2020-25,0.545100230304847,Epidemic intelligence subnational data
Hungary,Jasz-Nagykun-Szolnok,HU322,2020-26,0.272550115152424,Epidemic intelligence subnational data
Hungary,Jasz-Nagykun-Szolnok,HU322,2020-27,-0.545100230304847,Epidemic intelligence subnational data
Hungary,Jasz-Nagykun-Szolnok,HU322,2020-28,-0.545100230304847,Epidemic intelligence subnational data
Hungary,Jasz-Nagykun-Szolnok,HU322,2020-29,0.817650345457271,Epidemic intelligence subnational data
Hungary,Jasz-Nagykun-Szolnok,HU322,2020-30,1.63530069091454,Epidemic intelligence subnational data
Hungary,Jasz-Nagykun-Szolnok,HU322,2020-31,1.0902004606097,Epidemic intelligence subnational data
Hungary,Jasz-Nagykun-Szolnok,HU322,2020-32,1.36275057576212,Epidemic intelligence subnational data
Hungary,Jasz-Nagykun-Szolnok,HU322,2020-33,2.45295103637181,Epidemic intelligence subnational data
Hungary,Jasz-Nagykun-Szolnok,HU322,2020-34,1.90785080606697,Epidemic intelligence subnational data
Hungary,Jasz-Nagykun-Szolnok,HU322,2020-35,4.90590207274363,Epidemic intelligence subnational data
Hungary,Jasz-Nagykun-Szolnok,HU322,2020-36,14.4451561030785,Epidemic intelligence subnational data
Hungary,Jasz-Nagykun-Szolnok,HU322,2020-37,44.4256687698451,Epidemic intelligence subnational data
Hungary,Jasz-Nagykun-Szolnok,HU322,2020-38,78.2218830487456,Epidemic intelligence subnational data
Hungary,Jasz-Nagykun-Szolnok,HU322,2020-39,110.927896867036,Epidemic intelligence subnational data
Hungary,Jasz-Nagykun-Szolnok,HU322,2020-40,115.288698709475,Epidemic intelligence subnational data
Hungary,Jasz-Nagykun-Szolnok,HU322,2020-41,129.733854812554,Epidemic intelligence subnational data
Hungary,Jasz-Nagykun-Szolnok,HU322,2020-42,146.086861721699,Epidemic intelligence subnational data
Hungary,Jasz-Nagykun-Szolnok,HU322,2020-43,228.396996497731,Epidemic intelligence subnational data
Hungary,Jasz-Nagykun-Szolnok,HU322,2020-44,437.170384704488,Epidemic intelligence subnational data
Hungary,Jasz-Nagykun-Szolnok,HU322,2020-45,582.167045965577,Epidemic intelligence subnational data
Hungary,Jasz-Nagykun-Szolnok,HU322,2020-46,593.069050571674,Epidemic intelligence subnational data
Hungary,Jasz-Nagykun-Szolnok,HU322,2020-47,506.125563838051,Epidemic intelligence subnational data
Hungary,Jasz-Nagykun-Szolnok,HU322,2020-48,695.00279363868,Epidemic intelligence subnational data
Hungary,Jasz-Nagykun-Szolnok,HU322,2020-49,893.96437769995,Epidemic intelligence subnational data
Hungary,Jasz-Nagykun-Szolnok,HU322,2020-50,793.393385208705,Epidemic intelligence subnational data
Hungary,Jasz-Nagykun-Szolnok,HU322,2020-51,649.486924408226,Epidemic intelligence subnational data
Hungary,Jasz-Nagykun-Szolnok,HU322,2020-52,433.899783322658,Epidemic intelligence subnational data
Hungary,Jasz-Nagykun-Szolnok,HU322,2020-53,295.171774710075,Epidemic intelligence subnational data
Hungary,Jasz-Nagykun-Szolnok,HU322,2021-01,278.273667570625,Epidemic intelligence subnational data
Hungary,Jasz-Nagykun-Szolnok,HU322,2021-02,229.214646843188,Epidemic intelligence subnational data
Hungary,Jasz-Nagykun-Szolnok,HU322,2021-03,153.445714830815,Epidemic intelligence subnational data
Hungary,Jasz-Nagykun-Szolnok,HU322,2021-04,149.902563333833,Epidemic intelligence subnational data
Hungary,Jasz-Nagykun-Szolnok,HU322,2021-05,157.806516673253,Epidemic intelligence subnational data
Hungary,Jasz-Nagykun-Szolnok,HU322,2021-06,124.82795273981,Epidemic intelligence subnational data
Hungary,Jasz-Nagykun-Szolnok,HU322,2021-07,121.012251127676,Epidemic intelligence subnational data
Hungary,Jasz-Nagykun-Szolnok,HU322,2021-08,152.90061460051,Epidemic intelligence subnational data
Hungary,Jasz-Nagykun-Szolnok,HU322,2021-09,225.126395115902,Epidemic intelligence subnational data
Hungary,Jasz-Nagykun-Szolnok,HU322,2021-10,354.860249928456,Epidemic intelligence subnational data
Hungary,Jasz-Nagykun-Szolnok,HU322,2021-11,526.839372589635,Epidemic intelligence subnational data
Hungary,Jasz-Nagykun-Szolnok,HU322,2021-12,679.739987190145,Epidemic intelligence subnational data
Hungary,Jasz-Nagykun-Szolnok,HU322,2021-13,811.381692808765,Epidemic intelligence subnational data
Hungary,Jasz-Nagykun-Szolnok,HU322,2021-14,824.464098336082,Epidemic intelligence subnational data
Hungary,Jasz-Nagykun-Szolnok,HU322,2021-15,696.365544214443,Epidemic intelligence subnational data
Hungary,Jasz-Nagykun-Szolnok,HU322,2021-16,532.835475122988,Epidemic intelligence subnational data
Hungary,Jasz-Nagykun-Szolnok,HU322,2021-17,403.919270655892,Epidemic intelligence subnational data
Hungary,Jasz-Nagykun-Szolnok,HU322,2021-18,318.611084613183,Epidemic intelligence subnational data
Hungary,Jasz-Nagykun-Szolnok,HU322,2021-19,222.945994194683,Epidemic intelligence subnational data
Hungary,Jasz-Nagykun-Szolnok,HU322,2021-20,141.180959648956,Epidemic intelligence subnational data
Hungary,Jasz-Nagykun-Szolnok,HU322,2021-21,72.4983306305447,Epidemic intelligence subnational data
Hungary,Jasz-Nagykun-Szolnok,HU322,2021-22,36.5217154304248,Epidemic intelligence subnational data
Hungary,Jasz-Nagykun-Szolnok,HU322,2021-23,25.3471607091754,Epidemic intelligence subnational data
Hungary,Jasz-Nagykun-Szolnok,HU322,2021-24,17.7157574849075,Epidemic intelligence subnational data
Hungary,Jasz-Nagykun-Szolnok,HU322,2021-25,8.99415380002998,Epidemic intelligence subnational data
Hungary,Jasz-Nagykun-Szolnok,HU322,2021-26,5.17845218789605,Epidemic intelligence subnational data
Hungary,Jasz-Nagykun-Szolnok,HU322,2021-27,3.81570161213393,Epidemic intelligence subnational data
Hungary,Jasz-Nagykun-Szolnok,HU322,2021-28,4.6333519575912,Epidemic intelligence subnational data
Hungary,Jasz-Nagykun-Szolnok,HU322,2021-29,4.90590207274363,Epidemic intelligence subnational data
Hungary,Jasz-Nagykun-Szolnok,HU322,2021-30,2.18040092121939,Epidemic intelligence subnational data
Hungary,Jasz-Nagykun-Szolnok,HU322,2021-31,2.18040092121939,Epidemic intelligence subnational data
Hungary,Jasz-Nagykun-Szolnok,HU322,2021-32,4.08825172728636,Epidemic intelligence subnational data
Hungary,Jasz-Nagykun-Szolnok,HU322,2021-33,10.0843542606397,Epidemic intelligence subnational data
Hungary,Jasz-Nagykun-Szolnok,HU322,2021-34,16.3530069091454,Epidemic intelligence subnational data
Hungary,Jasz-Nagykun-Szolnok,HU322,2021-35,20.7138087515842,Epidemic intelligence subnational data
Hungary,Jasz-Nagykun-Szolnok,HU322,2021-36,24.8020604788706,Epidemic intelligence subnational data
Hungary,Jasz-Nagykun-Szolnok,HU322,2021-37,36.2491653152723,Epidemic intelligence subnational data
Hungary,Jasz-Nagykun-Szolnok,HU322,2021-38,56.1453237213993,Epidemic intelligence subnational data
Hungary,Jasz-Nagykun-Szolnok,HU322,2021-39,84.7630858124038,Epidemic intelligence subnational data
Hungary,Jasz-Nagykun-Szolnok,HU322,2021-40,118.286749976152,Epidemic intelligence subnational data
Hungary,Jasz-Nagykun-Szolnok,HU322,2021-41,182.608577152124,Epidemic intelligence subnational data
Hungary,Jasz-Nagykun-Szolnok,HU322,2021-42,379.389760292174,Epidemic intelligence subnational data
Hungary,Jasz-Nagykun-Szolnok,HU322,2021-43,790.940434172333,Epidemic intelligence subnational data
Hungary,Jasz-Nagykun-Szolnok,HU322,2021-44,1282.075741677,Epidemic intelligence subnational data
Hungary,Jasz-Nagykun-Szolnok,HU322,2021-45,1887.13699731538,Epidemic intelligence subnational data
Hungary,Jasz-Nagykun-Szolnok,HU322,2021-46,2076.83187746147,Epidemic intelligence subnational data
Hungary,Jasz-Nagykun-Szolnok,HU322,2021-47,2071.10832504327,Epidemic intelligence subnational data
Hungary,Jasz-Nagykun-Szolnok,HU322,2021-48,1825.54067129093,Epidemic intelligence subnational data
Hungary,Jasz-Nagykun-Szolnok,HU322,2021-49,1083.38670773088,Epidemic intelligence subnational data
Hungary,Jasz-Nagykun-Szolnok,HU322,2021-50,618.961311511154,Epidemic intelligence subnational data
Hungary,Jasz-Nagykun-Szolnok,HU322,2021-51,351.862198661779,Epidemic intelligence subnational data
Hungary,Jasz-Nagykun-Szolnok,HU322,2021-52,221.038143388616,Epidemic intelligence subnational data
Hungary,Jasz-Nagykun-Szolnok,HU322,2022-01,278.273667570625,Epidemic intelligence subnational data
Hungary,Jasz-Nagykun-Szolnok,HU322,2022-02,429.53898148022,Epidemic intelligence subnational data
Hungary,Jasz-Nagykun-Szolnok,HU322,2022-03,771.316825881359,Epidemic intelligence subnational data
Hungary,Jasz-Nagykun-Szolnok,HU322,2022-04,1207.39701012524,Epidemic intelligence subnational data
Hungary,Szabolcs-Szatmar-Bereg,HU323,2020-15,,Epidemic intelligence subnational data
Hungary,Szabolcs-Szatmar-Bereg,HU323,2020-16,2.73210109502612,Epidemic intelligence subnational data
Hungary,Szabolcs-Szatmar-Bereg,HU323,2020-17,0.910700365008706,Epidemic intelligence subnational data
Hungary,Szabolcs-Szatmar-Bereg,HU323,2020-18,0.728560292006965,Epidemic intelligence subnational data
Hungary,Szabolcs-Szatmar-Bereg,HU323,2020-19,0,Epidemic intelligence subnational data
Hungary,Szabolcs-Szatmar-Bereg,HU323,2020-20,0.364280146003483,Epidemic intelligence subnational data
Hungary,Szabolcs-Szatmar-Bereg,HU323,2020-21,-1.45712058401393,Epidemic intelligence subnational data
Hungary,Szabolcs-Szatmar-Bereg,HU323,2020-22,-1.27498051101219,Epidemic intelligence subnational data
Hungary,Szabolcs-Szatmar-Bereg,HU323,2020-23,0.910700365008706,Epidemic intelligence subnational data
Hungary,Szabolcs-Szatmar-Bereg,HU323,2020-24,1.09284043801045,Epidemic intelligence subnational data
Hungary,Szabolcs-Szatmar-Bereg,HU323,2020-25,1.09284043801045,Epidemic intelligence subnational data
Hungary,Szabolcs-Szatmar-Bereg,HU323,2020-26,0.546420219005224,Epidemic intelligence subnational data
Hungary,Szabolcs-Szatmar-Bereg,HU323,2020-27,0.546420219005224,Epidemic intelligence subnational data
Hungary,Szabolcs-Szatmar-Bereg,HU323,2020-28,0.364280146003483,Epidemic intelligence subnational data
Hungary,Szabolcs-Szatmar-Bereg,HU323,2020-29,0,Epidemic intelligence subnational data
Hungary,Szabolcs-Szatmar-Bereg,HU323,2020-30,0.182140073001741,Epidemic intelligence subnational data
Hungary,Szabolcs-Szatmar-Bereg,HU323,2020-31,0.364280146003483,Epidemic intelligence subnational data
Hungary,Szabolcs-Szatmar-Bereg,HU323,2020-32,2.1856808760209,Epidemic intelligence subnational data
Hungary,Szabolcs-Szatmar-Bereg,HU323,2020-33,8.3784433580801,Epidemic intelligence subnational data
Hungary,Szabolcs-Szatmar-Bereg,HU323,2020-34,13.2962253291271,Epidemic intelligence subnational data
Hungary,Szabolcs-Szatmar-Bereg,HU323,2020-35,15.1176260591445,Epidemic intelligence subnational data
Hungary,Szabolcs-Szatmar-Bereg,HU323,2020-36,32.0566528483065,Epidemic intelligence subnational data
Hungary,Szabolcs-Szatmar-Bereg,HU323,2020-37,51.7277807324945,Epidemic intelligence subnational data
Hungary,Szabolcs-Szatmar-Bereg,HU323,2020-38,91.9807368658793,Epidemic intelligence subnational data
Hungary,Szabolcs-Szatmar-Bereg,HU323,2020-39,106.916222852022,Epidemic intelligence subnational data
Hungary,Szabolcs-Szatmar-Bereg,HU323,2020-40,96.3520986179211,Epidemic intelligence subnational data
Hungary,Szabolcs-Szatmar-Bereg,HU323,2020-41,158.097583365511,Epidemic intelligence subnational data
Hungary,Szabolcs-Szatmar-Bereg,HU323,2020-42,213.832445704044,Epidemic intelligence subnational data
Hungary,Szabolcs-Szatmar-Bereg,HU323,2020-43,286.324194758737,Epidemic intelligence subnational data
Hungary,Szabolcs-Szatmar-Bereg,HU323,2020-44,386.136954763691,Epidemic intelligence subnational data
Hungary,Szabolcs-Szatmar-Bereg,HU323,2020-45,499.245940097773,Epidemic intelligence subnational data
Hungary,Szabolcs-Szatmar-Bereg,HU323,2020-46,650.786480835222,Epidemic intelligence subnational data
Hungary,Szabolcs-Szatmar-Bereg,HU323,2020-47,585.216054554595,Epidemic intelligence subnational data
Hungary,Szabolcs-Szatmar-Bereg,HU323,2020-48,579.569712291541,Epidemic intelligence subnational data
Hungary,Szabolcs-Szatmar-Bereg,HU323,2020-49,659.164924193302,Epidemic intelligence subnational data
Hungary,Szabolcs-Szatmar-Bereg,HU323,2020-50,522.924149587999,Epidemic intelligence subnational data
Hungary,Szabolcs-Szatmar-Bereg,HU323,2020-51,410.725864618927,Epidemic intelligence subnational data
Hungary,Szabolcs-Szatmar-Bereg,HU323,2020-52,287.599175269749,Epidemic intelligence subnational data
Hungary,Szabolcs-Szatmar-Bereg,HU323,2020-53,195.436298330868,Epidemic intelligence subnational data
Hungary,Szabolcs-Szatmar-Bereg,HU323,2021-01,214.196725850048,Epidemic intelligence subnational data
Hungary,Szabolcs-Szatmar-Bereg,HU323,2021-02,184.507893950764,Epidemic intelligence subnational data
Hungary,Szabolcs-Szatmar-Bereg,HU323,2021-03,132.780113218269,Epidemic intelligence subnational data
Hungary,Szabolcs-Szatmar-Bereg,HU323,2021-04,121.851708838165,Epidemic intelligence subnational data
Hungary,Szabolcs-Szatmar-Bereg,HU323,2021-05,168.297427453609,Epidemic intelligence subnational data
Hungary,Szabolcs-Szatmar-Bereg,HU323,2021-06,208.003963367989,Epidemic intelligence subnational data
Hungary,Szabolcs-Szatmar-Bereg,HU323,2021-07,256.635362859453,Epidemic intelligence subnational data
Hungary,Szabolcs-Szatmar-Bereg,HU323,2021-08,409.268744034913,Epidemic intelligence subnational data
Hungary,Szabolcs-Szatmar-Bereg,HU323,2021-09,625.651150760981,Epidemic intelligence subnational data
Hungary,Szabolcs-Szatmar-Bereg,HU323,2021-10,866.07604712328,Epidemic intelligence subnational data
Hungary,Szabolcs-Szatmar-Bereg,HU323,2021-11,1031.64137348186,Epidemic intelligence subnational data
Hungary,Szabolcs-Szatmar-Bereg,HU323,2021-12,1087.01195567439,Epidemic intelligence subnational data
Hungary,Szabolcs-Szatmar-Bereg,HU323,2021-13,1072.44074983425,Epidemic intelligence subnational data
Hungary,Szabolcs-Szatmar-Bereg,HU323,2021-14,911.428925300713,Epidemic intelligence subnational data
Hungary,Szabolcs-Szatmar-Bereg,HU323,2021-15,683.02527375653,Epidemic intelligence subnational data
Hungary,Szabolcs-Szatmar-Bereg,HU323,2021-16,466.642867030461,Epidemic intelligence subnational data
Hungary,Szabolcs-Szatmar-Bereg,HU323,2021-17,260.46030439249,Epidemic intelligence subnational data
Hungary,Szabolcs-Szatmar-Bereg,HU323,2021-18,150.083420153435,Epidemic intelligence subnational data
Hungary,Szabolcs-Szatmar-Bereg,HU323,2021-19,103.819841610993,Epidemic intelligence subnational data
Hungary,Szabolcs-Szatmar-Bereg,HU323,2021-20,74.8595700037157,Epidemic intelligence subnational data
Hungary,Szabolcs-Szatmar-Bereg,HU323,2021-21,49.7242399294754,Epidemic intelligence subnational data
Hungary,Szabolcs-Szatmar-Bereg,HU323,2021-22,28.4138513882716,Epidemic intelligence subnational data
Hungary,Szabolcs-Szatmar-Bereg,HU323,2021-23,13.1140852561254,Epidemic intelligence subnational data
Hungary,Szabolcs-Szatmar-Bereg,HU323,2021-24,9.2891437230888,Epidemic intelligence subnational data
Hungary,Szabolcs-Szatmar-Bereg,HU323,2021-25,6.73918270106443,Epidemic intelligence subnational data
Hungary,Szabolcs-Szatmar-Bereg,HU323,2021-26,3.82494153303657,Epidemic intelligence subnational data
Hungary,Szabolcs-Szatmar-Bereg,HU323,2021-27,3.82494153303657,Epidemic intelligence subnational data
Hungary,Szabolcs-Szatmar-Bereg,HU323,2021-28,3.46066138703308,Epidemic intelligence subnational data
Hungary,Szabolcs-Szatmar-Bereg,HU323,2021-29,3.27852131403134,Epidemic intelligence subnational data
Hungary,Szabolcs-Szatmar-Bereg,HU323,2021-30,2.73210109502612,Epidemic intelligence subnational data
Hungary,Szabolcs-Szatmar-Bereg,HU323,2021-31,2.1856808760209,Epidemic intelligence subnational data
Hungary,Szabolcs-Szatmar-Bereg,HU323,2021-32,3.64280146003483,Epidemic intelligence subnational data
Hungary,Szabolcs-Szatmar-Bereg,HU323,2021-33,5.09992204404876,Epidemic intelligence subnational data
Hungary,Szabolcs-Szatmar-Bereg,HU323,2021-34,5.2820621170505,Epidemic intelligence subnational data
Hungary,Szabolcs-Szatmar-Bereg,HU323,2021-35,8.3784433580801,Epidemic intelligence subnational data
Hungary,Szabolcs-Szatmar-Bereg,HU323,2021-36,11.292684526108,Epidemic intelligence subnational data
Hungary,Szabolcs-Szatmar-Bereg,HU323,2021-37,22.9496491982194,Epidemic intelligence subnational data
Hungary,Szabolcs-Szatmar-Bereg,HU323,2021-38,27.8674311692664,Epidemic intelligence subnational data
Hungary,Szabolcs-Szatmar-Bereg,HU323,2021-39,23.8603495632281,Epidemic intelligence subnational data
Hungary,Szabolcs-Szatmar-Bereg,HU323,2021-40,38.7958355493709,Epidemic intelligence subnational data
Hungary,Szabolcs-Szatmar-Bereg,HU323,2021-41,60.4705042365781,Epidemic intelligence subnational data
Hungary,Szabolcs-Szatmar-Bereg,HU323,2021-42,99.4484798589507,Epidemic intelligence subnational data
Hungary,Szabolcs-Szatmar-Bereg,HU323,2021-43,183.05077336675,Epidemic intelligence subnational data
Hungary,Szabolcs-Szatmar-Bereg,HU323,2021-44,373.933569872575,Epidemic intelligence subnational data
Hungary,Szabolcs-Szatmar-Bereg,HU323,2021-45,630.568932732028,Epidemic intelligence subnational data
Hungary,Szabolcs-Szatmar-Bereg,HU323,2021-46,862.797525809248,Epidemic intelligence subnational data
Hungary,Szabolcs-Szatmar-Bereg,HU323,2021-47,1348.01868028589,Epidemic intelligence subnational data
Hungary,Szabolcs-Szatmar-Bereg,HU323,2021-48,1501.56276182636,Epidemic intelligence subnational data
Hungary,Szabolcs-Szatmar-Bereg,HU323,2021-49,1204.31016268751,Epidemic intelligence subnational data
Hungary,Szabolcs-Szatmar-Bereg,HU323,2021-50,981.734993479385,Epidemic intelligence subnational data
Hungary,Szabolcs-Szatmar-Bereg,HU323,2021-51,630.204652586025,Epidemic intelligence subnational data
Hungary,Szabolcs-Szatmar-Bereg,HU323,2021-52,423.65780980205,Epidemic intelligence subnational data
Hungary,Szabolcs-Szatmar-Bereg,HU323,2022-01,560.809284772361,Epidemic intelligence subnational data
Hungary,Szabolcs-Szatmar-Bereg,HU323,2022-02,811.069745076754,Epidemic intelligence subnational data
Hungary,Szabolcs-Szatmar-Bereg,HU323,2022-03,1292.83023816636,Epidemic intelligence subnational data
Hungary,Szabolcs-Szatmar-Bereg,HU323,2022-04,1883.32835483801,Epidemic intelligence subnational data
Hungary,Bacs-Kiskun,HU331,2020-15,,Epidemic intelligence subnational data
Hungary,Bacs-Kiskun,HU331,2020-16,0.796463701166819,Epidemic intelligence subnational data
Hungary,Bacs-Kiskun,HU331,2020-17,0.199115925291705,Epidemic intelligence subnational data
Hungary,Bacs-Kiskun,HU331,2020-18,0,Epidemic intelligence subnational data
Hungary,Bacs-Kiskun,HU331,2020-19,0,Epidemic intelligence subnational data
Hungary,Bacs-Kiskun,HU331,2020-20,0.199115925291705,Epidemic intelligence subnational data
Hungary,Bacs-Kiskun,HU331,2020-21,0.199115925291705,Epidemic intelligence subnational data
Hungary,Bacs-Kiskun,HU331,2020-22,0,Epidemic intelligence subnational data
Hungary,Bacs-Kiskun,HU331,2020-23,0,Epidemic intelligence subnational data
Hungary,Bacs-Kiskun,HU331,2020-24,-0.796463701166819,Epidemic intelligence subnational data
Hungary,Bacs-Kiskun,HU331,2020-25,-0.796463701166819,Epidemic intelligence subnational data
Hungary,Bacs-Kiskun,HU331,2020-26,0,Epidemic intelligence subnational data
Hungary,Bacs-Kiskun,HU331,2020-27,0.199115925291705,Epidemic intelligence subnational data
Hungary,Bacs-Kiskun,HU331,2020-28,0.995579626458524,Epidemic intelligence subnational data
Hungary,Bacs-Kiskun,HU331,2020-29,1.59292740233364,Epidemic intelligence subnational data
Hungary,Bacs-Kiskun,HU331,2020-30,1.19469555175023,Epidemic intelligence subnational data
Hungary,Bacs-Kiskun,HU331,2020-31,0.39823185058341,Epidemic intelligence subnational data
Hungary,Bacs-Kiskun,HU331,2020-32,1.79204332762534,Epidemic intelligence subnational data
Hungary,Bacs-Kiskun,HU331,2020-33,3.18585480466728,Epidemic intelligence subnational data
Hungary,Bacs-Kiskun,HU331,2020-34,1.99115925291705,Epidemic intelligence subnational data
Hungary,Bacs-Kiskun,HU331,2020-35,6.17259368404285,Epidemic intelligence subnational data
Hungary,Bacs-Kiskun,HU331,2020-36,20.5089403050456,Epidemic intelligence subnational data
Hungary,Bacs-Kiskun,HU331,2020-37,37.6329098801322,Epidemic intelligence subnational data
Hungary,Bacs-Kiskun,HU331,2020-38,50.575445024093,Epidemic intelligence subnational data
Hungary,Bacs-Kiskun,HU331,2020-39,58.9383138863446,Epidemic intelligence subnational data
Hungary,Bacs-Kiskun,HU331,2020-40,53.7612998287603,Epidemic intelligence subnational data
Hungary,Bacs-Kiskun,HU331,2020-41,67.1020668233045,Epidemic intelligence subnational data
Hungary,Bacs-Kiskun,HU331,2020-42,100.354426347019,Epidemic intelligence subnational data
Hungary,Bacs-Kiskun,HU331,2020-43,167.655609095616,Epidemic intelligence subnational data
Hungary,Bacs-Kiskun,HU331,2020-44,329.536856357772,Epidemic intelligence subnational data
Hungary,Bacs-Kiskun,HU331,2020-45,515.511130580224,Epidemic intelligence subnational data
Hungary,Bacs-Kiskun,HU331,2020-46,599.737166978615,Epidemic intelligence subnational data
Hungary,Bacs-Kiskun,HU331,2020-47,613.476165823743,Epidemic intelligence subnational data
Hungary,Bacs-Kiskun,HU331,2020-48,770.777746804189,Epidemic intelligence subnational data
Hungary,Bacs-Kiskun,HU331,2020-49,780.335311218191,Epidemic intelligence subnational data
Hungary,Bacs-Kiskun,HU331,2020-50,567.281271156067,Epidemic intelligence subnational data
Hungary,Bacs-Kiskun,HU331,2020-51,467.723308510215,Epidemic intelligence subnational data
Hungary,Bacs-Kiskun,HU331,2020-52,348.452869260484,Epidemic intelligence subnational data
Hungary,Bacs-Kiskun,HU331,2020-53,264.226832862092,Epidemic intelligence subnational data
Hungary,Bacs-Kiskun,HU331,2021-01,283.740193540679,Epidemic intelligence subnational data
Hungary,Bacs-Kiskun,HU331,2021-02,243.917008482338,Epidemic intelligence subnational data
Hungary,Bacs-Kiskun,HU331,2021-03,173.429970929075,Epidemic intelligence subnational data
Hungary,Bacs-Kiskun,HU331,2021-04,179.005216837243,Epidemic intelligence subnational data
Hungary,Bacs-Kiskun,HU331,2021-05,206.68233045279,Epidemic intelligence subnational data
Hungary,Bacs-Kiskun,HU331,2021-06,215.045199315041,Epidemic intelligence subnational data
Hungary,Bacs-Kiskun,HU331,2021-07,282.346382063638,Epidemic intelligence subnational data
Hungary,Bacs-Kiskun,HU331,2021-08,400.422125761618,Epidemic intelligence subnational data
Hungary,Bacs-Kiskun,HU331,2021-09,557.922822667357,Epidemic intelligence subnational data
Hungary,Bacs-Kiskun,HU331,2021-10,784.317629724025,Epidemic intelligence subnational data
Hungary,Bacs-Kiskun,HU331,2021-11,1069.84986659233,Epidemic intelligence subnational data
Hungary,Bacs-Kiskun,HU331,2021-12,1200.86814543427,Epidemic intelligence subnational data
Hungary,Bacs-Kiskun,HU331,2021-13,1129.98287603042,Epidemic intelligence subnational data
Hungary,Bacs-Kiskun,HU331,2021-14,956.951136951934,Epidemic intelligence subnational data
Hungary,Bacs-Kiskun,HU331,2021-15,695.312811118633,Epidemic intelligence subnational data
Hungary,Bacs-Kiskun,HU331,2021-16,481.064075504759,Epidemic intelligence subnational data
Hungary,Bacs-Kiskun,HU331,2021-17,339.492652622357,Epidemic intelligence subnational data
Hungary,Bacs-Kiskun,HU331,2021-18,230.775357413086,Epidemic intelligence subnational data
Hungary,Bacs-Kiskun,HU331,2021-19,138.584684003027,Epidemic intelligence subnational data
Hungary,Bacs-Kiskun,HU331,2021-20,83.8278045478077,Epidemic intelligence subnational data
Hungary,Bacs-Kiskun,HU331,2021-21,56.1506909322608,Epidemic intelligence subnational data
Hungary,Bacs-Kiskun,HU331,2021-22,31.6594321213811,Epidemic intelligence subnational data
Hungary,Bacs-Kiskun,HU331,2021-23,18.3186651268368,Epidemic intelligence subnational data
Hungary,Bacs-Kiskun,HU331,2021-24,11.9469555175023,Epidemic intelligence subnational data
Hungary,Bacs-Kiskun,HU331,2021-25,10.5531440404604,Epidemic intelligence subnational data
Hungary,Bacs-Kiskun,HU331,2021-26,6.96905738520967,Epidemic intelligence subnational data
Hungary,Bacs-Kiskun,HU331,2021-27,3.9823185058341,Epidemic intelligence subnational data
Hungary,Bacs-Kiskun,HU331,2021-28,5.37612998287603,Epidemic intelligence subnational data
Hungary,Bacs-Kiskun,HU331,2021-29,4.1814344311258,Epidemic intelligence subnational data
Hungary,Bacs-Kiskun,HU331,2021-30,4.1814344311258,Epidemic intelligence subnational data
Hungary,Bacs-Kiskun,HU331,2021-31,5.37612998287603,Epidemic intelligence subnational data
Hungary,Bacs-Kiskun,HU331,2021-32,4.97789813229262,Epidemic intelligence subnational data
Hungary,Bacs-Kiskun,HU331,2021-33,7.76552108637649,Epidemic intelligence subnational data
Hungary,Bacs-Kiskun,HU331,2021-34,14.137230695711,Epidemic intelligence subnational data
Hungary,Bacs-Kiskun,HU331,2021-35,23.2965632591295,Epidemic intelligence subnational data
Hungary,Bacs-Kiskun,HU331,2021-36,31.4603161960894,Epidemic intelligence subnational data
Hungary,Bacs-Kiskun,HU331,2021-37,41.0178806100912,Epidemic intelligence subnational data
Hungary,Bacs-Kiskun,HU331,2021-38,45.5975468918004,Epidemic intelligence subnational data
Hungary,Bacs-Kiskun,HU331,2021-39,52.5666042770101,Epidemic intelligence subnational data
Hungary,Bacs-Kiskun,HU331,2021-40,68.0976464497631,Epidemic intelligence subnational data
Hungary,Bacs-Kiskun,HU331,2021-41,98.3632670941022,Epidemic intelligence subnational data
Hungary,Bacs-Kiskun,HU331,2021-42,216.638126717375,Epidemic intelligence subnational data
Hungary,Bacs-Kiskun,HU331,2021-43,425.908964198957,Epidemic intelligence subnational data
Hungary,Bacs-Kiskun,HU331,2021-44,788.499064155151,Epidemic intelligence subnational data
Hungary,Bacs-Kiskun,HU331,2021-45,1229.93907052686,Epidemic intelligence subnational data
Hungary,Bacs-Kiskun,HU331,2021-46,1556.29007207997,Epidemic intelligence subnational data
Hungary,Bacs-Kiskun,HU331,2021-47,1889.80924694357,Epidemic intelligence subnational data
Hungary,Bacs-Kiskun,HU331,2021-48,1791.64509577476,Epidemic intelligence subnational data
Hungary,Bacs-Kiskun,HU331,2021-49,1232.32846163036,Epidemic intelligence subnational data
Hungary,Bacs-Kiskun,HU331,2021-50,793.476962287444,Epidemic intelligence subnational data
Hungary,Bacs-Kiskun,HU331,2021-51,471.506511090757,Epidemic intelligence subnational data
Hungary,Bacs-Kiskun,HU331,2021-52,329.33774043248,Epidemic intelligence subnational data
Hungary,Bacs-Kiskun,HU331,2022-01,453.984309665087,Epidemic intelligence subnational data
Hungary,Bacs-Kiskun,HU331,2022-02,698.697781848592,Epidemic intelligence subnational data
Hungary,Bacs-Kiskun,HU331,2022-03,1234.31962088328,Epidemic intelligence subnational data
Hungary,Bacs-Kiskun,HU331,2022-04,1719.16689896858,Epidemic intelligence subnational data
Hungary,Bekes,HU332,2020-15,,Epidemic intelligence subnational data
Hungary,Bekes,HU332,2020-16,1.51266707407833,Epidemic intelligence subnational data
Hungary,Bekes,HU332,2020-17,0.605066829631333,Epidemic intelligence subnational data
Hungary,Bekes,HU332,2020-18,1.21013365926267,Epidemic intelligence subnational data
Hungary,Bekes,HU332,2020-19,0.605066829631333,Epidemic intelligence subnational data
Hungary,Bekes,HU332,2020-20,-1.815200488894,Epidemic intelligence subnational data
Hungary,Bekes,HU332,2020-21,-1.51266707407833,Epidemic intelligence subnational data
Hungary,Bekes,HU332,2020-22,0,Epidemic intelligence subnational data
Hungary,Bekes,HU332,2020-23,0,Epidemic intelligence subnational data
Hungary,Bekes,HU332,2020-24,0.605066829631333,Epidemic intelligence subnational data
Hungary,Bekes,HU332,2020-25,0.605066829631333,Epidemic intelligence subnational data
Hungary,Bekes,HU332,2020-26,0,Epidemic intelligence subnational data
Hungary,Bekes,HU332,2020-27,0,Epidemic intelligence subnational data
Hungary,Bekes,HU332,2020-28,0.605066829631333,Epidemic intelligence subnational data
Hungary,Bekes,HU332,2020-29,0.605066829631333,Epidemic intelligence subnational data
Hungary,Bekes,HU332,2020-30,0,Epidemic intelligence subnational data
Hungary,Bekes,HU332,2020-31,0.605066829631333,Epidemic intelligence subnational data
Hungary,Bekes,HU332,2020-32,1.21013365926267,Epidemic intelligence subnational data
Hungary,Bekes,HU332,2020-33,0.605066829631333,Epidemic intelligence subnational data
Hungary,Bekes,HU332,2020-34,0.302533414815666,Epidemic intelligence subnational data
Hungary,Bekes,HU332,2020-35,3.02533414815666,Epidemic intelligence subnational data
Hungary,Bekes,HU332,2020-36,9.98360268891699,Epidemic intelligence subnational data
Hungary,Bekes,HU332,2020-37,18.4545383037557,Epidemic intelligence subnational data
Hungary,Bekes,HU332,2020-38,40.2369441704836,Epidemic intelligence subnational data
Hungary,Bekes,HU332,2020-39,63.2294836964743,Epidemic intelligence subnational data
Hungary,Bekes,HU332,2020-40,53.8509478371886,Epidemic intelligence subnational data
Hungary,Bekes,HU332,2020-41,76.5409539483636,Epidemic intelligence subnational data
Hungary,Bekes,HU332,2020-42,109.517096163271,Epidemic intelligence subnational data
Hungary,Bekes,HU332,2020-43,155.804708630068,Epidemic intelligence subnational data
Hungary,Bekes,HU332,2020-44,277.423141385966,Epidemic intelligence subnational data
Hungary,Bekes,HU332,2020-45,423.244247327117,Epidemic intelligence subnational data
Hungary,Bekes,HU332,2020-46,538.812011786702,Epidemic intelligence subnational data
Hungary,Bekes,HU332,2020-47,579.048955957186,Epidemic intelligence subnational data
Hungary,Bekes,HU332,2020-48,978.695596928681,Epidemic intelligence subnational data
Hungary,Bekes,HU332,2020-49,1151.13964337361,Epidemic intelligence subnational data
Hungary,Bekes,HU332,2020-50,868.875967350594,Epidemic intelligence subnational data
Hungary,Bekes,HU332,2020-51,671.624180890779,Epidemic intelligence subnational data
Hungary,Bekes,HU332,2020-52,396.621306823339,Epidemic intelligence subnational data
Hungary,Bekes,HU332,2020-53,257.153402593317,Epidemic intelligence subnational data
Hungary,Bekes,HU332,2021-01,257.758469422948,Epidemic intelligence subnational data
Hungary,Bekes,HU332,2021-02,196.344186215368,Epidemic intelligence subnational data
Hungary,Bekes,HU332,2021-03,131.299502029999,Epidemic intelligence subnational data
Hungary,Bekes,HU332,2021-04,131.299502029999,Epidemic intelligence subnational data
Hungary,Bekes,HU332,2021-05,121.618432755898,Epidemic intelligence subnational data
Hungary,Bekes,HU332,2021-06,116.475364704032,Epidemic intelligence subnational data
Hungary,Bekes,HU332,2021-07,150.964173993018,Epidemic intelligence subnational data
Hungary,Bekes,HU332,2021-08,223.269660133962,Epidemic intelligence subnational data
Hungary,Bekes,HU332,2021-09,318.567685800897,Epidemic intelligence subnational data
Hungary,Bekes,HU332,2021-10,424.151847571564,Epidemic intelligence subnational data
Hungary,Bekes,HU332,2021-11,574.813488149766,Epidemic intelligence subnational data
Hungary,Bekes,HU332,2021-12,693.104053342692,Epidemic intelligence subnational data
Hungary,Bekes,HU332,2021-13,707.928190668659,Epidemic intelligence subnational data
Hungary,Bekes,HU332,2021-14,651.959508927761,Epidemic intelligence subnational data
Hungary,Bekes,HU332,2021-15,541.534812520043,Epidemic intelligence subnational data
Hungary,Bekes,HU332,2021-16,432.320249771587,Epidemic intelligence subnational data
Hungary,Bekes,HU332,2021-17,322.803153608316,Epidemic intelligence subnational data
Hungary,Bekes,HU332,2021-18,216.916458422833,Epidemic intelligence subnational data
Hungary,Bekes,HU332,2021-19,134.02230276334,Epidemic intelligence subnational data
Hungary,Bekes,HU332,2021-20,81.3814885854143,Epidemic intelligence subnational data
Hungary,Bekes,HU332,2021-21,58.086415644608,Epidemic intelligence subnational data
Hungary,Bekes,HU332,2021-22,42.657211489009,Epidemic intelligence subnational data
Hungary,Bekes,HU332,2021-23,22.0849392815437,Epidemic intelligence subnational data
Hungary,Bekes,HU332,2021-24,16.6393378148617,Epidemic intelligence subnational data
Hungary,Bekes,HU332,2021-25,11.4962697629953,Epidemic intelligence subnational data
Hungary,Bekes,HU332,2021-26,4.84053463705066,Epidemic intelligence subnational data
Hungary,Bekes,HU332,2021-27,6.05066829631333,Epidemic intelligence subnational data
Hungary,Bekes,HU332,2021-28,5.14306805186633,Epidemic intelligence subnational data
Hungary,Bekes,HU332,2021-29,6.35320171112899,Epidemic intelligence subnational data
Hungary,Bekes,HU332,2021-30,5.445601466682,Epidemic intelligence subnational data
Hungary,Bekes,HU332,2021-31,2.42026731852533,Epidemic intelligence subnational data
Hungary,Bekes,HU332,2021-32,3.93293439260366,Epidemic intelligence subnational data
Hungary,Bekes,HU332,2021-33,5.14306805186633,Epidemic intelligence subnational data
Hungary,Bekes,HU332,2021-34,6.05066829631333,Epidemic intelligence subnational data
Hungary,Bekes,HU332,2021-35,18.4545383037557,Epidemic intelligence subnational data
Hungary,Bekes,HU332,2021-36,25.412806844516,Epidemic intelligence subnational data
Hungary,Bekes,HU332,2021-37,39.3293439260366,Epidemic intelligence subnational data
Hungary,Bekes,HU332,2021-38,51.733213933479,Epidemic intelligence subnational data
Hungary,Bekes,HU332,2021-39,58.086415644608,Epidemic intelligence subnational data
Hungary,Bekes,HU332,2021-40,111.332296652165,Epidemic intelligence subnational data
Hungary,Bekes,HU332,2021-41,202.697387926497,Epidemic intelligence subnational data
Hungary,Bekes,HU332,2021-42,420.218913178961,Epidemic intelligence subnational data
Hungary,Bekes,HU332,2021-43,717.609259942761,Epidemic intelligence subnational data
Hungary,Bekes,HU332,2021-44,1057.95935161039,Epidemic intelligence subnational data
Hungary,Bekes,HU332,2021-45,1358.67756593716,Epidemic intelligence subnational data
Hungary,Bekes,HU332,2021-46,1447.62238989296,Epidemic intelligence subnational data
Hungary,Bekes,HU332,2021-47,1499.05307041163,Epidemic intelligence subnational data
Hungary,Bekes,HU332,2021-48,1262.47194002578,Epidemic intelligence subnational data
Hungary,Bekes,HU332,2021-49,796.57048120965,Epidemic intelligence subnational data
Hungary,Bekes,HU332,2021-50,479.212929068016,Epidemic intelligence subnational data
Hungary,Bekes,HU332,2021-51,261.08633698592,Epidemic intelligence subnational data
Hungary,Bekes,HU332,2021-52,183.63778279311,Epidemic intelligence subnational data
Hungary,Bekes,HU332,2022-01,296.180213104537,Epidemic intelligence subnational data
Hungary,Bekes,HU332,2022-02,510.071337379214,Epidemic intelligence subnational data
Hungary,Bekes,HU332,2022-03,967.501860580501,Epidemic intelligence subnational data
Hungary,Bekes,HU332,2022-04,1569.84588947849,Epidemic intelligence subnational data
Hungary,Csongrad,HU333,2020-15,,Epidemic intelligence subnational data
Hungary,Csongrad,HU333,2020-16,6.27617163572096,Epidemic intelligence subnational data
Hungary,Csongrad,HU333,2020-17,11.0460620788689,Epidemic intelligence subnational data
Hungary,Csongrad,HU333,2020-18,11.0460620788689,Epidemic intelligence subnational data
Hungary,Csongrad,HU333,2020-19,3.01256238514606,Epidemic intelligence subnational data
Hungary,Csongrad,HU333,2020-20,3.2636092505749,Epidemic intelligence subnational data
Hungary,Csongrad,HU333,2020-21,1.50628119257303,Epidemic intelligence subnational data
Hungary,Csongrad,HU333,2020-22,0.251046865428838,Epidemic intelligence subnational data
Hungary,Csongrad,HU333,2020-23,0.251046865428838,Epidemic intelligence subnational data
Hungary,Csongrad,HU333,2020-24,0.753140596286515,Epidemic intelligence subnational data
Hungary,Csongrad,HU333,2020-25,0.502093730857677,Epidemic intelligence subnational data
Hungary,Csongrad,HU333,2020-26,-1.50628119257303,Epidemic intelligence subnational data
Hungary,Csongrad,HU333,2020-27,-1.00418746171535,Epidemic intelligence subnational data
Hungary,Csongrad,HU333,2020-28,1.25523432714419,Epidemic intelligence subnational data
Hungary,Csongrad,HU333,2020-29,6.02512477029212,Epidemic intelligence subnational data
Hungary,Csongrad,HU333,2020-30,5.52303103943444,Epidemic intelligence subnational data
Hungary,Csongrad,HU333,2020-31,2.25942178885954,Epidemic intelligence subnational data
Hungary,Csongrad,HU333,2020-32,3.51465611600374,Epidemic intelligence subnational data
Hungary,Csongrad,HU333,2020-33,2.76151551971722,Epidemic intelligence subnational data
Hungary,Csongrad,HU333,2020-34,1.50628119257303,Epidemic intelligence subnational data
Hungary,Csongrad,HU333,2020-35,7.53140596286515,Epidemic intelligence subnational data
Hungary,Csongrad,HU333,2020-36,35.3976080254662,Epidemic intelligence subnational data
Hungary,Csongrad,HU333,2020-37,77.3224345520822,Epidemic intelligence subnational data
Hungary,Csongrad,HU333,2020-38,143.096713294438,Epidemic intelligence subnational data
Hungary,Csongrad,HU333,2020-39,166.193024913891,Epidemic intelligence subnational data
Hungary,Csongrad,HU333,2020-40,125.774479579848,Epidemic intelligence subnational data
Hungary,Csongrad,HU333,2020-41,153.891728507878,Epidemic intelligence subnational data
Hungary,Csongrad,HU333,2020-42,191.799805187632,Epidemic intelligence subnational data
Hungary,Csongrad,HU333,2020-43,274.39422391372,Epidemic intelligence subnational data
Hungary,Csongrad,HU333,2020-44,441.089342558469,Epidemic intelligence subnational data
Hungary,Csongrad,HU333,2020-45,534.478776497997,Epidemic intelligence subnational data
Hungary,Csongrad,HU333,2020-46,595.985258528062,Epidemic intelligence subnational data
Hungary,Csongrad,HU333,2020-47,622.34517939809,Epidemic intelligence subnational data
Hungary,Csongrad,HU333,2020-48,776.739001636826,Epidemic intelligence subnational data
Hungary,Csongrad,HU333,2020-49,881.927638251509,Epidemic intelligence subnational data
Hungary,Csongrad,HU333,2020-50,780.253657752829,Epidemic intelligence subnational data
Hungary,Csongrad,HU333,2020-51,724.01915989677,Epidemic intelligence subnational data
Hungary,Csongrad,HU333,2020-52,510.880371147686,Epidemic intelligence subnational data
Hungary,Csongrad,HU333,2020-53,324.854643864917,Epidemic intelligence subnational data
Hungary,Csongrad,HU333,2021-01,328.871393711778,Epidemic intelligence subnational data
Hungary,Csongrad,HU333,2021-02,258.578271391703,Epidemic intelligence subnational data
Hungary,Csongrad,HU333,2021-03,179.749555647048,Epidemic intelligence subnational data
Hungary,Csongrad,HU333,2021-04,165.690931183033,Epidemic intelligence subnational data
Hungary,Csongrad,HU333,2021-05,157.406384623882,Epidemic intelligence subnational data
Hungary,Csongrad,HU333,2021-06,178.494321319904,Epidemic intelligence subnational data
Hungary,Csongrad,HU333,2021-07,280.168301818583,Epidemic intelligence subnational data
Hungary,Csongrad,HU333,2021-08,434.813170922748,Epidemic intelligence subnational data
Hungary,Csongrad,HU333,2021-09,637.659038189249,Epidemic intelligence subnational data
Hungary,Csongrad,HU333,2021-10,877.659841539219,Epidemic intelligence subnational data
Hungary,Csongrad,HU333,2021-11,1037.07460108653,Epidemic intelligence subnational data
Hungary,Csongrad,HU333,2021-12,1073.22534970828,Epidemic intelligence subnational data
Hungary,Csongrad,HU333,2021-13,1003.43432111907,Epidemic intelligence subnational data
Hungary,Csongrad,HU333,2021-14,857.325045439483,Epidemic intelligence subnational data
Hungary,Csongrad,HU333,2021-15,653.474990711266,Epidemic intelligence subnational data
Hungary,Csongrad,HU333,2021-16,456.654248215057,Epidemic intelligence subnational data
Hungary,Csongrad,HU333,2021-17,314.059628651477,Epidemic intelligence subnational data
Hungary,Csongrad,HU333,2021-18,199.080164285069,Epidemic intelligence subnational data
Hungary,Csongrad,HU333,2021-19,127.029713906992,Epidemic intelligence subnational data
Hungary,Csongrad,HU333,2021-20,79.5818563409417,Epidemic intelligence subnational data
Hungary,Csongrad,HU333,2021-21,41.1716859303295,Epidemic intelligence subnational data
Hungary,Csongrad,HU333,2021-22,30.8787644477471,Epidemic intelligence subnational data
Hungary,Csongrad,HU333,2021-23,24.6025928120262,Epidemic intelligence subnational data
Hungary,Csongrad,HU333,2021-24,9.79082775172469,Epidemic intelligence subnational data
Hungary,Csongrad,HU333,2021-25,3.51465611600374,Epidemic intelligence subnational data
Hungary,Csongrad,HU333,2021-26,2.51046865428838,Epidemic intelligence subnational data
Hungary,Csongrad,HU333,2021-27,4.01674984686141,Epidemic intelligence subnational data
Hungary,Csongrad,HU333,2021-28,6.02512477029212,Epidemic intelligence subnational data
Hungary,Csongrad,HU333,2021-29,4.76989044314793,Epidemic intelligence subnational data
Hungary,Csongrad,HU333,2021-30,4.01674984686141,Epidemic intelligence subnational data
Hungary,Csongrad,HU333,2021-31,3.2636092505749,Epidemic intelligence subnational data
Hungary,Csongrad,HU333,2021-32,3.76570298143257,Epidemic intelligence subnational data
Hungary,Csongrad,HU333,2021-33,10.5439683480112,Epidemic intelligence subnational data
Hungary,Csongrad,HU333,2021-34,17.5732805800187,Epidemic intelligence subnational data
Hungary,Csongrad,HU333,2021-35,24.3515459465973,Epidemic intelligence subnational data
Hungary,Csongrad,HU333,2021-36,35.648654890895,Epidemic intelligence subnational data
Hungary,Csongrad,HU333,2021-37,49.9583262203388,Epidemic intelligence subnational data
Hungary,Csongrad,HU333,2021-38,64.0169506843538,Epidemic intelligence subnational data
Hungary,Csongrad,HU333,2021-39,78.8287157446552,Epidemic intelligence subnational data
Hungary,Csongrad,HU333,2021-40,145.105088217869,Epidemic intelligence subnational data
Hungary,Csongrad,HU333,2021-41,258.578271391703,Epidemic intelligence subnational data
Hungary,Csongrad,HU333,2021-42,443.599811212757,Epidemic intelligence subnational data
Hungary,Csongrad,HU333,2021-43,685.608989486157,Epidemic intelligence subnational data
Hungary,Csongrad,HU333,2021-44,1041.09135093339,Epidemic intelligence subnational data
Hungary,Csongrad,HU333,2021-45,1380.75775985861,Epidemic intelligence subnational data
Hungary,Csongrad,HU333,2021-46,1594.39864233855,Epidemic intelligence subnational data
Hungary,Csongrad,HU333,2021-47,1764.6084170993,Epidemic intelligence subnational data
Hungary,Csongrad,HU333,2021-48,1539.67042567507,Epidemic intelligence subnational data
Hungary,Csongrad,HU333,2021-49,1042.84867899139,Epidemic intelligence subnational data
Hungary,Csongrad,HU333,2021-50,628.370304168382,Epidemic intelligence subnational data
Hungary,Csongrad,HU333,2021-51,333.641284154926,Epidemic intelligence subnational data
Hungary,Csongrad,HU333,2021-52,225.440085155097,Epidemic intelligence subnational data
Hungary,Csongrad,HU333,2022-01,331.883956096924,Epidemic intelligence subnational data
Hungary,Csongrad,HU333,2022-02,612.303304780937,Epidemic intelligence subnational data
Hungary,Csongrad,HU333,2022-03,1198.99982928813,Epidemic intelligence subnational data
Hungary,Csongrad,HU333,2022-04,1859.75517909683,Epidemic intelligence subnational data
Iceland,Iceland,IS,2020-27,,Epidemic intelligence subnational data
Iceland,Iceland,IS,2020-28,3.29549012176836,Epidemic intelligence subnational data
Iceland,Iceland,IS,2020-29,2.47161759132627,Epidemic intelligence subnational data
Iceland,Iceland,IS,2020-30,3.84473847539642,Epidemic intelligence subnational data
Iceland,Iceland,IS,2020-31,18.674444023354,Epidemic intelligence subnational data
Iceland,Iceland,IS,2020-32,30.4832836263573,Epidemic intelligence subnational data
Iceland,Iceland,IS,2020-33,28.5609143886591,Epidemic intelligence subnational data
Iceland,Iceland,IS,2020-34,29.1101627422872,Epidemic intelligence subnational data
Iceland,Iceland,IS,2020-35,25.8146726205188,Epidemic intelligence subnational data
Iceland,Iceland,IS,2020-36,21.1460616146803,Epidemic intelligence subnational data
Iceland,Iceland,IS,2020-37,16.4774506088418,Epidemic intelligence subnational data
Iceland,Iceland,IS,2020-38,56.2979562468762,Epidemic intelligence subnational data
Iceland,Iceland,IS,2020-39,125.777872980826,Epidemic intelligence subnational data
Iceland,Iceland,IS,2020-40,157.908901668067,Epidemic intelligence subnational data
Iceland,Iceland,IS,2020-41,247.985631663069,Epidemic intelligence subnational data
Iceland,Iceland,IS,2020-42,311.42381650711,Epidemic intelligence subnational data
Iceland,Iceland,IS,2020-43,253.203491022536,Epidemic intelligence subnational data
Iceland,Iceland,IS,2020-44,229.311187639715,Epidemic intelligence subnational data
Iceland,Iceland,IS,2020-45,173.013231392839,Epidemic intelligence subnational data
Iceland,Iceland,IS,2020-46,82.112628867395,Epidemic intelligence subnational data
Iceland,Iceland,IS,2020-47,54.650211185992,Epidemic intelligence subnational data
Iceland,Iceland,IS,2020-48,52.7278419482938,Epidemic intelligence subnational data
Iceland,Iceland,IS,2020-49,56.2979562468762,Epidemic intelligence subnational data
Iceland,Iceland,IS,2020-50,48.3338551192693,Epidemic intelligence subnational data
Iceland,Iceland,IS,2020-51,43.9398682902448,Epidemic intelligence subnational data
Iceland,Iceland,IS,2020-52,46.4114858815711,Epidemic intelligence subnational data
Iceland,Iceland,IS,2020-53,30.7579078031714,Epidemic intelligence subnational data
Iceland,Iceland,IS,2021-01,47.2353584120132,Epidemic intelligence subnational data
Iceland,Iceland,IS,2021-02,59.3188221918305,Epidemic intelligence subnational data
Iceland,Iceland,IS,2021-03,25.2654242668908,Epidemic intelligence subnational data
Iceland,Iceland,IS,2021-04,10.7103428957472,Epidemic intelligence subnational data
Iceland,Iceland,IS,2021-05,8.2387253044209,Epidemic intelligence subnational data
Iceland,Iceland,IS,2021-06,8.2387253044209,Epidemic intelligence subnational data
Iceland,Iceland,IS,2021-07,7.96410112760687,Epidemic intelligence subnational data
Iceland,Iceland,IS,2021-08,4.11936265221045,Epidemic intelligence subnational data
Iceland,Iceland,IS,2021-09,4.11936265221045,Epidemic intelligence subnational data
Iceland,Iceland,IS,2021-10,7.96410112760687,Epidemic intelligence subnational data
Iceland,Iceland,IS,2021-11,15.1043297247717,Epidemic intelligence subnational data
Iceland,Iceland,IS,2021-12,27.462417681403,Epidemic intelligence subnational data
Iceland,Iceland,IS,2021-13,29.1101627422872,Epidemic intelligence subnational data
Iceland,Iceland,IS,2021-14,23.0684308523785,Epidemic intelligence subnational data
Iceland,Iceland,IS,2021-15,28.5609143886591,Epidemic intelligence subnational data
Iceland,Iceland,IS,2021-16,44.4891166438729,Epidemic intelligence subnational data
Iceland,Iceland,IS,2021-17,42.2921232293606,Epidemic intelligence subnational data
Iceland,Iceland,IS,2021-18,24.7161759132627,Epidemic intelligence subnational data
Iceland,Iceland,IS,2021-19,17.850571492912,Epidemic intelligence subnational data
Iceland,Iceland,IS,2021-20,10.1610945421191,Epidemic intelligence subnational data
Iceland,Iceland,IS,2021-21,10.4357187189331,Epidemic intelligence subnational data
Iceland,Iceland,IS,2021-22,15.3789539015857,Epidemic intelligence subnational data
Iceland,Iceland,IS,2021-23,9.61184618849105,Epidemic intelligence subnational data
Iceland,Iceland,IS,2021-24,4.94323518265254,Epidemic intelligence subnational data
Iceland,Iceland,IS,2021-25,7.68947695079284,Epidemic intelligence subnational data
Iceland,Iceland,IS,2021-26,9.33722201167702,Epidemic intelligence subnational data
Iceland,Iceland,IS,2021-27,7.14022859716478,Epidemic intelligence subnational data
Iceland,Iceland,IS,2021-28,14.8297055479576,Epidemic intelligence subnational data
Iceland,Iceland,IS,2021-29,172.738607216025,Epidemic intelligence subnational data
Iceland,Iceland,IS,2021-30,385.572344246898,Epidemic intelligence subnational data
Iceland,Iceland,IS,2021-31,438.300186195192,Epidemic intelligence subnational data
Iceland,Iceland,IS,2021-32,399.852801441228,Epidemic intelligence subnational data
Iceland,Iceland,IS,2021-33,350.695073791516,Epidemic intelligence subnational data
Iceland,Iceland,IS,2021-34,309.501447269412,Epidemic intelligence subnational data
Iceland,Iceland,IS,2021-35,243.317020657231,Epidemic intelligence subnational data
Iceland,Iceland,IS,2021-36,157.634277491253,Epidemic intelligence subnational data
Iceland,Iceland,IS,2021-37,112.046664140124,Epidemic intelligence subnational data
Iceland,Iceland,IS,2021-38,121.658510328615,Epidemic intelligence subnational data
Iceland,Iceland,IS,2021-39,133.741974108433,Epidemic intelligence subnational data
Iceland,Iceland,IS,2021-40,143.07919612011,Epidemic intelligence subnational data
Iceland,Iceland,IS,2021-41,180.153459990004,Epidemic intelligence subnational data
Iceland,Iceland,IS,2021-42,246.887134955813,Epidemic intelligence subnational data
Iceland,Iceland,IS,2021-43,308.952198915784,Epidemic intelligence subnational data
Iceland,Iceland,IS,2021-44,392.437948667249,Epidemic intelligence subnational data
Iceland,Iceland,IS,2021-45,549.797601981688,Epidemic intelligence subnational data
Iceland,Iceland,IS,2021-46,612.137290118473,Epidemic intelligence subnational data
Iceland,Iceland,IS,2021-47,557.212454755667,Epidemic intelligence subnational data
Iceland,Iceland,IS,2021-48,505.857733691443,Epidemic intelligence subnational data
Iceland,Iceland,IS,2021-49,488.007162198531,Epidemic intelligence subnational data
Iceland,Iceland,IS,2021-50,617.35514947794,Epidemic intelligence subnational data
Iceland,Iceland,IS,2021-51,1316.27367946965,Epidemic intelligence subnational data
Iceland,Iceland,IS,2021-52,2795.67411996683,Epidemic intelligence subnational data
Iceland,Iceland,IS,2022-01,4310.77570344983,Epidemic intelligence subnational data
Iceland,Iceland,IS,2022-02,4781.75616668589,Epidemic intelligence subnational data
Iceland,Iceland,IS,2022-03,5045.39537642736,Epidemic intelligence subnational data
Iceland,Iceland,IS,2022-04,5270.31257723805,Epidemic intelligence subnational data
Iceland,Höfuðborgarsvæði,ISG31,2020-15,,Epidemic intelligence subnational data
Iceland,Höfuðborgarsvæði,ISG31,2020-16,67.9136488908168,Epidemic intelligence subnational data
Iceland,Höfuðborgarsvæði,ISG31,2020-17,32.4232904381964,Epidemic intelligence subnational data
Iceland,Höfuðborgarsvæði,ISG31,2020-18,6.13413602884797,Epidemic intelligence subnational data
Iceland,Höfuðborgarsvæði,ISG31,2020-19,1.31445772046742,Epidemic intelligence subnational data
Iceland,Höfuðborgarsvæði,ISG31,2020-20,0.876305146978281,Epidemic intelligence subnational data
Iceland,Höfuðborgarsvæði,ISG31,2020-21,0.43815257348914,Epidemic intelligence subnational data
Iceland,Höfuðborgarsvæði,ISG31,2020-22,1.31445772046742,Epidemic intelligence subnational data
Iceland,Höfuðborgarsvæði,ISG31,2020-23,1.31445772046742,Epidemic intelligence subnational data
Iceland,Höfuðborgarsvæði,ISG31,2020-24,2.1907628674457,Epidemic intelligence subnational data
Iceland,Höfuðborgarsvæði,ISG31,2020-25,2.1907628674457,Epidemic intelligence subnational data
Iceland,Höfuðborgarsvæði,ISG31,2020-28,0.43815257348914,Epidemic intelligence subnational data
Iceland,Höfuðborgarsvæði,ISG31,2020-30,0,Epidemic intelligence subnational data
Iceland,Höfuðborgarsvæði,ISG31,2020-31,-1.31445772046742,Epidemic intelligence subnational data
Iceland,Vesturland,ISG32,2020-15,,Epidemic intelligence subnational data
Iceland,Vesturland,ISG32,2020-16,78.7544678015387,Epidemic intelligence subnational data
Iceland,Vesturland,ISG32,2020-17,72.696431816805,Epidemic intelligence subnational data
Iceland,Vesturland,ISG32,2020-18,6.05803598473375,Epidemic intelligence subnational data
Iceland,Vesturland,ISG32,2020-19,6.05803598473375,Epidemic intelligence subnational data
Iceland,Vesturland,ISG32,2020-20,6.05803598473375,Epidemic intelligence subnational data
Iceland,Vesturland,ISG32,2020-21,6.05803598473375,Epidemic intelligence subnational data
Iceland,Vesturland,ISG32,2020-22,0,Epidemic intelligence subnational data
Iceland,Vesturland,ISG32,2020-23,0,Epidemic intelligence subnational data
Iceland,Vesturland,ISG32,2020-24,0,Epidemic intelligence subnational data
Iceland,Vesturland,ISG32,2020-25,6.05803598473375,Epidemic intelligence subnational data
Iceland,Vesturland,ISG32,2020-28,6.05803598473375,Epidemic intelligence subnational data
Iceland,Vesturland,ISG32,2020-30,0,Epidemic intelligence subnational data
Iceland,Vesturland,ISG32,2020-31,-6.05803598473375,Epidemic intelligence subnational data
Iceland,Vestfirðir,ISG33,2020-15,,Epidemic intelligence subnational data
Iceland,Vestfirðir,ISG33,2020-16,637.123035537307,Epidemic intelligence subnational data
Iceland,Vestfirðir,ISG33,2020-17,311.48237292935,Epidemic intelligence subnational data
Iceland,Vestfirðir,ISG33,2020-18,70.7914483930341,Epidemic intelligence subnational data
Iceland,Vestfirðir,ISG33,2020-19,0,Epidemic intelligence subnational data
Iceland,Vestfirðir,ISG33,2020-20,0,Epidemic intelligence subnational data
Iceland,Vestfirðir,ISG33,2020-21,0,Epidemic intelligence subnational data
Iceland,Vestfirðir,ISG33,2020-22,0,Epidemic intelligence subnational data
Iceland,Vestfirðir,ISG33,2020-23,0,Epidemic intelligence subnational data
Iceland,Vestfirðir,ISG33,2020-24,0,Epidemic intelligence subnational data
Iceland,Vestfirðir,ISG33,2020-25,0,Epidemic intelligence subnational data
Iceland,Vestfirðir,ISG33,2020-28,0,Epidemic intelligence subnational data
Iceland,Vestfirðir,ISG33,2020-30,0,Epidemic intelligence subnational data
Iceland,Vestfirðir,ISG33,2020-31,0,Epidemic intelligence subnational data
Iceland,Norðurland Vestra,ISG34,2020-15,,Epidemic intelligence subnational data
Iceland,Norðurland Vestra,ISG34,2020-16,0,Epidemic intelligence subnational data
Iceland,Norðurland Vestra,ISG34,2020-17,0,Epidemic intelligence subnational data
Iceland,Norðurland Vestra,ISG34,2020-18,0,Epidemic intelligence subnational data
Iceland,Norðurland Vestra,ISG34,2020-19,0,Epidemic intelligence subnational data
Iceland,Norðurland Vestra,ISG34,2020-20,0,Epidemic intelligence subnational data
Iceland,Norðurland Vestra,ISG34,2020-21,0,Epidemic intelligence subnational data
Iceland,Norðurland Vestra,ISG34,2020-22,0,Epidemic intelligence subnational data
Iceland,Norðurland Vestra,ISG34,2020-23,0,Epidemic intelligence subnational data
Iceland,Norðurland Vestra,ISG34,2020-24,0,Epidemic intelligence subnational data
Iceland,Norðurland Vestra,ISG34,2020-25,0,Epidemic intelligence subnational data
Iceland,Norðurland Vestra,ISG34,2020-28,0,Epidemic intelligence subnational data
Iceland,Norðurland Vestra,ISG34,2020-30,0,Epidemic intelligence subnational data
Iceland,Norðurland Vestra,ISG34,2020-31,0,Epidemic intelligence subnational data
Iceland,Norðurland Eystra,ISG35,2020-15,,Epidemic intelligence subnational data
Iceland,Norðurland Eystra,ISG35,2020-16,9.85383478403679,Epidemic intelligence subnational data
Iceland,Norðurland Eystra,ISG35,2020-17,-3.28461159467893,Epidemic intelligence subnational data
Iceland,Norðurland Eystra,ISG35,2020-18,0,Epidemic intelligence subnational data
Iceland,Norðurland Eystra,ISG35,2020-19,0,Epidemic intelligence subnational data
Iceland,Norðurland Eystra,ISG35,2020-20,0,Epidemic intelligence subnational data
Iceland,Norðurland Eystra,ISG35,2020-21,0,Epidemic intelligence subnational data
Iceland,Norðurland Eystra,ISG35,2020-22,0,Epidemic intelligence subnational data
Iceland,Norðurland Eystra,ISG35,2020-23,0,Epidemic intelligence subnational data
Iceland,Norðurland Eystra,ISG35,2020-24,0,Epidemic intelligence subnational data
Iceland,Norðurland Eystra,ISG35,2020-25,0,Epidemic intelligence subnational data
Iceland,Norðurland Eystra,ISG35,2020-28,0,Epidemic intelligence subnational data
Iceland,Norðurland Eystra,ISG35,2020-30,0,Epidemic intelligence subnational data
Iceland,Norðurland Eystra,ISG35,2020-31,0,Epidemic intelligence subnational data
Iceland,Austurland,ISG36,2020-15,,Epidemic intelligence subnational data
Iceland,Austurland,ISG36,2020-16,15.3151083543916,Epidemic intelligence subnational data
Iceland,Austurland,ISG36,2020-17,7.6575541771958,Epidemic intelligence subnational data
Iceland,Austurland,ISG36,2020-18,0,Epidemic intelligence subnational data
Iceland,Austurland,ISG36,2020-19,0,Epidemic intelligence subnational data
Iceland,Austurland,ISG36,2020-20,0,Epidemic intelligence subnational data
Iceland,Austurland,ISG36,2020-21,0,Epidemic intelligence subnational data
Iceland,Austurland,ISG36,2020-22,0,Epidemic intelligence subnational data
Iceland,Austurland,ISG36,2020-23,0,Epidemic intelligence subnational data
Iceland,Austurland,ISG36,2020-24,0,Epidemic intelligence subnational data
Iceland,Austurland,ISG36,2020-25,0,Epidemic intelligence subnational data
Iceland,Austurland,ISG36,2020-28,0,Epidemic intelligence subnational data
Iceland,Austurland,ISG36,2020-30,0,Epidemic intelligence subnational data
Iceland,Austurland,ISG36,2020-31,0,Epidemic intelligence subnational data
Iceland,Suðurland,ISG37,2020-15,,Epidemic intelligence subnational data
Iceland,Suðurland,ISG37,2020-16,40.2252614641995,Epidemic intelligence subnational data
Iceland,Suðurland,ISG37,2020-17,36.5684195129087,Epidemic intelligence subnational data
Iceland,Suðurland,ISG37,2020-18,3.65684195129087,Epidemic intelligence subnational data
Iceland,Suðurland,ISG37,2020-19,0,Epidemic intelligence subnational data
Iceland,Suðurland,ISG37,2020-20,0,Epidemic intelligence subnational data
Iceland,Suðurland,ISG37,2020-21,3.65684195129087,Epidemic intelligence subnational data
Iceland,Suðurland,ISG37,2020-22,3.65684195129087,Epidemic intelligence subnational data
Iceland,Suðurland,ISG37,2020-23,0,Epidemic intelligence subnational data
Iceland,Suðurland,ISG37,2020-24,0,Epidemic intelligence subnational data
Iceland,Suðurland,ISG37,2020-25,10.9705258538726,Epidemic intelligence subnational data
Iceland,Suðurland,ISG37,2020-28,10.9705258538726,Epidemic intelligence subnational data
Iceland,Suðurland,ISG37,2020-30,0,Epidemic intelligence subnational data
Iceland,Suðurland,ISG37,2020-31,-10.9705258538726,Epidemic intelligence subnational data
Iceland,Suðurnes,ISG39,2020-15,,Epidemic intelligence subnational data
Iceland,Suðurnes,ISG39,2020-16,18.4413381034928,Epidemic intelligence subnational data
Iceland,Suðurnes,ISG39,2020-17,0,Epidemic intelligence subnational data
Iceland,Suðurnes,ISG39,2020-18,0,Epidemic intelligence subnational data
Iceland,Suðurnes,ISG39,2020-19,0,Epidemic intelligence subnational data
Iceland,Suðurnes,ISG39,2020-20,0,Epidemic intelligence subnational data
Iceland,Suðurnes,ISG39,2020-21,0,Epidemic intelligence subnational data
Iceland,Suðurnes,ISG39,2020-22,0,Epidemic intelligence subnational data
Iceland,Suðurnes,ISG39,2020-23,0,Epidemic intelligence subnational data
Iceland,Suðurnes,ISG39,2020-24,0,Epidemic intelligence subnational data
Iceland,Suðurnes,ISG39,2020-25,0,Epidemic intelligence subnational data
Iceland,Suðurnes,ISG39,2020-28,0,Epidemic intelligence subnational data
Iceland,Suðurnes,ISG39,2020-30,0,Epidemic intelligence subnational data
Iceland,Suðurnes,ISG39,2020-31,0,Epidemic intelligence subnational data
Ireland,Border,IE041,2020-14,,Epidemic intelligence subnational data
Ireland,Border,IE041,2020-15,160.190957403879,Epidemic intelligence subnational data
Ireland,Border,IE041,2020-16,188.316087329751,Epidemic intelligence subnational data
Ireland,Border,IE041,2020-17,154.565931418705,Epidemic intelligence subnational data
Ireland,Border,IE041,2020-18,156.033329501794,Epidemic intelligence subnational data
Ireland,Border,IE041,2020-19,107.609192759858,Epidemic intelligence subnational data
Ireland,Border,IE041,2020-20,42.0654117152172,Epidemic intelligence subnational data
Ireland,Border,IE041,2020-21,36.1958193828613,Epidemic intelligence subnational data
Ireland,Border,IE041,2020-22,22.9892366350605,Epidemic intelligence subnational data
Ireland,Border,IE041,2020-23,12.9620164006192,Epidemic intelligence subnational data
Ireland,Border,IE041,2020-24,8.07068945698934,Epidemic intelligence subnational data
Ireland,Border,IE041,2020-25,-1.95653077745196,Epidemic intelligence subnational data
Ireland,Border,IE041,2020-26,0.978265388725981,Epidemic intelligence subnational data
Ireland,Border,IE041,2020-27,7.82612310980785,Epidemic intelligence subnational data
Ireland,Border,IE041,2020-28,4.8913269436299,Epidemic intelligence subnational data
Ireland,Border,IE041,2020-29,3.42392886054093,Epidemic intelligence subnational data
Ireland,Border,IE041,2020-30,2.44566347181495,Epidemic intelligence subnational data
Ireland,Border,IE041,2020-31,4.64676059644841,Epidemic intelligence subnational data
Ireland,Border,IE041,2020-32,10.2717865816228,Epidemic intelligence subnational data
Ireland,Border,IE041,2020-33,11.9837510118933,Epidemic intelligence subnational data
Ireland,Border,IE041,2020-34,9.78265388725981,Epidemic intelligence subnational data
Ireland,Border,IE041,2020-35,15.4076798724342,Epidemic intelligence subnational data
Ireland,Border,IE041,2020-36,22.5001039406976,Epidemic intelligence subnational data
Ireland,Border,IE041,2020-37,25.9240328012385,Epidemic intelligence subnational data
Ireland,Border,IE041,2020-38,53.3154636855659,Epidemic intelligence subnational data
Ireland,Border,IE041,2020-39,108.832024495765,Epidemic intelligence subnational data
Ireland,Border,IE041,2020-40,171.196443027047,Epidemic intelligence subnational data
Ireland,Border,IE041,2020-41,297.63724451988,Epidemic intelligence subnational data
Ireland,Border,IE041,2020-42,414.539958472634,Epidemic intelligence subnational data
Ireland,Border,IE041,2020-43,448.290114383681,Epidemic intelligence subnational data
Ireland,Border,IE041,2020-44,315.246021516947,Epidemic intelligence subnational data
Ireland,Border,IE041,2020-45,178.044300748128,Epidemic intelligence subnational data
Ireland,Border,IE041,2020-46,168.50621320805,Epidemic intelligence subnational data
Ireland,Border,IE041,2020-47,124.728837062563,Epidemic intelligence subnational data
Ireland,Border,IE041,2020-48,121.794040896385,Epidemic intelligence subnational data
Ireland,Border,IE041,2020-49,140.62564962936,Epidemic intelligence subnational data
Ireland,Border,IE041,2020-50,135.245189991367,Epidemic intelligence subnational data
Ireland,Border,IE041,2020-51,170.218177638321,Epidemic intelligence subnational data
Ireland,Border,IE041,2020-52,281.495865605901,Epidemic intelligence subnational data
Ireland,Border,IE041,2020-53,719.514193407959,Epidemic intelligence subnational data
Ireland,Border,IE041,2021-01,1440.74035124619,Epidemic intelligence subnational data
Ireland,Border,IE041,2021-02,1386.69118851908,Epidemic intelligence subnational data
Ireland,Border,IE041,2021-03,811.226573601019,Epidemic intelligence subnational data
Ireland,Border,IE041,2021-04,512.855630039595,Epidemic intelligence subnational data
Ireland,Border,IE041,2021-05,337.990691804826,Epidemic intelligence subnational data
Ireland,Border,IE041,2021-06,242.854382751225,Epidemic intelligence subnational data
Ireland,Border,IE041,2021-07,185.625857510755,Epidemic intelligence subnational data
Ireland,Border,IE041,2021-08,168.261646860869,Epidemic intelligence subnational data
Ireland,Border,IE041,2021-09,121.794040896385,Epidemic intelligence subnational data
Ireland,Border,IE041,2021-10,101.250467733139,Epidemic intelligence subnational data
Ireland,Border,IE041,2021-11,129.375597659011,Epidemic intelligence subnational data
Ireland,Border,IE041,2021-12,162.147488181331,Epidemic intelligence subnational data
Ireland,Border,IE041,2021-13,150.163737169438,Epidemic intelligence subnational data
Ireland,Border,IE041,2021-14,116.413581258392,Epidemic intelligence subnational data
Ireland,Border,IE041,2021-15,126.196235145652,Epidemic intelligence subnational data
Ireland,Border,IE041,2021-16,149.674604475075,Epidemic intelligence subnational data
Ireland,Border,IE041,2021-17,170.218177638321,Epidemic intelligence subnational data
Ireland,Border,IE041,2021-18,159.946391056698,Epidemic intelligence subnational data
Ireland,Border,IE041,2021-19,137.690853463182,Epidemic intelligence subnational data
Ireland,Border,IE041,2021-20,130.598429394918,Epidemic intelligence subnational data
Ireland,Border,IE041,2021-21,110.299422578854,Epidemic intelligence subnational data
Ireland,Border,IE041,2021-22,105.408095635224,Epidemic intelligence subnational data
Ireland,Border,IE041,2021-23,92.2015128874237,Epidemic intelligence subnational data
Ireland,Border,IE041,2021-24,86.8210532494308,Epidemic intelligence subnational data
Ireland,Border,IE041,2021-25,121.06034185484,Epidemic intelligence subnational data
Ireland,Border,IE041,2021-26,186.114990205118,Epidemic intelligence subnational data
Ireland,Border,IE041,2021-27,240.653285626591,Epidemic intelligence subnational data
Ireland,Border,IE041,2021-28,357.800565926527,Epidemic intelligence subnational data
Ireland,Border,IE041,2021-29,543.670989784464,Epidemic intelligence subnational data
Ireland,Border,IE041,2021-30,591.361427484855,Epidemic intelligence subnational data
Ireland,Border,IE041,2021-31,595.029922692578,Epidemic intelligence subnational data
Ireland,Border,IE041,2021-32,777.476417689973,Epidemic intelligence subnational data
Ireland,Border,IE041,2021-33,975.330592559803,Epidemic intelligence subnational data
Ireland,Border,IE041,2021-34,1008.59161577649,Epidemic intelligence subnational data
Ireland,Border,IE041,2021-35,876.036655604116,Epidemic intelligence subnational data
Ireland,Border,IE041,2021-36,709.731539520699,Epidemic intelligence subnational data
Ireland,Border,IE041,2021-37,613.37239873119,Epidemic intelligence subnational data
Ireland,Border,IE041,2021-38,540.002494576741,Epidemic intelligence subnational data
Ireland,Border,IE041,2021-39,485.464199155268,Epidemic intelligence subnational data
Ireland,Border,IE041,2021-40,476.170677962371,Epidemic intelligence subnational data
Ireland,Border,IE041,2021-41,507.475170401602,Epidemic intelligence subnational data
Ireland,Border,IE041,2021-42,538.779662840834,Epidemic intelligence subnational data
Ireland,Border,IE041,2021-43,574.975482223695,Epidemic intelligence subnational data
Ireland,Border,IE041,2021-44,839.840836221254,Epidemic intelligence subnational data
Ireland,Border,IE041,2021-45,1112.7768796758,Epidemic intelligence subnational data
Ireland,Border,IE041,2021-46,1202.04359639705,Epidemic intelligence subnational data
Ireland,Border,IE041,2021-47,1079.51585645912,Epidemic intelligence subnational data
Ireland,Border,IE041,2021-48,979.243654114707,Epidemic intelligence subnational data
Ireland,Border,IE041,2021-49,990.738272432237,Epidemic intelligence subnational data
Ireland,Border,IE041,2021-50,938.401074135397,Epidemic intelligence subnational data
Ireland,Border,IE041,2021-51,1118.89103835534,Epidemic intelligence subnational data
Ireland,Border,IE041,2021-52,2151.45015615561,Epidemic intelligence subnational data
Ireland,Border,IE041,2022-01,3193.54736149596,Epidemic intelligence subnational data
Ireland,Border,IE041,2022-02,3623.9841325354,Epidemic intelligence subnational data
Ireland,Border,IE041,2022-03,4320.50908930829,Epidemic intelligence subnational data
Ireland,Border,IE041,2022-04,4225.61734660187,Epidemic intelligence subnational data
Ireland,West,IE042,2020-14,,Epidemic intelligence subnational data
Ireland,West,IE042,2020-15,76.1283306144644,Epidemic intelligence subnational data
Ireland,West,IE042,2020-16,91.6951881350692,Epidemic intelligence subnational data
Ireland,West,IE042,2020-17,70.3707257780763,Epidemic intelligence subnational data
Ireland,West,IE042,2020-18,72.5031720137756,Epidemic intelligence subnational data
Ireland,West,IE042,2020-19,69.9442365309365,Epidemic intelligence subnational data
Ireland,West,IE042,2020-20,48.6197741739436,Epidemic intelligence subnational data
Ireland,West,IE042,2020-21,39.8767446075766,Epidemic intelligence subnational data
Ireland,West,IE042,2020-22,21.1112177334229,Epidemic intelligence subnational data
Ireland,West,IE042,2020-23,9.16951881350692,Epidemic intelligence subnational data
Ireland,West,IE042,2020-24,2.77218010640907,Epidemic intelligence subnational data
Ireland,West,IE042,2020-25,2.34569085926921,Epidemic intelligence subnational data
Ireland,West,IE042,2020-26,0.426489247139857,Epidemic intelligence subnational data
Ireland,West,IE042,2020-27,0.426489247139857,Epidemic intelligence subnational data
Ireland,West,IE042,2020-28,1.27946774141957,Epidemic intelligence subnational data
Ireland,West,IE042,2020-29,1.70595698855943,Epidemic intelligence subnational data
Ireland,West,IE042,2020-30,1.4927123649895,Epidemic intelligence subnational data
Ireland,West,IE042,2020-31,3.19866935354892,Epidemic intelligence subnational data
Ireland,West,IE042,2020-32,3.62515860068878,Epidemic intelligence subnational data
Ireland,West,IE042,2020-33,3.41191397711885,Epidemic intelligence subnational data
Ireland,West,IE042,2020-34,3.83840322425871,Epidemic intelligence subnational data
Ireland,West,IE042,2020-35,4.90462634210835,Epidemic intelligence subnational data
Ireland,West,IE042,2020-36,10.2357419313566,Epidemic intelligence subnational data
Ireland,West,IE042,2020-37,17.0595698855943,Epidemic intelligence subnational data
Ireland,West,IE042,2020-38,30.0674919233599,Epidemic intelligence subnational data
Ireland,West,IE042,2020-39,53.7376451396219,Epidemic intelligence subnational data
Ireland,West,IE042,2020-40,77.6210429794539,Epidemic intelligence subnational data
Ireland,West,IE042,2020-41,133.704378978345,Epidemic intelligence subnational data
Ireland,West,IE042,2020-42,241.179669257589,Epidemic intelligence subnational data
Ireland,West,IE042,2020-44,390.024416509399,Epidemic intelligence subnational data
Ireland,West,IE042,2020-45,297.90273912719,Epidemic intelligence subnational data
Ireland,West,IE042,2020-46,101.930930066426,Epidemic intelligence subnational data
Ireland,West,IE042,2020-47,73.3561505080553,Epidemic intelligence subnational data
Ireland,West,IE042,2020-48,60.9879623409995,Epidemic intelligence subnational data
Ireland,West,IE042,2020-49,62.6939193295589,Epidemic intelligence subnational data
Ireland,West,IE042,2020-50,70.3707257780763,Epidemic intelligence subnational data
Ireland,West,IE042,2020-51,68.6647687895169,Epidemic intelligence subnational data
Ireland,West,IE042,2020-52,116.431564469181,Epidemic intelligence subnational data
Ireland,West,IE042,2020-53,420.305153056329,Epidemic intelligence subnational data
Ireland,West,IE042,2021-01,829.734830310591,Epidemic intelligence subnational data
Ireland,West,IE042,2021-02,1184.57388393095,Epidemic intelligence subnational data
Ireland,West,IE042,2021-03,947.019373274051,Epidemic intelligence subnational data
Ireland,West,IE042,2021-04,413.694569725661,Epidemic intelligence subnational data
Ireland,West,IE042,2021-05,297.90273912719,Epidemic intelligence subnational data
Ireland,West,IE042,2021-06,267.40875795669,Epidemic intelligence subnational data
Ireland,West,IE042,2021-07,268.68822569811,Epidemic intelligence subnational data
Ireland,West,IE042,2021-08,230.730682702662,Epidemic intelligence subnational data
Ireland,West,IE042,2021-09,145.006344027551,Epidemic intelligence subnational data
Ireland,West,IE042,2021-10,111.526938127073,Epidemic intelligence subnational data
Ireland,West,IE042,2021-11,115.365341351331,Epidemic intelligence subnational data
Ireland,West,IE042,2021-12,107.048801032104,Epidemic intelligence subnational data
Ireland,West,IE042,2021-13,91.6951881350692,Epidemic intelligence subnational data
Ireland,West,IE042,2021-14,87.2170510401007,Epidemic intelligence subnational data
Ireland,West,IE042,2021-15,80.8197123330028,Epidemic intelligence subnational data
Ireland,West,IE042,2021-16,76.3415752380343,Epidemic intelligence subnational data
Ireland,West,IE042,2021-17,79.1137553444434,Epidemic intelligence subnational data
Ireland,West,IE042,2021-18,74.6356182494749,Epidemic intelligence subnational data
Ireland,West,IE042,2021-19,68.451524165947,Epidemic intelligence subnational data
Ireland,West,IE042,2021-20,61.8409408352792,Epidemic intelligence subnational data
Ireland,West,IE042,2021-21,56.9363144931708,Epidemic intelligence subnational data
Ireland,West,IE042,2021-22,60.9879623409995,Epidemic intelligence subnational data
Ireland,West,IE042,2021-23,61.8409408352792,Epidemic intelligence subnational data
Ireland,West,IE042,2021-24,64.6131209416883,Epidemic intelligence subnational data
Ireland,West,IE042,2021-25,64.8263655652582,Epidemic intelligence subnational data
Ireland,West,IE042,2021-26,74.6356182494749,Epidemic intelligence subnational data
Ireland,West,IE042,2021-27,100.864706948576,Epidemic intelligence subnational data
Ireland,West,IE042,2021-28,204.501594003561,Epidemic intelligence subnational data
Ireland,West,IE042,2021-29,364.861550928147,Epidemic intelligence subnational data
Ireland,West,IE042,2021-30,477.881201420209,Epidemic intelligence subnational data
Ireland,West,IE042,2021-31,561.899583106761,Epidemic intelligence subnational data
Ireland,West,IE042,2021-32,598.364413737219,Epidemic intelligence subnational data
Ireland,West,IE042,2021-33,575.547239015236,Epidemic intelligence subnational data
Ireland,West,IE042,2021-34,516.051989039226,Epidemic intelligence subnational data
Ireland,West,IE042,2021-35,479.800403032339,Epidemic intelligence subnational data
Ireland,West,IE042,2021-36,418.385951444199,Epidemic intelligence subnational data
Ireland,West,IE042,2021-37,320.933158472742,Epidemic intelligence subnational data
Ireland,West,IE042,2021-38,295.770292891491,Epidemic intelligence subnational data
Ireland,West,IE042,2021-39,303.233854716438,Epidemic intelligence subnational data
Ireland,West,IE042,2021-40,340.764908464745,Epidemic intelligence subnational data
Ireland,West,IE042,2021-41,382.560854684451,Epidemic intelligence subnational data
Ireland,West,IE042,2021-42,454.850782074657,Epidemic intelligence subnational data
Ireland,West,IE042,2021-43,523.515550864174,Epidemic intelligence subnational data
Ireland,West,IE042,2021-44,743.58400238834,Epidemic intelligence subnational data
Ireland,West,IE042,2021-45,986.896117881628,Epidemic intelligence subnational data
Ireland,West,IE042,2021-46,1096.07736514943,Epidemic intelligence subnational data
Ireland,West,IE042,2021-47,1103.11443772724,Epidemic intelligence subnational data
Ireland,West,IE042,2021-48,1063.02444849609,Epidemic intelligence subnational data
Ireland,West,IE042,2021-49,981.99149153952,Epidemic intelligence subnational data
Ireland,West,IE042,2021-50,920.36379532781,Epidemic intelligence subnational data
Ireland,West,IE042,2021-51,1135.52762050987,Epidemic intelligence subnational data
Ireland,West,IE042,2021-52,2226.06062544648,Epidemic intelligence subnational data
Ireland,West,IE042,2022-01,3338.13133736366,Epidemic intelligence subnational data
Ireland,West,IE042,2022-02,3814.51982641888,Epidemic intelligence subnational data
Ireland,West,IE042,2022-03,4377.48563264349,Epidemic intelligence subnational data
Ireland,West,IE042,2022-04,4586.25211911845,Epidemic intelligence subnational data
Ireland,Mid-West,IE051,2020-14,,Epidemic intelligence subnational data
Ireland,Mid-West,IE051,2020-15,85.5451250534657,Epidemic intelligence subnational data
Ireland,Mid-West,IE051,2020-16,101.917397790971,Epidemic intelligence subnational data
Ireland,Mid-West,IE051,2020-17,72.2426534542426,Epidemic intelligence subnational data
Ireland,Mid-West,IE051,2020-18,90.2521534654985,Epidemic intelligence subnational data
Ireland,Mid-West,IE051,2020-19,86.363738690341,Epidemic intelligence subnational data
Ireland,Mid-West,IE051,2020-20,24.7630625154769,Epidemic intelligence subnational data
Ireland,Mid-West,IE051,2020-21,12.6885113715667,Epidemic intelligence subnational data
Ireland,Mid-West,IE051,2020-22,9.4140568240656,Epidemic intelligence subnational data
Ireland,Mid-West,IE051,2020-23,3.88841477515753,Epidemic intelligence subnational data
Ireland,Mid-West,IE051,2020-24,1.63722727375054,Epidemic intelligence subnational data
Ireland,Mid-West,IE051,2020-25,0.409306818437635,Epidemic intelligence subnational data
Ireland,Mid-West,IE051,2020-26,0,Epidemic intelligence subnational data
Ireland,Mid-West,IE051,2020-27,0.81861363687527,Epidemic intelligence subnational data
Ireland,Mid-West,IE051,2020-28,1.22792045531291,Epidemic intelligence subnational data
Ireland,Mid-West,IE051,2020-29,0.81861363687527,Epidemic intelligence subnational data
Ireland,Mid-West,IE051,2020-30,1.22792045531291,Epidemic intelligence subnational data
Ireland,Mid-West,IE051,2020-31,10.8466306885973,Epidemic intelligence subnational data
Ireland,Mid-West,IE051,2020-32,14.7350454637549,Epidemic intelligence subnational data
Ireland,Mid-West,IE051,2020-33,20.0560341034441,Epidemic intelligence subnational data
Ireland,Mid-West,IE051,2020-34,42.9772159359517,Epidemic intelligence subnational data
Ireland,Mid-West,IE051,2020-35,53.823846624549,Epidemic intelligence subnational data
Ireland,Mid-West,IE051,2020-36,48.9121648032974,Epidemic intelligence subnational data
Ireland,Mid-West,IE051,2020-37,41.5446420714199,Epidemic intelligence subnational data
Ireland,Mid-West,IE051,2020-38,33.9724659303237,Epidemic intelligence subnational data
Ireland,Mid-West,IE051,2020-39,33.1538522934484,Epidemic intelligence subnational data
Ireland,Mid-West,IE051,2020-40,81.2474034598705,Epidemic intelligence subnational data
Ireland,Mid-West,IE051,2020-41,156.969164870833,Epidemic intelligence subnational data
Ireland,Mid-West,IE051,2020-42,215.295386498196,Epidemic intelligence subnational data
Ireland,Mid-West,IE051,2020-43,233.509539918671,Epidemic intelligence subnational data
Ireland,Mid-West,IE051,2020-44,186.029948979905,Epidemic intelligence subnational data
Ireland,Mid-West,IE051,2020-45,146.327187591455,Epidemic intelligence subnational data
Ireland,Mid-West,IE051,2020-46,135.889863721295,Epidemic intelligence subnational data
Ireland,Mid-West,IE051,2020-48,120.131551211446,Epidemic intelligence subnational data
Ireland,Mid-West,IE051,2020-49,103.349971655503,Epidemic intelligence subnational data
Ireland,Mid-West,IE051,2020-50,83.7032443704964,Epidemic intelligence subnational data
Ireland,Mid-West,IE051,2020-51,88.0009659640915,Epidemic intelligence subnational data
Ireland,Mid-West,IE051,2020-52,191.350937619594,Epidemic intelligence subnational data
Ireland,Mid-West,IE051,2020-53,544.992028749711,Epidemic intelligence subnational data
Ireland,Mid-West,IE051,2021-01,1334.95418833435,Epidemic intelligence subnational data
Ireland,Mid-West,IE051,2021-02,1427.45752930125,Epidemic intelligence subnational data
Ireland,Mid-West,IE051,2021-03,759.673455020251,Epidemic intelligence subnational data
Ireland,Mid-West,IE051,2021-04,406.441670708572,Epidemic intelligence subnational data
Ireland,Mid-West,IE051,2021-05,242.514289924299,Epidemic intelligence subnational data
Ireland,Mid-West,IE051,2021-06,186.439255798343,Epidemic intelligence subnational data
Ireland,Mid-West,IE051,2021-07,199.127767169909,Epidemic intelligence subnational data
Ireland,Mid-West,IE051,2021-08,208.746477403194,Epidemic intelligence subnational data
Ireland,Mid-West,IE051,2021-09,161.880846692085,Epidemic intelligence subnational data
Ireland,Mid-West,IE051,2021-10,112.55937507035,Epidemic intelligence subnational data
Ireland,Mid-West,IE051,2021-11,108.261653476754,Epidemic intelligence subnational data
Ireland,Mid-West,IE051,2021-12,115.219869390194,Epidemic intelligence subnational data
Ireland,Mid-West,IE051,2021-13,92.2986875576867,Epidemic intelligence subnational data
Ireland,Mid-West,IE051,2021-14,65.6937443592404,Epidemic intelligence subnational data
Ireland,Mid-West,IE051,2021-15,64.4658239039275,Epidemic intelligence subnational data
Ireland,Mid-West,IE051,2021-16,96.8010625605007,Epidemic intelligence subnational data
Ireland,Mid-West,IE051,2021-17,112.968681888787,Epidemic intelligence subnational data
Ireland,Mid-West,IE051,2021-18,92.0940341484679,Epidemic intelligence subnational data
Ireland,Mid-West,IE051,2021-19,76.9496818662754,Epidemic intelligence subnational data
Ireland,Mid-West,IE051,2021-20,93.9359148314372,Epidemic intelligence subnational data
Ireland,Mid-West,IE051,2021-21,165.564608058023,Epidemic intelligence subnational data
Ireland,Mid-West,IE051,2021-22,225.323403549918,Epidemic intelligence subnational data
Ireland,Mid-West,IE051,2021-23,217.137267181165,Epidemic intelligence subnational data
Ireland,Mid-West,IE051,2021-24,155.536591006301,Epidemic intelligence subnational data
Ireland,Mid-West,IE051,2021-25,108.875613704411,Epidemic intelligence subnational data
Ireland,Mid-West,IE051,2021-26,107.443039839879,Epidemic intelligence subnational data
Ireland,Mid-West,IE051,2021-27,121.564125075978,Epidemic intelligence subnational data
Ireland,Mid-West,IE051,2021-28,154.513323960207,Epidemic intelligence subnational data
Ireland,Mid-West,IE051,2021-29,203.016181945067,Epidemic intelligence subnational data
Ireland,Mid-West,IE051,2021-30,254.38418765899,Epidemic intelligence subnational data
Ireland,Mid-West,IE051,2021-31,284.058931995719,Epidemic intelligence subnational data
Ireland,Mid-West,IE051,2021-32,303.501005871506,Epidemic intelligence subnational data
Ireland,Mid-West,IE051,2021-33,439.390869592801,Epidemic intelligence subnational data
Ireland,Mid-West,IE051,2021-34,479.912244618127,Epidemic intelligence subnational data
Ireland,Mid-West,IE051,2021-35,406.850977527009,Epidemic intelligence subnational data
Ireland,Mid-West,IE051,2021-36,350.161983173397,Epidemic intelligence subnational data
Ireland,Mid-West,IE051,2021-37,301.454471779318,Epidemic intelligence subnational data
Ireland,Mid-West,IE051,2021-38,317.826744516824,Epidemic intelligence subnational data
Ireland,Mid-West,IE051,2021-39,337.47347180183,Epidemic intelligence subnational data
Ireland,Mid-West,IE051,2021-40,381.883261602313,Epidemic intelligence subnational data
Ireland,Mid-West,IE051,2021-41,455.763142330307,Epidemic intelligence subnational data
Ireland,Mid-West,IE051,2021-42,574.052812858783,Epidemic intelligence subnational data
Ireland,Mid-West,IE051,2021-43,692.137829978041,Epidemic intelligence subnational data
Ireland,Mid-West,IE051,2021-44,869.776989179974,Epidemic intelligence subnational data
Ireland,Mid-West,IE051,2021-45,1025.10892677706,Epidemic intelligence subnational data
Ireland,Mid-West,IE051,2021-46,1123.75187002053,Epidemic intelligence subnational data
Ireland,Mid-West,IE051,2021-47,1162.84067118132,Epidemic intelligence subnational data
Ireland,Mid-West,IE051,2021-48,1143.60325071475,Epidemic intelligence subnational data
Ireland,Mid-West,IE051,2021-49,1117.61226774396,Epidemic intelligence subnational data
Ireland,Mid-West,IE051,2021-50,1107.78890410146,Epidemic intelligence subnational data
Ireland,Mid-West,IE051,2021-51,1164.88720527351,Epidemic intelligence subnational data
Ireland,Mid-West,IE051,2021-52,2248.73166049637,Epidemic intelligence subnational data
Ireland,Mid-West,IE051,2022-01,3417.50728054503,Epidemic intelligence subnational data
Ireland,Mid-West,IE051,2022-02,3682.5334454834,Epidemic intelligence subnational data
Ireland,Mid-West,IE051,2022-03,3847.27943990455,Epidemic intelligence subnational data
Ireland,Mid-West,IE051,2022-04,5034.67852019213,Epidemic intelligence subnational data
Ireland,South-East,IE052,2020-14,,Epidemic intelligence subnational data
Ireland,South-East,IE052,2020-15,62.3495305580966,Epidemic intelligence subnational data
Ireland,South-East,IE052,2020-16,75.5476063696645,Epidemic intelligence subnational data
Ireland,South-East,IE052,2020-17,47.7861365591251,Epidemic intelligence subnational data
Ireland,South-East,IE052,2020-18,42.7799698719787,Epidemic intelligence subnational data
Ireland,South-East,IE052,2020-19,42.7799698719787,Epidemic intelligence subnational data
Ireland,South-East,IE052,2020-20,22.3001970609251,Epidemic intelligence subnational data
Ireland,South-East,IE052,2020-21,20.0246667485858,Epidemic intelligence subnational data
Ireland,South-East,IE052,2020-22,14.5633939989715,Epidemic intelligence subnational data
Ireland,South-East,IE052,2020-23,6.37148487455001,Epidemic intelligence subnational data
Ireland,South-East,IE052,2020-24,4.32350759344465,Epidemic intelligence subnational data
Ireland,South-East,IE052,2020-25,3.86840153097679,Epidemic intelligence subnational data
Ireland,South-East,IE052,2020-26,3.41329546850894,Epidemic intelligence subnational data
Ireland,South-East,IE052,2020-27,1.13776515616964,Epidemic intelligence subnational data
Ireland,South-East,IE052,2020-28,3.18574243727501,Epidemic intelligence subnational data
Ireland,South-East,IE052,2020-29,4.32350759344465,Epidemic intelligence subnational data
Ireland,South-East,IE052,2020-30,1.36531818740357,Epidemic intelligence subnational data
Ireland,South-East,IE052,2020-31,0.682659093701787,Epidemic intelligence subnational data
Ireland,South-East,IE052,2020-32,6.82659093701787,Epidemic intelligence subnational data
Ireland,South-East,IE052,2020-33,14.7909470302054,Epidemic intelligence subnational data
Ireland,South-East,IE052,2020-34,24.5757273732643,Epidemic intelligence subnational data
Ireland,South-East,IE052,2020-35,31.4023183102822,Epidemic intelligence subnational data
Ireland,South-East,IE052,2020-36,29.8094470916447,Epidemic intelligence subnational data
Ireland,South-East,IE052,2020-37,36.4084849974287,Epidemic intelligence subnational data
Ireland,South-East,IE052,2020-38,46.8759244341894,Epidemic intelligence subnational data
Ireland,South-East,IE052,2020-39,37.5462501535983,Epidemic intelligence subnational data
Ireland,South-East,IE052,2020-40,38.9115683410019,Epidemic intelligence subnational data
Ireland,South-East,IE052,2020-41,89.4283412749341,Epidemic intelligence subnational data
Ireland,South-East,IE052,2020-42,186.821038643056,Epidemic intelligence subnational data
Ireland,South-East,IE052,2020-43,238.930682795626,Epidemic intelligence subnational data
Ireland,South-East,IE052,2020-44,167.023924925704,Epidemic intelligence subnational data
Ireland,South-East,IE052,2020-45,104.674394367607,Epidemic intelligence subnational data
Ireland,South-East,IE052,2020-46,97.1651443368877,Epidemic intelligence subnational data
Ireland,South-East,IE052,2020-47,76.912924557068,Epidemic intelligence subnational data
Ireland,South-East,IE052,2020-48,74.8649472759627,Epidemic intelligence subnational data
Ireland,South-East,IE052,2020-49,82.1466442754484,Epidemic intelligence subnational data
Ireland,South-East,IE052,2020-50,96.9375913056538,Epidemic intelligence subnational data
Ireland,South-East,IE052,2020-51,153.825849114136,Epidemic intelligence subnational data
Ireland,South-East,IE052,2020-52,249.170569201152,Epidemic intelligence subnational data
Ireland,South-East,IE052,2020-53,415.056728970687,Epidemic intelligence subnational data
Ireland,South-East,IE052,2021-01,1351.43745249831,Epidemic intelligence subnational data
Ireland,South-East,IE052,2021-02,1634.05831729085,Epidemic intelligence subnational data
Ireland,South-East,IE052,2021-03,863.563753532761,Epidemic intelligence subnational data
Ireland,South-East,IE052,2021-04,529.288350650119,Epidemic intelligence subnational data
Ireland,South-East,IE052,2021-05,368.863463630199,Epidemic intelligence subnational data
Ireland,South-East,IE052,2021-06,256.679819231872,Epidemic intelligence subnational data
Ireland,South-East,IE052,2021-07,169.754561300511,Epidemic intelligence subnational data
Ireland,South-East,IE052,2021-08,125.609273241129,Epidemic intelligence subnational data
Ireland,South-East,IE052,2021-09,88.2905761187645,Epidemic intelligence subnational data
Ireland,South-East,IE052,2021-10,74.6373942447287,Epidemic intelligence subnational data
Ireland,South-East,IE052,2021-11,107.177477711181,Epidemic intelligence subnational data
Ireland,South-East,IE052,2021-12,110.818326210924,Epidemic intelligence subnational data
Ireland,South-East,IE052,2021-13,76.2302654633662,Epidemic intelligence subnational data
Ireland,South-East,IE052,2021-14,46.8759244341894,Epidemic intelligence subnational data
Ireland,South-East,IE052,2021-15,45.5106062467858,Epidemic intelligence subnational data
Ireland,South-East,IE052,2021-16,49.3790077777626,Epidemic intelligence subnational data
Ireland,South-East,IE052,2021-17,45.7381592780197,Epidemic intelligence subnational data
Ireland,South-East,IE052,2021-18,52.3371971838037,Epidemic intelligence subnational data
Ireland,South-East,IE052,2021-19,64.3975078392019,Epidemic intelligence subnational data
Ireland,South-East,IE052,2021-20,71.6792048386877,Epidemic intelligence subnational data
Ireland,South-East,IE052,2021-21,74.4098412134948,Epidemic intelligence subnational data
Ireland,South-East,IE052,2021-22,93.7518488683788,Epidemic intelligence subnational data
Ireland,South-East,IE052,2021-23,84.8772806502555,Epidemic intelligence subnational data
Ireland,South-East,IE052,2021-24,57.798469933418,Epidemic intelligence subnational data
Ireland,South-East,IE052,2021-25,68.4934624014126,Epidemic intelligence subnational data
Ireland,South-East,IE052,2021-26,88.9732352124663,Epidemic intelligence subnational data
Ireland,South-East,IE052,2021-27,85.5599397439573,Epidemic intelligence subnational data
Ireland,South-East,IE052,2021-28,104.674394367607,Epidemic intelligence subnational data
Ireland,South-East,IE052,2021-29,163.838182488429,Epidemic intelligence subnational data
Ireland,South-East,IE052,2021-30,195.468053829945,Epidemic intelligence subnational data
Ireland,South-East,IE052,2021-31,234.834728233415,Epidemic intelligence subnational data
Ireland,South-East,IE052,2021-32,297.639364853979,Epidemic intelligence subnational data
Ireland,South-East,IE052,2021-33,346.790819600508,Epidemic intelligence subnational data
Ireland,South-East,IE052,2021-34,347.018372631742,Epidemic intelligence subnational data
Ireland,South-East,IE052,2021-35,302.87308457236,Epidemic intelligence subnational data
Ireland,South-East,IE052,2021-36,289.219902698324,Epidemic intelligence subnational data
Ireland,South-East,IE052,2021-37,287.171925417219,Epidemic intelligence subnational data
Ireland,South-East,IE052,2021-38,291.722986041897,Epidemic intelligence subnational data
Ireland,South-East,IE052,2021-39,355.437834787397,Epidemic intelligence subnational data
Ireland,South-East,IE052,2021-40,437.129373000378,Epidemic intelligence subnational data
Ireland,South-East,IE052,2021-41,535.659835524669,Epidemic intelligence subnational data
Ireland,South-East,IE052,2021-42,663.089533015669,Epidemic intelligence subnational data
Ireland,South-East,IE052,2021-43,795.297844162582,Epidemic intelligence subnational data
Ireland,South-East,IE052,2021-44,1000.09557227312,Epidemic intelligence subnational data
Ireland,South-East,IE052,2021-45,1098.17092873494,Epidemic intelligence subnational data
Ireland,South-East,IE052,2021-46,1202.39021704008,Epidemic intelligence subnational data
Ireland,South-East,IE052,2021-47,1359.17425556026,Epidemic intelligence subnational data
Ireland,South-East,IE052,2021-48,1383.29487687106,Epidemic intelligence subnational data
Ireland,South-East,IE052,2021-49,1350.29968734214,Epidemic intelligence subnational data
Ireland,South-East,IE052,2021-50,1249.94880056797,Epidemic intelligence subnational data
Ireland,South-East,IE052,2021-51,1125.93239854548,Epidemic intelligence subnational data
Ireland,South-East,IE052,2021-52,1974.25009898557,Epidemic intelligence subnational data
Ireland,South-East,IE052,2022-01,3026.22776238002,Epidemic intelligence subnational data
Ireland,South-East,IE052,2022-02,3234.89389202154,Epidemic intelligence subnational data
Ireland,South-East,IE052,2022-03,3675.89166655289,Epidemic intelligence subnational data
Ireland,South-East,IE052,2022-04,4652.77682964015,Epidemic intelligence subnational data
Ireland,South-West,IE053,2020-14,,Epidemic intelligence subnational data
Ireland,South-West,IE053,2020-15,102.669404517454,Epidemic intelligence subnational data
Ireland,South-West,IE053,2020-16,101.547334522728,Epidemic intelligence subnational data
Ireland,South-West,IE053,2020-17,43.7607297943246,Epidemic intelligence subnational data
Ireland,South-West,IE053,2020-18,22.0206236465031,Epidemic intelligence subnational data
Ireland,South-West,IE053,2020-19,23.5634698892517,Epidemic intelligence subnational data
Ireland,South-West,IE053,2020-20,26.6491623747489,Epidemic intelligence subnational data
Ireland,South-West,IE053,2020-21,29.875113609587,Epidemic intelligence subnational data
Ireland,South-West,IE053,2020-22,22.0206236465031,Epidemic intelligence subnational data
Ireland,South-West,IE053,2020-23,12.4830286913298,Epidemic intelligence subnational data
Ireland,South-West,IE053,2020-24,2.24413998945254,Epidemic intelligence subnational data
Ireland,South-West,IE053,2020-25,1.12206999472627,Epidemic intelligence subnational data
Ireland,South-West,IE053,2020-26,0.701293746703919,Epidemic intelligence subnational data
Ireland,South-West,IE053,2020-27,1.12206999472627,Epidemic intelligence subnational data
Ireland,South-West,IE053,2020-28,2.24413998945254,Epidemic intelligence subnational data
Ireland,South-West,IE053,2020-29,2.80517498681568,Epidemic intelligence subnational data
Ireland,South-West,IE053,2020-30,2.52465748813411,Epidemic intelligence subnational data
Ireland,South-West,IE053,2020-31,1.96362249077097,Epidemic intelligence subnational data
Ireland,South-West,IE053,2020-32,3.5064687335196,Epidemic intelligence subnational data
Ireland,South-West,IE053,2020-33,4.06750373088273,Epidemic intelligence subnational data
Ireland,South-West,IE053,2020-34,5.04931497626822,Epidemic intelligence subnational data
Ireland,South-West,IE053,2020-35,7.29345496572076,Epidemic intelligence subnational data
Ireland,South-West,IE053,2020-36,8.83630120846939,Epidemic intelligence subnational data
Ireland,South-West,IE053,2020-37,9.67785370451409,Epidemic intelligence subnational data
Ireland,South-West,IE053,2020-38,23.984246137274,Epidemic intelligence subnational data
Ireland,South-West,IE053,2020-39,55.2619472402689,Epidemic intelligence subnational data
Ireland,South-West,IE053,2020-40,94.3941383063476,Epidemic intelligence subnational data
Ireland,South-West,IE053,2020-41,161.01704424322,Epidemic intelligence subnational data
Ireland,South-West,IE053,2020-42,284.44474366311,Epidemic intelligence subnational data
Ireland,South-West,IE053,2020-43,318.808137251602,Epidemic intelligence subnational data
Ireland,South-West,IE053,2020-44,238.580132628673,Epidemic intelligence subnational data
Ireland,South-West,IE053,2020-45,166.206617968829,Epidemic intelligence subnational data
Ireland,South-West,IE053,2020-46,93.9733620583252,Epidemic intelligence subnational data
Ireland,South-West,IE053,2020-47,58.4878984751069,Epidemic intelligence subnational data
Ireland,South-West,IE053,2020-48,65.0800596941237,Epidemic intelligence subnational data
Ireland,South-West,IE053,2020-49,48.669786021252,Epidemic intelligence subnational data
Ireland,South-West,IE053,2020-50,23.5634698892517,Epidemic intelligence subnational data
Ireland,South-West,IE053,2020-51,61.2930734619226,Epidemic intelligence subnational data
Ireland,South-West,IE053,2020-52,175.603954174661,Epidemic intelligence subnational data
Ireland,South-West,IE053,2020-53,403.945198101458,Epidemic intelligence subnational data
Ireland,South-West,IE053,2021-01,1241.57044916462,Epidemic intelligence subnational data
Ireland,South-West,IE053,2021-02,1420.11983707544,Epidemic intelligence subnational data
Ireland,South-West,IE053,2021-03,696.384690476992,Epidemic intelligence subnational data
Ireland,South-West,IE053,2021-04,372.807755747804,Epidemic intelligence subnational data
Ireland,South-West,IE053,2021-05,239.561943874059,Epidemic intelligence subnational data
Ireland,South-West,IE053,2021-06,159.053421752449,Epidemic intelligence subnational data
Ireland,South-West,IE053,2021-07,84.0149908551295,Epidemic intelligence subnational data
Ireland,South-West,IE053,2021-08,60.4515209658779,Epidemic intelligence subnational data
Ireland,South-West,IE053,2021-09,56.1034997363136,Epidemic intelligence subnational data
Ireland,South-West,IE053,2021-10,51.3347022587269,Epidemic intelligence subnational data
Ireland,South-West,IE053,2021-11,45.5840935357548,Epidemic intelligence subnational data
Ireland,South-West,IE053,2021-12,38.8516735673971,Epidemic intelligence subnational data
Ireland,South-West,IE053,2021-13,48.2490097732297,Epidemic intelligence subnational data
Ireland,South-West,IE053,2021-14,51.7554785067493,Epidemic intelligence subnational data
Ireland,South-West,IE053,2021-15,37.3088273246485,Epidemic intelligence subnational data
Ireland,South-West,IE053,2021-16,37.4490860739893,Epidemic intelligence subnational data
Ireland,South-West,IE053,2021-17,54.2801359948834,Epidemic intelligence subnational data
Ireland,South-West,IE053,2021-18,68.3060109289618,Epidemic intelligence subnational data
Ireland,South-West,IE053,2021-19,75.7397246440233,Epidemic intelligence subnational data
Ireland,South-West,IE053,2021-20,86.6799070926044,Epidemic intelligence subnational data
Ireland,South-West,IE053,2021-21,88.2227533353531,Epidemic intelligence subnational data
Ireland,South-West,IE053,2021-22,77.0020533880904,Epidemic intelligence subnational data
Ireland,South-West,IE053,2021-23,69.428080923688,Epidemic intelligence subnational data
Ireland,South-West,IE053,2021-24,61.4333322112633,Epidemic intelligence subnational data
Ireland,South-West,IE053,2021-25,47.2671985278442,Epidemic intelligence subnational data
Ireland,South-West,IE053,2021-26,42.4984010502575,Epidemic intelligence subnational data
Ireland,South-West,IE053,2021-27,63.6774722007159,Epidemic intelligence subnational data
Ireland,South-West,IE053,2021-28,122.866664422527,Epidemic intelligence subnational data
Ireland,South-West,IE053,2021-29,202.11285780007,Epidemic intelligence subnational data
Ireland,South-West,IE053,2021-30,256.252735045612,Epidemic intelligence subnational data
Ireland,South-West,IE053,2021-31,302.117346080049,Epidemic intelligence subnational data
Ireland,South-West,IE053,2021-32,340.548243399423,Epidemic intelligence subnational data
Ireland,South-West,IE053,2021-33,366.075335779446,Epidemic intelligence subnational data
Ireland,South-West,IE053,2021-34,393.56605065024,Epidemic intelligence subnational data
Ireland,South-West,IE053,2021-35,367.758440771535,Epidemic intelligence subnational data
Ireland,South-West,IE053,2021-36,305.90433231225,Epidemic intelligence subnational data
Ireland,South-West,IE053,2021-37,279.255169937501,Epidemic intelligence subnational data
Ireland,South-West,IE053,2021-38,278.974652438819,Epidemic intelligence subnational data
Ireland,South-West,IE053,2021-39,305.764073562909,Epidemic intelligence subnational data
Ireland,South-West,IE053,2021-40,373.789566993189,Epidemic intelligence subnational data
Ireland,South-West,IE053,2021-41,463.41490782195,Epidemic intelligence subnational data
Ireland,South-West,IE053,2021-42,596.380202197013,Epidemic intelligence subnational data
Ireland,South-West,IE053,2021-43,717.42350287811,Epidemic intelligence subnational data
Ireland,South-West,IE053,2021-44,944.78293555952,Epidemic intelligence subnational data
Ireland,South-West,IE053,2021-45,1164.28787827785,Epidemic intelligence subnational data
Ireland,South-West,IE053,2021-46,1188.41238316446,Epidemic intelligence subnational data
Ireland,South-West,IE053,2021-47,1187.71108941776,Epidemic intelligence subnational data
Ireland,South-West,IE053,2021-48,1238.0639804311,Epidemic intelligence subnational data
Ireland,South-West,IE053,2021-49,1294.72851516478,Epidemic intelligence subnational data
Ireland,South-West,IE053,2021-50,1292.76489267401,Epidemic intelligence subnational data
Ireland,South-West,IE053,2021-51,1217.86672052603,Epidemic intelligence subnational data
Ireland,South-West,IE053,2021-52,1795.03147406335,Epidemic intelligence subnational data
Ireland,South-West,IE053,2022-01,2502.63686448761,Epidemic intelligence subnational data
Ireland,South-West,IE053,2022-02,2725.92879343814,Epidemic intelligence subnational data
Ireland,South-West,IE053,2022-03,2941.0857149269,Epidemic intelligence subnational data
Ireland,South-West,IE053,2022-04,4260.35951122631,Epidemic intelligence subnational data
Ireland,Dublin,IE061,2020-14,,Epidemic intelligence subnational data
Ireland,Dublin,IE061,2020-15,298.477798717362,Epidemic intelligence subnational data
Ireland,Dublin,IE061,2020-16,299.826449888736,Epidemic intelligence subnational data
Ireland,Dublin,IE061,2020-17,204.35614328354,Epidemic intelligence subnational data
Ireland,Dublin,IE061,2020-18,205.065959689526,Epidemic intelligence subnational data
Ireland,Dublin,IE061,2020-19,173.62109290432,Epidemic intelligence subnational data
Ireland,Dublin,IE061,2020-20,72.6142183324283,Epidemic intelligence subnational data
Ireland,Dublin,IE061,2020-21,51.0357995904359,Epidemic intelligence subnational data
Ireland,Dublin,IE061,2020-22,28.1797113176677,Epidemic intelligence subnational data
Ireland,Dublin,IE061,2020-23,18.8101347586447,Epidemic intelligence subnational data
Ireland,Dublin,IE061,2020-24,9.79546640261496,Epidemic intelligence subnational data
Ireland,Dublin,IE061,2020-25,5.60754960729407,Epidemic intelligence subnational data
Ireland,Dublin,IE061,2020-26,1.5615960931705,Epidemic intelligence subnational data
Ireland,Dublin,IE061,2020-27,1.20668789017721,Epidemic intelligence subnational data
Ireland,Dublin,IE061,2020-28,4.40086171711687,Epidemic intelligence subnational data
Ireland,Dublin,IE061,2020-29,9.58252148081899,Epidemic intelligence subnational data
Ireland,Dublin,IE061,2020-30,10.7892093709962,Epidemic intelligence subnational data
Ireland,Dublin,IE061,2020-31,11.4280441363841,Epidemic intelligence subnational data
Ireland,Dublin,IE061,2020-32,11.3570624957855,Epidemic intelligence subnational data
Ireland,Dublin,IE061,2020-33,14.8351628851198,Epidemic intelligence subnational data
Ireland,Dublin,IE061,2020-34,32.1546831911926,Epidemic intelligence subnational data
Ireland,Dublin,IE061,2020-35,44.0086171711687,Epidemic intelligence subnational data
Ireland,Dublin,IE061,2020-36,56.1464777135394,Epidemic intelligence subnational data
Ireland,Dublin,IE061,2020-37,91.211408169277,Epidemic intelligence subnational data
Ireland,Dublin,IE061,2020-38,131.245053466921,Epidemic intelligence subnational data
Ireland,Dublin,IE061,2020-39,152.610527287117,Epidemic intelligence subnational data
Ireland,Dublin,IE061,2020-40,158.572985097405,Epidemic intelligence subnational data
Ireland,Dublin,IE061,2020-41,169.646121030795,Epidemic intelligence subnational data
Ireland,Dublin,IE061,2020-42,221.107810464823,Epidemic intelligence subnational data
Ireland,Dublin,IE061,2020-43,244.176843659388,Epidemic intelligence subnational data
Ireland,Dublin,IE061,2020-44,193.353988990748,Epidemic intelligence subnational data
Ireland,Dublin,IE061,2020-45,158.927893300398,Epidemic intelligence subnational data
Ireland,Dublin,IE061,2020-46,129.754439014349,Epidemic intelligence subnational data
Ireland,Dublin,IE061,2020-47,90.8564999662837,Epidemic intelligence subnational data
Ireland,Dublin,IE061,2020-48,97.457792541959,Epidemic intelligence subnational data
Ireland,Dublin,IE061,2020-49,106.614424179186,Epidemic intelligence subnational data
Ireland,Dublin,IE061,2020-50,88.8690140295213,Epidemic intelligence subnational data
Ireland,Dublin,IE061,2020-51,119.036211283951,Epidemic intelligence subnational data
Ireland,Dublin,IE061,2020-52,237.362606161916,Epidemic intelligence subnational data
Ireland,Dublin,IE061,2020-53,424.04432093639,Epidemic intelligence subnational data
Ireland,Dublin,IE061,2021-01,1412.88955611631,Epidemic intelligence subnational data
Ireland,Dublin,IE061,2021-02,1684.53629468738,Epidemic intelligence subnational data
Ireland,Dublin,IE061,2021-03,893.445910215323,Epidemic intelligence subnational data
Ireland,Dublin,IE061,2021-04,579.494113847453,Epidemic intelligence subnational data
Ireland,Dublin,IE061,2021-05,392.031601026395,Epidemic intelligence subnational data
Ireland,Dublin,IE061,2021-06,347.100222527443,Epidemic intelligence subnational data
Ireland,Dublin,IE061,2021-07,326.08965691024,Epidemic intelligence subnational data
Ireland,Dublin,IE061,2021-08,273.634224507831,Epidemic intelligence subnational data
Ireland,Dublin,IE061,2021-09,236.297881552936,Epidemic intelligence subnational data
Ireland,Dublin,IE061,2021-10,213.157866717774,Epidemic intelligence subnational data
Ireland,Dublin,IE061,2021-11,218.12658155968,Epidemic intelligence subnational data
Ireland,Dublin,IE061,2021-12,235.233156943957,Epidemic intelligence subnational data
Ireland,Dublin,IE061,2021-13,229.909533899057,Epidemic intelligence subnational data
Ireland,Dublin,IE061,2021-14,201.871785862587,Epidemic intelligence subnational data
Ireland,Dublin,IE061,2021-15,162.264030408535,Epidemic intelligence subnational data
Ireland,Dublin,IE061,2021-16,166.168020641461,Epidemic intelligence subnational data
Ireland,Dublin,IE061,2021-17,180.435330401792,Epidemic intelligence subnational data
Ireland,Dublin,IE061,2021-18,179.44158743341,Epidemic intelligence subnational data
Ireland,Dublin,IE061,2021-19,184.978155400106,Epidemic intelligence subnational data
Ireland,Dublin,IE061,2021-20,171.420662045762,Epidemic intelligence subnational data
Ireland,Dublin,IE061,2021-21,148.564573772994,Epidemic intelligence subnational data
Ireland,Dublin,IE061,2021-22,132.380759716499,Epidemic intelligence subnational data
Ireland,Dublin,IE061,2021-23,106.330497616791,Epidemic intelligence subnational data
Ireland,Dublin,IE061,2021-24,93.6957655902301,Epidemic intelligence subnational data
Ireland,Dublin,IE061,2021-25,113.002771833065,Epidemic intelligence subnational data
Ireland,Dublin,IE061,2021-26,149.132426897783,Epidemic intelligence subnational data
Ireland,Dublin,IE061,2021-27,181.925944854363,Epidemic intelligence subnational data
Ireland,Dublin,IE061,2021-28,263.767776464617,Epidemic intelligence subnational data
Ireland,Dublin,IE061,2021-29,358.812193226222,Epidemic intelligence subnational data
Ireland,Dublin,IE061,2021-30,400.549397898234,Epidemic intelligence subnational data
Ireland,Dublin,IE061,2021-31,445.906666240777,Epidemic intelligence subnational data
Ireland,Dublin,IE061,2021-32,459.535141235719,Epidemic intelligence subnational data
Ireland,Dublin,IE061,2021-33,468.833736154144,Epidemic intelligence subnational data
Ireland,Dublin,IE061,2021-34,448.462005302329,Epidemic intelligence subnational data
Ireland,Dublin,IE061,2021-35,408.854249848277,Epidemic intelligence subnational data
Ireland,Dublin,IE061,2021-36,429.509907262487,Epidemic intelligence subnational data
Ireland,Dublin,IE061,2021-37,420.992110390647,Epidemic intelligence subnational data
Ireland,Dublin,IE061,2021-38,419.572477578674,Epidemic intelligence subnational data
Ireland,Dublin,IE061,2021-39,403.601608443976,Epidemic intelligence subnational data
Ireland,Dublin,IE061,2021-40,369.459439316021,Epidemic intelligence subnational data
Ireland,Dublin,IE061,2021-41,409.706029535461,Epidemic intelligence subnational data
Ireland,Dublin,IE061,2021-42,501.059400985935,Epidemic intelligence subnational data
Ireland,Dublin,IE061,2021-43,591.631974389824,Epidemic intelligence subnational data
Ireland,Dublin,IE061,2021-44,820.831691882895,Epidemic intelligence subnational data
Ireland,Dublin,IE061,2021-45,1097.58910857707,Epidemic intelligence subnational data
Ireland,Dublin,IE061,2021-46,1270.6423483566,Epidemic intelligence subnational data
Ireland,Dublin,IE061,2021-47,1371.0103881631,Epidemic intelligence subnational data
Ireland,Dublin,IE061,2021-48,1394.86021940425,Epidemic intelligence subnational data
Ireland,Dublin,IE061,2021-49,1451.57455024258,Epidemic intelligence subnational data
Ireland,Dublin,IE061,2021-50,1613.34170916692,Epidemic intelligence subnational data
Ireland,Dublin,IE061,2021-51,1831.32632744541,Epidemic intelligence subnational data
Ireland,Dublin,IE061,2021-52,2455.60985651061,Epidemic intelligence subnational data
Ireland,Dublin,IE061,2022-01,3420.32133388699,Epidemic intelligence subnational data
Ireland,Dublin,IE061,2022-02,3553.48289165008,Epidemic intelligence subnational data
Ireland,Dublin,IE061,2022-03,3589.54156507419,Epidemic intelligence subnational data
Ireland,Dublin,IE061,2022-04,4241.36597069168,Epidemic intelligence subnational data
Ireland,Mid-East,IE062,2020-14,,Epidemic intelligence subnational data
Ireland,Mid-East,IE062,2020-15,161.489749772862,Epidemic intelligence subnational data
Ireland,Mid-East,IE062,2020-16,204.253109907301,Epidemic intelligence subnational data
Ireland,Mid-East,IE062,2020-17,151.379562392835,Epidemic intelligence subnational data
Ireland,Mid-East,IE062,2020-18,143.182113165787,Epidemic intelligence subnational data
Ireland,Mid-East,IE062,2020-19,123.371610867085,Epidemic intelligence subnational data
Ireland,Mid-East,IE062,2020-20,32.379924446843,Epidemic intelligence subnational data
Ireland,Mid-East,IE062,2020-21,20.0837506062697,Epidemic intelligence subnational data
Ireland,Mid-East,IE062,2020-22,16.1216501465294,Epidemic intelligence subnational data
Ireland,Mid-East,IE062,2020-23,8.47069753461715,Epidemic intelligence subnational data
Ireland,Mid-East,IE062,2020-24,3.68885215217198,Epidemic intelligence subnational data
Ireland,Mid-East,IE062,2020-25,8.0608250732647,Epidemic intelligence subnational data
Ireland,Mid-East,IE062,2020-26,12.022925533005,Epidemic intelligence subnational data
Ireland,Mid-East,IE062,2020-27,7.51432845812811,Epidemic intelligence subnational data
Ireland,Mid-East,IE062,2020-28,6.01146276650249,Epidemic intelligence subnational data
Ireland,Mid-East,IE062,2020-29,7.10445599677567,Epidemic intelligence subnational data
Ireland,Mid-East,IE062,2020-30,6.42133522785493,Epidemic intelligence subnational data
Ireland,Mid-East,IE062,2020-31,15.5751535313928,Epidemic intelligence subnational data
Ireland,Mid-East,IE062,2020-32,48.7748229009407,Epidemic intelligence subnational data
Ireland,Mid-East,IE062,2020-33,65.1697213550384,Epidemic intelligence subnational data
Ireland,Mid-East,IE062,2020-34,54.5130373598749,Epidemic intelligence subnational data
Ireland,Mid-East,IE062,2020-35,38.1181389057772,Epidemic intelligence subnational data
Ireland,Mid-East,IE062,2020-36,30.4671862938649,Epidemic intelligence subnational data
Ireland,Mid-East,IE062,2020-37,47.271957209315,Epidemic intelligence subnational data
Ireland,Mid-East,IE062,2020-38,60.3878759725932,Epidemic intelligence subnational data
Ireland,Mid-East,IE062,2020-39,64.6232247399018,Epidemic intelligence subnational data
Ireland,Mid-East,IE062,2020-40,81.9744922704885,Epidemic intelligence subnational data
Ireland,Mid-East,IE062,2020-41,137.580522860637,Epidemic intelligence subnational data
Ireland,Mid-East,IE062,2020-42,262.728247726916,Epidemic intelligence subnational data
Ireland,Mid-East,IE062,2020-43,350.987451071475,Epidemic intelligence subnational data
Ireland,Mid-East,IE062,2020-44,256.990033267982,Epidemic intelligence subnational data
Ireland,Mid-East,IE062,2020-45,133.208549939544,Epidemic intelligence subnational data
Ireland,Mid-East,IE062,2020-46,105.200598413794,Epidemic intelligence subnational data
Ireland,Mid-East,IE062,2020-47,97.8228941094496,Epidemic intelligence subnational data
Ireland,Mid-East,IE062,2020-48,95.363659341335,Epidemic intelligence subnational data
Ireland,Mid-East,IE062,2020-49,90.3085656513215,Epidemic intelligence subnational data
Ireland,Mid-East,IE062,2020-50,81.4279956553519,Epidemic intelligence subnational data
Ireland,Mid-East,IE062,2020-51,108.206329797045,Epidemic intelligence subnational data
Ireland,Mid-East,IE062,2020-52,175.152165151277,Epidemic intelligence subnational data
Ireland,Mid-East,IE062,2020-53,415.200803350024,Epidemic intelligence subnational data
Ireland,Mid-East,IE062,2021-01,1104.74290749862,Epidemic intelligence subnational data
Ireland,Mid-East,IE062,2021-02,1241.0938129752,Epidemic intelligence subnational data
Ireland,Mid-East,IE062,2021-03,743.781893200899,Epidemic intelligence subnational data
Ireland,Mid-East,IE062,2021-04,471.489954709093,Epidemic intelligence subnational data
Ireland,Mid-East,IE062,2021-05,320.247016470042,Epidemic intelligence subnational data
Ireland,Mid-East,IE062,2021-06,263.274744342052,Epidemic intelligence subnational data
Ireland,Mid-East,IE062,2021-07,221.331129130319,Epidemic intelligence subnational data
Ireland,Mid-East,IE062,2021-08,201.110754370265,Epidemic intelligence subnational data
Ireland,Mid-East,IE062,2021-09,174.742292689925,Epidemic intelligence subnational data
Ireland,Mid-East,IE062,2021-10,169.277326538559,Epidemic intelligence subnational data
Ireland,Mid-East,IE062,2021-11,176.518406689119,Epidemic intelligence subnational data
Ireland,Mid-East,IE062,2021-12,180.890379610211,Epidemic intelligence subnational data
Ireland,Mid-East,IE062,2021-13,175.152165151277,Epidemic intelligence subnational data
Ireland,Mid-East,IE062,2021-14,152.335931469325,Epidemic intelligence subnational data
Ireland,Mid-East,IE062,2021-15,132.388805016839,Epidemic intelligence subnational data
Ireland,Mid-East,IE062,2021-16,134.438167323601,Epidemic intelligence subnational data
Ireland,Mid-East,IE062,2021-17,159.167139158532,Epidemic intelligence subnational data
Ireland,Mid-East,IE062,2021-18,155.751535313928,Epidemic intelligence subnational data
Ireland,Mid-East,IE062,2021-19,135.39453640009,Epidemic intelligence subnational data
Ireland,Mid-East,IE062,2021-20,120.912376098971,Epidemic intelligence subnational data
Ireland,Mid-East,IE062,2021-21,99.0525114935069,Epidemic intelligence subnational data
Ireland,Mid-East,IE062,2021-22,82.384364731841,Epidemic intelligence subnational data
Ireland,Mid-East,IE062,2021-23,65.8528421239591,Epidemic intelligence subnational data
Ireland,Mid-East,IE062,2021-24,59.29488274232,Epidemic intelligence subnational data
Ireland,Mid-East,IE062,2021-25,64.7598488936859,Epidemic intelligence subnational data
Ireland,Mid-East,IE062,2021-26,83.0674855007617,Epidemic intelligence subnational data
Ireland,Mid-East,IE062,2021-27,128.973201172235,Epidemic intelligence subnational data
Ireland,Mid-East,IE062,2021-28,228.982081742231,Epidemic intelligence subnational data
Ireland,Mid-East,IE062,2021-29,322.979499545725,Epidemic intelligence subnational data
Ireland,Mid-East,IE062,2021-30,343.199874305779,Epidemic intelligence subnational data
Ireland,Mid-East,IE062,2021-31,343.199874305779,Epidemic intelligence subnational data
Ireland,Mid-East,IE062,2021-32,372.710691523154,Epidemic intelligence subnational data
Ireland,Mid-East,IE062,2021-33,413.42468935083,Epidemic intelligence subnational data
Ireland,Mid-East,IE062,2021-34,391.838073052935,Epidemic intelligence subnational data
Ireland,Mid-East,IE062,2021-35,363.966745680969,Epidemic intelligence subnational data
Ireland,Mid-East,IE062,2021-36,359.04827614474,Epidemic intelligence subnational data
Ireland,Mid-East,IE062,2021-37,368.475342755846,Epidemic intelligence subnational data
Ireland,Mid-East,IE062,2021-38,382.684254749397,Epidemic intelligence subnational data
Ireland,Mid-East,IE062,2021-39,338.418028923333,Epidemic intelligence subnational data
Ireland,Mid-East,IE062,2021-40,338.008156461981,Epidemic intelligence subnational data
Ireland,Mid-East,IE062,2021-41,437.060667955488,Epidemic intelligence subnational data
Ireland,Mid-East,IE062,2021-42,538.299165909541,Epidemic intelligence subnational data
Ireland,Mid-East,IE062,2021-43,584.204881581015,Epidemic intelligence subnational data
Ireland,Mid-East,IE062,2021-44,801.573910251593,Epidemic intelligence subnational data
Ireland,Mid-East,IE062,2021-45,1110.8909944189,Epidemic intelligence subnational data
Ireland,Mid-East,IE062,2021-46,1221.14668652271,Epidemic intelligence subnational data
Ireland,Mid-East,IE062,2021-47,1211.85624406539,Epidemic intelligence subnational data
Ireland,Mid-East,IE062,2021-48,1279.75844849611,Epidemic intelligence subnational data
Ireland,Mid-East,IE062,2021-49,1307.49315171429,Epidemic intelligence subnational data
Ireland,Mid-East,IE062,2021-50,1289.73201172235,Epidemic intelligence subnational data
Ireland,Mid-East,IE062,2021-51,1428.67877612083,Epidemic intelligence subnational data
Ireland,Mid-East,IE062,2021-52,2127.37469857296,Epidemic intelligence subnational data
Ireland,Mid-East,IE062,2022-01,3209.02812408206,Epidemic intelligence subnational data
Ireland,Mid-East,IE062,2022-02,3621.76969266397,Epidemic intelligence subnational data
Ireland,Mid-East,IE062,2022-03,3965.65268773867,Epidemic intelligence subnational data
Ireland,Mid-East,IE062,2022-04,4426.07608599124,Epidemic intelligence subnational data
Ireland,Midland,IE063,2020-14,,Epidemic intelligence subnational data
Ireland,Midland,IE063,2020-15,146.65306216187,Epidemic intelligence subnational data
Ireland,Midland,IE063,2020-16,179.46135347325,Epidemic intelligence subnational data
Ireland,Midland,IE063,2020-17,109.907775893124,Epidemic intelligence subnational data
Ireland,Midland,IE063,2020-18,162.072959078218,Epidemic intelligence subnational data
Ireland,Midland,IE063,2020-19,189.960006692891,Epidemic intelligence subnational data
Ireland,Midland,IE063,2020-20,101.049537239051,Epidemic intelligence subnational data
Ireland,Midland,IE063,2020-21,56.1021781424602,Epidemic intelligence subnational data
Ireland,Midland,IE063,2020-22,14.7637310901211,Epidemic intelligence subnational data
Ireland,Midland,IE063,2020-23,5.90549243604844,Epidemic intelligence subnational data
Ireland,Midland,IE063,2020-24,3.28082913113802,Epidemic intelligence subnational data
Ireland,Midland,IE063,2020-25,2.29658039179662,Epidemic intelligence subnational data
Ireland,Midland,IE063,2020-26,1.96849747868281,Epidemic intelligence subnational data
Ireland,Midland,IE063,2020-27,2.29658039179662,Epidemic intelligence subnational data
Ireland,Midland,IE063,2020-28,2.62466330491042,Epidemic intelligence subnational data
Ireland,Midland,IE063,2020-29,0.984248739341406,Epidemic intelligence subnational data
Ireland,Midland,IE063,2020-30,1.96849747868281,Epidemic intelligence subnational data
Ireland,Midland,IE063,2020-31,20.9973064392833,Epidemic intelligence subnational data
Ireland,Midland,IE063,2020-32,57.0864268818016,Epidemic intelligence subnational data
Ireland,Midland,IE063,2020-33,51.5090173588669,Epidemic intelligence subnational data
Ireland,Midland,IE063,2020-34,25.5904672228766,Epidemic intelligence subnational data
Ireland,Midland,IE063,2020-35,20.0130576999419,Epidemic intelligence subnational data
Ireland,Midland,IE063,2020-36,25.2623843097628,Epidemic intelligence subnational data
Ireland,Midland,IE063,2020-37,43.6350274441357,Epidemic intelligence subnational data
Ireland,Midland,IE063,2020-38,47.2439394883875,Epidemic intelligence subnational data
Ireland,Midland,IE063,2020-39,47.5720224015013,Epidemic intelligence subnational data
Ireland,Midland,IE063,2020-40,89.2385523669542,Epidemic intelligence subnational data
Ireland,Midland,IE063,2020-41,142.059901378276,Epidemic intelligence subnational data
Ireland,Midland,IE063,2020-42,229.986122092775,Epidemic intelligence subnational data
Ireland,Midland,IE063,2020-43,293.306124323739,Epidemic intelligence subnational data
Ireland,Midland,IE063,2020-44,213.581976437085,Epidemic intelligence subnational data
Ireland,Midland,IE063,2020-45,138.779072247138,Epidemic intelligence subnational data
Ireland,Midland,IE063,2020-46,124.015341157017,Epidemic intelligence subnational data
Ireland,Midland,IE063,2020-47,74.1467383637193,Epidemic intelligence subnational data
Ireland,Midland,IE063,2020-48,47.2439394883875,Epidemic intelligence subnational data
Ireland,Midland,IE063,2020-49,57.7425927080292,Epidemic intelligence subnational data
Ireland,Midland,IE063,2020-50,69.8816604932399,Epidemic intelligence subnational data
Ireland,Midland,IE063,2020-51,93.1755473243198,Epidemic intelligence subnational data
Ireland,Midland,IE063,2020-52,111.220107545579,Epidemic intelligence subnational data
Ireland,Midland,IE063,2020-53,345.799390421947,Epidemic intelligence subnational data
Ireland,Midland,IE063,2021-01,785.430493994442,Epidemic intelligence subnational data
Ireland,Midland,IE063,2021-02,824.472360654985,Epidemic intelligence subnational data
Ireland,Midland,IE063,2021-03,551.179294031188,Epidemic intelligence subnational data
Ireland,Midland,IE063,2021-04,376.311101341531,Epidemic intelligence subnational data
Ireland,Midland,IE063,2021-05,281.167056538528,Epidemic intelligence subnational data
Ireland,Midland,IE063,2021-06,279.854724886073,Epidemic intelligence subnational data
Ireland,Midland,IE063,2021-07,304.460943369608,Epidemic intelligence subnational data
Ireland,Midland,IE063,2021-08,296.915036367991,Epidemic intelligence subnational data
Ireland,Midland,IE063,2021-09,263.122496317269,Epidemic intelligence subnational data
Ireland,Midland,IE063,2021-10,231.298453745231,Epidemic intelligence subnational data
Ireland,Midland,IE063,2021-11,205.051820696126,Epidemic intelligence subnational data
Ireland,Midland,IE063,2021-12,228.017624614093,Epidemic intelligence subnational data
Ireland,Midland,IE063,2021-13,273.293066623797,Epidemic intelligence subnational data
Ireland,Midland,IE063,2021-14,215.550473915768,Epidemic intelligence subnational data
Ireland,Midland,IE063,2021-15,147.637310901211,Epidemic intelligence subnational data
Ireland,Midland,IE063,2021-16,145.668813422528,Epidemic intelligence subnational data
Ireland,Midland,IE063,2021-17,136.154408942228,Epidemic intelligence subnational data
Ireland,Midland,IE063,2021-18,110.563941719351,Epidemic intelligence subnational data
Ireland,Midland,IE063,2021-19,99.7372055865959,Epidemic intelligence subnational data
Ireland,Midland,IE063,2021-20,113.516687937376,Epidemic intelligence subnational data
Ireland,Midland,IE063,2021-21,116.797517068514,Epidemic intelligence subnational data
Ireland,Midland,IE063,2021-22,102.68995180462,Epidemic intelligence subnational data
Ireland,Midland,IE063,2021-23,83.0049770177919,Epidemic intelligence subnational data
Ireland,Midland,IE063,2021-24,81.0364795391091,Epidemic intelligence subnational data
Ireland,Midland,IE063,2021-25,98.4248739341406,Epidemic intelligence subnational data
Ireland,Midland,IE063,2021-26,104.002283457075,Epidemic intelligence subnational data
Ireland,Midland,IE063,2021-27,109.251610066896,Epidemic intelligence subnational data
Ireland,Midland,IE063,2021-28,187.335343387981,Epidemic intelligence subnational data
Ireland,Midland,IE063,2021-29,301.836280064698,Epidemic intelligence subnational data
Ireland,Midland,IE063,2021-30,315.943845328592,Epidemic intelligence subnational data
Ireland,Midland,IE063,2021-31,292.649958497512,Epidemic intelligence subnational data
Ireland,Midland,IE063,2021-32,363.187784816979,Epidemic intelligence subnational data
Ireland,Midland,IE063,2021-33,458.659912533095,Epidemic intelligence subnational data
Ireland,Midland,IE063,2021-34,444.552347269202,Epidemic intelligence subnational data
Ireland,Midland,IE063,2021-35,411.087890131594,Epidemic intelligence subnational data
Ireland,Midland,IE063,2021-36,431.757113657764,Epidemic intelligence subnational data
Ireland,Midland,IE063,2021-37,404.854314782432,Epidemic intelligence subnational data
Ireland,Midland,IE063,2021-38,350.064468292427,Epidemic intelligence subnational data
Ireland,Midland,IE063,2021-39,345.799390421947,Epidemic intelligence subnational data
Ireland,Midland,IE063,2021-40,369.093277253027,Epidemic intelligence subnational data
Ireland,Midland,IE063,2021-41,474.407892362558,Epidemic intelligence subnational data
Ireland,Midland,IE063,2021-42,620.076705785086,Epidemic intelligence subnational data
Ireland,Midland,IE063,2021-43,770.994845817435,Epidemic intelligence subnational data
Ireland,Midland,IE063,2021-44,940.285628984157,Epidemic intelligence subnational data
Ireland,Midland,IE063,2021-45,1202.7519594752,Epidemic intelligence subnational data
Ireland,Midland,IE063,2021-46,1363.51258690096,Epidemic intelligence subnational data
Ireland,Midland,IE063,2021-47,1231.2951729161,Epidemic intelligence subnational data
Ireland,Midland,IE063,2021-48,1347.10844124527,Epidemic intelligence subnational data
Ireland,Midland,IE063,2021-49,1455.70388548594,Epidemic intelligence subnational data
Ireland,Midland,IE063,2021-50,1270.66512248976,Epidemic intelligence subnational data
Ireland,Midland,IE063,2021-51,1278.8671953176,Epidemic intelligence subnational data
Ireland,Midland,IE063,2021-52,3043.95326786986,Epidemic intelligence subnational data
Ireland,Midland,IE063,2022-01,4767.04472754354,Epidemic intelligence subnational data
Ireland,Midland,IE063,2022-02,5314.94319244359,Epidemic intelligence subnational data
Ireland,Midland,IE063,2022-03,5551.49097279865,Epidemic intelligence subnational data
Ireland,Midland,IE063,2022-04,5311.99044622557,Epidemic intelligence subnational data
Italy,Piemonte,ITC1,2020-13,,Epidemic intelligence subnational data
Italy,Piemonte,ITC1,2020-14,135.182246683477,Epidemic intelligence subnational data
Italy,Piemonte,ITC1,2020-15,232.486557739961,Epidemic intelligence subnational data
Italy,Piemonte,ITC1,2020-16,222.512575915339,Epidemic intelligence subnational data
Italy,Piemonte,ITC1,2020-17,167.493308733938,Epidemic intelligence subnational data
Italy,Piemonte,ITC1,2020-18,134.973488924357,Epidemic intelligence subnational data
Italy,Piemonte,ITC1,2020-19,77.1475896481203,Epidemic intelligence subnational data
Italy,Piemonte,ITC1,2020-20,42.7953406195977,Epidemic intelligence subnational data
Italy,Piemonte,ITC1,2020-21,35.6743815029492,Epidemic intelligence subnational data
Italy,Piemonte,ITC1,2020-22,25.4220559995008,Epidemic intelligence subnational data
Italy,Piemonte,ITC1,2020-23,13.3604965836793,Epidemic intelligence subnational data
Italy,Piemonte,ITC1,2020-24,8.69823996333286,Epidemic intelligence subnational data
Italy,Piemonte,ITC1,2020-25,8.4430915910751,Epidemic intelligence subnational data
Italy,Piemonte,ITC1,2020-26,6.0075844013419,Epidemic intelligence subnational data
Italy,Piemonte,ITC1,2020-27,4.17515518239977,Epidemic intelligence subnational data
Italy,Piemonte,ITC1,2020-28,3.66485843788425,Epidemic intelligence subnational data
Italy,Piemonte,ITC1,2020-29,2.57467902914653,Epidemic intelligence subnational data
Italy,Piemonte,ITC1,2020-30,2.66746025542208,Epidemic intelligence subnational data
Italy,Piemonte,ITC1,2020-31,4.03598334298645,Epidemic intelligence subnational data
Italy,Piemonte,ITC1,2020-32,6.77302951811519,Epidemic intelligence subnational data
Italy,Piemonte,ITC1,2020-33,9.46368508010615,Epidemic intelligence subnational data
Italy,Piemonte,ITC1,2020-34,12.2007312552349,Epidemic intelligence subnational data
Italy,Piemonte,ITC1,2020-35,18.4634640288346,Epidemic intelligence subnational data
Italy,Piemonte,ITC1,2020-36,20.7597993791544,Epidemic intelligence subnational data
Italy,Piemonte,ITC1,2020-37,21.5716351090655,Epidemic intelligence subnational data
Italy,Piemonte,ITC1,2020-38,26.5586260213763,Epidemic intelligence subnational data
Italy,Piemonte,ITC1,2020-39,31.986327758496,Epidemic intelligence subnational data
Italy,Piemonte,ITC1,2020-40,48.501386035544,Epidemic intelligence subnational data
Italy,Piemonte,ITC1,2020-41,99.9717713119057,Epidemic intelligence subnational data
Italy,Piemonte,ITC1,2020-42,226.107848433517,Epidemic intelligence subnational data
Italy,Piemonte,ITC1,2020-43,465.668974676988,Epidemic intelligence subnational data
Italy,Piemonte,ITC1,2020-44,657.447769388551,Epidemic intelligence subnational data
Italy,Piemonte,ITC1,2020-45,951.865795667442,Epidemic intelligence subnational data
Italy,Piemonte,ITC1,2020-46,1258.99484994608,Epidemic intelligence subnational data
Italy,Piemonte,ITC1,2020-47,1174.84227771416,Epidemic intelligence subnational data
Italy,Piemonte,ITC1,2020-48,894.75895089484,Epidemic intelligence subnational data
Italy,Piemonte,ITC1,2020-49,635.412228148108,Epidemic intelligence subnational data
Italy,Piemonte,ITC1,2020-50,430.272936852865,Epidemic intelligence subnational data
Italy,Piemonte,ITC1,2020-51,261.387909724795,Epidemic intelligence subnational data
Italy,Piemonte,ITC1,2020-52,197.368863594665,Epidemic intelligence subnational data
Italy,Piemonte,ITC1,2020-53,244.432140622938,Epidemic intelligence subnational data
Italy,Piemonte,ITC1,2021-01,301.446204169264,Epidemic intelligence subnational data
Italy,Piemonte,ITC1,2021-02,294.325245052615,Epidemic intelligence subnational data
Italy,Piemonte,ITC1,2021-03,248.328952126511,Epidemic intelligence subnational data
Italy,Piemonte,ITC1,2021-04,241.602313221534,Epidemic intelligence subnational data
Italy,Piemonte,ITC1,2021-05,243.202789374787,Epidemic intelligence subnational data
Italy,Piemonte,ITC1,2021-06,237.357572119427,Epidemic intelligence subnational data
Italy,Piemonte,ITC1,2021-07,251.112388914777,Epidemic intelligence subnational data
Italy,Piemonte,ITC1,2021-08,335.056203387582,Epidemic intelligence subnational data
Italy,Piemonte,ITC1,2021-09,483.5525560416,Epidemic intelligence subnational data
Italy,Piemonte,ITC1,2021-10,624.695996513282,Epidemic intelligence subnational data
Italy,Piemonte,ITC1,2021-11,695.650439307509,Epidemic intelligence subnational data
Italy,Piemonte,ITC1,2021-12,693.53966640974,Epidemic intelligence subnational data
Italy,Piemonte,ITC1,2021-13,643.345022994667,Epidemic intelligence subnational data
Italy,Piemonte,ITC1,2021-14,512.407517413297,Epidemic intelligence subnational data
Italy,Piemonte,ITC1,2021-15,378.385036058264,Epidemic intelligence subnational data
Italy,Piemonte,ITC1,2021-16,329.535720424187,Epidemic intelligence subnational data
Italy,Piemonte,ITC1,2021-17,297.943712877362,Epidemic intelligence subnational data
Italy,Piemonte,ITC1,2021-18,253.107185279702,Epidemic intelligence subnational data
Italy,Piemonte,ITC1,2021-19,201.729581229616,Epidemic intelligence subnational data
Italy,Piemonte,ITC1,2021-20,144.599541150445,Epidemic intelligence subnational data
Italy,Piemonte,ITC1,2021-21,98.7424200637546,Epidemic intelligence subnational data
Italy,Piemonte,ITC1,2021-22,68.1014200862541,Epidemic intelligence subnational data
Italy,Piemonte,ITC1,2021-23,45.4396055684509,Epidemic intelligence subnational data
Italy,Piemonte,ITC1,2021-24,25.8163762111719,Epidemic intelligence subnational data
Italy,Piemonte,ITC1,2021-25,14.6130431383992,Epidemic intelligence subnational data
Italy,Piemonte,ITC1,2021-26,10.321911423155,Epidemic intelligence subnational data
Italy,Piemonte,ITC1,2021-27,10.2987161165861,Epidemic intelligence subnational data
Italy,Piemonte,ITC1,2021-28,16.8861831821502,Epidemic intelligence subnational data
Italy,Piemonte,ITC1,2021-29,31.2672732548605,Epidemic intelligence subnational data
Italy,Piemonte,ITC1,2021-30,50.7049401595883,Epidemic intelligence subnational data
Italy,Piemonte,ITC1,2021-31,65.2483973782809,Epidemic intelligence subnational data
Italy,Piemonte,ITC1,2021-32,73.5059265168049,Epidemic intelligence subnational data
Italy,Piemonte,ITC1,2021-33,74.0394185678893,Epidemic intelligence subnational data
Italy,Piemonte,ITC1,2021-34,72.9492391591516,Epidemic intelligence subnational data
Italy,Piemonte,ITC1,2021-35,74.7120824583871,Epidemic intelligence subnational data
Italy,Piemonte,ITC1,2021-36,72.3461611883605,Epidemic intelligence subnational data
Italy,Piemonte,ITC1,2021-37,72.3461611883605,Epidemic intelligence subnational data
Italy,Piemonte,ITC1,2021-38,70.2817789037295,Epidemic intelligence subnational data
Italy,Piemonte,ITC1,2021-39,60.47016422509,Epidemic intelligence subnational data
Italy,Piemonte,ITC1,2021-40,52.1894397799972,Epidemic intelligence subnational data
Italy,Piemonte,ITC1,2021-41,53.0012755099082,Epidemic intelligence subnational data
Italy,Piemonte,ITC1,2021-42,64.6453194074898,Epidemic intelligence subnational data
Italy,Piemonte,ITC1,2021-43,73.3667546773916,Epidemic intelligence subnational data
Italy,Piemonte,ITC1,2021-44,85.3587281735065,Epidemic intelligence subnational data
Italy,Piemonte,ITC1,2021-45,111.383862143798,Epidemic intelligence subnational data
Italy,Piemonte,ITC1,2021-46,147.359782632143,Epidemic intelligence subnational data
Italy,Piemonte,ITC1,2021-47,196.20909826622,Epidemic intelligence subnational data
Italy,Piemonte,ITC1,2021-48,275.305093666127,Epidemic intelligence subnational data
Italy,Piemonte,ITC1,2021-49,385.621971707757,Epidemic intelligence subnational data
Italy,Piemonte,ITC1,2021-50,544.23147802581,Epidemic intelligence subnational data
Italy,Piemonte,ITC1,2021-51,909.441579952946,Epidemic intelligence subnational data
Italy,Piemonte,ITC1,2021-52,1869.14738924067,Epidemic intelligence subnational data
Italy,Piemonte,ITC1,2022-01,3512.88278924489,Epidemic intelligence subnational data
Italy,Piemonte,ITC1,2022-02,4501.07243499921,Epidemic intelligence subnational data
Italy,Piemonte,ITC1,2022-03,4436.86782641653,Epidemic intelligence subnational data
Italy,Piemonte,ITC1,2022-04,3952.2946768859,Epidemic intelligence subnational data
Italy,"Valle D'aosta
Vallee D'aoste",ITC2,2020-13,,Epidemic intelligence subnational data
Italy,"Valle D'aosta
Vallee D'aoste",ITC2,2020-14,299.118639729993,Epidemic intelligence subnational data
Italy,"Valle D'aosta
Vallee D'aoste",ITC2,2020-15,299.118639729993,Epidemic intelligence subnational data
Italy,"Valle D'aosta
Vallee D'aoste",ITC2,2020-16,248.732344802214,Epidemic intelligence subnational data
Italy,"Valle D'aosta
Vallee D'aoste",ITC2,2020-17,128.764975926548,Epidemic intelligence subnational data
Italy,"Valle D'aosta
Vallee D'aoste",ITC2,2020-18,39.9891229585553,Epidemic intelligence subnational data
Italy,"Valle D'aosta
Vallee D'aoste",ITC2,2020-19,31.1915159076731,Epidemic intelligence subnational data
Italy,"Valle D'aosta
Vallee D'aoste",ITC2,2020-20,24.7932562343043,Epidemic intelligence subnational data
Italy,"Valle D'aosta
Vallee D'aoste",ITC2,2020-21,18.3949965609354,Epidemic intelligence subnational data
Italy,"Valle D'aosta
Vallee D'aoste",ITC2,2020-22,10.3971719692244,Epidemic intelligence subnational data
Italy,"Valle D'aosta
Vallee D'aoste",ITC2,2020-23,7.99782459171106,Epidemic intelligence subnational data
Italy,"Valle D'aosta
Vallee D'aoste",ITC2,2020-24,3.19912983668442,Epidemic intelligence subnational data
Italy,"Valle D'aosta
Vallee D'aoste",ITC2,2020-25,1.59956491834221,Epidemic intelligence subnational data
Italy,"Valle D'aosta
Vallee D'aoste",ITC2,2020-26,3.19912983668442,Epidemic intelligence subnational data
Italy,"Valle D'aosta
Vallee D'aoste",ITC2,2020-27,2.39934737751332,Epidemic intelligence subnational data
Italy,"Valle D'aosta
Vallee D'aoste",ITC2,2020-28,0.799782459171106,Epidemic intelligence subnational data
Italy,"Valle D'aosta
Vallee D'aoste",ITC2,2020-29,0,Epidemic intelligence subnational data
Italy,"Valle D'aosta
Vallee D'aoste",ITC2,2020-30,7.99782459171106,Epidemic intelligence subnational data
Italy,"Valle D'aosta
Vallee D'aoste",ITC2,2020-31,10.3971719692244,Epidemic intelligence subnational data
Italy,"Valle D'aosta
Vallee D'aoste",ITC2,2020-32,8.79760705088216,Epidemic intelligence subnational data
Italy,"Valle D'aosta
Vallee D'aoste",ITC2,2020-33,7.19804213253995,Epidemic intelligence subnational data
Italy,"Valle D'aosta
Vallee D'aoste",ITC2,2020-34,4.79869475502663,Epidemic intelligence subnational data
Italy,"Valle D'aosta
Vallee D'aoste",ITC2,2020-35,18.3949965609354,Epidemic intelligence subnational data
Italy,"Valle D'aosta
Vallee D'aoste",ITC2,2020-36,24.7932562343043,Epidemic intelligence subnational data
Italy,"Valle D'aosta
Vallee D'aoste",ITC2,2020-37,19.9945614792776,Epidemic intelligence subnational data
Italy,"Valle D'aosta
Vallee D'aoste",ITC2,2020-38,22.393908856791,Epidemic intelligence subnational data
Italy,"Valle D'aosta
Vallee D'aoste",ITC2,2020-39,33.5908632851864,Epidemic intelligence subnational data
Italy,"Valle D'aosta
Vallee D'aoste",ITC2,2020-40,55.1849896828063,Epidemic intelligence subnational data
Italy,"Valle D'aosta
Vallee D'aoste",ITC2,2020-41,176.751923476814,Epidemic intelligence subnational data
Italy,"Valle D'aosta
Vallee D'aoste",ITC2,2020-42,535.854247644641,Epidemic intelligence subnational data
Italy,"Valle D'aosta
Vallee D'aoste",ITC2,2020-43,957.339603627813,Epidemic intelligence subnational data
Italy,"Valle D'aosta
Vallee D'aoste",ITC2,2020-44,1180.47890973655,Epidemic intelligence subnational data
Italy,"Valle D'aosta
Vallee D'aoste",ITC2,2020-45,1287.64975926548,Epidemic intelligence subnational data
Italy,"Valle D'aosta
Vallee D'aoste",ITC2,2020-46,1477.9979845482,Epidemic intelligence subnational data
Italy,"Valle D'aosta
Vallee D'aoste",ITC2,2020-47,1410.01647551866,Epidemic intelligence subnational data
Italy,"Valle D'aosta
Vallee D'aoste",ITC2,2020-48,931.746564934338,Epidemic intelligence subnational data
Italy,"Valle D'aosta
Vallee D'aoste",ITC2,2020-49,519.058816002048,Epidemic intelligence subnational data
Italy,"Valle D'aosta
Vallee D'aoste",ITC2,2020-50,299.918422189165,Epidemic intelligence subnational data
Italy,"Valle D'aosta
Vallee D'aoste",ITC2,2020-51,233.536478077963,Epidemic intelligence subnational data
Italy,"Valle D'aosta
Vallee D'aoste",ITC2,2020-52,285.522337924085,Epidemic intelligence subnational data
Italy,"Valle D'aosta
Vallee D'aoste",ITC2,2020-53,255.130604475583,Epidemic intelligence subnational data
Italy,"Valle D'aosta
Vallee D'aoste",ITC2,2021-01,231.936913159621,Epidemic intelligence subnational data
Italy,"Valle D'aosta
Vallee D'aoste",ITC2,2021-02,232.736695618792,Epidemic intelligence subnational data
Italy,"Valle D'aosta
Vallee D'aoste",ITC2,2021-03,170.353663803446,Epidemic intelligence subnational data
Italy,"Valle D'aosta
Vallee D'aoste",ITC2,2021-04,119.967368875666,Epidemic intelligence subnational data
Italy,"Valle D'aosta
Vallee D'aoste",ITC2,2021-05,88.7758529679927,Epidemic intelligence subnational data
Italy,"Valle D'aosta
Vallee D'aoste",ITC2,2021-06,94.3743301821905,Epidemic intelligence subnational data
Italy,"Valle D'aosta
Vallee D'aoste",ITC2,2021-07,97.5734600188749,Epidemic intelligence subnational data
Italy,"Valle D'aosta
Vallee D'aoste",ITC2,2021-08,111.169761824784,Epidemic intelligence subnational data
Italy,"Valle D'aosta
Vallee D'aoste",ITC2,2021-09,138.362365436601,Epidemic intelligence subnational data
Italy,"Valle D'aosta
Vallee D'aoste",ITC2,2021-10,227.138218404594,Epidemic intelligence subnational data
Italy,"Valle D'aosta
Vallee D'aoste",ITC2,2021-11,403.090359422237,Epidemic intelligence subnational data
Italy,"Valle D'aosta
Vallee D'aoste",ITC2,2021-12,608.634451429211,Epidemic intelligence subnational data
Italy,"Valle D'aosta
Vallee D'aoste",ITC2,2021-13,852.568101476398,Epidemic intelligence subnational data
Italy,"Valle D'aosta
Vallee D'aoste",ITC2,2021-14,787.785722283539,Epidemic intelligence subnational data
Italy,"Valle D'aosta
Vallee D'aoste",ITC2,2021-15,569.445110929827,Epidemic intelligence subnational data
Italy,"Valle D'aosta
Vallee D'aoste",ITC2,2021-16,527.056640593759,Epidemic intelligence subnational data
Italy,"Valle D'aosta
Vallee D'aoste",ITC2,2021-17,486.267735176032,Epidemic intelligence subnational data
Italy,"Valle D'aosta
Vallee D'aoste",ITC2,2021-18,391.893404993842,Epidemic intelligence subnational data
Italy,"Valle D'aosta
Vallee D'aoste",ITC2,2021-19,281.523425628229,Epidemic intelligence subnational data
Italy,"Valle D'aosta
Vallee D'aoste",ITC2,2021-20,214.341699057856,Epidemic intelligence subnational data
Italy,"Valle D'aosta
Vallee D'aoste",ITC2,2021-21,159.956491834221,Epidemic intelligence subnational data
Italy,"Valle D'aosta
Vallee D'aoste",ITC2,2021-22,99.9728073963882,Epidemic intelligence subnational data
Italy,"Valle D'aosta
Vallee D'aoste",ITC2,2021-23,51.9858598461219,Epidemic intelligence subnational data
Italy,"Valle D'aosta
Vallee D'aoste",ITC2,2021-24,35.9902106626998,Epidemic intelligence subnational data
Italy,"Valle D'aosta
Vallee D'aoste",ITC2,2021-25,21.5941263976199,Epidemic intelligence subnational data
Italy,"Valle D'aosta
Vallee D'aoste",ITC2,2021-26,17.5952141017643,Epidemic intelligence subnational data
Italy,"Valle D'aosta
Vallee D'aoste",ITC2,2021-27,13.5963018059088,Epidemic intelligence subnational data
Italy,"Valle D'aosta
Vallee D'aoste",ITC2,2021-28,12.7965193467377,Epidemic intelligence subnational data
Italy,"Valle D'aosta
Vallee D'aoste",ITC2,2021-29,32.7910808260153,Epidemic intelligence subnational data
Italy,"Valle D'aosta
Vallee D'aoste",ITC2,2021-30,45.587600172753,Epidemic intelligence subnational data
Italy,"Valle D'aosta
Vallee D'aoste",ITC2,2021-31,87.1762880496505,Epidemic intelligence subnational data
Italy,"Valle D'aosta
Vallee D'aoste",ITC2,2021-32,110.369979365613,Epidemic intelligence subnational data
Italy,"Valle D'aosta
Vallee D'aoste",ITC2,2021-33,103.971719692244,Epidemic intelligence subnational data
Italy,"Valle D'aosta
Vallee D'aoste",ITC2,2021-34,83.9771582129661,Epidemic intelligence subnational data
Italy,"Valle D'aosta
Vallee D'aoste",ITC2,2021-35,41.5886878768975,Epidemic intelligence subnational data
Italy,"Valle D'aosta
Vallee D'aoste",ITC2,2021-36,33.5908632851864,Epidemic intelligence subnational data
Italy,"Valle D'aosta
Vallee D'aoste",ITC2,2021-37,39.1893404993842,Epidemic intelligence subnational data
Italy,"Valle D'aosta
Vallee D'aoste",ITC2,2021-38,44.7878177135819,Epidemic intelligence subnational data
Italy,"Valle D'aosta
Vallee D'aoste",ITC2,2021-39,60.783466897004,Epidemic intelligence subnational data
Italy,"Valle D'aosta
Vallee D'aoste",ITC2,2021-40,77.5788985395972,Epidemic intelligence subnational data
Italy,"Valle D'aosta
Vallee D'aoste",ITC2,2021-41,71.1806388662284,Epidemic intelligence subnational data
Italy,"Valle D'aosta
Vallee D'aoste",ITC2,2021-42,55.9847721419774,Epidemic intelligence subnational data
Italy,"Valle D'aosta
Vallee D'aoste",ITC2,2021-43,49.5865124686085,Epidemic intelligence subnational data
Italy,"Valle D'aosta
Vallee D'aoste",ITC2,2021-44,61.5832493561751,Epidemic intelligence subnational data
Italy,"Valle D'aosta
Vallee D'aoste",ITC2,2021-45,127.165411008206,Epidemic intelligence subnational data
Italy,"Valle D'aosta
Vallee D'aoste",ITC2,2021-46,317.513636290929,Epidemic intelligence subnational data
Italy,"Valle D'aosta
Vallee D'aoste",ITC2,2021-47,507.861861573652,Epidemic intelligence subnational data
Italy,"Valle D'aosta
Vallee D'aoste",ITC2,2021-48,595.038149623303,Epidemic intelligence subnational data
Italy,"Valle D'aosta
Vallee D'aoste",ITC2,2021-49,589.439672409105,Epidemic intelligence subnational data
Italy,"Valle D'aosta
Vallee D'aoste",ITC2,2021-50,657.421181438649,Epidemic intelligence subnational data
Italy,"Valle D'aosta
Vallee D'aoste",ITC2,2021-51,978.133947566262,Epidemic intelligence subnational data
Italy,"Valle D'aosta
Vallee D'aoste",ITC2,2021-52,2135.41916598685,Epidemic intelligence subnational data
Italy,"Valle D'aosta
Vallee D'aoste",ITC2,2022-01,4422.79699921621,Epidemic intelligence subnational data
Italy,"Valle D'aosta
Vallee D'aoste",ITC2,2022-02,5705.64806372667,Epidemic intelligence subnational data
Italy,"Valle D'aosta
Vallee D'aoste",ITC2,2022-03,5151.39881952109,Epidemic intelligence subnational data
Italy,"Valle D'aosta
Vallee D'aoste",ITC2,2022-04,3995.71316601884,Epidemic intelligence subnational data
Italy,Liguria,ITC3,2020-13,,Epidemic intelligence subnational data
Italy,Liguria,ITC3,2020-14,123.423918532344,Epidemic intelligence subnational data
Italy,Liguria,ITC3,2020-15,187.562384167112,Epidemic intelligence subnational data
Italy,Liguria,ITC3,2020-16,151.820601170232,Epidemic intelligence subnational data
Italy,Liguria,ITC3,2020-17,120.407180884901,Epidemic intelligence subnational data
Italy,Liguria,ITC3,2020-18,112.209524234241,Epidemic intelligence subnational data
Italy,Liguria,ITC3,2020-19,69.5161283976008,Epidemic intelligence subnational data
Italy,Liguria,ITC3,2020-20,46.9561772949832,Epidemic intelligence subnational data
Italy,Liguria,ITC3,2020-21,47.0873398013937,Epidemic intelligence subnational data
Italy,Liguria,ITC3,2020-22,35.6106204904691,Epidemic intelligence subnational data
Italy,Liguria,ITC3,2020-23,18.6250759103006,Epidemic intelligence subnational data
Italy,Liguria,ITC3,2020-24,10.2962567532296,Epidemic intelligence subnational data
Italy,Liguria,ITC3,2020-25,6.88603158655479,Epidemic intelligence subnational data
Italy,Liguria,ITC3,2020-26,5.6399877756544,Epidemic intelligence subnational data
Italy,Liguria,ITC3,2020-27,4.19720020513816,Epidemic intelligence subnational data
Italy,Liguria,ITC3,2020-28,4.00045644552231,Epidemic intelligence subnational data
Italy,Liguria,ITC3,2020-29,7.47626286540235,Epidemic intelligence subnational data
Italy,Liguria,ITC3,2020-30,9.11579419553444,Epidemic intelligence subnational data
Italy,Liguria,ITC3,2020-31,8.26323790386575,Epidemic intelligence subnational data
Italy,Liguria,ITC3,2020-32,8.32881915707104,Epidemic intelligence subnational data
Italy,Liguria,ITC3,2020-33,16.9199633269632,Epidemic intelligence subnational data
Italy,Liguria,ITC3,2020-34,24.8552949648025,Epidemic intelligence subnational data
Italy,Liguria,ITC3,2020-35,30.7576077532781,Epidemic intelligence subnational data
Italy,Liguria,ITC3,2020-36,48.0054773462677,Epidemic intelligence subnational data
Italy,Liguria,ITC3,2020-37,71.3524034873487,Epidemic intelligence subnational data
Italy,Liguria,ITC3,2020-38,81.7142414937836,Epidemic intelligence subnational data
Italy,Liguria,ITC3,2020-39,80.4026164296779,Epidemic intelligence subnational data
Italy,Liguria,ITC3,2020-40,97.3881610098464,Epidemic intelligence subnational data
Italy,Liguria,ITC3,2020-41,171.691720891433,Epidemic intelligence subnational data
Italy,Liguria,ITC3,2020-42,340.95693541427,Epidemic intelligence subnational data
Italy,Liguria,ITC3,2020-43,570.228996619942,Epidemic intelligence subnational data
Italy,Liguria,ITC3,2020-44,695.030121469597,Epidemic intelligence subnational data
Italy,Liguria,ITC3,2020-45,811.305683402565,Epidemic intelligence subnational data
Italy,Liguria,ITC3,2020-46,904.955712979711,Epidemic intelligence subnational data
Italy,Liguria,ITC3,2020-47,750.511861681267,Epidemic intelligence subnational data
Italy,Liguria,ITC3,2020-48,520.846312956364,Epidemic intelligence subnational data
Italy,Liguria,ITC3,2020-49,360.368986363034,Epidemic intelligence subnational data
Italy,Liguria,ITC3,2020-50,272.621269574364,Epidemic intelligence subnational data
Italy,Liguria,ITC3,2020-51,252.291081080727,Epidemic intelligence subnational data
Italy,Liguria,ITC3,2020-52,225.337186013355,Epidemic intelligence subnational data
Italy,Liguria,ITC3,2020-53,246.257605785841,Epidemic intelligence subnational data
Italy,Liguria,ITC3,2021-01,309.740258888555,Epidemic intelligence subnational data
Italy,Liguria,ITC3,2021-02,296.230520728267,Epidemic intelligence subnational data
Italy,Liguria,ITC3,2021-03,252.946893612779,Epidemic intelligence subnational data
Italy,Liguria,ITC3,2021-04,248.618530901231,Epidemic intelligence subnational data
Italy,Liguria,ITC3,2021-05,269.670113180127,Epidemic intelligence subnational data
Italy,Liguria,ITC3,2021-06,274.916613436549,Epidemic intelligence subnational data
Italy,Liguria,ITC3,2021-07,258.455718882023,Epidemic intelligence subnational data
Italy,Liguria,ITC3,2021-08,280.556601212204,Epidemic intelligence subnational data
Italy,Liguria,ITC3,2021-09,308.55979633086,Epidemic intelligence subnational data
Italy,Liguria,ITC3,2021-10,301.6081834911,Epidemic intelligence subnational data
Italy,Liguria,ITC3,2021-11,315.970477943057,Epidemic intelligence subnational data
Italy,Liguria,ITC3,2021-12,365.025255340609,Epidemic intelligence subnational data
Italy,Liguria,ITC3,2021-13,416.244214093936,Epidemic intelligence subnational data
Italy,Liguria,ITC3,2021-14,379.453131045772,Epidemic intelligence subnational data
Italy,Liguria,ITC3,2021-15,302.395158529563,Epidemic intelligence subnational data
Italy,Liguria,ITC3,2021-16,269.932438192948,Epidemic intelligence subnational data
Italy,Liguria,ITC3,2021-17,234.846467728121,Epidemic intelligence subnational data
Italy,Liguria,ITC3,2021-18,178.840077490809,Epidemic intelligence subnational data
Italy,Liguria,ITC3,2021-19,122.046712215033,Epidemic intelligence subnational data
Italy,Liguria,ITC3,2021-20,83.7472603431474,Epidemic intelligence subnational data
Italy,Liguria,ITC3,2021-21,60.8594029745033,Epidemic intelligence subnational data
Italy,Liguria,ITC3,2021-22,38.2338706186804,Epidemic intelligence subnational data
Italy,Liguria,ITC3,2021-23,19.3464696955587,Epidemic intelligence subnational data
Italy,Liguria,ITC3,2021-24,14.2967131987519,Epidemic intelligence subnational data
Italy,Liguria,ITC3,2021-25,22.9534386218493,Epidemic intelligence subnational data
Italy,Liguria,ITC3,2021-26,21.3139072917172,Epidemic intelligence subnational data
Italy,Liguria,ITC3,2021-27,13.0506693878515,Epidemic intelligence subnational data
Italy,Liguria,ITC3,2021-28,28.5934263975037,Epidemic intelligence subnational data
Italy,Liguria,ITC3,2021-29,68.5979908527268,Epidemic intelligence subnational data
Italy,Liguria,ITC3,2021-30,103.618380064348,Epidemic intelligence subnational data
Italy,Liguria,ITC3,2021-31,118.767649554769,Epidemic intelligence subnational data
Italy,Liguria,ITC3,2021-32,132.146225208647,Epidemic intelligence subnational data
Italy,Liguria,ITC3,2021-33,140.147138099691,Epidemic intelligence subnational data
Italy,Liguria,ITC3,2021-34,142.311319455466,Epidemic intelligence subnational data
Italy,Liguria,ITC3,2021-35,129.45739382723,Epidemic intelligence subnational data
Italy,Liguria,ITC3,2021-36,110.504411650903,Epidemic intelligence subnational data
Italy,Liguria,ITC3,2021-37,92.6663107790659,Epidemic intelligence subnational data
Italy,Liguria,ITC3,2021-38,70.49984719568,Epidemic intelligence subnational data
Italy,Liguria,ITC3,2021-39,63.4170718495094,Epidemic intelligence subnational data
Italy,Liguria,ITC3,2021-40,60.7282404680928,Epidemic intelligence subnational data
Italy,Liguria,ITC3,2021-41,55.3505777052595,Epidemic intelligence subnational data
Italy,Liguria,ITC3,2021-42,59.4821966571924,Epidemic intelligence subnational data
Italy,Liguria,ITC3,2021-43,77.648203795056,Epidemic intelligence subnational data
Italy,Liguria,ITC3,2021-44,91.6825919809867,Epidemic intelligence subnational data
Italy,Liguria,ITC3,2021-45,163.625226747183,Epidemic intelligence subnational data
Italy,Liguria,ITC3,2021-46,245.470630747377,Epidemic intelligence subnational data
Italy,Liguria,ITC3,2021-47,297.542145792372,Epidemic intelligence subnational data
Italy,Liguria,ITC3,2021-48,388.962412760538,Epidemic intelligence subnational data
Italy,Liguria,ITC3,2021-49,464.184110186998,Epidemic intelligence subnational data
Italy,Liguria,ITC3,2021-50,627.284686908539,Epidemic intelligence subnational data
Italy,Liguria,ITC3,2021-51,851.769316630225,Epidemic intelligence subnational data
Italy,Liguria,ITC3,2021-52,1223.54944105098,Epidemic intelligence subnational data
Italy,Liguria,ITC3,2022-01,2794.87626784958,Epidemic intelligence subnational data
Italy,Liguria,ITC3,2022-02,4605.70583135387,Epidemic intelligence subnational data
Italy,Liguria,ITC3,2022-03,5222.36635524316,Epidemic intelligence subnational data
Italy,Liguria,ITC3,2022-04,4788.80869030302,Epidemic intelligence subnational data
Italy,Lombardia,ITC4,2020-13,,Epidemic intelligence subnational data
Italy,Lombardia,ITC4,2020-14,155.231529931084,Epidemic intelligence subnational data
Italy,Lombardia,ITC4,2020-15,210.877934724573,Epidemic intelligence subnational data
Italy,Lombardia,ITC4,2020-16,174.27895522778,Epidemic intelligence subnational data
Italy,Lombardia,ITC4,2020-17,121.614320153512,Epidemic intelligence subnational data
Italy,Lombardia,ITC4,2020-18,106.446187233997,Epidemic intelligence subnational data
Italy,Lombardia,ITC4,2020-19,75.0229217314369,Epidemic intelligence subnational data
Italy,Lombardia,ITC4,2020-20,63.9634480905804,Epidemic intelligence subnational data
Italy,Lombardia,ITC4,2020-21,55.3073406782599,Epidemic intelligence subnational data
Italy,Lombardia,ITC4,2020-22,41.7447760690941,Epidemic intelligence subnational data
Italy,Lombardia,ITC4,2020-23,31.5529076642651,Epidemic intelligence subnational data
Italy,Lombardia,ITC4,2020-24,28.4714132052708,Epidemic intelligence subnational data
Italy,Lombardia,ITC4,2020-25,25.8486525492336,Epidemic intelligence subnational data
Italy,Lombardia,ITC4,2020-26,18.3593245922604,Epidemic intelligence subnational data
Italy,Lombardia,ITC4,2020-27,14.0312708861002,Epidemic intelligence subnational data
Italy,Lombardia,ITC4,2020-28,12.6849868991609,Epidemic intelligence subnational data
Italy,Lombardia,ITC4,2020-29,9.99241892528244,Epidemic intelligence subnational data
Italy,Lombardia,ITC4,2020-30,8.3270157710687,Epidemic intelligence subnational data
Italy,Lombardia,ITC4,2020-31,7.9680067078849,Epidemic intelligence subnational data
Italy,Lombardia,ITC4,2020-32,9.41401543459742,Epidemic intelligence subnational data
Italy,Lombardia,ITC4,2020-33,10.8899415832419,Epidemic intelligence subnational data
Italy,Lombardia,ITC4,2020-34,15.8861510458832,Epidemic intelligence subnational data
Italy,Lombardia,ITC4,2020-35,28.3617159915202,Epidemic intelligence subnational data
Italy,Lombardia,ITC4,2020-36,35.3025578797403,Epidemic intelligence subnational data
Italy,Lombardia,ITC4,2020-37,33.1385310266602,Epidemic intelligence subnational data
Italy,Lombardia,ITC4,2020-38,29.3689358632303,Epidemic intelligence subnational data
Italy,Lombardia,ITC4,2020-39,28.780559898568,Epidemic intelligence subnational data
Italy,Lombardia,ITC4,2020-40,36.2599153815638,Epidemic intelligence subnational data
Italy,Lombardia,ITC4,2020-41,82.5122496884101,Epidemic intelligence subnational data
Italy,Lombardia,ITC4,2020-42,217.529574867451,Epidemic intelligence subnational data
Italy,Lombardia,ITC4,2020-43,480.354126539925,Epidemic intelligence subnational data
Italy,Lombardia,ITC4,2020-44,789.321315305494,Epidemic intelligence subnational data
Italy,Lombardia,ITC4,2020-45,1022.80684853667,Epidemic intelligence subnational data
Italy,Lombardia,ITC4,2020-46,1149.61682763237,Epidemic intelligence subnational data
Italy,Lombardia,ITC4,2020-47,1110.61448190704,Epidemic intelligence subnational data
Italy,Lombardia,ITC4,2020-48,826.548560662858,Epidemic intelligence subnational data
Italy,Lombardia,ITC4,2020-49,536.239870708869,Epidemic intelligence subnational data
Italy,Lombardia,ITC4,2020-50,367.1466019493,Epidemic intelligence subnational data
Italy,Lombardia,ITC4,2020-51,294.158064909238,Epidemic intelligence subnational data
Italy,Lombardia,ITC4,2020-52,278.441445920969,Epidemic intelligence subnational data
Italy,Lombardia,ITC4,2020-53,256.94079202585,Epidemic intelligence subnational data
Italy,Lombardia,ITC4,2021-01,296.361981658227,Epidemic intelligence subnational data
Italy,Lombardia,ITC4,2021-02,293.410129360938,Epidemic intelligence subnational data
Italy,Lombardia,ITC4,2021-03,244.445282132259,Epidemic intelligence subnational data
Italy,Lombardia,ITC4,2021-04,237.265100868583,Epidemic intelligence subnational data
Italy,Lombardia,ITC4,2021-05,235.569780292437,Epidemic intelligence subnational data
Italy,Lombardia,ITC4,2021-06,248.075262660006,Epidemic intelligence subnational data
Italy,Lombardia,ITC4,2021-07,303.073456644969,Epidemic intelligence subnational data
Italy,Lombardia,ITC4,2021-08,410.796120548063,Epidemic intelligence subnational data
Italy,Lombardia,ITC4,2021-09,553.542113059533,Epidemic intelligence subnational data
Italy,Lombardia,ITC4,2021-10,638.308141866819,Epidemic intelligence subnational data
Italy,Lombardia,ITC4,2021-11,635.715298632714,Epidemic intelligence subnational data
Italy,Lombardia,ITC4,2021-12,588.844670939274,Epidemic intelligence subnational data
Italy,Lombardia,ITC4,2021-13,522.31829703652,Epidemic intelligence subnational data
Italy,Lombardia,ITC4,2021-14,395.308868461273,Epidemic intelligence subnational data
Italy,Lombardia,ITC4,2021-15,300.749870208251,Epidemic intelligence subnational data
Italy,Lombardia,ITC4,2021-16,283.008839002585,Epidemic intelligence subnational data
Italy,Lombardia,ITC4,2021-17,260.520910183711,Epidemic intelligence subnational data
Italy,Lombardia,ITC4,2021-18,226.454939077159,Epidemic intelligence subnational data
Italy,Lombardia,ITC4,2021-19,174.328817597667,Epidemic intelligence subnational data
Italy,Lombardia,ITC4,2021-20,123.050356406248,Epidemic intelligence subnational data
Italy,Lombardia,ITC4,2021-21,89.2835595190156,Epidemic intelligence subnational data
Italy,Lombardia,ITC4,2021-22,63.7440536630792,Epidemic intelligence subnational data
Italy,Lombardia,ITC4,2021-23,44.4772339388819,Epidemic intelligence subnational data
Italy,Lombardia,ITC4,2021-24,30.3562107869858,Epidemic intelligence subnational data
Italy,Lombardia,ITC4,2021-25,20.1543699081794,Epidemic intelligence subnational data
Italy,Lombardia,ITC4,2021-26,16.4944719585002,Epidemic intelligence subnational data
Italy,Lombardia,ITC4,2021-27,20.4635166014766,Epidemic intelligence subnational data
Italy,Lombardia,ITC4,2021-28,36.6987042365662,Epidemic intelligence subnational data
Italy,Lombardia,ITC4,2021-29,58.2691654495262,Epidemic intelligence subnational data
Italy,Lombardia,ITC4,2021-30,73.656692796543,Epidemic intelligence subnational data
Italy,Lombardia,ITC4,2021-31,87.4286793592327,Epidemic intelligence subnational data
Italy,Lombardia,ITC4,2021-32,85.2447075581979,Epidemic intelligence subnational data
Italy,Lombardia,ITC4,2021-33,70.8245101869819,Epidemic intelligence subnational data
Italy,Lombardia,ITC4,2021-34,69.1192171368588,Epidemic intelligence subnational data
Italy,Lombardia,ITC4,2021-35,74.6040778243891,Epidemic intelligence subnational data
Italy,Lombardia,ITC4,2021-36,75.3819307946207,Epidemic intelligence subnational data
Italy,Lombardia,ITC4,2021-37,69.2688042465188,Epidemic intelligence subnational data
Italy,Lombardia,ITC4,2021-38,60.1340180832865,Epidemic intelligence subnational data
Italy,Lombardia,ITC4,2021-39,51.1687639776688,Epidemic intelligence subnational data
Italy,Lombardia,ITC4,2021-40,43.2207022177386,Epidemic intelligence subnational data
Italy,Lombardia,ITC4,2021-41,39.7801986955605,Epidemic intelligence subnational data
Italy,Lombardia,ITC4,2021-42,45.3747565968414,Epidemic intelligence subnational data
Italy,Lombardia,ITC4,2021-43,58.4386975071408,Epidemic intelligence subnational data
Italy,Lombardia,ITC4,2021-44,76.1597837648523,Epidemic intelligence subnational data
Italy,Lombardia,ITC4,2021-45,111.352644430842,Epidemic intelligence subnational data
Italy,Lombardia,ITC4,2021-46,175.355982417332,Epidemic intelligence subnational data
Italy,Lombardia,ITC4,2021-47,243.188750411115,Epidemic intelligence subnational data
Italy,Lombardia,ITC4,2021-48,303.502273025994,Epidemic intelligence subnational data
Italy,Lombardia,ITC4,2021-49,364.34433676167,Epidemic intelligence subnational data
Italy,Lombardia,ITC4,2021-50,531.911817002709,Epidemic intelligence subnational data
Italy,Lombardia,ITC4,2021-51,1081.08598646017,Epidemic intelligence subnational data
Italy,Lombardia,ITC4,2021-52,2772.77658207815,Epidemic intelligence subnational data
Italy,Lombardia,ITC4,2022-01,4781.95085923833,Epidemic intelligence subnational data
Italy,Lombardia,ITC4,2022-02,5049.53228099799,Epidemic intelligence subnational data
Italy,Lombardia,ITC4,2022-03,4319.73666286317,Epidemic intelligence subnational data
Italy,Lombardia,ITC4,2022-04,3433.064056591,Epidemic intelligence subnational data
Italy,Abruzzo,ITF1,2020-13,,Epidemic intelligence subnational data
Italy,Abruzzo,ITF1,2020-14,58.5034402650507,Epidemic intelligence subnational data
Italy,Abruzzo,ITF1,2020-15,75.8148941876021,Epidemic intelligence subnational data
Italy,Abruzzo,ITF1,2020-16,74.5010784881227,Epidemic intelligence subnational data
Italy,Abruzzo,ITF1,2020-17,48.3020477749758,Epidemic intelligence subnational data
Italy,Abruzzo,ITF1,2020-18,27.6674129655062,Epidemic intelligence subnational data
Italy,Abruzzo,ITF1,2020-19,16.074921499512,Epidemic intelligence subnational data
Italy,Abruzzo,ITF1,2020-20,12.9835904419135,Epidemic intelligence subnational data
Italy,Abruzzo,ITF1,2020-21,9.50584300211524,Epidemic intelligence subnational data
Italy,Abruzzo,ITF1,2020-22,4.32786348063783,Epidemic intelligence subnational data
Italy,Abruzzo,ITF1,2020-23,2.78219795183861,Epidemic intelligence subnational data
Italy,Abruzzo,ITF1,2020-24,2.3957815696388,Epidemic intelligence subnational data
Italy,Abruzzo,ITF1,2020-25,1.23653242303938,Epidemic intelligence subnational data
Italy,Abruzzo,ITF1,2020-26,0.540982935079729,Epidemic intelligence subnational data
Italy,Abruzzo,ITF1,2020-27,2.08664846387896,Epidemic intelligence subnational data
Italy,Abruzzo,ITF1,2020-28,3.16861433403842,Epidemic intelligence subnational data
Italy,Abruzzo,ITF1,2020-29,2.70491467539865,Epidemic intelligence subnational data
Italy,Abruzzo,ITF1,2020-30,3.16861433403842,Epidemic intelligence subnational data
Italy,Abruzzo,ITF1,2020-31,4.4051467570778,Epidemic intelligence subnational data
Italy,Abruzzo,ITF1,2020-32,11.0515085309145,Epidemic intelligence subnational data
Italy,Abruzzo,ITF1,2020-33,13.0608737183535,Epidemic intelligence subnational data
Italy,Abruzzo,ITF1,2020-34,11.5924914659942,Epidemic intelligence subnational data
Italy,Abruzzo,ITF1,2020-35,16.2294880523919,Epidemic intelligence subnational data
Italy,Abruzzo,ITF1,2020-36,19.8618020450701,Epidemic intelligence subnational data
Italy,Abruzzo,ITF1,2020-37,19.6299522157502,Epidemic intelligence subnational data
Italy,Abruzzo,ITF1,2020-38,27.6674129655062,Epidemic intelligence subnational data
Italy,Abruzzo,ITF1,2020-39,28.053829347706,Epidemic intelligence subnational data
Italy,Abruzzo,ITF1,2020-40,29.2130784943054,Epidemic intelligence subnational data
Italy,Abruzzo,ITF1,2020-41,71.3324641540843,Epidemic intelligence subnational data
Italy,Abruzzo,ITF1,2020-42,145.215276430687,Epidemic intelligence subnational data
Italy,Abruzzo,ITF1,2020-43,265.777187677027,Epidemic intelligence subnational data
Italy,Abruzzo,ITF1,2020-44,385.257133053207,Epidemic intelligence subnational data
Italy,Abruzzo,ITF1,2020-45,493.376436792713,Epidemic intelligence subnational data
Italy,Abruzzo,ITF1,2020-46,641.760327557439,Epidemic intelligence subnational data
Italy,Abruzzo,ITF1,2020-47,706.755563043446,Epidemic intelligence subnational data
Italy,Abruzzo,ITF1,2020-48,633.800150084123,Epidemic intelligence subnational data
Italy,Abruzzo,ITF1,2020-49,472.200819048164,Epidemic intelligence subnational data
Italy,Abruzzo,ITF1,2020-50,328.531208146276,Epidemic intelligence subnational data
Italy,Abruzzo,ITF1,2020-51,242.360354915719,Epidemic intelligence subnational data
Italy,Abruzzo,ITF1,2020-52,174.505638201433,Epidemic intelligence subnational data
Italy,Abruzzo,ITF1,2020-53,196.299522157502,Epidemic intelligence subnational data
Italy,Abruzzo,ITF1,2021-01,258.126143309471,Epidemic intelligence subnational data
Italy,Abruzzo,ITF1,2021-02,258.74440952099,Epidemic intelligence subnational data
Italy,Abruzzo,ITF1,2021-03,238.187057987961,Epidemic intelligence subnational data
Italy,Abruzzo,ITF1,2021-04,277.060546037261,Epidemic intelligence subnational data
Italy,Abruzzo,ITF1,2021-05,358.362552852101,Epidemic intelligence subnational data
Italy,Abruzzo,ITF1,2021-06,408.983098920275,Epidemic intelligence subnational data
Italy,Abruzzo,ITF1,2021-07,452.107167173774,Epidemic intelligence subnational data
Italy,Abruzzo,ITF1,2021-08,491.908054540354,Epidemic intelligence subnational data
Italy,Abruzzo,ITF1,2021-09,488.816723482755,Epidemic intelligence subnational data
Italy,Abruzzo,ITF1,2021-10,444.533406082658,Epidemic intelligence subnational data
Italy,Abruzzo,ITF1,2021-11,382.320368548489,Epidemic intelligence subnational data
Italy,Abruzzo,ITF1,2021-12,336.800518725352,Epidemic intelligence subnational data
Italy,Abruzzo,ITF1,2021-13,301.327494839409,Epidemic intelligence subnational data
Italy,Abruzzo,ITF1,2021-14,256.348627951352,Epidemic intelligence subnational data
Italy,Abruzzo,ITF1,2021-15,221.571153553369,Epidemic intelligence subnational data
Italy,Abruzzo,ITF1,2021-16,195.062989734462,Epidemic intelligence subnational data
Italy,Abruzzo,ITF1,2021-17,166.931877110317,Epidemic intelligence subnational data
Italy,Abruzzo,ITF1,2021-18,151.088805440124,Epidemic intelligence subnational data
Italy,Abruzzo,ITF1,2021-19,125.353474385617,Epidemic intelligence subnational data
Italy,Abruzzo,ITF1,2021-20,87.6392354829162,Epidemic intelligence subnational data
Italy,Abruzzo,ITF1,2021-21,60.1263890702899,Epidemic intelligence subnational data
Italy,Abruzzo,ITF1,2021-22,45.2107167173774,Epidemic intelligence subnational data
Italy,Abruzzo,ITF1,2021-23,33.1545255927434,Epidemic intelligence subnational data
Italy,Abruzzo,ITF1,2021-24,25.7353310545071,Epidemic intelligence subnational data
Italy,Abruzzo,ITF1,2021-25,22.6439999969087,Epidemic intelligence subnational data
Italy,Abruzzo,ITF1,2021-26,25.8126143309471,Epidemic intelligence subnational data
Italy,Abruzzo,ITF1,2021-27,30.9133105759845,Epidemic intelligence subnational data
Italy,Abruzzo,ITF1,2021-28,34.8547576744226,Epidemic intelligence subnational data
Italy,Abruzzo,ITF1,2021-29,47.5292150105762,Epidemic intelligence subnational data
Italy,Abruzzo,ITF1,2021-30,66.4636177383667,Epidemic intelligence subnational data
Italy,Abruzzo,ITF1,2021-31,87.2528191007163,Epidemic intelligence subnational data
Italy,Abruzzo,ITF1,2021-32,99.1544436724704,Epidemic intelligence subnational data
Italy,Abruzzo,ITF1,2021-33,109.510402715425,Epidemic intelligence subnational data
Italy,Abruzzo,ITF1,2021-34,111.906184285064,Epidemic intelligence subnational data
Italy,Abruzzo,ITF1,2021-35,97.995194525871,Epidemic intelligence subnational data
Italy,Abruzzo,ITF1,2021-36,93.1263481101534,Epidemic intelligence subnational data
Italy,Abruzzo,ITF1,2021-37,84.7024709781976,Epidemic intelligence subnational data
Italy,Abruzzo,ITF1,2021-38,66.7727508441266,Epidemic intelligence subnational data
Italy,Abruzzo,ITF1,2021-39,53.5573105728932,Epidemic intelligence subnational data
Italy,Abruzzo,ITF1,2021-40,43.5104846356982,Epidemic intelligence subnational data
Italy,Abruzzo,ITF1,2021-41,39.8008873665801,Epidemic intelligence subnational data
Italy,Abruzzo,ITF1,2021-42,57.3441911184513,Epidemic intelligence subnational data
Italy,Abruzzo,ITF1,2021-43,88.025651865116,Epidemic intelligence subnational data
Italy,Abruzzo,ITF1,2021-44,107.887453910186,Epidemic intelligence subnational data
Italy,Abruzzo,ITF1,2021-45,139.18718086837,Epidemic intelligence subnational data
Italy,Abruzzo,ITF1,2021-46,185.325296903027,Epidemic intelligence subnational data
Italy,Abruzzo,ITF1,2021-47,206.114498265377,Epidemic intelligence subnational data
Italy,Abruzzo,ITF1,2021-48,236.641392459162,Epidemic intelligence subnational data
Italy,Abruzzo,ITF1,2021-49,266.859153547187,Epidemic intelligence subnational data
Italy,Abruzzo,ITF1,2021-50,326.753692788157,Epidemic intelligence subnational data
Italy,Abruzzo,ITF1,2021-51,468.491221779046,Epidemic intelligence subnational data
Italy,Abruzzo,ITF1,2021-52,1565.99103050294,Epidemic intelligence subnational data
Italy,Abruzzo,ITF1,2022-01,3547.22510531779,Epidemic intelligence subnational data
Italy,Abruzzo,ITF1,2022-02,4192.15404720926,Epidemic intelligence subnational data
Italy,Abruzzo,ITF1,2022-03,3883.9483407667,Epidemic intelligence subnational data
Italy,Abruzzo,ITF1,2022-04,3652.56221110545,Epidemic intelligence subnational data
Italy,Molise,ITF2,2020-13,,Epidemic intelligence subnational data
Italy,Molise,ITF2,2020-14,40.2640791172517,Epidemic intelligence subnational data
Italy,Molise,ITF2,2020-15,45.2554938838531,Epidemic intelligence subnational data
Italy,Molise,ITF2,2020-16,19.3001370975256,Epidemic intelligence subnational data
Italy,Molise,ITF2,2020-17,11.3138734709633,Epidemic intelligence subnational data
Italy,Molise,ITF2,2020-18,6.32245870436183,Epidemic intelligence subnational data
Italy,Molise,ITF2,2020-19,28.6174446618483,Epidemic intelligence subnational data
Italy,Molise,ITF2,2020-20,40.2640791172517,Epidemic intelligence subnational data
Italy,Molise,ITF2,2020-21,16.3052882375647,Epidemic intelligence subnational data
Italy,Molise,ITF2,2020-22,4.65865378216135,Epidemic intelligence subnational data
Italy,Molise,ITF2,2020-23,1.99656590664058,Epidemic intelligence subnational data
Italy,Molise,ITF2,2020-24,0.998282953320289,Epidemic intelligence subnational data
Italy,Molise,ITF2,2020-25,1.99656590664058,Epidemic intelligence subnational data
Italy,Molise,ITF2,2020-26,1.99656590664058,Epidemic intelligence subnational data
Italy,Molise,ITF2,2020-27,0.332760984440096,Epidemic intelligence subnational data
Italy,Molise,ITF2,2020-28,0.332760984440096,Epidemic intelligence subnational data
Italy,Molise,ITF2,2020-29,0.332760984440096,Epidemic intelligence subnational data
Italy,Molise,ITF2,2020-30,7.65350264212222,Epidemic intelligence subnational data
Italy,Molise,ITF2,2020-31,10.315590517643,Epidemic intelligence subnational data
Italy,Molise,ITF2,2020-32,3.32760984440096,Epidemic intelligence subnational data
Italy,Molise,ITF2,2020-33,6.32245870436183,Epidemic intelligence subnational data
Italy,Molise,ITF2,2020-34,10.6483515020831,Epidemic intelligence subnational data
Italy,Molise,ITF2,2020-35,10.6483515020831,Epidemic intelligence subnational data
Italy,Molise,ITF2,2020-36,12.3121564242836,Epidemic intelligence subnational data
Italy,Molise,ITF2,2020-37,13.9759613464841,Epidemic intelligence subnational data
Italy,Molise,ITF2,2020-38,23.9587908796869,Epidemic intelligence subnational data
Italy,Molise,ITF2,2020-39,26.2881177707676,Epidemic intelligence subnational data
Italy,Molise,ITF2,2020-40,20.9639420197261,Epidemic intelligence subnational data
Italy,Molise,ITF2,2020-41,48.5831037282541,Epidemic intelligence subnational data
Italy,Molise,ITF2,2020-42,112.140451756313,Epidemic intelligence subnational data
Italy,Molise,ITF2,2020-43,196.328980819657,Epidemic intelligence subnational data
Italy,Molise,ITF2,2020-44,291.831383353965,Epidemic intelligence subnational data
Italy,Molise,ITF2,2020-45,384.338937028311,Epidemic intelligence subnational data
Italy,Molise,ITF2,2020-46,407.299444954678,Epidemic intelligence subnational data
Italy,Molise,ITF2,2020-47,485.831037282541,Epidemic intelligence subnational data
Italy,Molise,ITF2,2020-48,529.755487228633,Epidemic intelligence subnational data
Italy,Molise,ITF2,2020-49,445.234197180849,Epidemic intelligence subnational data
Italy,Molise,ITF2,2020-50,335.423072315617,Epidemic intelligence subnational data
Italy,Molise,ITF2,2020-51,264.212221645437,Epidemic intelligence subnational data
Italy,Molise,ITF2,2020-52,222.284337605984,Epidemic intelligence subnational data
Italy,Molise,ITF2,2020-53,207.31009330618,Epidemic intelligence subnational data
Italy,Molise,ITF2,2021-01,241.58447470351,Epidemic intelligence subnational data
Italy,Molise,ITF2,2021-02,276.52437806972,Epidemic intelligence subnational data
Italy,Molise,ITF2,2021-03,274.195051178639,Epidemic intelligence subnational data
Italy,Molise,ITF2,2021-04,273.529529209759,Epidemic intelligence subnational data
Italy,Molise,ITF2,2021-05,336.754116253378,Epidemic intelligence subnational data
Italy,Molise,ITF2,2021-06,371.361258635148,Epidemic intelligence subnational data
Italy,Molise,ITF2,2021-07,401.309747234756,Epidemic intelligence subnational data
Italy,Molise,ITF2,2021-08,401.975269203636,Epidemic intelligence subnational data
Italy,Molise,ITF2,2021-09,350.397316615422,Epidemic intelligence subnational data
Italy,Molise,ITF2,2021-10,303.478017809368,Epidemic intelligence subnational data
Italy,Molise,ITF2,2021-11,262.215655738796,Epidemic intelligence subnational data
Italy,Molise,ITF2,2021-12,201.985917555139,Epidemic intelligence subnational data
Italy,Molise,ITF2,2021-13,151.073486935804,Epidemic intelligence subnational data
Italy,Molise,ITF2,2021-14,130.442305900518,Epidemic intelligence subnational data
Italy,Molise,ITF2,2021-15,144.085506262562,Epidemic intelligence subnational data
Italy,Molise,ITF2,2021-16,158.394228593486,Epidemic intelligence subnational data
Italy,Molise,ITF2,2021-17,141.090657402601,Epidemic intelligence subnational data
Italy,Molise,ITF2,2021-18,104.81971009863,Epidemic intelligence subnational data
Italy,Molise,ITF2,2021-19,68.5487627946599,Epidemic intelligence subnational data
Italy,Molise,ITF2,2021-20,38.9330351794913,Epidemic intelligence subnational data
Italy,Molise,ITF2,2021-21,23.6260298952468,Epidemic intelligence subnational data
Italy,Molise,ITF2,2021-22,19.6328980819657,Epidemic intelligence subnational data
Italy,Molise,ITF2,2021-23,16.6380492220048,Epidemic intelligence subnational data
Italy,Molise,ITF2,2021-24,23.9587908796869,Epidemic intelligence subnational data
Italy,Molise,ITF2,2021-25,26.9536397396478,Epidemic intelligence subnational data
Italy,Molise,ITF2,2021-26,13.9759613464841,Epidemic intelligence subnational data
Italy,Molise,ITF2,2021-27,10.9811124865232,Epidemic intelligence subnational data
Italy,Molise,ITF2,2021-28,32.9433374595695,Epidemic intelligence subnational data
Italy,Molise,ITF2,2021-29,42.9261669927724,Epidemic intelligence subnational data
Italy,Molise,ITF2,2021-30,38.6002741950512,Epidemic intelligence subnational data
Italy,Molise,ITF2,2021-31,40.5968401016917,Epidemic intelligence subnational data
Italy,Molise,ITF2,2021-32,43.9244499460927,Epidemic intelligence subnational data
Italy,Molise,ITF2,2021-33,45.9210158527333,Epidemic intelligence subnational data
Italy,Molise,ITF2,2021-34,59.2314552303372,Epidemic intelligence subnational data
Italy,Molise,ITF2,2021-35,71.8763726390608,Epidemic intelligence subnational data
Italy,Molise,ITF2,2021-36,54.2400404637357,Epidemic intelligence subnational data
Italy,Molise,ITF2,2021-37,35.2726643506502,Epidemic intelligence subnational data
Italy,Molise,ITF2,2021-38,27.2864007240879,Epidemic intelligence subnational data
Italy,Molise,ITF2,2021-39,17.6363321753251,Epidemic intelligence subnational data
Italy,Molise,ITF2,2021-40,17.303571190885,Epidemic intelligence subnational data
Italy,Molise,ITF2,2021-41,16.9708102064449,Epidemic intelligence subnational data
Italy,Molise,ITF2,2021-42,23.6260298952468,Epidemic intelligence subnational data
Italy,Molise,ITF2,2021-43,34.60714238177,Epidemic intelligence subnational data
Italy,Molise,ITF2,2021-44,37.2692302572908,Epidemic intelligence subnational data
Italy,Molise,ITF2,2021-45,64.8883919658188,Epidemic intelligence subnational data
Italy,Molise,ITF2,2021-46,97.8317294253883,Epidemic intelligence subnational data
Italy,Molise,ITF2,2021-47,114.802539631833,Epidemic intelligence subnational data
Italy,Molise,ITF2,2021-48,93.8385976121072,Epidemic intelligence subnational data
Italy,Molise,ITF2,2021-49,56.5693673548164,Epidemic intelligence subnational data
Italy,Molise,ITF2,2021-50,63.5573480280584,Epidemic intelligence subnational data
Italy,Molise,ITF2,2021-51,157.063184655726,Epidemic intelligence subnational data
Italy,Molise,ITF2,2021-52,670.846144631234,Epidemic intelligence subnational data
Italy,Molise,ITF2,2022-01,1444.18267247002,Epidemic intelligence subnational data
Italy,Molise,ITF2,2022-02,2258.11604041049,Epidemic intelligence subnational data
Italy,Molise,ITF2,2022-03,2353.6184429448,Epidemic intelligence subnational data
Italy,Molise,ITF2,2022-04,1879.7668011021,Epidemic intelligence subnational data
Italy,Campania,ITF3,2020-13,,Epidemic intelligence subnational data
Italy,Campania,ITF3,2020-14,28.8858314646535,Epidemic intelligence subnational data
Italy,Campania,ITF3,2020-15,35.8534441452184,Epidemic intelligence subnational data
Italy,Campania,ITF3,2020-16,20.5702133157381,Epidemic intelligence subnational data
Italy,Campania,ITF3,2020-17,10.0312614722706,Epidemic intelligence subnational data
Italy,Campania,ITF3,2020-18,6.70501421270441,Epidemic intelligence subnational data
Italy,Campania,ITF3,2020-19,3.88645732433519,Epidemic intelligence subnational data
Italy,Campania,ITF3,2020-20,3.09866192075373,Epidemic intelligence subnational data
Italy,Campania,ITF3,2020-21,2.88858314646535,Epidemic intelligence subnational data
Italy,Campania,ITF3,2020-22,1.99574835573969,Epidemic intelligence subnational data
Italy,Campania,ITF3,2020-23,1.15543325858614,Epidemic intelligence subnational data
Italy,Campania,ITF3,2020-24,-3.43128664671035,Epidemic intelligence subnational data
Italy,Campania,ITF3,2020-25,-3.48380634028245,Epidemic intelligence subnational data
Italy,Campania,ITF3,2020-26,1.3480054683505,Epidemic intelligence subnational data
Italy,Campania,ITF3,2020-27,1.97824179121566,Epidemic intelligence subnational data
Italy,Campania,ITF3,2020-28,1.55808424263888,Epidemic intelligence subnational data
Italy,Campania,ITF3,2020-29,1.61060393621098,Epidemic intelligence subnational data
Italy,Campania,ITF3,2020-30,3.0811553562297,Epidemic intelligence subnational data
Italy,Campania,ITF3,2020-31,3.20370130789793,Epidemic intelligence subnational data
Italy,Campania,ITF3,2020-32,2.78354375932115,Epidemic intelligence subnational data
Italy,Campania,ITF3,2020-33,5.68963347031053,Epidemic intelligence subnational data
Italy,Campania,ITF3,2020-34,15.0906586197159,Epidemic intelligence subnational data
Italy,Campania,ITF3,2020-35,31.879453998263,Epidemic intelligence subnational data
Italy,Campania,ITF3,2020-36,42.0332614222018,Epidemic intelligence subnational data
Italy,Campania,ITF3,2020-37,38.2168303559627,Epidemic intelligence subnational data
Italy,Campania,ITF3,2020-38,39.9499802438419,Epidemic intelligence subnational data
Italy,Campania,ITF3,2020-39,54.3403762825966,Epidemic intelligence subnational data
Italy,Campania,ITF3,2020-40,78.8495666162419,Epidemic intelligence subnational data
Italy,Campania,ITF3,2020-41,129.058393671167,Epidemic intelligence subnational data
Italy,Campania,ITF3,2020-42,237.406521510403,Epidemic intelligence subnational data
Italy,Campania,ITF3,2020-43,411.894450121434,Epidemic intelligence subnational data
Italy,Campania,ITF3,2020-44,590.618967347281,Epidemic intelligence subnational data
Italy,Campania,ITF3,2020-45,817.276458239929,Epidemic intelligence subnational data
Italy,Campania,ITF3,2020-46,924.434139691531,Epidemic intelligence subnational data
Italy,Campania,ITF3,2020-47,847.177670446976,Epidemic intelligence subnational data
Italy,Campania,ITF3,2020-48,701.19042888107,Epidemic intelligence subnational data
Italy,Campania,ITF3,2020-49,488.818294640033,Epidemic intelligence subnational data
Italy,Campania,ITF3,2020-50,345.474544317255,Epidemic intelligence subnational data
Italy,Campania,ITF3,2020-51,260.952850795227,Epidemic intelligence subnational data
Italy,Campania,ITF3,2020-52,201.518064236137,Epidemic intelligence subnational data
Italy,Campania,ITF3,2020-53,208.43315722313,Epidemic intelligence subnational data
Italy,Campania,ITF3,2021-01,249.083400047933,Epidemic intelligence subnational data
Italy,Campania,ITF3,2021-02,257.311485374228,Epidemic intelligence subnational data
Italy,Campania,ITF3,2021-03,244.811798304069,Epidemic intelligence subnational data
Italy,Campania,ITF3,2021-04,268.13054225008,Epidemic intelligence subnational data
Italy,Campania,ITF3,2021-05,324.676745662705,Epidemic intelligence subnational data
Italy,Campania,ITF3,2021-06,362.438405341043,Epidemic intelligence subnational data
Italy,Campania,ITF3,2021-07,367.567828746584,Epidemic intelligence subnational data
Italy,Campania,ITF3,2021-08,448.745768444523,Epidemic intelligence subnational data
Italy,Campania,ITF3,2021-09,569.786155563683,Epidemic intelligence subnational data
Italy,Campania,ITF3,2021-10,629.010863348484,Epidemic intelligence subnational data
Italy,Campania,ITF3,2021-11,585.419517683644,Epidemic intelligence subnational data
Italy,Campania,ITF3,2021-12,494.647980626536,Epidemic intelligence subnational data
Italy,Campania,ITF3,2021-13,463.048631660657,Epidemic intelligence subnational data
Italy,Campania,ITF3,2021-14,432.867314421225,Epidemic intelligence subnational data
Italy,Campania,ITF3,2021-15,437.559073713666,Epidemic intelligence subnational data
Italy,Campania,ITF3,2021-16,454.890572592458,Epidemic intelligence subnational data
Italy,Campania,ITF3,2021-17,425.479544192083,Epidemic intelligence subnational data
Italy,Campania,ITF3,2021-18,365.834678858705,Epidemic intelligence subnational data
Italy,Campania,ITF3,2021-19,282.433405466215,Epidemic intelligence subnational data
Italy,Campania,ITF3,2021-20,193.605097071274,Epidemic intelligence subnational data
Italy,Campania,ITF3,2021-21,123.998996523722,Epidemic intelligence subnational data
Italy,Campania,ITF3,2021-22,86.1848171518115,Epidemic intelligence subnational data
Italy,Campania,ITF3,2021-23,58.6469911555085,Epidemic intelligence subnational data
Italy,Campania,ITF3,2021-24,37.1664364845208,Epidemic intelligence subnational data
Italy,Campania,ITF3,2021-25,25.4895579469912,Epidemic intelligence subnational data
Italy,Campania,ITF3,2021-26,24.8943347531741,Epidemic intelligence subnational data
Italy,Campania,ITF3,2021-27,33.4550448054259,Epidemic intelligence subnational data
Italy,Campania,ITF3,2021-28,44.5892198427105,Epidemic intelligence subnational data
Italy,Campania,ITF3,2021-29,57.5965972840666,Epidemic intelligence subnational data
Italy,Campania,ITF3,2021-30,71.0591454030475,Epidemic intelligence subnational data
Italy,Campania,ITF3,2021-31,99.8749506096048,Epidemic intelligence subnational data
Italy,Campania,ITF3,2021-32,122.353379458462,Epidemic intelligence subnational data
Italy,Campania,ITF3,2021-33,118.554454956747,Epidemic intelligence subnational data
Italy,Campania,ITF3,2021-34,120.392644231771,Epidemic intelligence subnational data
Italy,Campania,ITF3,2021-35,111.796921050471,Epidemic intelligence subnational data
Italy,Campania,ITF3,2021-36,96.6012230436108,Epidemic intelligence subnational data
Italy,Campania,ITF3,2021-37,91.5418258961654,Epidemic intelligence subnational data
Italy,Campania,ITF3,2021-38,82.4909320372407,Epidemic intelligence subnational data
Italy,Campania,ITF3,2021-39,72.0745261454414,Epidemic intelligence subnational data
Italy,Campania,ITF3,2021-40,64.3366246258191,Epidemic intelligence subnational data
Italy,Campania,ITF3,2021-41,63.3212438834252,Epidemic intelligence subnational data
Italy,Campania,ITF3,2021-42,78.359382809569,Epidemic intelligence subnational data
Italy,Campania,ITF3,2021-43,113.26747247049,Epidemic intelligence subnational data
Italy,Campania,ITF3,2021-44,140.682752515124,Epidemic intelligence subnational data
Italy,Campania,ITF3,2021-45,166.592468010692,Epidemic intelligence subnational data
Italy,Campania,ITF3,2021-46,196.161055491783,Epidemic intelligence subnational data
Italy,Campania,ITF3,2021-47,222.070770987351,Epidemic intelligence subnational data
Italy,Campania,ITF3,2021-48,258.029254519714,Epidemic intelligence subnational data
Italy,Campania,ITF3,2021-49,289.068393420823,Epidemic intelligence subnational data
Italy,Campania,ITF3,2021-50,362.806043196047,Epidemic intelligence subnational data
Italy,Campania,ITF3,2021-51,593.735135832559,Epidemic intelligence subnational data
Italy,Campania,ITF3,2021-52,1586.16477213543,Epidemic intelligence subnational data
Italy,Campania,ITF3,2022-01,2842.40082925095,Epidemic intelligence subnational data
Italy,Campania,ITF3,2022-02,4238.77693538134,Epidemic intelligence subnational data
Italy,Campania,ITF3,2022-03,4379.38966163837,Epidemic intelligence subnational data
Italy,Campania,ITF3,2022-04,3154.38531563373,Epidemic intelligence subnational data
Italy,Puglia,ITF4,2020-13,,Epidemic intelligence subnational data
Italy,Puglia,ITF4,2020-14,28.710155173962,Epidemic intelligence subnational data
Italy,Puglia,ITF4,2020-15,41.3578006250466,Epidemic intelligence subnational data
Italy,Puglia,ITF4,2020-16,33.0103546273308,Epidemic intelligence subnational data
Italy,Puglia,ITF4,2020-17,20.1350515581267,Epidemic intelligence subnational data
Italy,Puglia,ITF4,2020-18,13.8618194143887,Epidemic intelligence subnational data
Italy,Puglia,ITF4,2020-19,8.77746594305271,Epidemic intelligence subnational data
Italy,Puglia,ITF4,2020-20,5.46378283486855,Epidemic intelligence subnational data
Italy,Puglia,ITF4,2020-21,3.59193130810803,Epidemic intelligence subnational data
Italy,Puglia,ITF4,2020-22,2.83307258104295,Epidemic intelligence subnational data
Italy,Puglia,ITF4,2020-23,1.08769750879328,Epidemic intelligence subnational data
Italy,Puglia,ITF4,2020-24,0.455315236239046,Epidemic intelligence subnational data
Italy,Puglia,ITF4,2020-25,0.430019945336876,Epidemic intelligence subnational data
Italy,Puglia,ITF4,2020-26,0.379429363532538,Epidemic intelligence subnational data
Italy,Puglia,ITF4,2020-27,0.151771745413015,Epidemic intelligence subnational data
Italy,Puglia,ITF4,2020-28,0.252952909021692,Epidemic intelligence subnational data
Italy,Puglia,ITF4,2020-29,0.531201108945553,Epidemic intelligence subnational data
Italy,Puglia,ITF4,2020-30,1.39124099961931,Epidemic intelligence subnational data
Italy,Puglia,ITF4,2020-31,2.50423379931475,Epidemic intelligence subnational data
Italy,Puglia,ITF4,2020-32,4.14842770795575,Epidemic intelligence subnational data
Italy,Puglia,ITF4,2020-33,5.74203103479241,Epidemic intelligence subnational data
Italy,Puglia,ITF4,2020-34,9.08100943387874,Epidemic intelligence subnational data
Italy,Puglia,ITF4,2020-35,15.101288668595,Epidemic intelligence subnational data
Italy,Puglia,ITF4,2020-36,23.3475535027022,Epidemic intelligence subnational data
Italy,Puglia,ITF4,2020-37,28.0018870287013,Epidemic intelligence subnational data
Italy,Puglia,ITF4,2020-38,27.8248199923861,Epidemic intelligence subnational data
Italy,Puglia,ITF4,2020-39,27.8501152832883,Epidemic intelligence subnational data
Italy,Puglia,ITF4,2020-40,32.4032676456788,Epidemic intelligence subnational data
Italy,Puglia,ITF4,2020-41,54.6884189304898,Epidemic intelligence subnational data
Italy,Puglia,ITF4,2020-42,90.5065508479614,Epidemic intelligence subnational data
Italy,Puglia,ITF4,2020-43,144.992607451234,Epidemic intelligence subnational data
Italy,Puglia,ITF4,2020-44,200.515770981495,Epidemic intelligence subnational data
Italy,Puglia,ITF4,2020-45,274.453906288536,Epidemic intelligence subnational data
Italy,Puglia,ITF4,2020-46,393.44295469234,Epidemic intelligence subnational data
Italy,Puglia,ITF4,2020-47,456.731772529567,Epidemic intelligence subnational data
Italy,Puglia,ITF4,2020-48,476.512690015063,Epidemic intelligence subnational data
Italy,Puglia,ITF4,2020-49,527.533291764739,Epidemic intelligence subnational data
Italy,Puglia,ITF4,2020-50,488.401476739083,Epidemic intelligence subnational data
Italy,Puglia,ITF4,2020-51,405.862942525305,Epidemic intelligence subnational data
Italy,Puglia,ITF4,2020-52,340.373434379589,Epidemic intelligence subnational data
Italy,Puglia,ITF4,2020-53,326.233366765276,Epidemic intelligence subnational data
Italy,Puglia,ITF4,2021-01,383.248952458766,Epidemic intelligence subnational data
Italy,Puglia,ITF4,2021-02,393.265887656025,Epidemic intelligence subnational data
Italy,Puglia,ITF4,2021-03,361.115572919368,Epidemic intelligence subnational data
Italy,Puglia,ITF4,2021-04,340.348139088687,Epidemic intelligence subnational data
Italy,Puglia,ITF4,2021-05,327.725788928504,Epidemic intelligence subnational data
Italy,Puglia,ITF4,2021-06,308.981978369997,Epidemic intelligence subnational data
Italy,Puglia,ITF4,2021-07,286.722122376088,Epidemic intelligence subnational data
Italy,Puglia,ITF4,2021-08,308.096643188421,Epidemic intelligence subnational data
Italy,Puglia,ITF4,2021-09,385.727890967178,Epidemic intelligence subnational data
Italy,Puglia,ITF4,2021-10,470.29004845313,Epidemic intelligence subnational data
Italy,Puglia,ITF4,2021-11,539.346192616052,Epidemic intelligence subnational data
Italy,Puglia,ITF4,2021-12,588.115513475434,Epidemic intelligence subnational data
Italy,Puglia,ITF4,2021-13,619.709331812243,Epidemic intelligence subnational data
Italy,Puglia,ITF4,2021-14,551.993838067136,Epidemic intelligence subnational data
Italy,Puglia,ITF4,2021-15,479.168695559791,Epidemic intelligence subnational data
Italy,Puglia,ITF4,2021-16,463.232662291425,Epidemic intelligence subnational data
Italy,Puglia,ITF4,2021-17,412.33853699626,Epidemic intelligence subnational data
Italy,Puglia,ITF4,2021-18,335.820282017198,Epidemic intelligence subnational data
Italy,Puglia,ITF4,2021-19,237.219238080543,Epidemic intelligence subnational data
Italy,Puglia,ITF4,2021-20,149.115739868287,Epidemic intelligence subnational data
Italy,Puglia,ITF4,2021-21,99.2840167910141,Epidemic intelligence subnational data
Italy,Puglia,ITF4,2021-22,65.9954139637594,Epidemic intelligence subnational data
Italy,Puglia,ITF4,2021-23,47.0745363689369,Epidemic intelligence subnational data
Italy,Puglia,ITF4,2021-24,36.5264000627323,Epidemic intelligence subnational data
Italy,Puglia,ITF4,2021-25,24.4605463023976,Epidemic intelligence subnational data
Italy,Puglia,ITF4,2021-26,15.9107379774644,Epidemic intelligence subnational data
Italy,Puglia,ITF4,2021-27,14.3930205233343,Epidemic intelligence subnational data
Italy,Puglia,ITF4,2021-28,18.5161529403879,Epidemic intelligence subnational data
Italy,Puglia,ITF4,2021-29,32.6056299728961,Epidemic intelligence subnational data
Italy,Puglia,ITF4,2021-30,49.2246360956213,Epidemic intelligence subnational data
Italy,Puglia,ITF4,2021-31,70.7003380715629,Epidemic intelligence subnational data
Italy,Puglia,ITF4,2021-32,90.9618660842004,Epidemic intelligence subnational data
Italy,Puglia,ITF4,2021-33,94.629683265015,Epidemic intelligence subnational data
Italy,Puglia,ITF4,2021-34,89.7729874117985,Epidemic intelligence subnational data
Italy,Puglia,ITF4,2021-35,82.5638295046803,Epidemic intelligence subnational data
Italy,Puglia,ITF4,2021-36,69.511459399161,Epidemic intelligence subnational data
Italy,Puglia,ITF4,2021-37,59.5957053655106,Epidemic intelligence subnational data
Italy,Puglia,ITF4,2021-38,54.6884189304898,Epidemic intelligence subnational data
Italy,Puglia,ITF4,2021-39,46.5686305508935,Epidemic intelligence subnational data
Italy,Puglia,ITF4,2021-40,40.219512534449,Epidemic intelligence subnational data
Italy,Puglia,ITF4,2021-41,34.7304344086783,Epidemic intelligence subnational data
Italy,Puglia,ITF4,2021-42,43.1031756972963,Epidemic intelligence subnational data
Italy,Puglia,ITF4,2021-43,64.0982671460968,Epidemic intelligence subnational data
Italy,Puglia,ITF4,2021-44,71.2315391805085,Epidemic intelligence subnational data
Italy,Puglia,ITF4,2021-45,74.3428599614753,Epidemic intelligence subnational data
Italy,Puglia,ITF4,2021-46,78.7189452875505,Epidemic intelligence subnational data
Italy,Puglia,ITF4,2021-47,79.7560522145395,Epidemic intelligence subnational data
Italy,Puglia,ITF4,2021-48,93.2131469744935,Epidemic intelligence subnational data
Italy,Puglia,ITF4,2021-49,116.940129840728,Epidemic intelligence subnational data
Italy,Puglia,ITF4,2021-50,162.345177010122,Epidemic intelligence subnational data
Italy,Puglia,ITF4,2021-51,267.725358908559,Epidemic intelligence subnational data
Italy,Puglia,ITF4,2021-52,799.508259544862,Epidemic intelligence subnational data
Italy,Puglia,ITF4,2022-01,1565.47496335345,Epidemic intelligence subnational data
Italy,Puglia,ITF4,2022-02,3066.47223019727,Epidemic intelligence subnational data
Italy,Puglia,ITF4,2022-03,4875.13612028417,Epidemic intelligence subnational data
Italy,Puglia,ITF4,2022-04,4095.45936880661,Epidemic intelligence subnational data
Italy,Basilicata,ITF5,2020-13,,Epidemic intelligence subnational data
Italy,Basilicata,ITF5,2020-14,26.0278280861955,Epidemic intelligence subnational data
Italy,Basilicata,ITF5,2020-15,21.328359126188,Epidemic intelligence subnational data
Italy,Basilicata,ITF5,2020-16,13.0139140430977,Epidemic intelligence subnational data
Italy,Basilicata,ITF5,2020-17,8.31444508309023,Epidemic intelligence subnational data
Italy,Basilicata,ITF5,2020-18,8.31444508309023,Epidemic intelligence subnational data
Italy,Basilicata,ITF5,2020-19,3.61497612308271,Epidemic intelligence subnational data
Italy,Basilicata,ITF5,2020-20,-0.722995224616541,Epidemic intelligence subnational data
Italy,Basilicata,ITF5,2020-21,2.34973448000376,Epidemic intelligence subnational data
Italy,Basilicata,ITF5,2020-22,1.26524164307895,Epidemic intelligence subnational data
Italy,Basilicata,ITF5,2020-23,0.180748806154135,Epidemic intelligence subnational data
Italy,Basilicata,ITF5,2020-24,0.361497612308271,Epidemic intelligence subnational data
Italy,Basilicata,ITF5,2020-25,0.180748806154135,Epidemic intelligence subnational data
Italy,Basilicata,ITF5,2020-26,0.180748806154135,Epidemic intelligence subnational data
Italy,Basilicata,ITF5,2020-27,0.542246418462406,Epidemic intelligence subnational data
Italy,Basilicata,ITF5,2020-28,0.722995224616541,Epidemic intelligence subnational data
Italy,Basilicata,ITF5,2020-29,0.722995224616541,Epidemic intelligence subnational data
Italy,Basilicata,ITF5,2020-30,7.77219866462782,Epidemic intelligence subnational data
Italy,Basilicata,ITF5,2020-31,8.13369627693609,Epidemic intelligence subnational data
Italy,Basilicata,ITF5,2020-32,5.06096657231579,Epidemic intelligence subnational data
Italy,Basilicata,ITF5,2020-33,6.86845463385714,Epidemic intelligence subnational data
Italy,Basilicata,ITF5,2020-34,5.06096657231579,Epidemic intelligence subnational data
Italy,Basilicata,ITF5,2020-35,5.96471060308647,Epidemic intelligence subnational data
Italy,Basilicata,ITF5,2020-36,12.2909188184812,Epidemic intelligence subnational data
Italy,Basilicata,ITF5,2020-37,16.9903877784887,Epidemic intelligence subnational data
Italy,Basilicata,ITF5,2020-38,14.2791556861767,Epidemic intelligence subnational data
Italy,Basilicata,ITF5,2020-39,28.5583113723534,Epidemic intelligence subnational data
Italy,Basilicata,ITF5,2020-40,51.6941585600827,Epidemic intelligence subnational data
Italy,Basilicata,ITF5,2020-41,52.4171537846993,Epidemic intelligence subnational data
Italy,Basilicata,ITF5,2020-42,67.7808023078008,Epidemic intelligence subnational data
Italy,Basilicata,ITF5,2020-43,129.235396400207,Epidemic intelligence subnational data
Italy,Basilicata,ITF5,2020-44,207.318880658793,Epidemic intelligence subnational data
Italy,Basilicata,ITF5,2020-45,338.72326273285,Epidemic intelligence subnational data
Italy,Basilicata,ITF5,2020-46,478.261341083842,Epidemic intelligence subnational data
Italy,Basilicata,ITF5,2020-47,537.366200696244,Epidemic intelligence subnational data
Italy,Basilicata,ITF5,2020-48,548.753375483955,Epidemic intelligence subnational data
Italy,Basilicata,ITF5,2020-49,437.050613280699,Epidemic intelligence subnational data
Italy,Basilicata,ITF5,2020-50,243.830139501929,Epidemic intelligence subnational data
Italy,Basilicata,ITF5,2020-51,182.194796603368,Epidemic intelligence subnational data
Italy,Basilicata,ITF5,2020-52,182.014047797214,Epidemic intelligence subnational data
Italy,Basilicata,ITF5,2020-53,196.835449901853,Epidemic intelligence subnational data
Italy,Basilicata,ITF5,2021-01,263.893256985038,Epidemic intelligence subnational data
Italy,Basilicata,ITF5,2021-02,246.722120400395,Epidemic intelligence subnational data
Italy,Basilicata,ITF5,2021-03,172.615109877199,Epidemic intelligence subnational data
Italy,Basilicata,ITF5,2021-04,133.031121329444,Epidemic intelligence subnational data
Italy,Basilicata,ITF5,2021-05,142.430059249459,Epidemic intelligence subnational data
Italy,Basilicata,ITF5,2021-06,187.255763175684,Epidemic intelligence subnational data
Italy,Basilicata,ITF5,2021-07,214.18733529265,Epidemic intelligence subnational data
Italy,Basilicata,ITF5,2021-08,258.470792800414,Epidemic intelligence subnational data
Italy,Basilicata,ITF5,2021-09,312.876183452808,Epidemic intelligence subnational data
Italy,Basilicata,ITF5,2021-10,326.432343914369,Epidemic intelligence subnational data
Italy,Basilicata,ITF5,2021-11,319.021642862049,Epidemic intelligence subnational data
Italy,Basilicata,ITF5,2021-12,300.946762246635,Epidemic intelligence subnational data
Italy,Basilicata,ITF5,2021-13,298.597027766632,Epidemic intelligence subnational data
Italy,Basilicata,ITF5,2021-14,339.446257957466,Epidemic intelligence subnational data
Italy,Basilicata,ITF5,2021-15,401.262349662181,Epidemic intelligence subnational data
Italy,Basilicata,ITF5,2021-16,411.926529225275,Epidemic intelligence subnational data
Italy,Basilicata,ITF5,2021-17,362.220607532887,Epidemic intelligence subnational data
Italy,Basilicata,ITF5,2021-18,302.03125508356,Epidemic intelligence subnational data
Italy,Basilicata,ITF5,2021-19,250.517845329632,Epidemic intelligence subnational data
Italy,Basilicata,ITF5,2021-20,182.556294215677,Epidemic intelligence subnational data
Italy,Basilicata,ITF5,2021-21,121.463197735579,Epidemic intelligence subnational data
Italy,Basilicata,ITF5,2021-22,85.8556829232143,Epidemic intelligence subnational data
Italy,Basilicata,ITF5,2021-23,67.4193046954925,Epidemic intelligence subnational data
Italy,Basilicata,ITF5,2021-24,60.9123476739436,Epidemic intelligence subnational data
Italy,Basilicata,ITF5,2021-25,44.102708701609,Epidemic intelligence subnational data
Italy,Basilicata,ITF5,2021-26,28.016064953891,Epidemic intelligence subnational data
Italy,Basilicata,ITF5,2021-27,19.5208710646466,Epidemic intelligence subnational data
Italy,Basilicata,ITF5,2021-28,18.9786246461842,Epidemic intelligence subnational data
Italy,Basilicata,ITF5,2021-29,33.0770315262068,Epidemic intelligence subnational data
Italy,Basilicata,ITF5,2021-30,60.1893524493271,Epidemic intelligence subnational data
Italy,Basilicata,ITF5,2021-31,96.7006112924624,Epidemic intelligence subnational data
Italy,Basilicata,ITF5,2021-32,123.089936990966,Epidemic intelligence subnational data
Italy,Basilicata,ITF5,2021-33,123.812932215583,Epidemic intelligence subnational data
Italy,Basilicata,ITF5,2021-34,133.031121329444,Epidemic intelligence subnational data
Italy,Basilicata,ITF5,2021-35,137.369092677143,Epidemic intelligence subnational data
Italy,Basilicata,ITF5,2021-36,118.209719224805,Epidemic intelligence subnational data
Italy,Basilicata,ITF5,2021-37,103.026819507857,Epidemic intelligence subnational data
Italy,Basilicata,ITF5,2021-38,84.0481948616729,Epidemic intelligence subnational data
Italy,Basilicata,ITF5,2021-39,89.2899102401429,Epidemic intelligence subnational data
Italy,Basilicata,ITF5,2021-40,87.4824221786015,Epidemic intelligence subnational data
Italy,Basilicata,ITF5,2021-41,49.5251728862331,Epidemic intelligence subnational data
Italy,Basilicata,ITF5,2021-42,34.8845195877481,Epidemic intelligence subnational data
Italy,Basilicata,ITF5,2021-43,42.656718252376,Epidemic intelligence subnational data
Italy,Basilicata,ITF5,2021-44,53.5016466216241,Epidemic intelligence subnational data
Italy,Basilicata,ITF5,2021-45,63.0813333477932,Epidemic intelligence subnational data
Italy,Basilicata,ITF5,2021-46,66.3348118585677,Epidemic intelligence subnational data
Italy,Basilicata,ITF5,2021-47,74.6492569416579,Epidemic intelligence subnational data
Italy,Basilicata,ITF5,2021-48,92.0011423324549,Epidemic intelligence subnational data
Italy,Basilicata,ITF5,2021-49,129.416145206361,Epidemic intelligence subnational data
Italy,Basilicata,ITF5,2021-50,222.501780375741,Epidemic intelligence subnational data
Italy,Basilicata,ITF5,2021-51,363.124351563658,Epidemic intelligence subnational data
Italy,Basilicata,ITF5,2021-52,852.592118629057,Epidemic intelligence subnational data
Italy,Basilicata,ITF5,2022-01,1686.38636141808,Epidemic intelligence subnational data
Italy,Basilicata,ITF5,2022-02,1978.65718096932,Epidemic intelligence subnational data
Italy,Basilicata,ITF5,2022-03,2382.99226033612,Epidemic intelligence subnational data
Italy,Basilicata,ITF5,2022-04,2717.73904933358,Epidemic intelligence subnational data
Italy,Calabria,ITF6,2020-13,,Epidemic intelligence subnational data
Italy,Calabria,ITF6,2020-14,21.2236881701696,Epidemic intelligence subnational data
Italy,Calabria,ITF6,2020-15,18.8479021809715,Epidemic intelligence subnational data
Italy,Calabria,ITF6,2020-16,13.3044015395093,Epidemic intelligence subnational data
Italy,Calabria,ITF6,2020-17,6.65220076975466,Epidemic intelligence subnational data
Italy,Calabria,ITF6,2020-18,3.80125758271695,Epidemic intelligence subnational data
Italy,Calabria,ITF6,2020-19,1.95342403556288,Epidemic intelligence subnational data
Italy,Calabria,ITF6,2020-20,1.68944781454087,Epidemic intelligence subnational data
Italy,Calabria,ITF6,2020-21,1.21429061670125,Epidemic intelligence subnational data
Italy,Calabria,ITF6,2020-22,0.369566709430815,Epidemic intelligence subnational data
Italy,Calabria,ITF6,2020-23,0.105590488408804,Epidemic intelligence subnational data
Italy,Calabria,ITF6,2020-24,0.211180976817608,Epidemic intelligence subnational data
Italy,Calabria,ITF6,2020-25,0.844723907270433,Epidemic intelligence subnational data
Italy,Calabria,ITF6,2020-26,1.00310963988364,Epidemic intelligence subnational data
Italy,Calabria,ITF6,2020-27,0.475157197839619,Epidemic intelligence subnational data
Italy,Calabria,ITF6,2020-28,1.84783354715407,Epidemic intelligence subnational data
Italy,Calabria,ITF6,2020-29,2.90373843124211,Epidemic intelligence subnational data
Italy,Calabria,ITF6,2020-30,1.90062879135848,Epidemic intelligence subnational data
Italy,Calabria,ITF6,2020-31,1.74224305874527,Epidemic intelligence subnational data
Italy,Calabria,ITF6,2020-32,2.5341717218113,Epidemic intelligence subnational data
Italy,Calabria,ITF6,2020-33,4.48759575737418,Epidemic intelligence subnational data
Italy,Calabria,ITF6,2020-34,5.70188637407542,Epidemic intelligence subnational data
Italy,Calabria,ITF6,2020-35,8.23605809588672,Epidemic intelligence subnational data
Italy,Calabria,ITF6,2020-36,12.6708586090565,Epidemic intelligence subnational data
Italy,Calabria,ITF6,2020-37,11.03420603872,Epidemic intelligence subnational data
Italy,Calabria,ITF6,2020-38,11.6149537249685,Epidemic intelligence subnational data
Italy,Calabria,ITF6,2020-39,12.9348348300785,Epidemic intelligence subnational data
Italy,Calabria,ITF6,2020-40,12.7236538532609,Epidemic intelligence subnational data
Italy,Calabria,ITF6,2020-41,22.2267978100533,Epidemic intelligence subnational data
Italy,Calabria,ITF6,2020-42,45.0871385505594,Epidemic intelligence subnational data
Italy,Calabria,ITF6,2020-43,95.8761634751942,Epidemic intelligence subnational data
Italy,Calabria,ITF6,2020-44,137.32043017565,Epidemic intelligence subnational data
Italy,Calabria,ITF6,2020-45,195.553584533105,Epidemic intelligence subnational data
Italy,Calabria,ITF6,2020-46,254.789848530444,Epidemic intelligence subnational data
Italy,Calabria,ITF6,2020-47,333.085195685573,Epidemic intelligence subnational data
Italy,Calabria,ITF6,2020-48,333.877124348639,Epidemic intelligence subnational data
Italy,Calabria,ITF6,2020-49,237.314622698787,Epidemic intelligence subnational data
Italy,Calabria,ITF6,2020-50,171.478953175898,Epidemic intelligence subnational data
Italy,Calabria,ITF6,2020-51,134.575077477021,Epidemic intelligence subnational data
Italy,Calabria,ITF6,2020-52,155.42919893776,Epidemic intelligence subnational data
Italy,Calabria,ITF6,2020-53,187.423116925627,Epidemic intelligence subnational data
Italy,Calabria,ITF6,2021-01,226.91395959052,Epidemic intelligence subnational data
Italy,Calabria,ITF6,2021-02,238.528913315489,Epidemic intelligence subnational data
Italy,Calabria,ITF6,2021-03,215.140620132938,Epidemic intelligence subnational data
Italy,Calabria,ITF6,2021-04,190.749217310505,Epidemic intelligence subnational data
Italy,Calabria,ITF6,2021-05,161.236675800244,Epidemic intelligence subnational data
Italy,Calabria,ITF6,2021-06,138.429130303942,Epidemic intelligence subnational data
Italy,Calabria,ITF6,2021-07,125.177524008637,Epidemic intelligence subnational data
Italy,Calabria,ITF6,2021-08,130.24586745226,Epidemic intelligence subnational data
Italy,Calabria,ITF6,2021-09,145.450897783128,Epidemic intelligence subnational data
Italy,Calabria,ITF6,2021-10,177.761587236222,Epidemic intelligence subnational data
Italy,Calabria,ITF6,2021-11,222.162387612124,Epidemic intelligence subnational data
Italy,Calabria,ITF6,2021-12,259.383034776227,Epidemic intelligence subnational data
Italy,Calabria,ITF6,2021-13,286.889357006721,Epidemic intelligence subnational data
Italy,Calabria,ITF6,2021-14,295.442186567834,Epidemic intelligence subnational data
Italy,Calabria,ITF6,2021-15,319.094455971406,Epidemic intelligence subnational data
Italy,Calabria,ITF6,2021-16,337.044839000903,Epidemic intelligence subnational data
Italy,Calabria,ITF6,2021-17,305.156511501444,Epidemic intelligence subnational data
Italy,Calabria,ITF6,2021-18,254.842643774649,Epidemic intelligence subnational data
Italy,Calabria,ITF6,2021-19,199.460432604231,Epidemic intelligence subnational data
Italy,Calabria,ITF6,2021-20,149.568926831071,Epidemic intelligence subnational data
Italy,Calabria,ITF6,2021-21,117.680599331612,Epidemic intelligence subnational data
Italy,Calabria,ITF6,2021-22,92.180496380886,Epidemic intelligence subnational data
Italy,Calabria,ITF6,2021-23,69.5841318614019,Epidemic intelligence subnational data
Italy,Calabria,ITF6,2021-24,51.8449298087228,Epidemic intelligence subnational data
Italy,Calabria,ITF6,2021-25,34.9504516633142,Epidemic intelligence subnational data
Italy,Calabria,ITF6,2021-26,21.8572311006225,Epidemic intelligence subnational data
Italy,Calabria,ITF6,2021-27,22.7019550078929,Epidemic intelligence subnational data
Italy,Calabria,ITF6,2021-28,32.0995084762765,Epidemic intelligence subnational data
Italy,Calabria,ITF6,2021-29,49.89150577316,Epidemic intelligence subnational data
Italy,Calabria,ITF6,2021-30,72.8574370020749,Epidemic intelligence subnational data
Italy,Calabria,ITF6,2021-31,103.901040594263,Epidemic intelligence subnational data
Italy,Calabria,ITF6,2021-32,143.497473747565,Epidemic intelligence subnational data
Italy,Calabria,ITF6,2021-33,173.9075344093,Epidemic intelligence subnational data
Italy,Calabria,ITF6,2021-34,196.134332219354,Epidemic intelligence subnational data
Italy,Calabria,ITF6,2021-35,200.41074699991,Epidemic intelligence subnational data
Italy,Calabria,ITF6,2021-36,185.997645332109,Epidemic intelligence subnational data
Italy,Calabria,ITF6,2021-37,160.391951892974,Epidemic intelligence subnational data
Italy,Calabria,ITF6,2021-38,123.593666682505,Epidemic intelligence subnational data
Italy,Calabria,ITF6,2021-39,95.7705729867854,Epidemic intelligence subnational data
Italy,Calabria,ITF6,2021-40,82.0438094936408,Epidemic intelligence subnational data
Italy,Calabria,ITF6,2021-41,76.6586945847918,Epidemic intelligence subnational data
Italy,Calabria,ITF6,2021-42,87.1121529372634,Epidemic intelligence subnational data
Italy,Calabria,ITF6,2021-43,103.425883396424,Epidemic intelligence subnational data
Italy,Calabria,ITF6,2021-44,112.61225588799,Epidemic intelligence subnational data
Italy,Calabria,ITF6,2021-45,119.528432878766,Epidemic intelligence subnational data
Italy,Calabria,ITF6,2021-46,124.96634303182,Epidemic intelligence subnational data
Italy,Calabria,ITF6,2021-47,146.717983644033,Epidemic intelligence subnational data
Italy,Calabria,ITF6,2021-48,196.239922707763,Epidemic intelligence subnational data
Italy,Calabria,ITF6,2021-49,245.8674522599,Epidemic intelligence subnational data
Italy,Calabria,ITF6,2021-50,333.929919592843,Epidemic intelligence subnational data
Italy,Calabria,ITF6,2021-51,427.641478055657,Epidemic intelligence subnational data
Italy,Calabria,ITF6,2021-52,724.245159995988,Epidemic intelligence subnational data
Italy,Calabria,ITF6,2022-01,1240.26587684981,Epidemic intelligence subnational data
Italy,Calabria,ITF6,2022-02,1686.70246184224,Epidemic intelligence subnational data
Italy,Calabria,ITF6,2022-03,1655.76444873846,Epidemic intelligence subnational data
Italy,Calabria,ITF6,2022-04,1233.87765230108,Epidemic intelligence subnational data
Italy,Sicilia,ITG1,2020-13,,Epidemic intelligence subnational data
Italy,Sicilia,ITG1,2020-14,17.0246282785229,Epidemic intelligence subnational data
Italy,Sicilia,ITG1,2020-15,22.0499703607375,Epidemic intelligence subnational data
Italy,Sicilia,ITG1,2020-16,17.2502558822142,Epidemic intelligence subnational data
Italy,Sicilia,ITG1,2020-17,11.9992861963083,Epidemic intelligence subnational data
Italy,Sicilia,ITG1,2020-18,8.86101134496615,Epidemic intelligence subnational data
Italy,Sicilia,ITG1,2020-19,4.49204047348978,Epidemic intelligence subnational data
Italy,Sicilia,ITG1,2020-20,2.62548484295293,Epidemic intelligence subnational data
Italy,Sicilia,ITG1,2020-21,1.86655563053685,Epidemic intelligence subnational data
Italy,Sicilia,ITG1,2020-22,1.06660321744963,Epidemic intelligence subnational data
Italy,Sicilia,ITG1,2020-23,0.492278408053675,Epidemic intelligence subnational data
Italy,Sicilia,ITG1,2020-24,0.266650804362407,Epidemic intelligence subnational data
Italy,Sicilia,ITG1,2020-25,-7.81491972785209,Epidemic intelligence subnational data
Italy,Sicilia,ITG1,2020-26,-7.79440812751652,Epidemic intelligence subnational data
Italy,Sicilia,ITG1,2020-27,0.471766807718105,Epidemic intelligence subnational data
Italy,Sicilia,ITG1,2020-28,0.717906011744942,Epidemic intelligence subnational data
Italy,Sicilia,ITG1,2020-29,1.02558001677849,Epidemic intelligence subnational data
Italy,Sicilia,ITG1,2020-30,2.05116003355698,Epidemic intelligence subnational data
Italy,Sicilia,ITG1,2020-31,3.527995257718,Epidemic intelligence subnational data
Italy,Sicilia,ITG1,2020-32,7.36366452046955,Epidemic intelligence subnational data
Italy,Sicilia,ITG1,2020-33,9.74301015939565,Epidemic intelligence subnational data
Italy,Sicilia,ITG1,2020-34,10.6044973734896,Epidemic intelligence subnational data
Italy,Sicilia,ITG1,2020-35,11.4249613869124,Epidemic intelligence subnational data
Italy,Sicilia,ITG1,2020-36,15.5477930543619,Epidemic intelligence subnational data
Italy,Sicilia,ITG1,2020-37,21.1884831466436,Epidemic intelligence subnational data
Italy,Sicilia,ITG1,2020-38,26.5830340348984,Epidemic intelligence subnational data
Italy,Sicilia,ITG1,2020-39,32.1006545251667,Epidemic intelligence subnational data
Italy,Sicilia,ITG1,2020-40,38.1925998248309,Epidemic intelligence subnational data
Italy,Sicilia,ITG1,2020-41,61.0835457993268,Epidemic intelligence subnational data
Italy,Sicilia,ITG1,2020-42,107.09106535201,Epidemic intelligence subnational data
Italy,Sicilia,ITG1,2020-43,172.276931218451,Epidemic intelligence subnational data
Italy,Sicilia,ITG1,2020-44,218.428031973483,Epidemic intelligence subnational data
Italy,Sicilia,ITG1,2020-45,286.526545087574,Epidemic intelligence subnational data
Italy,Sicilia,ITG1,2020-46,392.099752014752,Epidemic intelligence subnational data
Italy,Sicilia,ITG1,2020-47,452.978181810723,Epidemic intelligence subnational data
Italy,Sicilia,ITG1,2020-48,424.446545743946,Epidemic intelligence subnational data
Italy,Sicilia,ITG1,2020-49,369.803642449988,Epidemic intelligence subnational data
Italy,Sicilia,ITG1,2020-50,316.247853973815,Epidemic intelligence subnational data
Italy,Sicilia,ITG1,2020-51,262.363879892273,Epidemic intelligence subnational data
Italy,Sicilia,ITG1,2020-52,228.95048294563,Epidemic intelligence subnational data
Italy,Sicilia,ITG1,2020-53,261.317788275159,Epidemic intelligence subnational data
Italy,Sicilia,ITG1,2021-01,397.432768102,Epidemic intelligence subnational data
Italy,Sicilia,ITG1,2021-02,493.693708476829,Epidemic intelligence subnational data
Italy,Sicilia,ITG1,2021-03,430.641049045288,Epidemic intelligence subnational data
Italy,Sicilia,ITG1,2021-04,304.843404187238,Epidemic intelligence subnational data
Italy,Sicilia,ITG1,2021-05,233.729685823818,Epidemic intelligence subnational data
Italy,Sicilia,ITG1,2021-06,188.850304289591,Epidemic intelligence subnational data
Italy,Sicilia,ITG1,2021-07,151.170494473149,Epidemic intelligence subnational data
Italy,Sicilia,ITG1,2021-08,142.760738335566,Epidemic intelligence subnational data
Italy,Sicilia,ITG1,2021-09,153.857514117109,Epidemic intelligence subnational data
Italy,Sicilia,ITG1,2021-10,170.123213183216,Epidemic intelligence subnational data
Italy,Sicilia,ITG1,2021-11,196.952386422141,Epidemic intelligence subnational data
Italy,Sicilia,ITG1,2021-12,228.088995731536,Epidemic intelligence subnational data
Italy,Sicilia,ITG1,2021-13,267.881500382541,Epidemic intelligence subnational data
Italy,Sicilia,ITG1,2021-14,310.689210282876,Epidemic intelligence subnational data
Italy,Sicilia,ITG1,2021-15,350.276598930525,Epidemic intelligence subnational data
Italy,Sicilia,ITG1,2021-16,349.681762520794,Epidemic intelligence subnational data
Italy,Sicilia,ITG1,2021-17,294.361976415762,Epidemic intelligence subnational data
Italy,Sicilia,ITG1,2021-18,241.442047549992,Epidemic intelligence subnational data
Italy,Sicilia,ITG1,2021-19,192.009090741269,Epidemic intelligence subnational data
Italy,Sicilia,ITG1,2021-20,140.586508699995,Epidemic intelligence subnational data
Italy,Sicilia,ITG1,2021-21,111.890779830533,Epidemic intelligence subnational data
Italy,Sicilia,ITG1,2021-22,90.4561574798627,Epidemic intelligence subnational data
Italy,Sicilia,ITG1,2021-23,75.7698516395948,Epidemic intelligence subnational data
Italy,Sicilia,ITG1,2021-24,61.3707082040248,Epidemic intelligence subnational data
Italy,Sicilia,ITG1,2021-25,40.0386438550322,Epidemic intelligence subnational data
Italy,Sicilia,ITG1,2021-26,32.2032125268446,Epidemic intelligence subnational data
Italy,Sicilia,ITG1,2021-27,40.715526666106,Epidemic intelligence subnational data
Italy,Sicilia,ITG1,2021-28,72.898227592615,Epidemic intelligence subnational data
Italy,Sicilia,ITG1,2021-29,125.387412851338,Epidemic intelligence subnational data
Italy,Sicilia,ITG1,2021-30,158.862344598988,Epidemic intelligence subnational data
Italy,Sicilia,ITG1,2021-31,205.280096158382,Epidemic intelligence subnational data
Italy,Sicilia,ITG1,2021-32,262.774111898984,Epidemic intelligence subnational data
Italy,Sicilia,ITG1,2021-33,330.4829046067,Epidemic intelligence subnational data
Italy,Sicilia,ITG1,2021-34,391.915147611732,Epidemic intelligence subnational data
Italy,Sicilia,ITG1,2021-35,363.650162349317,Epidemic intelligence subnational data
Italy,Sicilia,ITG1,2021-36,284.495896654353,Epidemic intelligence subnational data
Italy,Sicilia,ITG1,2021-37,210.387484641939,Epidemic intelligence subnational data
Italy,Sicilia,ITG1,2021-38,152.196074489928,Epidemic intelligence subnational data
Italy,Sicilia,ITG1,2021-39,126.064295662412,Epidemic intelligence subnational data
Italy,Sicilia,ITG1,2021-40,105.429625724829,Epidemic intelligence subnational data
Italy,Sicilia,ITG1,2021-41,79.3593816983195,Epidemic intelligence subnational data
Italy,Sicilia,ITG1,2021-42,86.3948606134199,Epidemic intelligence subnational data
Italy,Sicilia,ITG1,2021-43,99.5427964285202,Epidemic intelligence subnational data
Italy,Sicilia,ITG1,2021-44,112.280500236909,Epidemic intelligence subnational data
Italy,Sicilia,ITG1,2021-45,134.474051799996,Epidemic intelligence subnational data
Italy,Sicilia,ITG1,2021-46,152.811422499995,Epidemic intelligence subnational data
Italy,Sicilia,ITG1,2021-47,176.276693283887,Epidemic intelligence subnational data
Italy,Sicilia,ITG1,2021-48,192.009090741269,Epidemic intelligence subnational data
Italy,Sicilia,ITG1,2021-49,224.212303268113,Epidemic intelligence subnational data
Italy,Sicilia,ITG1,2021-50,302.915313755695,Epidemic intelligence subnational data
Italy,Sicilia,ITG1,2021-51,448.957908144951,Epidemic intelligence subnational data
Italy,Sicilia,ITG1,2021-52,893.526333818091,Epidemic intelligence subnational data
Italy,Sicilia,ITG1,2022-01,2064.63615497745,Epidemic intelligence subnational data
Italy,Sicilia,ITG1,2022-02,2870.45488576064,Epidemic intelligence subnational data
Italy,Sicilia,ITG1,2022-03,2424.28655526133,Epidemic intelligence subnational data
Italy,Sicilia,ITG1,2022-04,1989.83034855362,Epidemic intelligence subnational data
Italy,Sardegna,ITG2,2020-13,,Epidemic intelligence subnational data
Italy,Sardegna,ITG2,2020-14,25.6263724535731,Epidemic intelligence subnational data
Italy,Sardegna,ITG2,2020-15,32.451798530796,Epidemic intelligence subnational data
Italy,Sardegna,ITG2,2020-16,20.4142289036939,Epidemic intelligence subnational data
Italy,Sardegna,ITG2,2020-17,7.69411666886942,Epidemic intelligence subnational data
Italy,Sardegna,ITG2,2020-18,5.08804489392978,Epidemic intelligence subnational data
Italy,Sardegna,ITG2,2020-19,3.5988610225357,Epidemic intelligence subnational data
Italy,Sardegna,ITG2,2020-20,2.17172647911637,Epidemic intelligence subnational data
Italy,Sardegna,ITG2,2020-21,0.682542607722287,Epidemic intelligence subnational data
Italy,Sardegna,ITG2,2020-22,0.248197311899014,Epidemic intelligence subnational data
Italy,Sardegna,ITG2,2020-23,0.434345295823274,Epidemic intelligence subnational data
Italy,Sardegna,ITG2,2020-24,0.496394623798027,Epidemic intelligence subnational data
Italy,Sardegna,ITG2,2020-25,-0.0620493279747534,Epidemic intelligence subnational data
Italy,Sardegna,ITG2,2020-26,0.0620493279747534,Epidemic intelligence subnational data
Italy,Sardegna,ITG2,2020-27,0.682542607722287,Epidemic intelligence subnational data
Italy,Sardegna,ITG2,2020-28,0.496394623798027,Epidemic intelligence subnational data
Italy,Sardegna,ITG2,2020-29,0.496394623798027,Epidemic intelligence subnational data
Italy,Sardegna,ITG2,2020-30,1.11688790354556,Epidemic intelligence subnational data
Italy,Sardegna,ITG2,2020-31,2.41992379101538,Epidemic intelligence subnational data
Italy,Sardegna,ITG2,2020-32,4.28140363025798,Epidemic intelligence subnational data
Italy,Sardegna,ITG2,2020-33,5.83263682962682,Epidemic intelligence subnational data
Italy,Sardegna,ITG2,2020-34,24.6956325339518,Epidemic intelligence subnational data
Italy,Sardegna,ITG2,2020-35,45.3580587495447,Epidemic intelligence subnational data
Italy,Sardegna,ITG2,2020-36,46.9092919489136,Epidemic intelligence subnational data
Italy,Sardegna,ITG2,2020-37,44.7375654697972,Epidemic intelligence subnational data
Italy,Sardegna,ITG2,2020-38,45.9785520292923,Epidemic intelligence subnational data
Italy,Sardegna,ITG2,2020-39,54.9136552576567,Epidemic intelligence subnational data
Italy,Sardegna,ITG2,2020-40,63.5385118461475,Epidemic intelligence subnational data
Italy,Sardegna,ITG2,2020-41,89.7233282514934,Epidemic intelligence subnational data
Italy,Sardegna,ITG2,2020-42,130.055391435083,Epidemic intelligence subnational data
Italy,Sardegna,ITG2,2020-43,178.019521959567,Epidemic intelligence subnational data
Italy,Sardegna,ITG2,2020-44,228.217428291143,Epidemic intelligence subnational data
Italy,Sardegna,ITG2,2020-45,274.506226960309,Epidemic intelligence subnational data
Italy,Sardegna,ITG2,2020-46,337.548344182658,Epidemic intelligence subnational data
Italy,Sardegna,ITG2,2020-47,397.736192318169,Epidemic intelligence subnational data
Italy,Sardegna,ITG2,2020-48,364.912097819525,Epidemic intelligence subnational data
Italy,Sardegna,ITG2,2020-49,344.62196757178,Epidemic intelligence subnational data
Italy,Sardegna,ITG2,2020-50,312.170169040984,Epidemic intelligence subnational data
Italy,Sardegna,ITG2,2020-51,256.325773863706,Epidemic intelligence subnational data
Italy,Sardegna,ITG2,2020-52,235.477199664189,Epidemic intelligence subnational data
Italy,Sardegna,ITG2,2020-53,208.175495355298,Epidemic intelligence subnational data
Italy,Sardegna,ITG2,2021-01,231.071697377982,Epidemic intelligence subnational data
Italy,Sardegna,ITG2,2021-02,240.254997918245,Epidemic intelligence subnational data
Italy,Sardegna,ITG2,2021-03,200.605477342378,Epidemic intelligence subnational data
Italy,Sardegna,ITG2,2021-04,170.635651930572,Epidemic intelligence subnational data
Italy,Sardegna,ITG2,2021-05,144.264687541302,Epidemic intelligence subnational data
Italy,Sardegna,ITG2,2021-06,99.4650727435297,Epidemic intelligence subnational data
Italy,Sardegna,ITG2,2021-07,73.3423056661585,Epidemic intelligence subnational data
Italy,Sardegna,ITG2,2021-08,60.373996119435,Epidemic intelligence subnational data
Italy,Sardegna,ITG2,2021-09,65.0276957175415,Epidemic intelligence subnational data
Italy,Sardegna,ITG2,2021-10,81.7189649427502,Epidemic intelligence subnational data
Italy,Sardegna,ITG2,2021-11,99.5891713994792,Epidemic intelligence subnational data
Italy,Sardegna,ITG2,2021-12,142.775503669908,Epidemic intelligence subnational data
Italy,Sardegna,ITG2,2021-13,237.090482191533,Epidemic intelligence subnational data
Italy,Sardegna,ITG2,2021-14,283.069034220825,Epidemic intelligence subnational data
Italy,Sardegna,ITG2,2021-15,279.408123870314,Epidemic intelligence subnational data
Italy,Sardegna,ITG2,2021-16,258.993894966621,Epidemic intelligence subnational data
Italy,Sardegna,ITG2,2021-17,194.462593872877,Epidemic intelligence subnational data
Italy,Sardegna,ITG2,2021-18,129.807194123184,Epidemic intelligence subnational data
Italy,Sardegna,ITG2,2021-19,79.3610904797096,Epidemic intelligence subnational data
Italy,Sardegna,ITG2,2021-20,47.5918345566358,Epidemic intelligence subnational data
Italy,Sardegna,ITG2,2021-21,31.2728612992757,Epidemic intelligence subnational data
Italy,Sardegna,ITG2,2021-22,27.1155563249672,Epidemic intelligence subnational data
Italy,Sardegna,ITG2,2021-23,23.5787446304063,Epidemic intelligence subnational data
Italy,Sardegna,ITG2,2021-24,14.6436414020418,Epidemic intelligence subnational data
Italy,Sardegna,ITG2,2021-25,10.4863364277333,Epidemic intelligence subnational data
Italy,Sardegna,ITG2,2021-26,11.6032243312789,Epidemic intelligence subnational data
Italy,Sardegna,ITG2,2021-27,23.0823500066083,Epidemic intelligence subnational data
Italy,Sardegna,ITG2,2021-28,78.3062519041388,Epidemic intelligence subnational data
Italy,Sardegna,ITG2,2021-29,169.704912010951,Epidemic intelligence subnational data
Italy,Sardegna,ITG2,2021-30,235.415150336214,Epidemic intelligence subnational data
Italy,Sardegna,ITG2,2021-31,279.904518494112,Epidemic intelligence subnational data
Italy,Sardegna,ITG2,2021-32,306.461630867307,Epidemic intelligence subnational data
Italy,Sardegna,ITG2,2021-33,300.815142021604,Epidemic intelligence subnational data
Italy,Sardegna,ITG2,2021-34,276.7400027674,Epidemic intelligence subnational data
Italy,Sardegna,ITG2,2021-35,228.093329635193,Epidemic intelligence subnational data
Italy,Sardegna,ITG2,2021-36,154.626925313085,Epidemic intelligence subnational data
Italy,Sardegna,ITG2,2021-37,88.4823416919983,Epidemic intelligence subnational data
Italy,Sardegna,ITG2,2021-38,51.7491395309443,Epidemic intelligence subnational data
Italy,Sardegna,ITG2,2021-39,40.3320631835897,Epidemic intelligence subnational data
Italy,Sardegna,ITG2,2021-40,35.6163142575084,Epidemic intelligence subnational data
Italy,Sardegna,ITG2,2021-41,26.5571123731944,Epidemic intelligence subnational data
Italy,Sardegna,ITG2,2021-42,19.7937356239463,Epidemic intelligence subnational data
Italy,Sardegna,ITG2,2021-43,21.9654621030627,Epidemic intelligence subnational data
Italy,Sardegna,ITG2,2021-44,37.8500900645996,Epidemic intelligence subnational data
Italy,Sardegna,ITG2,2021-45,58.3263682962682,Epidemic intelligence subnational data
Italy,Sardegna,ITG2,2021-46,80.8502743511036,Epidemic intelligence subnational data
Italy,Sardegna,ITG2,2021-47,100.892207286949,Epidemic intelligence subnational data
Italy,Sardegna,ITG2,2021-48,115.721996672915,Epidemic intelligence subnational data
Italy,Sardegna,ITG2,2021-49,131.792772618376,Epidemic intelligence subnational data
Italy,Sardegna,ITG2,2021-50,175.041154216779,Epidemic intelligence subnational data
Italy,Sardegna,ITG2,2021-51,258.497500342823,Epidemic intelligence subnational data
Italy,Sardegna,ITG2,2021-52,481.564834412061,Epidemic intelligence subnational data
Italy,Sardegna,ITG2,2022-01,881.100457241498,Epidemic intelligence subnational data
Italy,Sardegna,ITG2,2022-02,1108.82149090884,Epidemic intelligence subnational data
Italy,Sardegna,ITG2,2022-03,1106.40156711783,Epidemic intelligence subnational data
Italy,Sardegna,ITG2,2022-04,1054.34218094701,Epidemic intelligence subnational data
Italy,"Provincia Autonoma Di Bolzano
Bozen",ITH1,2020-13,,Epidemic intelligence subnational data
Italy,"Provincia Autonoma Di Bolzano
Bozen",ITH1,2020-14,138.554081149886,Epidemic intelligence subnational data
Italy,"Provincia Autonoma Di Bolzano
Bozen",ITH1,2020-15,189.620083958516,Epidemic intelligence subnational data
Italy,"Provincia Autonoma Di Bolzano
Bozen",ITH1,2020-16,143.810875556657,Epidemic intelligence subnational data
Italy,"Provincia Autonoma Di Bolzano
Bozen",ITH1,2020-17,51.4414881233995,Epidemic intelligence subnational data
Italy,"Provincia Autonoma Di Bolzano
Bozen",ITH1,2020-18,24.7820307747764,Epidemic intelligence subnational data
Italy,"Provincia Autonoma Di Bolzano
Bozen",ITH1,2020-19,13.8929566464656,Epidemic intelligence subnational data
Italy,"Provincia Autonoma Di Bolzano
Bozen",ITH1,2020-20,7.50970629538679,Epidemic intelligence subnational data
Italy,"Provincia Autonoma Di Bolzano
Bozen",ITH1,2020-21,3.94259580507806,Epidemic intelligence subnational data
Italy,"Provincia Autonoma Di Bolzano
Bozen",ITH1,2020-22,3.00388251815472,Epidemic intelligence subnational data
Italy,"Provincia Autonoma Di Bolzano
Bozen",ITH1,2020-23,2.06516923123137,Epidemic intelligence subnational data
Italy,"Provincia Autonoma Di Bolzano
Bozen",ITH1,2020-24,2.44065454600071,Epidemic intelligence subnational data
Italy,"Provincia Autonoma Di Bolzano
Bozen",ITH1,2020-25,5.44453706415542,Epidemic intelligence subnational data
Italy,"Provincia Autonoma Di Bolzano
Bozen",ITH1,2020-26,5.25679440677075,Epidemic intelligence subnational data
Italy,"Provincia Autonoma Di Bolzano
Bozen",ITH1,2020-27,2.81613986077005,Epidemic intelligence subnational data
Italy,"Provincia Autonoma Di Bolzano
Bozen",ITH1,2020-28,6.57099300846344,Epidemic intelligence subnational data
Italy,"Provincia Autonoma Di Bolzano
Bozen",ITH1,2020-29,6.94647832323278,Epidemic intelligence subnational data
Italy,"Provincia Autonoma Di Bolzano
Bozen",ITH1,2020-30,3.37936783292405,Epidemic intelligence subnational data
Italy,"Provincia Autonoma Di Bolzano
Bozen",ITH1,2020-31,10.3258461561568,Epidemic intelligence subnational data
Italy,"Provincia Autonoma Di Bolzano
Bozen",ITH1,2020-32,15.5826405629276,Epidemic intelligence subnational data
Italy,"Provincia Autonoma Di Bolzano
Bozen",ITH1,2020-33,12.0155300726189,Epidemic intelligence subnational data
Italy,"Provincia Autonoma Di Bolzano
Bozen",ITH1,2020-34,22.153633571391,Epidemic intelligence subnational data
Italy,"Provincia Autonoma Di Bolzano
Bozen",ITH1,2020-35,27.0349426633924,Epidemic intelligence subnational data
Italy,"Provincia Autonoma Di Bolzano
Bozen",ITH1,2020-36,21.4026629418523,Epidemic intelligence subnational data
Italy,"Provincia Autonoma Di Bolzano
Bozen",ITH1,2020-37,39.0504727360113,Epidemic intelligence subnational data
Italy,"Provincia Autonoma Di Bolzano
Bozen",ITH1,2020-38,60.4531356778636,Epidemic intelligence subnational data
Italy,"Provincia Autonoma Di Bolzano
Bozen",ITH1,2020-39,68.7138126027891,Epidemic intelligence subnational data
Italy,"Provincia Autonoma Di Bolzano
Bozen",ITH1,2020-40,65.7099300846344,Epidemic intelligence subnational data
Italy,"Provincia Autonoma Di Bolzano
Bozen",ITH1,2020-41,116.58819023588,Epidemic intelligence subnational data
Italy,"Provincia Autonoma Di Bolzano
Bozen",ITH1,2020-42,269.222970689616,Epidemic intelligence subnational data
Italy,"Provincia Autonoma Di Bolzano
Bozen",ITH1,2020-43,535.817544175847,Epidemic intelligence subnational data
Italy,"Provincia Autonoma Di Bolzano
Bozen",ITH1,2020-44,796.028867310999,Epidemic intelligence subnational data
Italy,"Provincia Autonoma Di Bolzano
Bozen",ITH1,2020-45,1260.1287163659,Epidemic intelligence subnational data
Italy,"Provincia Autonoma Di Bolzano
Bozen",ITH1,2020-46,1594.498389168,Epidemic intelligence subnational data
Italy,"Provincia Autonoma Di Bolzano
Bozen",ITH1,2020-47,1455.19333738858,Epidemic intelligence subnational data
Italy,"Provincia Autonoma Di Bolzano
Bozen",ITH1,2020-48,1113.50170094848,Epidemic intelligence subnational data
Italy,"Provincia Autonoma Di Bolzano
Bozen",ITH1,2020-49,753.974512056833,Epidemic intelligence subnational data
Italy,"Provincia Autonoma Di Bolzano
Bozen",ITH1,2020-50,577.308671457859,Epidemic intelligence subnational data
Italy,"Provincia Autonoma Di Bolzano
Bozen",ITH1,2020-51,504.840005707377,Epidemic intelligence subnational data
Italy,"Provincia Autonoma Di Bolzano
Bozen",ITH1,2020-52,388.815043443651,Epidemic intelligence subnational data
Italy,"Provincia Autonoma Di Bolzano
Bozen",ITH1,2020-53,341.31615112533,Epidemic intelligence subnational data
Italy,"Provincia Autonoma Di Bolzano
Bozen",ITH1,2021-01,510.847770743686,Epidemic intelligence subnational data
Italy,"Provincia Autonoma Di Bolzano
Bozen",ITH1,2021-02,694.835574980663,Epidemic intelligence subnational data
Italy,"Provincia Autonoma Di Bolzano
Bozen",ITH1,2021-03,968.188884132742,Epidemic intelligence subnational data
Italy,"Provincia Autonoma Di Bolzano
Bozen",ITH1,2021-04,1276.46232755837,Epidemic intelligence subnational data
Italy,"Provincia Autonoma Di Bolzano
Bozen",ITH1,2021-05,1489.73798634735,Epidemic intelligence subnational data
Italy,"Provincia Autonoma Di Bolzano
Bozen",ITH1,2021-06,1558.45179895014,Epidemic intelligence subnational data
Italy,"Provincia Autonoma Di Bolzano
Bozen",ITH1,2021-07,1321.14508001592,Epidemic intelligence subnational data
Italy,"Provincia Autonoma Di Bolzano
Bozen",ITH1,2021-08,965.185001614587,Epidemic intelligence subnational data
Italy,"Provincia Autonoma Di Bolzano
Bozen",ITH1,2021-09,683.195530222813,Epidemic intelligence subnational data
Italy,"Provincia Autonoma Di Bolzano
Bozen",ITH1,2021-10,455.839172129978,Epidemic intelligence subnational data
Italy,"Provincia Autonoma Di Bolzano
Bozen",ITH1,2021-11,2336.83285646698,Epidemic intelligence subnational data
Italy,"Provincia Autonoma Di Bolzano
Bozen",ITH1,2021-12,2310.73662709052,Epidemic intelligence subnational data
Italy,"Provincia Autonoma Di Bolzano
Bozen",ITH1,2021-13,301.890193074549,Epidemic intelligence subnational data
Italy,"Provincia Autonoma Di Bolzano
Bozen",ITH1,2021-14,256.456469987459,Epidemic intelligence subnational data
Italy,"Provincia Autonoma Di Bolzano
Bozen",ITH1,2021-15,174.976156682512,Epidemic intelligence subnational data
Italy,"Provincia Autonoma Di Bolzano
Bozen",ITH1,2021-16,159.581258776969,Epidemic intelligence subnational data
Italy,"Provincia Autonoma Di Bolzano
Bozen",ITH1,2021-17,179.29423780236,Epidemic intelligence subnational data
Italy,"Provincia Autonoma Di Bolzano
Bozen",ITH1,2021-18,174.600671367743,Epidemic intelligence subnational data
Italy,"Provincia Autonoma Di Bolzano
Bozen",ITH1,2021-19,164.087082554201,Epidemic intelligence subnational data
Italy,"Provincia Autonoma Di Bolzano
Bozen",ITH1,2021-20,149.818640592966,Epidemic intelligence subnational data
Italy,"Provincia Autonoma Di Bolzano
Bozen",ITH1,2021-21,125.599837790344,Epidemic intelligence subnational data
Italy,"Provincia Autonoma Di Bolzano
Bozen",ITH1,2021-22,86.1738797395634,Epidemic intelligence subnational data
Italy,"Provincia Autonoma Di Bolzano
Bozen",ITH1,2021-23,55.5718265858622,Epidemic intelligence subnational data
Italy,"Provincia Autonoma Di Bolzano
Bozen",ITH1,2021-24,36.2343328752413,Epidemic intelligence subnational data
Italy,"Provincia Autonoma Di Bolzano
Bozen",ITH1,2021-25,18.3987804236976,Epidemic intelligence subnational data
Italy,"Provincia Autonoma Di Bolzano
Bozen",ITH1,2021-26,13.8929566464656,Epidemic intelligence subnational data
Italy,"Provincia Autonoma Di Bolzano
Bozen",ITH1,2021-27,18.9620083958516,Epidemic intelligence subnational data
Italy,"Provincia Autonoma Di Bolzano
Bozen",ITH1,2021-28,32.8549650423172,Epidemic intelligence subnational data
Italy,"Provincia Autonoma Di Bolzano
Bozen",ITH1,2021-29,49.0008335773988,Epidemic intelligence subnational data
Italy,"Provincia Autonoma Di Bolzano
Bozen",ITH1,2021-30,58.5757091040169,Epidemic intelligence subnational data
Italy,"Provincia Autonoma Di Bolzano
Bozen",ITH1,2021-31,61.0163636500177,Epidemic intelligence subnational data
Italy,"Provincia Autonoma Di Bolzano
Bozen",ITH1,2021-32,83.545482536178,Epidemic intelligence subnational data
Italy,"Provincia Autonoma Di Bolzano
Bozen",ITH1,2021-33,117.339160865419,Epidemic intelligence subnational data
Italy,"Provincia Autonoma Di Bolzano
Bozen",ITH1,2021-34,134.799228002193,Epidemic intelligence subnational data
Italy,"Provincia Autonoma Di Bolzano
Bozen",ITH1,2021-35,156.577376258815,Epidemic intelligence subnational data
Italy,"Provincia Autonoma Di Bolzano
Bozen",ITH1,2021-36,180.983921718822,Epidemic intelligence subnational data
Italy,"Provincia Autonoma Di Bolzano
Bozen",ITH1,2021-37,175.163899339897,Epidemic intelligence subnational data
Italy,"Provincia Autonoma Di Bolzano
Bozen",ITH1,2021-38,144.561846186196,Epidemic intelligence subnational data
Italy,"Provincia Autonoma Di Bolzano
Bozen",ITH1,2021-39,139.305051779425,Epidemic intelligence subnational data
Italy,"Provincia Autonoma Di Bolzano
Bozen",ITH1,2021-40,143.435390241888,Epidemic intelligence subnational data
Italy,"Provincia Autonoma Di Bolzano
Bozen",ITH1,2021-41,129.730176252807,Epidemic intelligence subnational data
Italy,"Provincia Autonoma Di Bolzano
Bozen",ITH1,2021-42,152.071552481582,Epidemic intelligence subnational data
Italy,"Provincia Autonoma Di Bolzano
Bozen",ITH1,2021-43,245.379653201763,Epidemic intelligence subnational data
Italy,"Provincia Autonoma Di Bolzano
Bozen",ITH1,2021-44,396.700235053807,Epidemic intelligence subnational data
Italy,"Provincia Autonoma Di Bolzano
Bozen",ITH1,2021-45,640.014719024339,Epidemic intelligence subnational data
Italy,"Provincia Autonoma Di Bolzano
Bozen",ITH1,2021-46,814.990875706851,Epidemic intelligence subnational data
Italy,"Provincia Autonoma Di Bolzano
Bozen",ITH1,2021-47,932.893264544424,Epidemic intelligence subnational data
Italy,"Provincia Autonoma Di Bolzano
Bozen",ITH1,2021-48,1178.0851750888,Epidemic intelligence subnational data
Italy,"Provincia Autonoma Di Bolzano
Bozen",ITH1,2021-49,1217.88661845435,Epidemic intelligence subnational data
Italy,"Provincia Autonoma Di Bolzano
Bozen",ITH1,2021-50,1009.68001141475,Epidemic intelligence subnational data
Italy,"Provincia Autonoma Di Bolzano
Bozen",ITH1,2021-51,853.665863128093,Epidemic intelligence subnational data
Italy,"Provincia Autonoma Di Bolzano
Bozen",ITH1,2021-52,1129.27208416879,Epidemic intelligence subnational data
Italy,"Provincia Autonoma Di Bolzano
Bozen",ITH1,2022-01,2573.57634742905,Epidemic intelligence subnational data
Italy,"Provincia Autonoma Di Bolzano
Bozen",ITH1,2022-02,4899.70787242511,Epidemic intelligence subnational data
Italy,"Provincia Autonoma Di Bolzano
Bozen",ITH1,2022-03,6608.1660546256,Epidemic intelligence subnational data
Italy,"Provincia Autonoma Di Bolzano
Bozen",ITH1,2022-04,6397.70653569739,Epidemic intelligence subnational data
Italy,Provincia Autonoma Di Trento,ITH2,2020-13,,Epidemic intelligence subnational data
Italy,Provincia Autonoma Di Trento,ITH2,2020-14,181.143145253701,Epidemic intelligence subnational data
Italy,Provincia Autonoma Di Trento,ITH2,2020-15,298.116147958014,Epidemic intelligence subnational data
Italy,Provincia Autonoma Di Trento,ITH2,2020-16,243.663198423248,Epidemic intelligence subnational data
Italy,Provincia Autonoma Di Trento,ITH2,2020-17,147.591327863593,Epidemic intelligence subnational data
Italy,Provincia Autonoma Di Trento,ITH2,2020-18,118.623092084155,Epidemic intelligence subnational data
Italy,Provincia Autonoma Di Trento,ITH2,2020-19,49.8693679240959,Epidemic intelligence subnational data
Italy,Provincia Autonoma Di Trento,ITH2,2020-20,16.5008937984141,Epidemic intelligence subnational data
Italy,Provincia Autonoma Di Trento,ITH2,2020-21,21.6345052023651,Epidemic intelligence subnational data
Italy,Provincia Autonoma Di Trento,ITH2,2020-22,14.8508044185727,Epidemic intelligence subnational data
Italy,Provincia Autonoma Di Trento,ITH2,2020-23,4.40023834624375,Epidemic intelligence subnational data
Italy,Provincia Autonoma Di Trento,ITH2,2020-24,2.93349223082917,Epidemic intelligence subnational data
Italy,Provincia Autonoma Di Trento,ITH2,2020-25,4.7669248750974,Epidemic intelligence subnational data
Italy,Provincia Autonoma Di Trento,ITH2,2020-26,76.0874547371316,Epidemic intelligence subnational data
Italy,Provincia Autonoma Di Trento,ITH2,2020-27,75.3540816794243,Epidemic intelligence subnational data
Italy,Provincia Autonoma Di Trento,ITH2,2020-28,3.30017875968282,Epidemic intelligence subnational data
Italy,Provincia Autonoma Di Trento,ITH2,2020-29,2.75014896640235,Epidemic intelligence subnational data
Italy,Provincia Autonoma Di Trento,ITH2,2020-30,15.58417747628,Epidemic intelligence subnational data
Italy,Provincia Autonoma Di Trento,ITH2,2020-31,16.8675803272677,Epidemic intelligence subnational data
Italy,Provincia Autonoma Di Trento,ITH2,2020-32,5.86698446165834,Epidemic intelligence subnational data
Italy,Provincia Autonoma Di Trento,ITH2,2020-33,4.21689508181693,Epidemic intelligence subnational data
Italy,Provincia Autonoma Di Trento,ITH2,2020-34,6.23367099051199,Epidemic intelligence subnational data
Italy,Provincia Autonoma Di Trento,ITH2,2020-35,17.0509235916946,Epidemic intelligence subnational data
Italy,Provincia Autonoma Di Trento,ITH2,2020-36,58.6698446165834,Epidemic intelligence subnational data
Italy,Provincia Autonoma Di Trento,ITH2,2020-37,81.0377228766558,Epidemic intelligence subnational data
Italy,Provincia Autonoma Di Trento,ITH2,2020-38,74.9873951505707,Epidemic intelligence subnational data
Italy,Provincia Autonoma Di Trento,ITH2,2020-39,75.9041114727048,Epidemic intelligence subnational data
Italy,Provincia Autonoma Di Trento,ITH2,2020-40,92.221662006692,Epidemic intelligence subnational data
Italy,Provincia Autonoma Di Trento,ITH2,2020-41,102.305541550167,Epidemic intelligence subnational data
Italy,Provincia Autonoma Di Trento,ITH2,2020-42,138.240821377825,Epidemic intelligence subnational data
Italy,Provincia Autonoma Di Trento,ITH2,2020-43,302.333043039831,Epidemic intelligence subnational data
Italy,Provincia Autonoma Di Trento,ITH2,2020-44,461.474996562314,Epidemic intelligence subnational data
Italy,Provincia Autonoma Di Trento,ITH2,2020-45,546.54627125636,Epidemic intelligence subnational data
Italy,Provincia Autonoma Di Trento,ITH2,2020-46,589.26525186781,Epidemic intelligence subnational data
Italy,Provincia Autonoma Di Trento,ITH2,2020-47,565.063940963469,Epidemic intelligence subnational data
Italy,Provincia Autonoma Di Trento,ITH2,2020-48,547.09630104964,Epidemic intelligence subnational data
Italy,Provincia Autonoma Di Trento,ITH2,2020-49,557.913553650823,Epidemic intelligence subnational data
Italy,Provincia Autonoma Di Trento,ITH2,2020-50,501.627171471788,Epidemic intelligence subnational data
Italy,Provincia Autonoma Di Trento,ITH2,2020-51,529.128661135812,Epidemic intelligence subnational data
Italy,Provincia Autonoma Di Trento,ITH2,2020-52,491.176605399459,Epidemic intelligence subnational data
Italy,Provincia Autonoma Di Trento,ITH2,2020-53,424.989686941376,Epidemic intelligence subnational data
Italy,Provincia Autonoma Di Trento,ITH2,2021-01,469.542100197094,Epidemic intelligence subnational data
Italy,Provincia Autonoma Di Trento,ITH2,2021-02,487.143053582069,Epidemic intelligence subnational data
Italy,Provincia Autonoma Di Trento,ITH2,2021-03,465.691891644131,Epidemic intelligence subnational data
Italy,Provincia Autonoma Di Trento,ITH2,2021-04,449.374341110144,Epidemic intelligence subnational data
Italy,Provincia Autonoma Di Trento,ITH2,2021-05,499.610395563093,Epidemic intelligence subnational data
Italy,Provincia Autonoma Di Trento,ITH2,2021-06,509.144245313288,Epidemic intelligence subnational data
Italy,Provincia Autonoma Di Trento,ITH2,2021-07,562.497135261493,Epidemic intelligence subnational data
Italy,Provincia Autonoma Di Trento,ITH2,2021-08,689.003987716001,Epidemic intelligence subnational data
Italy,Provincia Autonoma Di Trento,ITH2,2021-09,727.322729981207,Epidemic intelligence subnational data
Italy,Provincia Autonoma Di Trento,ITH2,2021-10,692.854196268965,Epidemic intelligence subnational data
Italy,Provincia Autonoma Di Trento,ITH2,2021-11,635.101067974515,Epidemic intelligence subnational data
Italy,Provincia Autonoma Di Trento,ITH2,2021-12,541.596003116836,Epidemic intelligence subnational data
Italy,Provincia Autonoma Di Trento,ITH2,2021-13,430.489984874181,Epidemic intelligence subnational data
Italy,Provincia Autonoma Di Trento,ITH2,2021-14,292.799193289637,Epidemic intelligence subnational data
Italy,Provincia Autonoma Di Trento,ITH2,2021-15,227.712334418114,Epidemic intelligence subnational data
Italy,Provincia Autonoma Di Trento,ITH2,2021-16,220.928633634322,Epidemic intelligence subnational data
Italy,Provincia Autonoma Di Trento,ITH2,2021-17,195.993949672274,Epidemic intelligence subnational data
Italy,Provincia Autonoma Di Trento,ITH2,2021-18,168.49246000825,Epidemic intelligence subnational data
Italy,Provincia Autonoma Di Trento,ITH2,2021-19,146.124581748178,Epidemic intelligence subnational data
Italy,Provincia Autonoma Di Trento,ITH2,2021-20,115.322913324472,Epidemic intelligence subnational data
Italy,Provincia Autonoma Di Trento,ITH2,2021-21,91.3049456845579,Epidemic intelligence subnational data
Italy,Provincia Autonoma Di Trento,ITH2,2021-22,68.5703808956318,Epidemic intelligence subnational data
Italy,Provincia Autonoma Di Trento,ITH2,2021-23,48.0359352798277,Epidemic intelligence subnational data
Italy,Provincia Autonoma Di Trento,ITH2,2021-24,29.5182655727185,Epidemic intelligence subnational data
Italy,Provincia Autonoma Di Trento,ITH2,2021-25,12.8340285098776,Epidemic intelligence subnational data
Italy,Provincia Autonoma Di Trento,ITH2,2021-26,10.6339093367557,Epidemic intelligence subnational data
Italy,Provincia Autonoma Di Trento,ITH2,2021-27,10.8172526011826,Epidemic intelligence subnational data
Italy,Provincia Autonoma Di Trento,ITH2,2021-28,31.3516982169868,Epidemic intelligence subnational data
Italy,Provincia Autonoma Di Trento,ITH2,2021-29,73.1539625063024,Epidemic intelligence subnational data
Italy,Provincia Autonoma Di Trento,ITH2,2021-30,85.8046477517532,Epidemic intelligence subnational data
Italy,Provincia Autonoma Di Trento,ITH2,2021-31,77.3708575881194,Epidemic intelligence subnational data
Italy,Provincia Autonoma Di Trento,ITH2,2021-32,88.9214832470092,Epidemic intelligence subnational data
Italy,Provincia Autonoma Di Trento,ITH2,2021-33,100.655452170326,Epidemic intelligence subnational data
Italy,Provincia Autonoma Di Trento,ITH2,2021-34,100.655452170326,Epidemic intelligence subnational data
Italy,Provincia Autonoma Di Trento,ITH2,2021-35,88.1881101893019,Epidemic intelligence subnational data
Italy,Provincia Autonoma Di Trento,ITH2,2021-36,78.6542604391071,Epidemic intelligence subnational data
Italy,Provincia Autonoma Di Trento,ITH2,2021-37,81.9544391987899,Epidemic intelligence subnational data
Italy,Provincia Autonoma Di Trento,ITH2,2021-38,70.5871568043269,Epidemic intelligence subnational data
Italy,Provincia Autonoma Di Trento,ITH2,2021-39,65.6368886648027,Epidemic intelligence subnational data
Italy,Provincia Autonoma Di Trento,ITH2,2021-40,68.5703808956318,Epidemic intelligence subnational data
Italy,Provincia Autonoma Di Trento,ITH2,2021-41,63.0700829628272,Epidemic intelligence subnational data
Italy,Provincia Autonoma Di Trento,ITH2,2021-42,74.8040518861438,Epidemic intelligence subnational data
Italy,Provincia Autonoma Di Trento,ITH2,2021-43,105.972406838704,Epidemic intelligence subnational data
Italy,Provincia Autonoma Di Trento,ITH2,2021-44,133.840583031581,Epidemic intelligence subnational data
Italy,Provincia Autonoma Di Trento,ITH2,2021-45,154.375028647385,Epidemic intelligence subnational data
Italy,Provincia Autonoma Di Trento,ITH2,2021-46,218.7285144612,Epidemic intelligence subnational data
Italy,Provincia Autonoma Di Trento,ITH2,2021-47,307.099967914929,Epidemic intelligence subnational data
Italy,Provincia Autonoma Di Trento,ITH2,2021-48,394.554705046523,Epidemic intelligence subnational data
Italy,Provincia Autonoma Di Trento,ITH2,2021-49,480.542696062703,Epidemic intelligence subnational data
Italy,Provincia Autonoma Di Trento,ITH2,2021-50,570.014209102993,Epidemic intelligence subnational data
Italy,Provincia Autonoma Di Trento,ITH2,2021-51,750.057294770133,Epidemic intelligence subnational data
Italy,Provincia Autonoma Di Trento,ITH2,2021-52,1705.09235916946,Epidemic intelligence subnational data
Italy,Provincia Autonoma Di Trento,ITH2,2022-01,3902.46138332493,Epidemic intelligence subnational data
Italy,Provincia Autonoma Di Trento,ITH2,2022-02,5390.47531741303,Epidemic intelligence subnational data
Italy,Provincia Autonoma Di Trento,ITH2,2022-03,5735.52734106431,Epidemic intelligence subnational data
Italy,Provincia Autonoma Di Trento,ITH2,2022-04,5130.12788192694,Epidemic intelligence subnational data
Italy,Veneto,ITH3,2020-13,,Epidemic intelligence subnational data
Italy,Veneto,ITH3,2020-14,87.9459526928247,Epidemic intelligence subnational data
Italy,Veneto,ITH3,2020-15,128.424455738345,Epidemic intelligence subnational data
Italy,Veneto,ITH3,2020-16,106.125412035294,Epidemic intelligence subnational data
Italy,Veneto,ITH3,2020-17,63.2079510847522,Epidemic intelligence subnational data
Italy,Veneto,ITH3,2020-18,40.9498982708608,Epidemic intelligence subnational data
Italy,Veneto,ITH3,2020-19,21.1717942511508,Epidemic intelligence subnational data
Italy,Veneto,ITH3,2020-20,11.2315036298457,Epidemic intelligence subnational data
Italy,Veneto,ITH3,2020-21,7.46034182712379,Epidemic intelligence subnational data
Italy,Veneto,ITH3,2020-22,4.34503425096221,Epidemic intelligence subnational data
Italy,Veneto,ITH3,2020-23,1.7626082338809,Epidemic intelligence subnational data
Italy,Veneto,ITH3,2020-24,1.20923123022062,Epidemic intelligence subnational data
Italy,Veneto,ITH3,2020-25,1.20923123022062,Epidemic intelligence subnational data
Italy,Veneto,ITH3,2020-26,1.33220389770068,Epidemic intelligence subnational data
Italy,Veneto,ITH3,2020-27,1.86508545678095,Epidemic intelligence subnational data
Italy,Veneto,ITH3,2020-28,2.7463895737214,Epidemic intelligence subnational data
Italy,Veneto,ITH3,2020-29,6.76349671140344,Epidemic intelligence subnational data
Italy,Veneto,ITH3,2020-30,8.79254572482447,Epidemic intelligence subnational data
Italy,Veneto,ITH3,2020-31,11.9283487455661,Epidemic intelligence subnational data
Italy,Veneto,ITH3,2020-32,18.2819365653693,Epidemic intelligence subnational data
Italy,Veneto,ITH3,2020-33,21.7866575885511,Epidemic intelligence subnational data
Italy,Veneto,ITH3,2020-34,29.6978991964351,Epidemic intelligence subnational data
Italy,Veneto,ITH3,2020-35,35.0472102318178,Epidemic intelligence subnational data
Italy,Veneto,ITH3,2020-36,39.5152171502601,Epidemic intelligence subnational data
Italy,Veneto,ITH3,2020-37,40.0276032647604,Epidemic intelligence subnational data
Italy,Veneto,ITH3,2020-38,38.6544084778997,Epidemic intelligence subnational data
Italy,Veneto,ITH3,2020-39,47.4879450918842,Epidemic intelligence subnational data
Italy,Veneto,ITH3,2020-40,62.2856560786517,Epidemic intelligence subnational data
Italy,Veneto,ITH3,2020-41,102.887131791652,Epidemic intelligence subnational data
Italy,Veneto,ITH3,2020-42,159.864467724081,Epidemic intelligence subnational data
Italy,Veneto,ITH3,2020-43,300.791144656233,Epidemic intelligence subnational data
Italy,Veneto,ITH3,2020-44,490.94787946957,Epidemic intelligence subnational data
Italy,Veneto,ITH3,2020-45,707.09283801036,Epidemic intelligence subnational data
Italy,Veneto,ITH3,2020-46,861.730967366538,Epidemic intelligence subnational data
Italy,Veneto,ITH3,2020-47,896.265791483856,Epidemic intelligence subnational data
Italy,Veneto,ITH3,2020-48,876.180255795446,Epidemic intelligence subnational data
Italy,Veneto,ITH3,2020-49,872.634543883104,Epidemic intelligence subnational data
Italy,Veneto,ITH3,2020-50,981.280895601739,Epidemic intelligence subnational data
Italy,Veneto,ITH3,2020-51,1059.7579528986,Epidemic intelligence subnational data
Italy,Veneto,ITH3,2020-52,1024.03439299564,Epidemic intelligence subnational data
Italy,Veneto,ITH3,2020-53,972.303890875695,Epidemic intelligence subnational data
Italy,Veneto,ITH3,2021-01,907.271845223321,Epidemic intelligence subnational data
Italy,Veneto,ITH3,2021-02,660.445206146256,Epidemic intelligence subnational data
Italy,Veneto,ITH3,2021-03,379.268201953093,Epidemic intelligence subnational data
Italy,Veneto,ITH3,2021-04,277.200887944641,Epidemic intelligence subnational data
Italy,Veneto,ITH3,2021-05,226.925562389875,Epidemic intelligence subnational data
Italy,Veneto,ITH3,2021-06,184.889405556274,Epidemic intelligence subnational data
Italy,Veneto,ITH3,2021-07,199.584639320142,Epidemic intelligence subnational data
Italy,Veneto,ITH3,2021-08,256.889902365851,Epidemic intelligence subnational data
Italy,Veneto,ITH3,2021-09,333.071469869749,Epidemic intelligence subnational data
Italy,Veneto,ITH3,2021-10,428.457268945118,Epidemic intelligence subnational data
Italy,Veneto,ITH3,2021-11,497.403944512273,Epidemic intelligence subnational data
Italy,Veneto,ITH3,2021-12,496.727594841133,Epidemic intelligence subnational data
Italy,Veneto,ITH3,2021-13,448.829740857648,Epidemic intelligence subnational data
Italy,Veneto,ITH3,2021-14,336.186777445911,Epidemic intelligence subnational data
Italy,Veneto,ITH3,2021-15,256.43900258509,Epidemic intelligence subnational data
Italy,Veneto,ITH3,2021-16,257.648233815311,Epidemic intelligence subnational data
Italy,Veneto,ITH3,2021-17,236.906843900341,Epidemic intelligence subnational data
Italy,Veneto,ITH3,2021-18,191.878352158058,Epidemic intelligence subnational data
Italy,Veneto,ITH3,2021-19,140.291318150171,Epidemic intelligence subnational data
Italy,Veneto,ITH3,2021-20,89.0936975893053,Epidemic intelligence subnational data
Italy,Veneto,ITH3,2021-21,60.994443070111,Epidemic intelligence subnational data
Italy,Veneto,ITH3,2021-22,40.2940440443005,Epidemic intelligence subnational data
Italy,Veneto,ITH3,2021-23,26.7875460660736,Epidemic intelligence subnational data
Italy,Veneto,ITH3,2021-24,20.0240493546702,Epidemic intelligence subnational data
Italy,Veneto,ITH3,2021-25,14.3263157614273,Epidemic intelligence subnational data
Italy,Veneto,ITH3,2021-26,13.9778932035671,Epidemic intelligence subnational data
Italy,Veneto,ITH3,2021-27,23.6927339344921,Epidemic intelligence subnational data
Italy,Veneto,ITH3,2021-28,63.3104283076522,Epidemic intelligence subnational data
Italy,Veneto,ITH3,2021-29,129.818145969786,Epidemic intelligence subnational data
Italy,Veneto,ITH3,2021-30,169.661290233326,Epidemic intelligence subnational data
Italy,Veneto,ITH3,2021-31,190.423175592877,Epidemic intelligence subnational data
Italy,Veneto,ITH3,2021-32,184.991882779174,Epidemic intelligence subnational data
Italy,Veneto,ITH3,2021-33,157.40501437448,Epidemic intelligence subnational data
Italy,Veneto,ITH3,2021-34,166.586973546325,Epidemic intelligence subnational data
Italy,Veneto,ITH3,2021-35,177.75699084243,Epidemic intelligence subnational data
Italy,Veneto,ITH3,2021-36,164.680897200384,Epidemic intelligence subnational data
Italy,Veneto,ITH3,2021-37,142.340862608172,Epidemic intelligence subnational data
Italy,Veneto,ITH3,2021-38,120.287764240081,Epidemic intelligence subnational data
Italy,Veneto,ITH3,2021-39,103.788931353173,Epidemic intelligence subnational data
Italy,Veneto,ITH3,2021-40,93.2132819498874,Epidemic intelligence subnational data
Italy,Veneto,ITH3,2021-41,89.5241019254855,Epidemic intelligence subnational data
Italy,Veneto,ITH3,2021-42,98.8495292093903,Epidemic intelligence subnational data
Italy,Veneto,ITH3,2021-43,122.521767699302,Epidemic intelligence subnational data
Italy,Veneto,ITH3,2021-44,161.565589624222,Epidemic intelligence subnational data
Italy,Veneto,ITH3,2021-45,229.364520294897,Epidemic intelligence subnational data
Italy,Veneto,ITH3,2021-46,333.93227854211,Epidemic intelligence subnational data
Italy,Veneto,ITH3,2021-47,466.947713866378,Epidemic intelligence subnational data
Italy,Veneto,ITH3,2021-48,627.570513039919,Epidemic intelligence subnational data
Italy,Veneto,ITH3,2021-49,805.90137633059,Epidemic intelligence subnational data
Italy,Veneto,ITH3,2021-50,990.196413994044,Epidemic intelligence subnational data
Italy,Veneto,ITH3,2021-51,1150.47079060973,Epidemic intelligence subnational data
Italy,Veneto,ITH3,2021-52,1837.88800182328,Epidemic intelligence subnational data
Italy,Veneto,ITH3,2022-01,3299.68459560336,Epidemic intelligence subnational data
Italy,Veneto,ITH3,2022-02,4460.03419050065,Epidemic intelligence subnational data
Italy,Veneto,ITH3,2022-03,4998.92091484286,Epidemic intelligence subnational data
Italy,Veneto,ITH3,2022-04,5394.79042690576,Epidemic intelligence subnational data
Italy,Friuli-Venezia Giulia,ITH4,2020-13,,Epidemic intelligence subnational data
Italy,Friuli-Venezia Giulia,ITH4,2020-14,68.3957102210549,Epidemic intelligence subnational data
Italy,Friuli-Venezia Giulia,ITH4,2020-15,88.2097402123666,Epidemic intelligence subnational data
Italy,Friuli-Venezia Giulia,ITH4,2020-16,61.680495035715,Epidemic intelligence subnational data
Italy,Friuli-Venezia Giulia,ITH4,2020-17,37.3896549208434,Epidemic intelligence subnational data
Italy,Friuli-Venezia Giulia,ITH4,2020-18,83.9816417623378,Epidemic intelligence subnational data
Italy,Friuli-Venezia Giulia,ITH4,2020-19,11.8552564383162,Epidemic intelligence subnational data
Italy,Friuli-Venezia Giulia,ITH4,2020-20,-50.322661944461,Epidemic intelligence subnational data
Italy,Friuli-Venezia Giulia,ITH4,2020-21,9.3681397030051,Epidemic intelligence subnational data
Italy,Friuli-Venezia Giulia,ITH4,2020-22,6.46650351180883,Epidemic intelligence subnational data
Italy,Friuli-Venezia Giulia,ITH4,2020-23,2.7358284088422,Epidemic intelligence subnational data
Italy,Friuli-Venezia Giulia,ITH4,2020-24,1.74098171471776,Epidemic intelligence subnational data
Italy,Friuli-Venezia Giulia,ITH4,2020-25,1.74098171471776,Epidemic intelligence subnational data
Italy,Friuli-Venezia Giulia,ITH4,2020-26,0.911942802947399,Epidemic intelligence subnational data
Italy,Friuli-Venezia Giulia,ITH4,2020-27,1.8238856058948,Epidemic intelligence subnational data
Italy,Friuli-Venezia Giulia,ITH4,2020-28,2.48711673531109,Epidemic intelligence subnational data
Italy,Friuli-Venezia Giulia,ITH4,2020-29,2.57002062648813,Epidemic intelligence subnational data
Italy,Friuli-Venezia Giulia,ITH4,2020-30,3.06744397355034,Epidemic intelligence subnational data
Italy,Friuli-Venezia Giulia,ITH4,2020-31,4.8084256882681,Epidemic intelligence subnational data
Italy,Friuli-Venezia Giulia,ITH4,2020-32,6.38359962063179,Epidemic intelligence subnational data
Italy,Friuli-Venezia Giulia,ITH4,2020-33,8.78781246476585,Epidemic intelligence subnational data
Italy,Friuli-Venezia Giulia,ITH4,2020-34,16.4978743442302,Epidemic intelligence subnational data
Italy,Friuli-Venezia Giulia,ITH4,2020-35,21.8866272707376,Epidemic intelligence subnational data
Italy,Friuli-Venezia Giulia,ITH4,2020-36,24.4566478972257,Epidemic intelligence subnational data
Italy,Friuli-Venezia Giulia,ITH4,2020-37,32.7470370149293,Epidemic intelligence subnational data
Italy,Friuli-Venezia Giulia,ITH4,2020-38,37.9699821590826,Epidemic intelligence subnational data
Italy,Friuli-Venezia Giulia,ITH4,2020-39,37.8870782679056,Epidemic intelligence subnational data
Italy,Friuli-Venezia Giulia,ITH4,2020-40,46.2603712767862,Epidemic intelligence subnational data
Italy,Friuli-Venezia Giulia,ITH4,2020-41,80.5825822240793,Epidemic intelligence subnational data
Italy,Friuli-Venezia Giulia,ITH4,2020-42,138.781113830359,Epidemic intelligence subnational data
Italy,Friuli-Venezia Giulia,ITH4,2020-43,259.157563819415,Epidemic intelligence subnational data
Italy,Friuli-Venezia Giulia,ITH4,2020-44,400.094178820377,Epidemic intelligence subnational data
Italy,Friuli-Venezia Giulia,ITH4,2020-45,523.289361109453,Epidemic intelligence subnational data
Italy,Friuli-Venezia Giulia,ITH4,2020-46,657.510760925075,Epidemic intelligence subnational data
Italy,Friuli-Venezia Giulia,ITH4,2020-47,827.961161185061,Epidemic intelligence subnational data
Italy,Friuli-Venezia Giulia,ITH4,2020-48,933.249102979897,Epidemic intelligence subnational data
Italy,Friuli-Venezia Giulia,ITH4,2020-49,894.615889691399,Epidemic intelligence subnational data
Italy,Friuli-Venezia Giulia,ITH4,2020-50,815.857193073214,Epidemic intelligence subnational data
Italy,Friuli-Venezia Giulia,ITH4,2020-51,796.623490320142,Epidemic intelligence subnational data
Italy,Friuli-Venezia Giulia,ITH4,2020-52,610.421350736518,Epidemic intelligence subnational data
Italy,Friuli-Venezia Giulia,ITH4,2020-53,509.610219065242,Epidemic intelligence subnational data
Italy,Friuli-Venezia Giulia,ITH4,2021-01,724.580008887297,Epidemic intelligence subnational data
Italy,Friuli-Venezia Giulia,ITH4,2021-02,774.073631919988,Epidemic intelligence subnational data
Italy,Friuli-Venezia Giulia,ITH4,2021-03,657.013337578013,Epidemic intelligence subnational data
Italy,Friuli-Venezia Giulia,ITH4,2021-04,559.103842097933,Epidemic intelligence subnational data
Italy,Friuli-Venezia Giulia,ITH4,2021-05,474.624776988533,Epidemic intelligence subnational data
Italy,Friuli-Venezia Giulia,ITH4,2021-06,375.140107576089,Epidemic intelligence subnational data
Italy,Friuli-Venezia Giulia,ITH4,2021-07,320.340635508068,Epidemic intelligence subnational data
Italy,Friuli-Venezia Giulia,ITH4,2021-08,397.607062085066,Epidemic intelligence subnational data
Italy,Friuli-Venezia Giulia,ITH4,2021-09,584.969856145168,Epidemic intelligence subnational data
Italy,Friuli-Venezia Giulia,ITH4,2021-10,792.644103543644,Epidemic intelligence subnational data
Italy,Friuli-Venezia Giulia,ITH4,2021-11,903.320798264987,Epidemic intelligence subnational data
Italy,Friuli-Venezia Giulia,ITH4,2021-12,816.934943658516,Epidemic intelligence subnational data
Italy,Friuli-Venezia Giulia,ITH4,2021-13,630.649900183715,Epidemic intelligence subnational data
Italy,Friuli-Venezia Giulia,ITH4,2021-14,422.146613873469,Epidemic intelligence subnational data
Italy,Friuli-Venezia Giulia,ITH4,2021-15,290.826850249043,Epidemic intelligence subnational data
Italy,Friuli-Venezia Giulia,ITH4,2021-16,252.525252525253,Epidemic intelligence subnational data
Italy,Friuli-Venezia Giulia,ITH4,2021-17,188.937967992466,Epidemic intelligence subnational data
Italy,Friuli-Venezia Giulia,ITH4,2021-18,131.48557140678,Epidemic intelligence subnational data
Italy,Friuli-Venezia Giulia,ITH4,2021-19,88.4584518858977,Epidemic intelligence subnational data
Italy,Friuli-Venezia Giulia,ITH4,2021-20,53.6388175915425,Epidemic intelligence subnational data
Italy,Friuli-Venezia Giulia,ITH4,2021-21,40.2083872208626,Epidemic intelligence subnational data
Italy,Friuli-Venezia Giulia,ITH4,2021-22,34.5709226208241,Epidemic intelligence subnational data
Italy,Friuli-Venezia Giulia,ITH4,2021-23,30.4257280619723,Epidemic intelligence subnational data
Italy,Friuli-Venezia Giulia,ITH4,2021-24,24.1250323325176,Epidemic intelligence subnational data
Italy,Friuli-Venezia Giulia,ITH4,2021-25,-38.0528860502597,Epidemic intelligence subnational data
Italy,Friuli-Venezia Giulia,ITH4,2021-26,-39.7938677649774,Epidemic intelligence subnational data
Italy,Friuli-Venezia Giulia,ITH4,2021-27,16.4149704530532,Epidemic intelligence subnational data
Italy,Friuli-Venezia Giulia,ITH4,2021-28,21.9695311619146,Epidemic intelligence subnational data
Italy,Friuli-Venezia Giulia,ITH4,2021-29,39.7938677649774,Epidemic intelligence subnational data
Italy,Friuli-Venezia Giulia,ITH4,2021-30,68.0640946563468,Epidemic intelligence subnational data
Italy,Friuli-Venezia Giulia,ITH4,2021-31,93.1010697918118,Epidemic intelligence subnational data
Italy,Friuli-Venezia Giulia,ITH4,2021-32,103.132440624233,Epidemic intelligence subnational data
Italy,Friuli-Venezia Giulia,ITH4,2021-33,99.3188616300895,Epidemic intelligence subnational data
Italy,Friuli-Venezia Giulia,ITH4,2021-34,113.661234803717,Epidemic intelligence subnational data
Italy,Friuli-Venezia Giulia,ITH4,2021-35,136.376900986225,Epidemic intelligence subnational data
Italy,Friuli-Venezia Giulia,ITH4,2021-36,139.444344959775,Epidemic intelligence subnational data
Italy,Friuli-Venezia Giulia,ITH4,2021-37,121.785816139066,Epidemic intelligence subnational data
Italy,Friuli-Venezia Giulia,ITH4,2021-38,93.5155892476969,Epidemic intelligence subnational data
Italy,Friuli-Venezia Giulia,ITH4,2021-39,80.00225498584,Epidemic intelligence subnational data
Italy,Friuli-Venezia Giulia,ITH4,2021-40,74.2818864946245,Epidemic intelligence subnational data
Italy,Friuli-Venezia Giulia,ITH4,2021-41,77.3493304681749,Epidemic intelligence subnational data
Italy,Friuli-Venezia Giulia,ITH4,2021-42,112.832195891946,Epidemic intelligence subnational data
Italy,Friuli-Venezia Giulia,ITH4,2021-43,196.979645436638,Epidemic intelligence subnational data
Italy,Friuli-Venezia Giulia,ITH4,2021-44,313.708324213905,Epidemic intelligence subnational data
Italy,Friuli-Venezia Giulia,ITH4,2021-45,451.909110806025,Epidemic intelligence subnational data
Italy,Friuli-Venezia Giulia,ITH4,2021-46,574.689773639216,Epidemic intelligence subnational data
Italy,Friuli-Venezia Giulia,ITH4,2021-47,649.054564025017,Epidemic intelligence subnational data
Italy,Friuli-Venezia Giulia,ITH4,2021-48,718.776736504905,Epidemic intelligence subnational data
Italy,Friuli-Venezia Giulia,ITH4,2021-49,732.290070766762,Epidemic intelligence subnational data
Italy,Friuli-Venezia Giulia,ITH4,2021-50,742.238537708006,Epidemic intelligence subnational data
Italy,Friuli-Venezia Giulia,ITH4,2021-51,801.266108226056,Epidemic intelligence subnational data
Italy,Friuli-Venezia Giulia,ITH4,2021-52,1322.39996816491,Epidemic intelligence subnational data
Italy,Friuli-Venezia Giulia,ITH4,2022-01,2825.03299574869,Epidemic intelligence subnational data
Italy,Friuli-Venezia Giulia,ITH4,2022-02,4128.53087672523,Epidemic intelligence subnational data
Italy,Friuli-Venezia Giulia,ITH4,2022-03,4796.9020473945,Epidemic intelligence subnational data
Italy,Friuli-Venezia Giulia,ITH4,2022-04,4821.85611863878,Epidemic intelligence subnational data
Italy,Emilia-Romagna,ITH5,2020-13,,Epidemic intelligence subnational data
Italy,Emilia-Romagna,ITH5,2020-14,140.520447595595,Epidemic intelligence subnational data
Italy,Emilia-Romagna,ITH5,2020-15,177.190617006402,Epidemic intelligence subnational data
Italy,Emilia-Romagna,ITH5,2020-16,134.472221730648,Epidemic intelligence subnational data
Italy,Emilia-Romagna,ITH5,2020-17,87.027249945622,Epidemic intelligence subnational data
Italy,Emilia-Romagna,ITH5,2020-18,71.3018626967606,Epidemic intelligence subnational data
Italy,Emilia-Romagna,ITH5,2020-19,43.9504412852794,Epidemic intelligence subnational data
Italy,Emilia-Romagna,ITH5,2020-20,22.2216298445449,Epidemic intelligence subnational data
Italy,Emilia-Romagna,ITH5,2020-21,16.4646148545771,Epidemic intelligence subnational data
Italy,Emilia-Romagna,ITH5,2020-22,12.566869297167,Epidemic intelligence subnational data
Italy,Emilia-Romagna,ITH5,2020-23,7.50428023984128,Epidemic intelligence subnational data
Italy,Emilia-Romagna,ITH5,2020-24,6.02582502840986,Epidemic intelligence subnational data
Italy,Emilia-Romagna,ITH5,2020-25,7.03386267256764,Epidemic intelligence subnational data
Italy,Emilia-Romagna,ITH5,2020-26,8.84833043205165,Epidemic intelligence subnational data
Italy,Emilia-Romagna,ITH5,2020-27,9.99077309543048,Epidemic intelligence subnational data
Italy,Emilia-Romagna,ITH5,2020-28,10.7300007011462,Epidemic intelligence subnational data
Italy,Emilia-Romagna,ITH5,2020-29,11.9172450375987,Epidemic intelligence subnational data
Italy,Emilia-Romagna,ITH5,2020-30,13.5301052682511,Epidemic intelligence subnational data
Italy,Emilia-Romagna,ITH5,2020-31,13.7093119605459,Epidemic intelligence subnational data
Italy,Emilia-Romagna,ITH5,2020-32,6.1602300476309,Epidemic intelligence subnational data
Italy,Emilia-Romagna,ITH5,2020-33,14.5157420758721,Epidemic intelligence subnational data
Italy,Emilia-Romagna,ITH5,2020-34,27.8666406518285,Epidemic intelligence subnational data
Italy,Emilia-Romagna,ITH5,2020-35,34.1164740456068,Epidemic intelligence subnational data
Italy,Emilia-Romagna,ITH5,2020-36,39.4254723048378,Epidemic intelligence subnational data
Italy,Emilia-Romagna,ITH5,2020-37,38.8654513914168,Epidemic intelligence subnational data
Italy,Emilia-Romagna,ITH5,2020-38,37.1181861415433,Epidemic intelligence subnational data
Italy,Emilia-Romagna,ITH5,2020-39,32.5708163245648,Epidemic intelligence subnational data
Italy,Emilia-Romagna,ITH5,2020-40,39.2014639394694,Epidemic intelligence subnational data
Italy,Emilia-Romagna,ITH5,2020-41,70.4730317448975,Epidemic intelligence subnational data
Italy,Emilia-Romagna,ITH5,2020-42,126.699131452365,Epidemic intelligence subnational data
Italy,Emilia-Romagna,ITH5,2020-43,244.81874251112,Epidemic intelligence subnational data
Italy,Emilia-Romagna,ITH5,2020-44,388.251298856505,Epidemic intelligence subnational data
Italy,Emilia-Romagna,ITH5,2020-45,540.912999855067,Epidemic intelligence subnational data
Italy,Emilia-Romagna,ITH5,2020-46,712.727416092627,Epidemic intelligence subnational data
Italy,Emilia-Romagna,ITH5,2020-47,775.987378472662,Epidemic intelligence subnational data
Italy,Emilia-Romagna,ITH5,2020-48,716.983575034626,Epidemic intelligence subnational data
Italy,Emilia-Romagna,ITH5,2020-49,617.770270012963,Epidemic intelligence subnational data
Italy,Emilia-Romagna,ITH5,2020-50,520.864251154595,Epidemic intelligence subnational data
Italy,Emilia-Romagna,ITH5,2020-51,482.379613984305,Epidemic intelligence subnational data
Italy,Emilia-Romagna,ITH5,2020-52,464.862159812496,Epidemic intelligence subnational data
Italy,Emilia-Romagna,ITH5,2020-53,501.801139261745,Epidemic intelligence subnational data
Italy,Emilia-Romagna,ITH5,2021-01,576.933545006305,Epidemic intelligence subnational data
Italy,Emilia-Romagna,ITH5,2021-02,527.651704625258,Epidemic intelligence subnational data
Italy,Emilia-Romagna,ITH5,2021-03,420.553305142627,Epidemic intelligence subnational data
Italy,Emilia-Romagna,ITH5,2021-04,370.980253886601,Epidemic intelligence subnational data
Italy,Emilia-Romagna,ITH5,2021-05,371.674679819243,Epidemic intelligence subnational data
Italy,Emilia-Romagna,ITH5,2021-06,390.244973308283,Epidemic intelligence subnational data
Italy,Emilia-Romagna,ITH5,2021-07,440.355644641194,Epidemic intelligence subnational data
Italy,Emilia-Romagna,ITH5,2021-08,584.012209351946,Epidemic intelligence subnational data
Italy,Emilia-Romagna,ITH5,2021-09,778.653078020546,Epidemic intelligence subnational data
Italy,Emilia-Romagna,ITH5,2021-10,872.602186456051,Epidemic intelligence subnational data
Italy,Emilia-Romagna,ITH5,2021-11,816.82410347932,Epidemic intelligence subnational data
Italy,Emilia-Romagna,ITH5,2021-12,706.791194410364,Epidemic intelligence subnational data
Italy,Emilia-Romagna,ITH5,2021-13,567.368387805074,Epidemic intelligence subnational data
Italy,Emilia-Romagna,ITH5,2021-14,412.869818210491,Epidemic intelligence subnational data
Italy,Emilia-Romagna,ITH5,2021-15,331.487579072153,Epidemic intelligence subnational data
Italy,Emilia-Romagna,ITH5,2021-16,304.29296351643,Epidemic intelligence subnational data
Italy,Emilia-Romagna,ITH5,2021-17,281.578515268074,Epidemic intelligence subnational data
Italy,Emilia-Romagna,ITH5,2021-18,241.2794103383,Epidemic intelligence subnational data
Italy,Emilia-Romagna,ITH5,2021-19,182.387611082948,Epidemic intelligence subnational data
Italy,Emilia-Romagna,ITH5,2021-20,132.187336403891,Epidemic intelligence subnational data
Italy,Emilia-Romagna,ITH5,2021-21,88.7297135224218,Epidemic intelligence subnational data
Italy,Emilia-Romagna,ITH5,2021-22,57.9285632842673,Epidemic intelligence subnational data
Italy,Emilia-Romagna,ITH5,2021-23,43.5024245545426,Epidemic intelligence subnational data
Italy,Emilia-Romagna,ITH5,2021-24,30.7563485650808,Epidemic intelligence subnational data
Italy,Emilia-Romagna,ITH5,2021-25,20.9671829984819,Epidemic intelligence subnational data
Italy,Emilia-Romagna,ITH5,2021-26,17.0246357679981,Epidemic intelligence subnational data
Italy,Emilia-Romagna,ITH5,2021-27,21.4600014022924,Epidemic intelligence subnational data
Italy,Emilia-Romagna,ITH5,2021-28,41.5983534489112,Epidemic intelligence subnational data
Italy,Emilia-Romagna,ITH5,2021-29,93.5458933778423,Epidemic intelligence subnational data
Italy,Emilia-Romagna,ITH5,2021-30,133.755394961469,Epidemic intelligence subnational data
Italy,Emilia-Romagna,ITH5,2021-31,175.017735862328,Epidemic intelligence subnational data
Italy,Emilia-Romagna,ITH5,2021-32,194.192851937863,Epidemic intelligence subnational data
Italy,Emilia-Romagna,ITH5,2021-33,173.494478977823,Epidemic intelligence subnational data
Italy,Emilia-Romagna,ITH5,2021-34,175.465752593065,Epidemic intelligence subnational data
Italy,Emilia-Romagna,ITH5,2021-35,170.425564372276,Epidemic intelligence subnational data
Italy,Emilia-Romagna,ITH5,2021-36,152.796106017783,Epidemic intelligence subnational data
Italy,Emilia-Romagna,ITH5,2021-37,128.513599211849,Epidemic intelligence subnational data
Italy,Emilia-Romagna,ITH5,2021-38,104.880716665483,Epidemic intelligence subnational data
Italy,Emilia-Romagna,ITH5,2021-39,92.470653224074,Epidemic intelligence subnational data
Italy,Emilia-Romagna,ITH5,2021-40,82.4574792921067,Epidemic intelligence subnational data
Italy,Emilia-Romagna,ITH5,2021-41,70.6522384371922,Epidemic intelligence subnational data
Italy,Emilia-Romagna,ITH5,2021-42,77.9325103116651,Epidemic intelligence subnational data
Italy,Emilia-Romagna,ITH5,2021-43,103.111050579073,Epidemic intelligence subnational data
Italy,Emilia-Romagna,ITH5,2021-44,128.536000048386,Epidemic intelligence subnational data
Italy,Emilia-Romagna,ITH5,2021-45,167.939071516687,Epidemic intelligence subnational data
Italy,Emilia-Romagna,ITH5,2021-46,238.031289040458,Epidemic intelligence subnational data
Italy,Emilia-Romagna,ITH5,2021-47,328.709875341585,Epidemic intelligence subnational data
Italy,Emilia-Romagna,ITH5,2021-48,411.615371364428,Epidemic intelligence subnational data
Italy,Emilia-Romagna,ITH5,2021-49,483.029238243873,Epidemic intelligence subnational data
Italy,Emilia-Romagna,ITH5,2021-50,609.101146273206,Epidemic intelligence subnational data
Italy,Emilia-Romagna,ITH5,2021-51,800.090678586301,Epidemic intelligence subnational data
Italy,Emilia-Romagna,ITH5,2021-52,1662.85889780268,Epidemic intelligence subnational data
Italy,Emilia-Romagna,ITH5,2022-01,4009.48093005585,Epidemic intelligence subnational data
Italy,Emilia-Romagna,ITH5,2022-02,5608.09422867088,Epidemic intelligence subnational data
Italy,Emilia-Romagna,ITH5,2022-03,5757.19419666008,Epidemic intelligence subnational data
Italy,Emilia-Romagna,ITH5,2022-04,5238.81643836107,Epidemic intelligence subnational data
Italy,Toscana,ITI1,2020-13,,Epidemic intelligence subnational data
Italy,Toscana,ITI1,2020-14,70.9806624410469,Epidemic intelligence subnational data
Italy,Toscana,ITI1,2020-15,95.9769048802252,Epidemic intelligence subnational data
Italy,Toscana,ITI1,2020-16,74.6366675648704,Epidemic intelligence subnational data
Italy,Toscana,ITI1,2020-17,42.3825779169166,Epidemic intelligence subnational data
Italy,Toscana,ITI1,2020-18,27.8398019799299,Epidemic intelligence subnational data
Italy,Toscana,ITI1,2020-19,15.0573248062656,Epidemic intelligence subnational data
Italy,Toscana,ITI1,2020-20,8.93690141379072,Epidemic intelligence subnational data
Italy,Toscana,ITI1,2020-21,7.66407000031144,Epidemic intelligence subnational data
Italy,Toscana,ITI1,2020-22,4.2247170319738,Epidemic intelligence subnational data
Italy,Toscana,ITI1,2020-23,2.03111395767971,Epidemic intelligence subnational data
Italy,Toscana,ITI1,2020-24,2.00403243824398,Epidemic intelligence subnational data
Italy,Toscana,ITI1,2020-25,1.94986939937252,Epidemic intelligence subnational data
Italy,Toscana,ITI1,2020-26,1.59780964670804,Epidemic intelligence subnational data
Italy,Toscana,ITI1,2020-27,2.41025522977992,Epidemic intelligence subnational data
Italy,Toscana,ITI1,2020-28,2.16652155485836,Epidemic intelligence subnational data
Italy,Toscana,ITI1,2020-29,2.1123585159869,Epidemic intelligence subnational data
Italy,Toscana,ITI1,2020-30,3.00604865736597,Epidemic intelligence subnational data
Italy,Toscana,ITI1,2020-31,3.65600512382348,Epidemic intelligence subnational data
Italy,Toscana,ITI1,2020-32,6.30999402852496,Epidemic intelligence subnational data
Italy,Toscana,ITI1,2020-33,9.91183611347698,Epidemic intelligence subnational data
Italy,Toscana,ITI1,2020-34,15.6801997532874,Epidemic intelligence subnational data
Italy,Toscana,ITI1,2020-35,27.433579188394,Epidemic intelligence subnational data
Italy,Toscana,ITI1,2020-36,35.341382863627,Epidemic intelligence subnational data
Italy,Toscana,ITI1,2020-37,35.63927957742,Epidemic intelligence subnational data
Italy,Toscana,ITI1,2020-38,38.23910544325,Epidemic intelligence subnational data
Italy,Toscana,ITI1,2020-39,40.4327085175441,Epidemic intelligence subnational data
Italy,Toscana,ITI1,2020-40,54.2442834297661,Epidemic intelligence subnational data
Italy,Toscana,ITI1,2020-41,119.131603997774,Epidemic intelligence subnational data
Italy,Toscana,ITI1,2020-42,233.632268172038,Epidemic intelligence subnational data
Italy,Toscana,ITI1,2020-43,438.124821431231,Epidemic intelligence subnational data
Italy,Toscana,ITI1,2020-44,651.337623948729,Epidemic intelligence subnational data
Italy,Toscana,ITI1,2020-45,809.899920244925,Epidemic intelligence subnational data
Italy,Toscana,ITI1,2020-46,898.700222474682,Epidemic intelligence subnational data
Italy,Toscana,ITI1,2020-47,835.139896359025,Epidemic intelligence subnational data
Italy,Toscana,ITI1,2020-48,585.096227408935,Epidemic intelligence subnational data
Italy,Toscana,ITI1,2020-49,351.030654925925,Epidemic intelligence subnational data
Italy,Toscana,ITI1,2020-50,253.158043685199,Epidemic intelligence subnational data
Italy,Toscana,ITI1,2020-51,196.20560831186,Epidemic intelligence subnational data
Italy,Toscana,ITI1,2020-52,167.255464035065,Epidemic intelligence subnational data
Italy,Toscana,ITI1,2020-53,158.372725660146,Epidemic intelligence subnational data
Italy,Toscana,ITI1,2021-01,172.373871208418,Epidemic intelligence subnational data
Italy,Toscana,ITI1,2021-02,165.57640983005,Epidemic intelligence subnational data
Italy,Toscana,ITI1,2021-03,161.162122162026,Epidemic intelligence subnational data
Italy,Toscana,ITI1,2021-04,179.604636897758,Epidemic intelligence subnational data
Italy,Toscana,ITI1,2021-05,212.860742764834,Epidemic intelligence subnational data
Italy,Toscana,ITI1,2021-06,243.029555416236,Epidemic intelligence subnational data
Italy,Toscana,ITI1,2021-07,286.820372343811,Epidemic intelligence subnational data
Italy,Toscana,ITI1,2021-08,360.427942170123,Epidemic intelligence subnational data
Italy,Toscana,ITI1,2021-09,425.694404010231,Epidemic intelligence subnational data
Italy,Toscana,ITI1,2021-10,459.735873940943,Epidemic intelligence subnational data
Italy,Toscana,ITI1,2021-11,488.686018217738,Epidemic intelligence subnational data
Italy,Toscana,ITI1,2021-12,502.849652882625,Epidemic intelligence subnational data
Italy,Toscana,ITI1,2021-13,520.750537229642,Epidemic intelligence subnational data
Italy,Toscana,ITI1,2021-14,467.616596096741,Epidemic intelligence subnational data
Italy,Toscana,ITI1,2021-15,396.040140228108,Epidemic intelligence subnational data
Italy,Toscana,ITI1,2021-16,369.066946870121,Epidemic intelligence subnational data
Italy,Toscana,ITI1,2021-17,316.528799164806,Epidemic intelligence subnational data
Italy,Toscana,ITI1,2021-18,275.66278633629,Epidemic intelligence subnational data
Italy,Toscana,ITI1,2021-19,219.739448701509,Epidemic intelligence subnational data
Italy,Toscana,ITI1,2021-20,162.191219900584,Epidemic intelligence subnational data
Italy,Toscana,ITI1,2021-21,115.665169510001,Epidemic intelligence subnational data
Italy,Toscana,ITI1,2021-22,77.182330391829,Epidemic intelligence subnational data
Italy,Toscana,ITI1,2021-23,55.1108920517095,Epidemic intelligence subnational data
Italy,Toscana,ITI1,2021-24,36.2892360438775,Epidemic intelligence subnational data
Italy,Toscana,ITI1,2021-25,20.6361178100259,Epidemic intelligence subnational data
Italy,Toscana,ITI1,2021-26,16.6822159724094,Epidemic intelligence subnational data
Italy,Toscana,ITI1,2021-27,21.5298079514049,Epidemic intelligence subnational data
Italy,Toscana,ITI1,2021-28,44.4678549134678,Epidemic intelligence subnational data
Italy,Toscana,ITI1,2021-29,106.105393149188,Epidemic intelligence subnational data
Italy,Toscana,ITI1,2021-30,176.246528487727,Epidemic intelligence subnational data
Italy,Toscana,ITI1,2021-31,234.417632235674,Epidemic intelligence subnational data
Italy,Toscana,ITI1,2021-32,266.157173014349,Epidemic intelligence subnational data
Italy,Toscana,ITI1,2021-33,249.068734250404,Epidemic intelligence subnational data
Italy,Toscana,ITI1,2021-34,226.916051351977,Epidemic intelligence subnational data
Italy,Toscana,ITI1,2021-35,203.62594463725,Epidemic intelligence subnational data
Italy,Toscana,ITI1,2021-36,165.684735907793,Epidemic intelligence subnational data
Italy,Toscana,ITI1,2021-37,142.232140076451,Epidemic intelligence subnational data
Italy,Toscana,ITI1,2021-38,120.539843008432,Epidemic intelligence subnational data
Italy,Toscana,ITI1,2021-39,96.9247580604757,Epidemic intelligence subnational data
Italy,Toscana,ITI1,2021-40,85.8213350918267,Epidemic intelligence subnational data
Italy,Toscana,ITI1,2021-41,78.076020533208,Epidemic intelligence subnational data
Italy,Toscana,ITI1,2021-42,84.0068732896328,Epidemic intelligence subnational data
Italy,Toscana,ITI1,2021-43,103.532648802794,Epidemic intelligence subnational data
Italy,Toscana,ITI1,2021-44,120.783576683353,Epidemic intelligence subnational data
Italy,Toscana,ITI1,2021-45,137.763689369556,Epidemic intelligence subnational data
Italy,Toscana,ITI1,2021-46,149.869128557327,Epidemic intelligence subnational data
Italy,Toscana,ITI1,2021-47,163.761948027856,Epidemic intelligence subnational data
Italy,Toscana,ITI1,2021-48,204.546716298065,Epidemic intelligence subnational data
Italy,Toscana,ITI1,2021-49,259.170140999931,Epidemic intelligence subnational data
Italy,Toscana,ITI1,2021-50,352.872198247555,Epidemic intelligence subnational data
Italy,Toscana,ITI1,2021-51,719.853868121125,Epidemic intelligence subnational data
Italy,Toscana,ITI1,2021-52,2481.01924006548,Epidemic intelligence subnational data
Italy,Toscana,ITI1,2022-01,4538.86265742826,Epidemic intelligence subnational data
Italy,Toscana,ITI1,2022-02,4796.92245613132,Epidemic intelligence subnational data
Italy,Toscana,ITI1,2022-03,4471.80881530539,Epidemic intelligence subnational data
Italy,Toscana,ITI1,2022-04,4123.56755688135,Epidemic intelligence subnational data
Italy,Umbria,ITI2,2020-13,,Epidemic intelligence subnational data
Italy,Umbria,ITI2,2020-14,50.2203605063407,Epidemic intelligence subnational data
Italy,Umbria,ITI2,2020-15,34.3612992938121,Epidemic intelligence subnational data
Italy,Umbria,ITI2,2020-16,13.1009636103498,Epidemic intelligence subnational data
Italy,Umbria,ITI2,2020-17,6.55048180517488,Epidemic intelligence subnational data
Italy,Umbria,ITI2,2020-18,5.40127447093367,Epidemic intelligence subnational data
Italy,Umbria,ITI2,2020-19,3.79238420299598,Epidemic intelligence subnational data
Italy,Umbria,ITI2,2020-20,2.7580976021789,Epidemic intelligence subnational data
Italy,Umbria,ITI2,2020-21,2.18349393505829,Epidemic intelligence subnational data
Italy,Umbria,ITI2,2020-22,0.804445133968845,Epidemic intelligence subnational data
Italy,Umbria,ITI2,2020-23,0.459682933696483,Epidemic intelligence subnational data
Italy,Umbria,ITI2,2020-24,0.689524400544724,Epidemic intelligence subnational data
Italy,Umbria,ITI2,2020-25,0.344762200272362,Epidemic intelligence subnational data
Italy,Umbria,ITI2,2020-26,0.459682933696483,Epidemic intelligence subnational data
Italy,Umbria,ITI2,2020-27,1.03428660081709,Epidemic intelligence subnational data
Italy,Umbria,ITI2,2020-28,1.03428660081709,Epidemic intelligence subnational data
Italy,Umbria,ITI2,2020-29,1.37904880108945,Epidemic intelligence subnational data
Italy,Umbria,ITI2,2020-30,1.72381100136181,Epidemic intelligence subnational data
Italy,Umbria,ITI2,2020-31,2.06857320163417,Epidemic intelligence subnational data
Italy,Umbria,ITI2,2020-32,5.28635373750955,Epidemic intelligence subnational data
Italy,Umbria,ITI2,2020-33,9.4235001407779,Epidemic intelligence subnational data
Italy,Umbria,ITI2,2020-34,19.3066832152523,Epidemic intelligence subnational data
Italy,Umbria,ITI2,2020-35,28.0406589554855,Epidemic intelligence subnational data
Italy,Umbria,ITI2,2020-36,29.4197077565749,Epidemic intelligence subnational data
Italy,Umbria,ITI2,2020-37,34.1314578269639,Epidemic intelligence subnational data
Italy,Umbria,ITI2,2020-38,35.8552688283257,Epidemic intelligence subnational data
Italy,Umbria,ITI2,2020-39,35.3955858946292,Epidemic intelligence subnational data
Italy,Umbria,ITI2,2020-40,58.6095740463016,Epidemic intelligence subnational data
Italy,Umbria,ITI2,2020-41,137.904880108945,Epidemic intelligence subnational data
Italy,Umbria,ITI2,2020-42,269.604040612987,Epidemic intelligence subnational data
Italy,Umbria,ITI2,2020-43,490.022007320451,Epidemic intelligence subnational data
Italy,Umbria,ITI2,2020-44,693.776467681417,Epidemic intelligence subnational data
Italy,Umbria,ITI2,2020-45,848.229933403435,Epidemic intelligence subnational data
Italy,Umbria,ITI2,2020-46,921.549361328024,Epidemic intelligence subnational data
Italy,Umbria,ITI2,2020-47,760.890176001103,Epidemic intelligence subnational data
Italy,Umbria,ITI2,2020-48,534.266489688737,Epidemic intelligence subnational data
Italy,Umbria,ITI2,2020-49,383.260645969443,Epidemic intelligence subnational data
Italy,Umbria,ITI2,2020-50,279.372302954037,Epidemic intelligence subnational data
Italy,Umbria,ITI2,2020-51,238.230680388202,Epidemic intelligence subnational data
Italy,Umbria,ITI2,2020-52,219.843363040343,Epidemic intelligence subnational data
Italy,Umbria,ITI2,2020-53,254.204662334155,Epidemic intelligence subnational data
Italy,Umbria,ITI2,2021-01,322.12281578781,Epidemic intelligence subnational data
Italy,Umbria,ITI2,2021-02,333.614889130222,Epidemic intelligence subnational data
Italy,Umbria,ITI2,2021-03,365.447932288704,Epidemic intelligence subnational data
Italy,Umbria,ITI2,2021-04,436.354024811386,Epidemic intelligence subnational data
Italy,Umbria,ITI2,2021-05,521.625209012084,Epidemic intelligence subnational data
Italy,Umbria,ITI2,2021-06,560.123654709164,Epidemic intelligence subnational data
Italy,Umbria,ITI2,2021-07,507.375038067493,Epidemic intelligence subnational data
Italy,Umbria,ITI2,2021-08,424.517189268702,Epidemic intelligence subnational data
Italy,Umbria,ITI2,2021-09,389.811127774617,Epidemic intelligence subnational data
Italy,Umbria,ITI2,2021-10,377.05492636454,Epidemic intelligence subnational data
Italy,Umbria,ITI2,2021-11,323.386943855476,Epidemic intelligence subnational data
Italy,Umbria,ITI2,2021-12,289.255486028512,Epidemic intelligence subnational data
Italy,Umbria,ITI2,2021-13,262.823717340964,Epidemic intelligence subnational data
Italy,Umbria,ITI2,2021-14,221.107491108008,Epidemic intelligence subnational data
Italy,Umbria,ITI2,2021-15,188.24016134871,Epidemic intelligence subnational data
Italy,Umbria,ITI2,2021-16,167.32458786552,Epidemic intelligence subnational data
Italy,Umbria,ITI2,2021-17,162.957599995403,Epidemic intelligence subnational data
Italy,Umbria,ITI2,2021-18,154.913148655715,Epidemic intelligence subnational data
Italy,Umbria,ITI2,2021-19,135.721386173887,Epidemic intelligence subnational data
Italy,Umbria,ITI2,2021-20,94.5797636080514,Epidemic intelligence subnational data
Italy,Umbria,ITI2,2021-21,64.8152936512041,Epidemic intelligence subnational data
Italy,Umbria,ITI2,2021-22,48.8413117052513,Epidemic intelligence subnational data
Italy,Umbria,ITI2,2021-23,33.0971712261468,Epidemic intelligence subnational data
Italy,Umbria,ITI2,2021-24,27.4660552883649,Epidemic intelligence subnational data
Italy,Umbria,ITI2,2021-25,19.076841748404,Epidemic intelligence subnational data
Italy,Umbria,ITI2,2021-26,12.5263599432292,Epidemic intelligence subnational data
Italy,Umbria,ITI2,2021-27,12.1815977429568,Epidemic intelligence subnational data
Italy,Umbria,ITI2,2021-28,31.2584394913608,Epidemic intelligence subnational data
Italy,Umbria,ITI2,2021-29,87.2248366689076,Epidemic intelligence subnational data
Italy,Umbria,ITI2,2021-30,146.294093648906,Epidemic intelligence subnational data
Italy,Umbria,ITI2,2021-31,181.919521010383,Epidemic intelligence subnational data
Italy,Umbria,ITI2,2021-32,194.675722420461,Epidemic intelligence subnational data
Italy,Umbria,ITI2,2021-33,182.838886877776,Epidemic intelligence subnational data
Italy,Umbria,ITI2,2021-34,171.116972068516,Epidemic intelligence subnational data
Italy,Umbria,ITI2,2021-35,161.233788994041,Epidemic intelligence subnational data
Italy,Umbria,ITI2,2021-36,140.433136244275,Epidemic intelligence subnational data
Italy,Umbria,ITI2,2021-37,119.287721294237,Epidemic intelligence subnational data
Italy,Umbria,ITI2,2021-38,96.4184953428373,Epidemic intelligence subnational data
Italy,Umbria,ITI2,2021-39,70.1016473887136,Epidemic intelligence subnational data
Italy,Umbria,ITI2,2021-40,52.2889337079749,Epidemic intelligence subnational data
Italy,Umbria,ITI2,2021-41,44.8190860354071,Epidemic intelligence subnational data
Italy,Umbria,ITI2,2021-42,74.0089523251337,Epidemic intelligence subnational data
Italy,Umbria,ITI2,2021-43,106.761361351008,Epidemic intelligence subnational data
Italy,Umbria,ITI2,2021-44,113.656605356455,Epidemic intelligence subnational data
Italy,Umbria,ITI2,2021-45,122.390581096689,Epidemic intelligence subnational data
Italy,Umbria,ITI2,2021-46,127.676934834198,Epidemic intelligence subnational data
Italy,Umbria,ITI2,2021-47,130.320111702953,Epidemic intelligence subnational data
Italy,Umbria,ITI2,2021-48,156.407118190228,Epidemic intelligence subnational data
Italy,Umbria,ITI2,2021-49,215.821137370499,Epidemic intelligence subnational data
Italy,Umbria,ITI2,2021-50,351.887285744658,Epidemic intelligence subnational data
Italy,Umbria,ITI2,2021-51,885.923933966547,Epidemic intelligence subnational data
Italy,Umbria,ITI2,2021-52,2678.45753391598,Epidemic intelligence subnational data
Italy,Umbria,ITI2,2022-01,4258.61761849764,Epidemic intelligence subnational data
Italy,Umbria,ITI2,2022-02,3915.11954629295,Epidemic intelligence subnational data
Italy,Umbria,ITI2,2022-03,3289.60599426546,Epidemic intelligence subnational data
Italy,Umbria,ITI2,2022-04,3034.13720386364,Epidemic intelligence subnational data
Italy,Marche,ITI3,2020-13,,Epidemic intelligence subnational data
Italy,Marche,ITI3,2020-14,89.246049374881,Epidemic intelligence subnational data
Italy,Marche,ITI3,2020-15,128.580419284551,Epidemic intelligence subnational data
Italy,Marche,ITI3,2020-16,93.4108650123755,Epidemic intelligence subnational data
Italy,Marche,ITI3,2020-17,44.4247001332741,Epidemic intelligence subnational data
Italy,Marche,ITI3,2020-18,34.0457151318991,Epidemic intelligence subnational data
Italy,Marche,ITI3,2020-19,24.3278119777453,Epidemic intelligence subnational data
Italy,Marche,ITI3,2020-20,18.9069408305304,Epidemic intelligence subnational data
Italy,Marche,ITI3,2020-21,11.5689323263735,Epidemic intelligence subnational data
Italy,Marche,ITI3,2020-22,3.70205834443951,Epidemic intelligence subnational data
Italy,Marche,ITI3,2020-23,1.91713735694189,Epidemic intelligence subnational data
Italy,Marche,ITI3,2020-24,1.91713735694189,Epidemic intelligence subnational data
Italy,Marche,ITI3,2020-25,1.85102917221975,Epidemic intelligence subnational data
Italy,Marche,ITI3,2020-26,1.45438006388695,Epidemic intelligence subnational data
Italy,Marche,ITI3,2020-27,1.05773095555415,Epidemic intelligence subnational data
Italy,Marche,ITI3,2020-28,1.32216369444268,Epidemic intelligence subnational data
Italy,Marche,ITI3,2020-29,1.45438006388695,Epidemic intelligence subnational data
Italy,Marche,ITI3,2020-30,2.18157009583043,Epidemic intelligence subnational data
Italy,Marche,ITI3,2020-31,5.68530388610353,Epidemic intelligence subnational data
Italy,Marche,ITI3,2020-32,8.06519853610036,Epidemic intelligence subnational data
Italy,Marche,ITI3,2020-33,10.5112013708193,Epidemic intelligence subnational data
Italy,Marche,ITI3,2020-34,10.84174229443,Epidemic intelligence subnational data
Italy,Marche,ITI3,2020-35,13.0894205749825,Epidemic intelligence subnational data
Italy,Marche,ITI3,2020-36,17.1881280277549,Epidemic intelligence subnational data
Italy,Marche,ITI3,2020-37,21.0885109263608,Epidemic intelligence subnational data
Italy,Marche,ITI3,2020-38,25.4516511180216,Epidemic intelligence subnational data
Italy,Marche,ITI3,2020-39,23.6006219458019,Epidemic intelligence subnational data
Italy,Marche,ITI3,2020-40,28.4926276152398,Epidemic intelligence subnational data
Italy,Marche,ITI3,2020-41,51.5643840832646,Epidemic intelligence subnational data
Italy,Marche,ITI3,2020-42,95.5263269234837,Epidemic intelligence subnational data
Italy,Marche,ITI3,2020-43,221.197986080261,Epidemic intelligence subnational data
Italy,Marche,ITI3,2020-44,365.710477882846,Epidemic intelligence subnational data
Italy,Marche,ITI3,2020-45,462.294535761884,Epidemic intelligence subnational data
Italy,Marche,ITI3,2020-46,556.697023545091,Epidemic intelligence subnational data
Italy,Marche,ITI3,2020-47,509.297455099321,Epidemic intelligence subnational data
Italy,Marche,ITI3,2020-48,410.399610755008,Epidemic intelligence subnational data
Italy,Marche,ITI3,2020-49,382.303632248101,Epidemic intelligence subnational data
Italy,Marche,ITI3,2020-50,341.514882274545,Epidemic intelligence subnational data
Italy,Marche,ITI3,2020-51,323.467347845402,Epidemic intelligence subnational data
Italy,Marche,ITI3,2020-52,321.021345010683,Epidemic intelligence subnational data
Italy,Marche,ITI3,2020-53,389.906073491147,Epidemic intelligence subnational data
Italy,Marche,ITI3,2021-01,483.911912166022,Epidemic intelligence subnational data
Italy,Marche,ITI3,2021-02,458.724693786888,Epidemic intelligence subnational data
Italy,Marche,ITI3,2021-03,393.674240020308,Epidemic intelligence subnational data
Italy,Marche,ITI3,2021-04,357.513062977301,Epidemic intelligence subnational data
Italy,Marche,ITI3,2021-05,344.357534217596,Epidemic intelligence subnational data
Italy,Marche,ITI3,2021-06,347.729051638425,Epidemic intelligence subnational data
Italy,Marche,ITI3,2021-07,366.503776099511,Epidemic intelligence subnational data
Italy,Marche,ITI3,2021-08,487.018996847962,Epidemic intelligence subnational data
Italy,Marche,ITI3,2021-09,634.903006071376,Epidemic intelligence subnational data
Italy,Marche,ITI3,2021-10,680.054896236593,Epidemic intelligence subnational data
Italy,Marche,ITI3,2021-11,659.627467157454,Epidemic intelligence subnational data
Italy,Marche,ITI3,2021-12,571.174715999238,Epidemic intelligence subnational data
Italy,Marche,ITI3,2021-13,458.129720124389,Epidemic intelligence subnational data
Italy,Marche,ITI3,2021-14,354.538194664805,Epidemic intelligence subnational data
Italy,Marche,ITI3,2021-15,282.21584057879,Epidemic intelligence subnational data
Italy,Marche,ITI3,2021-16,261.12732965243,Epidemic intelligence subnational data
Italy,Marche,ITI3,2021-17,232.568593852468,Epidemic intelligence subnational data
Italy,Marche,ITI3,2021-18,214.917708531658,Epidemic intelligence subnational data
Italy,Marche,ITI3,2021-19,193.168115758076,Epidemic intelligence subnational data
Italy,Marche,ITI3,2021-20,145.966871866472,Epidemic intelligence subnational data
Italy,Marche,ITI3,2021-21,106.103636479025,Epidemic intelligence subnational data
Italy,Marche,ITI3,2021-22,75.2311142137886,Epidemic intelligence subnational data
Italy,Marche,ITI3,2021-23,48.3911912166022,Epidemic intelligence subnational data
Italy,Marche,ITI3,2021-24,26.3771657041315,Epidemic intelligence subnational data
Italy,Marche,ITI3,2021-25,13.4199614985932,Epidemic intelligence subnational data
Italy,Marche,ITI3,2021-26,16.6592625499778,Epidemic intelligence subnational data
Italy,Marche,ITI3,2021-27,27.0382475513528,Epidemic intelligence subnational data
Italy,Marche,ITI3,2021-28,36.0950688582852,Epidemic intelligence subnational data
Italy,Marche,ITI3,2021-29,58.8362844026993,Epidemic intelligence subnational data
Italy,Marche,ITI3,2021-30,89.3121575596031,Epidemic intelligence subnational data
Italy,Marche,ITI3,2021-31,132.546910367879,Epidemic intelligence subnational data
Italy,Marche,ITI3,2021-32,157.66802056229,Epidemic intelligence subnational data
Italy,Marche,ITI3,2021-33,145.041357280362,Epidemic intelligence subnational data
Italy,Marche,ITI3,2021-34,154.825368619238,Epidemic intelligence subnational data
Italy,Marche,ITI3,2021-35,153.767637663684,Epidemic intelligence subnational data
Italy,Marche,ITI3,2021-36,127.985445622052,Epidemic intelligence subnational data
Italy,Marche,ITI3,2021-37,111.722832180407,Epidemic intelligence subnational data
Italy,Marche,ITI3,2021-38,85.4117746609972,Epidemic intelligence subnational data
Italy,Marche,ITI3,2021-39,63.5299655179709,Epidemic intelligence subnational data
Italy,Marche,ITI3,2021-40,59.8940153582535,Epidemic intelligence subnational data
Italy,Marche,ITI3,2021-41,56.1258488290918,Epidemic intelligence subnational data
Italy,Marche,ITI3,2021-42,67.1659156776882,Epidemic intelligence subnational data
Italy,Marche,ITI3,2021-43,88.3205347887711,Epidemic intelligence subnational data
Italy,Marche,ITI3,2021-44,112.846671320683,Epidemic intelligence subnational data
Italy,Marche,ITI3,2021-45,165.997651837279,Epidemic intelligence subnational data
Italy,Marche,ITI3,2021-46,231.70918745108,Epidemic intelligence subnational data
Italy,Marche,ITI3,2021-47,307.733599881534,Epidemic intelligence subnational data
Italy,Marche,ITI3,2021-48,366.173235175901,Epidemic intelligence subnational data
Italy,Marche,ITI3,2021-49,394.070889128641,Epidemic intelligence subnational data
Italy,Marche,ITI3,2021-50,487.018996847962,Epidemic intelligence subnational data
Italy,Marche,ITI3,2021-51,618.904825368619,Epidemic intelligence subnational data
Italy,Marche,ITI3,2021-52,966.369444268156,Epidemic intelligence subnational data
Italy,Marche,ITI3,2022-01,1488.55799538829,Epidemic intelligence subnational data
Italy,Marche,ITI3,2022-02,2382.07622009266,Epidemic intelligence subnational data
Italy,Marche,ITI3,2022-03,4172.08753781388,Epidemic intelligence subnational data
Italy,Marche,ITI3,2022-04,5056.41672484187,Epidemic intelligence subnational data
Italy,Lazio,ITI4,2020-13,,Epidemic intelligence subnational data
Italy,Lazio,ITI4,2020-14,30.9953611202808,Epidemic intelligence subnational data
Italy,Lazio,ITI4,2020-15,43.8869294786038,Epidemic intelligence subnational data
Italy,Lazio,ITI4,2020-16,35.0087739110795,Epidemic intelligence subnational data
Italy,Lazio,ITI4,2020-17,21.4569904616293,Epidemic intelligence subnational data
Italy,Lazio,ITI4,2020-18,17.7041888910124,Epidemic intelligence subnational data
Italy,Lazio,ITI4,2020-19,12.5614608127595,Epidemic intelligence subnational data
Italy,Lazio,ITI4,2020-20,9.9206004482513,Epidemic intelligence subnational data
Italy,Lazio,ITI4,2020-21,8.18319231370641,Epidemic intelligence subnational data
Italy,Lazio,ITI4,2020-22,4.48251298712581,Epidemic intelligence subnational data
Italy,Lazio,ITI4,2020-23,3.30107545563528,Epidemic intelligence subnational data
Italy,Lazio,ITI4,2020-24,3.89179422138055,Epidemic intelligence subnational data
Italy,Lazio,ITI4,2020-25,3.16208280487169,Epidemic intelligence subnational data
Italy,Lazio,ITI4,2020-26,2.48449363239919,Epidemic intelligence subnational data
Italy,Lazio,ITI4,2020-27,3.07521239814445,Epidemic intelligence subnational data
Italy,Lazio,ITI4,2020-28,4.27402401098042,Epidemic intelligence subnational data
Italy,Lazio,ITI4,2020-29,4.27402401098042,Epidemic intelligence subnational data
Italy,Lazio,ITI4,2020-30,3.8396719773442,Epidemic intelligence subnational data
Italy,Lazio,ITI4,2020-31,4.48251298712581,Epidemic intelligence subnational data
Italy,Lazio,ITI4,2020-32,5.31646889170735,Epidemic intelligence subnational data
Italy,Lazio,ITI4,2020-33,8.80865924214257,Epidemic intelligence subnational data
Italy,Lazio,ITI4,2020-34,23.5071320603923,Epidemic intelligence subnational data
Italy,Lazio,ITI4,2020-35,36.3987004187154,Epidemic intelligence subnational data
Italy,Lazio,ITI4,2020-36,36.537693069479,Epidemic intelligence subnational data
Italy,Lazio,ITI4,2020-37,36.9546710217697,Epidemic intelligence subnational data
Italy,Lazio,ITI4,2020-38,42.4101325642407,Epidemic intelligence subnational data
Italy,Lazio,ITI4,2020-39,49.0296575568567,Epidemic intelligence subnational data
Italy,Lazio,ITI4,2020-40,56.5005125353997,Epidemic intelligence subnational data
Italy,Lazio,ITI4,2020-41,79.9034001077193,Epidemic intelligence subnational data
Italy,Lazio,ITI4,2020-42,158.434247789148,Epidemic intelligence subnational data
Italy,Lazio,ITI4,2020-43,296.488698160085,Epidemic intelligence subnational data
Italy,Lazio,ITI4,2020-44,407.960804072485,Epidemic intelligence subnational data
Italy,Lazio,ITI4,2020-45,521.882655454593,Epidemic intelligence subnational data
Italy,Lazio,ITI4,2020-46,626.318258422086,Epidemic intelligence subnational data
Italy,Lazio,ITI4,2020-47,643.084246920444,Epidemic intelligence subnational data
Italy,Lazio,ITI4,2020-48,575.064718453012,Epidemic intelligence subnational data
Italy,Lazio,ITI4,2020-49,462.94977153083,Epidemic intelligence subnational data
Italy,Lazio,ITI4,2020-50,368.521639418316,Epidemic intelligence subnational data
Italy,Lazio,ITI4,2020-51,323.088416699967,Epidemic intelligence subnational data
Italy,Lazio,ITI4,2020-52,308.250951230954,Epidemic intelligence subnational data
Italy,Lazio,ITI4,2020-53,330.646142085237,Epidemic intelligence subnational data
Italy,Lazio,ITI4,2021-01,385.391872404747,Epidemic intelligence subnational data
Italy,Lazio,ITI4,2021-02,369.390343485588,Epidemic intelligence subnational data
Italy,Lazio,ITI4,2021-03,306.687283909863,Epidemic intelligence subnational data
Italy,Lazio,ITI4,2021-04,271.904373056275,Epidemic intelligence subnational data
Italy,Lazio,ITI4,2021-05,254.269680490644,Epidemic intelligence subnational data
Italy,Lazio,ITI4,2021-06,241.499730701739,Epidemic intelligence subnational data
Italy,Lazio,ITI4,2021-07,233.959379397814,Epidemic intelligence subnational data
Italy,Lazio,ITI4,2021-08,264.207655020241,Epidemic intelligence subnational data
Italy,Lazio,ITI4,2021-09,324.478343207603,Epidemic intelligence subnational data
Italy,Lazio,ITI4,2021-10,383.272234480602,Epidemic intelligence subnational data
Italy,Lazio,ITI4,2021-11,423.66697360877,Epidemic intelligence subnational data
Italy,Lazio,ITI4,2021-12,429.522039022187,Epidemic intelligence subnational data
Italy,Lazio,ITI4,2021-13,417.794534114009,Epidemic intelligence subnational data
Italy,Lazio,ITI4,2021-14,360.008339559046,Epidemic intelligence subnational data
Italy,Lazio,ITI4,2021-15,306.687283909863,Epidemic intelligence subnational data
Italy,Lazio,ITI4,2021-16,289.921295411505,Epidemic intelligence subnational data
Italy,Lazio,ITI4,2021-17,261.340931598242,Epidemic intelligence subnational data
Italy,Lazio,ITI4,2021-18,229.094636621089,Epidemic intelligence subnational data
Italy,Lazio,ITI4,2021-19,180.551453341905,Epidemic intelligence subnational data
Italy,Lazio,ITI4,2021-20,126.066334242577,Epidemic intelligence subnational data
Italy,Lazio,ITI4,2021-21,89.6676338238616,Epidemic intelligence subnational data
Italy,Lazio,ITI4,2021-22,61.3478812307799,Epidemic intelligence subnational data
Italy,Lazio,ITI4,2021-23,43.3483329568949,Epidemic intelligence subnational data
Italy,Lazio,ITI4,2021-24,32.1420504890804,Epidemic intelligence subnational data
Italy,Lazio,ITI4,2021-25,23.455009816356,Epidemic intelligence subnational data
Italy,Lazio,ITI4,2021-26,18.5381447955939,Epidemic intelligence subnational data
Italy,Lazio,ITI4,2021-27,24.4105842903557,Epidemic intelligence subnational data
Italy,Lazio,ITI4,2021-28,60.7397883836892,Epidemic intelligence subnational data
Italy,Lazio,ITI4,2021-29,131.573918029084,Epidemic intelligence subnational data
Italy,Lazio,ITI4,2021-30,163.246868321838,Epidemic intelligence subnational data
Italy,Lazio,ITI4,2021-31,149.347603245478,Epidemic intelligence subnational data
Italy,Lazio,ITI4,2021-32,142.380596625953,Epidemic intelligence subnational data
Italy,Lazio,ITI4,2021-33,135.778445714683,Epidemic intelligence subnational data
Italy,Lazio,ITI4,2021-34,120.419757805306,Epidemic intelligence subnational data
Italy,Lazio,ITI4,2021-35,98.9627673436767,Epidemic intelligence subnational data
Italy,Lazio,ITI4,2021-36,85.4978543009538,Epidemic intelligence subnational data
Italy,Lazio,ITI4,2021-37,80.1466372465556,Epidemic intelligence subnational data
Italy,Lazio,ITI4,2021-38,76.3590875132477,Epidemic intelligence subnational data
Italy,Lazio,ITI4,2021-39,71.8244522820856,Epidemic intelligence subnational data
Italy,Lazio,ITI4,2021-40,64.5099640356516,Epidemic intelligence subnational data
Italy,Lazio,ITI4,2021-41,59.9232065604531,Epidemic intelligence subnational data
Italy,Lazio,ITI4,2021-42,79.2953072606286,Epidemic intelligence subnational data
Italy,Lazio,ITI4,2021-43,111.923832027382,Epidemic intelligence subnational data
Italy,Lazio,ITI4,2021-44,135.604704901228,Epidemic intelligence subnational data
Italy,Lazio,ITI4,2021-45,177.945341140087,Epidemic intelligence subnational data
Italy,Lazio,ITI4,2021-46,232.621575134215,Epidemic intelligence subnational data
Italy,Lazio,ITI4,2021-47,286.411730979724,Epidemic intelligence subnational data
Italy,Lazio,ITI4,2021-48,342.999113921851,Epidemic intelligence subnational data
Italy,Lazio,ITI4,2021-49,382.855256528311,Epidemic intelligence subnational data
Italy,Lazio,ITI4,2021-50,460.187292596904,Epidemic intelligence subnational data
Italy,Lazio,ITI4,2021-51,643.952950987717,Epidemic intelligence subnational data
Italy,Lazio,ITI4,2021-52,1248.15400385705,Epidemic intelligence subnational data
Italy,Lazio,ITI4,2022-01,2410.25418281008,Epidemic intelligence subnational data
Italy,Lazio,ITI4,2022-02,2968.36179786994,Epidemic intelligence subnational data
Italy,Lazio,ITI4,2022-03,3015.8277881057,Epidemic intelligence subnational data
Italy,Lazio,ITI4,2022-04,3132.23413312021,Epidemic intelligence subnational data
Latvia,Kurzeme,LV003,2020-16,,Epidemic intelligence subnational data
Latvia,Kurzeme,LV003,2020-17,0.842435143024427,Epidemic intelligence subnational data
Latvia,Kurzeme,LV003,2020-18,0.842435143024427,Epidemic intelligence subnational data
Latvia,Kurzeme,LV003,2020-19,2.10608785756107,Epidemic intelligence subnational data
Latvia,Kurzeme,LV003,2020-20,2.52730542907328,Epidemic intelligence subnational data
Latvia,Kurzeme,LV003,2020-21,1.26365271453664,Epidemic intelligence subnational data
Latvia,Kurzeme,LV003,2020-22,0.842435143024427,Epidemic intelligence subnational data
Latvia,Kurzeme,LV003,2020-23,0.421217571512213,Epidemic intelligence subnational data
Latvia,Kurzeme,LV003,2020-24,1.26365271453664,Epidemic intelligence subnational data
Latvia,Kurzeme,LV003,2020-25,0.842435143024427,Epidemic intelligence subnational data
Latvia,Kurzeme,LV003,2020-26,0,Epidemic intelligence subnational data
Latvia,Kurzeme,LV003,2020-27,0,Epidemic intelligence subnational data
Latvia,Kurzeme,LV003,2020-28,0.842435143024427,Epidemic intelligence subnational data
Latvia,Kurzeme,LV003,2020-29,1.26365271453664,Epidemic intelligence subnational data
Latvia,Kurzeme,LV003,2020-30,0.421217571512213,Epidemic intelligence subnational data
Latvia,Kurzeme,LV003,2020-31,0,Epidemic intelligence subnational data
Latvia,Kurzeme,LV003,2020-32,2.10608785756107,Epidemic intelligence subnational data
Latvia,Kurzeme,LV003,2020-33,5.05461085814656,Epidemic intelligence subnational data
Latvia,Kurzeme,LV003,2020-34,4.21217571512213,Epidemic intelligence subnational data
Latvia,Kurzeme,LV003,2020-35,1.26365271453664,Epidemic intelligence subnational data
Latvia,Kurzeme,LV003,2020-36,0.421217571512213,Epidemic intelligence subnational data
Latvia,Kurzeme,LV003,2020-37,0.842435143024427,Epidemic intelligence subnational data
Latvia,Kurzeme,LV003,2020-38,0.421217571512213,Epidemic intelligence subnational data
Latvia,Kurzeme,LV003,2020-39,13.900179859903,Epidemic intelligence subnational data
Latvia,Kurzeme,LV003,2020-40,56.0219370111244,Epidemic intelligence subnational data
Latvia,Kurzeme,LV003,2020-41,95.1951711617602,Epidemic intelligence subnational data
Latvia,Kurzeme,LV003,2020-42,71.185769585564,Epidemic intelligence subnational data
Latvia,Kurzeme,LV003,2020-43,55.6007194396121,Epidemic intelligence subnational data
Latvia,Kurzeme,LV003,2020-44,71.6069871570763,Epidemic intelligence subnational data
Latvia,Kurzeme,LV003,2020-45,79.1889034442961,Epidemic intelligence subnational data
Latvia,Kurzeme,LV003,2020-46,101.934652305956,Epidemic intelligence subnational data
Latvia,Kurzeme,LV003,2020-47,103.619522592004,Epidemic intelligence subnational data
Latvia,Kurzeme,LV003,2020-48,123.837966024591,Epidemic intelligence subnational data
Latvia,Kurzeme,LV003,2020-49,164.696070461275,Epidemic intelligence subnational data
Latvia,Kurzeme,LV003,2020-50,191.232777466545,Epidemic intelligence subnational data
Latvia,Kurzeme,LV003,2020-51,239.251580618937,Epidemic intelligence subnational data
Latvia,Kurzeme,LV003,2020-52,304.119086631818,Epidemic intelligence subnational data
Latvia,Kurzeme,LV003,2020-53,427.535835084896,Epidemic intelligence subnational data
Latvia,Kurzeme,LV003,2021-01,473.027332808215,Epidemic intelligence subnational data
Latvia,Kurzeme,LV003,2021-02,454.91497723319,Epidemic intelligence subnational data
Latvia,Kurzeme,LV003,2021-03,403.5264335087,Epidemic intelligence subnational data
Latvia,Kurzeme,LV003,2021-04,316.755613777184,Epidemic intelligence subnational data
Latvia,Kurzeme,LV003,2021-05,333.604316637673,Epidemic intelligence subnational data
Latvia,Kurzeme,LV003,2021-06,376.568508931919,Epidemic intelligence subnational data
Latvia,Kurzeme,LV003,2021-07,433.011663514555,Epidemic intelligence subnational data
Latvia,Kurzeme,LV003,2021-08,465.866634092508,Epidemic intelligence subnational data
Latvia,Kurzeme,LV003,2021-09,442.699667659336,Epidemic intelligence subnational data
Latvia,Kurzeme,LV003,2021-10,363.51076421504,Epidemic intelligence subnational data
Latvia,Kurzeme,LV003,2021-11,294.431082487037,Epidemic intelligence subnational data
Latvia,Kurzeme,LV003,2021-12,286.006731056793,Epidemic intelligence subnational data
Latvia,Kurzeme,LV003,2021-13,248.939584763718,Epidemic intelligence subnational data
Latvia,Kurzeme,LV003,2021-14,215.663396614253,Epidemic intelligence subnational data
Latvia,Kurzeme,LV003,2021-15,236.724275189864,Epidemic intelligence subnational data
Latvia,Kurzeme,LV003,2021-16,284.743078342256,Epidemic intelligence subnational data
Latvia,Kurzeme,LV003,2021-17,334.86796935221,Epidemic intelligence subnational data
Latvia,Kurzeme,LV003,2021-18,379.095814360992,Epidemic intelligence subnational data
Latvia,Kurzeme,LV003,2021-19,406.053738937774,Epidemic intelligence subnational data
Latvia,Kurzeme,LV003,2021-20,351.716672212698,Epidemic intelligence subnational data
Latvia,Kurzeme,LV003,2021-21,243.884973905572,Epidemic intelligence subnational data
Latvia,Kurzeme,LV003,2021-22,164.274852889763,Epidemic intelligence subnational data
Latvia,Kurzeme,LV003,2021-23,114.14996187981,Epidemic intelligence subnational data
Latvia,Kurzeme,LV003,2021-24,82.979861587906,Epidemic intelligence subnational data
Latvia,Kurzeme,LV003,2021-25,48.0188031523923,Epidemic intelligence subnational data
Latvia,Kurzeme,LV003,2021-26,28.6427948628305,Epidemic intelligence subnational data
Latvia,Kurzeme,LV003,2021-27,28.2215772913183,Epidemic intelligence subnational data
Latvia,Kurzeme,LV003,2021-28,19.3760082895618,Epidemic intelligence subnational data
Latvia,Kurzeme,LV003,2021-29,21.9033137186351,Epidemic intelligence subnational data
Latvia,Kurzeme,LV003,2021-30,37.488363864587,Epidemic intelligence subnational data
Latvia,Kurzeme,LV003,2021-31,40.8581044366847,Epidemic intelligence subnational data
Latvia,Kurzeme,LV003,2021-32,34.5398408640015,Epidemic intelligence subnational data
Latvia,Kurzeme,LV003,2021-33,52.2309788675144,Epidemic intelligence subnational data
Latvia,Kurzeme,LV003,2021-34,101.092217162931,Epidemic intelligence subnational data
Latvia,Kurzeme,LV003,2021-35,184.072078750837,Epidemic intelligence subnational data
Latvia,Kurzeme,LV003,2021-36,247.254714477669,Epidemic intelligence subnational data
Latvia,Kurzeme,LV003,2021-37,278.846032341085,Epidemic intelligence subnational data
Latvia,Kurzeme,LV003,2021-38,338.658927495819,Epidemic intelligence subnational data
Latvia,Kurzeme,LV003,2021-39,479.345596380899,Epidemic intelligence subnational data
Latvia,Kurzeme,LV003,2021-40,774.197896439448,Epidemic intelligence subnational data
Latvia,Kurzeme,LV003,2021-41,1155.399798658,Epidemic intelligence subnational data
Latvia,Kurzeme,LV003,2021-42,1492.79507343928,Epidemic intelligence subnational data
Latvia,Kurzeme,LV003,2021-43,1676.44593461861,Epidemic intelligence subnational data
Latvia,Kurzeme,LV003,2021-44,1519.33178044455,Epidemic intelligence subnational data
Latvia,Kurzeme,LV003,2021-45,1092.63838050268,Epidemic intelligence subnational data
Latvia,Kurzeme,LV003,2021-46,725.757875715543,Epidemic intelligence subnational data
Latvia,Kurzeme,LV003,2021-47,626.771746410173,Epidemic intelligence subnational data
Latvia,Kurzeme,LV003,2021-48,595.60164611827,Epidemic intelligence subnational data
Latvia,Kurzeme,LV003,2021-49,534.946315820511,Epidemic intelligence subnational data
Latvia,Kurzeme,LV003,2021-50,601.919909690953,Epidemic intelligence subnational data
Latvia,Kurzeme,LV003,2021-51,582.543901401391,Epidemic intelligence subnational data
Latvia,Kurzeme,LV003,2021-52,507.145956100705,Epidemic intelligence subnational data
Latvia,Kurzeme,LV003,2022-01,612.87156655027,Epidemic intelligence subnational data
Latvia,Kurzeme,LV003,2022-02,860.547498599452,Epidemic intelligence subnational data
Latvia,Kurzeme,LV003,2022-03,1577.03858774173,Epidemic intelligence subnational data
Latvia,Kurzeme,LV003,2022-04,2984.32649416403,Epidemic intelligence subnational data
Latvia,Latgale,LV005,2020-16,,Epidemic intelligence subnational data
Latvia,Latgale,LV005,2020-17,0.390673834229279,Epidemic intelligence subnational data
Latvia,Latgale,LV005,2020-18,0.390673834229279,Epidemic intelligence subnational data
Latvia,Latgale,LV005,2020-19,6.25078134766846,Epidemic intelligence subnational data
Latvia,Latgale,LV005,2020-20,9.37617202150269,Epidemic intelligence subnational data
Latvia,Latgale,LV005,2020-21,3.12539067383423,Epidemic intelligence subnational data
Latvia,Latgale,LV005,2020-22,0,Epidemic intelligence subnational data
Latvia,Latgale,LV005,2020-23,3.90673834229279,Epidemic intelligence subnational data
Latvia,Latgale,LV005,2020-24,3.90673834229279,Epidemic intelligence subnational data
Latvia,Latgale,LV005,2020-25,0,Epidemic intelligence subnational data
Latvia,Latgale,LV005,2020-26,0.390673834229279,Epidemic intelligence subnational data
Latvia,Latgale,LV005,2020-27,0.781347668458557,Epidemic intelligence subnational data
Latvia,Latgale,LV005,2020-28,0.390673834229279,Epidemic intelligence subnational data
Latvia,Latgale,LV005,2020-29,0,Epidemic intelligence subnational data
Latvia,Latgale,LV005,2020-30,3.90673834229279,Epidemic intelligence subnational data
Latvia,Latgale,LV005,2020-31,3.90673834229279,Epidemic intelligence subnational data
Latvia,Latgale,LV005,2020-32,2.34404300537567,Epidemic intelligence subnational data
Latvia,Latgale,LV005,2020-33,4.29741217652207,Epidemic intelligence subnational data
Latvia,Latgale,LV005,2020-34,3.90673834229279,Epidemic intelligence subnational data
Latvia,Latgale,LV005,2020-35,8.98549818727341,Epidemic intelligence subnational data
Latvia,Latgale,LV005,2020-36,9.37617202150269,Epidemic intelligence subnational data
Latvia,Latgale,LV005,2020-37,8.59482435304413,Epidemic intelligence subnational data
Latvia,Latgale,LV005,2020-38,9.37617202150269,Epidemic intelligence subnational data
Latvia,Latgale,LV005,2020-39,7.81347668458557,Epidemic intelligence subnational data
Latvia,Latgale,LV005,2020-40,66.8052256532067,Epidemic intelligence subnational data
Latvia,Latgale,LV005,2020-41,118.764845605701,Epidemic intelligence subnational data
Latvia,Latgale,LV005,2020-42,125.015626953369,Epidemic intelligence subnational data
Latvia,Latgale,LV005,2020-43,115.639454931867,Epidemic intelligence subnational data
Latvia,Latgale,LV005,2020-44,141.423927990999,Epidemic intelligence subnational data
Latvia,Latgale,LV005,2020-45,224.637454681835,Epidemic intelligence subnational data
Latvia,Latgale,LV005,2020-46,310.976372046506,Epidemic intelligence subnational data
Latvia,Latgale,LV005,2020-47,367.233404175522,Epidemic intelligence subnational data
Latvia,Latgale,LV005,2020-48,459.823102887861,Epidemic intelligence subnational data
Latvia,Latgale,LV005,2020-49,632.110263782973,Epidemic intelligence subnational data
Latvia,Latgale,LV005,2020-50,745.015001875234,Epidemic intelligence subnational data
Latvia,Latgale,LV005,2020-51,864.951868983623,Epidemic intelligence subnational data
Latvia,Latgale,LV005,2020-52,950.509438679835,Epidemic intelligence subnational data
Latvia,Latgale,LV005,2020-53,971.215151893987,Epidemic intelligence subnational data
Latvia,Latgale,LV005,2021-01,1145.45568196025,Epidemic intelligence subnational data
Latvia,Latgale,LV005,2021-02,1149.75309413677,Epidemic intelligence subnational data
Latvia,Latgale,LV005,2021-03,952.462807850981,Epidemic intelligence subnational data
Latvia,Latgale,LV005,2021-04,808.694836854607,Epidemic intelligence subnational data
Latvia,Latgale,LV005,2021-05,717.667833479185,Epidemic intelligence subnational data
Latvia,Latgale,LV005,2021-06,689.148643580448,Epidemic intelligence subnational data
Latvia,Latgale,LV005,2021-07,649.69058632329,Epidemic intelligence subnational data
Latvia,Latgale,LV005,2021-08,626.250156269534,Epidemic intelligence subnational data
Latvia,Latgale,LV005,2021-09,571.555819477435,Epidemic intelligence subnational data
Latvia,Latgale,LV005,2021-10,538.348543567946,Epidemic intelligence subnational data
Latvia,Latgale,LV005,2021-11,587.964120515064,Epidemic intelligence subnational data
Latvia,Latgale,LV005,2021-12,527.019002375297,Epidemic intelligence subnational data
Latvia,Latgale,LV005,2021-13,409.816852106513,Epidemic intelligence subnational data
Latvia,Latgale,LV005,2021-14,402.003375421928,Epidemic intelligence subnational data
Latvia,Latgale,LV005,2021-15,432.866608326041,Epidemic intelligence subnational data
Latvia,Latgale,LV005,2021-16,440.680085010626,Epidemic intelligence subnational data
Latvia,Latgale,LV005,2021-17,453.181647705963,Epidemic intelligence subnational data
Latvia,Latgale,LV005,2021-18,489.904988123516,Epidemic intelligence subnational data
Latvia,Latgale,LV005,2021-19,454.74434304288,Epidemic intelligence subnational data
Latvia,Latgale,LV005,2021-20,369.577447180898,Epidemic intelligence subnational data
Latvia,Latgale,LV005,2021-21,287.926615826978,Epidemic intelligence subnational data
Latvia,Latgale,LV005,2021-22,210.963870483811,Epidemic intelligence subnational data
Latvia,Latgale,LV005,2021-23,170.724465558195,Epidemic intelligence subnational data
Latvia,Latgale,LV005,2021-24,139.470558819853,Epidemic intelligence subnational data
Latvia,Latgale,LV005,2021-25,87.1202650331291,Epidemic intelligence subnational data
Latvia,Latgale,LV005,2021-26,57.8197274659332,Epidemic intelligence subnational data
Latvia,Latgale,LV005,2021-27,42.1927740967621,Epidemic intelligence subnational data
Latvia,Latgale,LV005,2021-28,18.7523440430054,Epidemic intelligence subnational data
Latvia,Latgale,LV005,2021-29,12.8922365295662,Epidemic intelligence subnational data
Latvia,Latgale,LV005,2021-30,16.4083010376297,Epidemic intelligence subnational data
Latvia,Latgale,LV005,2021-31,35.5513189148644,Epidemic intelligence subnational data
Latvia,Latgale,LV005,2021-32,62.1171396424553,Epidemic intelligence subnational data
Latvia,Latgale,LV005,2021-33,70.3212901612702,Epidemic intelligence subnational data
Latvia,Latgale,LV005,2021-34,100.793849231154,Epidemic intelligence subnational data
Latvia,Latgale,LV005,2021-35,193.383547943493,Epidemic intelligence subnational data
Latvia,Latgale,LV005,2021-36,287.535941992749,Epidemic intelligence subnational data
Latvia,Latgale,LV005,2021-37,371.921490186273,Epidemic intelligence subnational data
Latvia,Latgale,LV005,2021-38,518.033504188024,Epidemic intelligence subnational data
Latvia,Latgale,LV005,2021-39,773.143517939742,Epidemic intelligence subnational data
Latvia,Latgale,LV005,2021-40,1248.59357419678,Epidemic intelligence subnational data
Latvia,Latgale,LV005,2021-41,1891.64270533817,Epidemic intelligence subnational data
Latvia,Latgale,LV005,2021-42,2382.32904113014,Epidemic intelligence subnational data
Latvia,Latgale,LV005,2021-43,2480.38817352169,Epidemic intelligence subnational data
Latvia,Latgale,LV005,2021-44,2059.63245405676,Epidemic intelligence subnational data
Latvia,Latgale,LV005,2021-45,1340.01125140643,Epidemic intelligence subnational data
Latvia,Latgale,LV005,2021-46,785.25440680085,Epidemic intelligence subnational data
Latvia,Latgale,LV005,2021-47,577.415926990874,Epidemic intelligence subnational data
Latvia,Latgale,LV005,2021-48,470.761970246281,Epidemic intelligence subnational data
Latvia,Latgale,LV005,2021-49,360.982622827854,Epidemic intelligence subnational data
Latvia,Latgale,LV005,2021-50,349.653081635204,Epidemic intelligence subnational data
Latvia,Latgale,LV005,2021-51,310.976372046506,Epidemic intelligence subnational data
Latvia,Latgale,LV005,2021-52,301.209526190774,Epidemic intelligence subnational data
Latvia,Latgale,LV005,2022-01,529.363045380673,Epidemic intelligence subnational data
Latvia,Latgale,LV005,2022-02,885.266908363546,Epidemic intelligence subnational data
Latvia,Latgale,LV005,2022-03,1613.48293536692,Epidemic intelligence subnational data
Latvia,Latgale,LV005,2022-04,3212.51093886736,Epidemic intelligence subnational data
Latvia,Riga,LV006,2020-16,,Epidemic intelligence subnational data
Latvia,Riga,LV006,2020-17,15.7772192890052,Epidemic intelligence subnational data
Latvia,Riga,LV006,2020-18,11.6337071524988,Epidemic intelligence subnational data
Latvia,Riga,LV006,2020-19,8.12765842160873,Epidemic intelligence subnational data
Latvia,Riga,LV006,2020-20,5.89653650195144,Epidemic intelligence subnational data
Latvia,Riga,LV006,2020-21,3.98414628510232,Epidemic intelligence subnational data
Latvia,Riga,LV006,2020-22,3.34668287948595,Epidemic intelligence subnational data
Latvia,Riga,LV006,2020-23,1.75302436544502,Epidemic intelligence subnational data
Latvia,Riga,LV006,2020-24,0.796829257020464,Epidemic intelligence subnational data
Latvia,Riga,LV006,2020-25,0.318731702808186,Epidemic intelligence subnational data
Latvia,Riga,LV006,2020-26,1.75302436544502,Epidemic intelligence subnational data
Latvia,Riga,LV006,2020-27,3.82478043369823,Epidemic intelligence subnational data
Latvia,Riga,LV006,2020-28,6.53399990756781,Epidemic intelligence subnational data
Latvia,Riga,LV006,2020-29,6.37463405616371,Epidemic intelligence subnational data
Latvia,Riga,LV006,2020-30,3.50604873089004,Epidemic intelligence subnational data
Latvia,Riga,LV006,2020-31,2.07175606825321,Epidemic intelligence subnational data
Latvia,Riga,LV006,2020-32,2.07175606825321,Epidemic intelligence subnational data
Latvia,Riga,LV006,2020-33,2.07175606825321,Epidemic intelligence subnational data
Latvia,Riga,LV006,2020-34,2.2311219196573,Epidemic intelligence subnational data
Latvia,Riga,LV006,2020-35,3.82478043369823,Epidemic intelligence subnational data
Latvia,Riga,LV006,2020-36,3.66541458229414,Epidemic intelligence subnational data
Latvia,Riga,LV006,2020-37,4.62160969071869,Epidemic intelligence subnational data
Latvia,Riga,LV006,2020-38,11.952438855307,Epidemic intelligence subnational data
Latvia,Riga,LV006,2020-39,20.3988289797239,Epidemic intelligence subnational data
Latvia,Riga,LV006,2020-40,30.916975172394,Epidemic intelligence subnational data
Latvia,Riga,LV006,2020-41,65.4993649270822,Epidemic intelligence subnational data
Latvia,Riga,LV006,2020-42,100.400486384579,Epidemic intelligence subnational data
Latvia,Riga,LV006,2020-43,150.441363725464,Epidemic intelligence subnational data
Latvia,Riga,LV006,2020-44,204.307021500047,Epidemic intelligence subnational data
Latvia,Riga,LV006,2020-45,250.841850110042,Epidemic intelligence subnational data
Latvia,Riga,LV006,2020-46,309.16975172394,Epidemic intelligence subnational data
Latvia,Riga,LV006,2020-47,349.011214574963,Epidemic intelligence subnational data
Latvia,Riga,LV006,2020-48,465.029554397143,Epidemic intelligence subnational data
Latvia,Riga,LV006,2020-49,536.106724123368,Epidemic intelligence subnational data
Latvia,Riga,LV006,2020-50,520.807602388575,Epidemic intelligence subnational data
Latvia,Riga,LV006,2020-51,577.701211339837,Epidemic intelligence subnational data
Latvia,Riga,LV006,2020-52,634.754186142502,Epidemic intelligence subnational data
Latvia,Riga,LV006,2020-53,621.84555217877,Epidemic intelligence subnational data
Latvia,Riga,LV006,2021-01,609.255649917847,Epidemic intelligence subnational data
Latvia,Riga,LV006,2021-02,599.215601279389,Epidemic intelligence subnational data
Latvia,Riga,LV006,2021-03,557.302382360113,Epidemic intelligence subnational data
Latvia,Riga,LV006,2021-04,556.8242848059,Epidemic intelligence subnational data
Latvia,Riga,LV006,2021-05,578.338674745453,Epidemic intelligence subnational data
Latvia,Riga,LV006,2021-06,547.102967870251,Epidemic intelligence subnational data
Latvia,Riga,LV006,2021-07,500.72750511166,Epidemic intelligence subnational data
Latvia,Riga,LV006,2021-08,494.034139352688,Epidemic intelligence subnational data
Latvia,Riga,LV006,2021-09,458.814286192383,Epidemic intelligence subnational data
Latvia,Riga,LV006,2021-10,385.665360397905,Epidemic intelligence subnational data
Latvia,Riga,LV006,2021-11,398.414628510232,Epidemic intelligence subnational data
Latvia,Riga,LV006,2021-12,388.055848168966,Epidemic intelligence subnational data
Latvia,Riga,LV006,2021-13,336.740044016848,Epidemic intelligence subnational data
Latvia,Riga,LV006,2021-14,373.075458136981,Epidemic intelligence subnational data
Latvia,Riga,LV006,2021-15,392.677457859685,Epidemic intelligence subnational data
Latvia,Riga,LV006,2021-16,408.45467714869,Epidemic intelligence subnational data
Latvia,Riga,LV006,2021-17,446.702481485672,Epidemic intelligence subnational data
Latvia,Riga,LV006,2021-18,453.395847244644,Epidemic intelligence subnational data
Latvia,Riga,LV006,2021-19,420.885213558209,Epidemic intelligence subnational data
Latvia,Riga,LV006,2021-20,345.345799992669,Epidemic intelligence subnational data
Latvia,Riga,LV006,2021-21,257.057118314802,Epidemic intelligence subnational data
Latvia,Riga,LV006,2021-22,202.713362986006,Epidemic intelligence subnational data
Latvia,Riga,LV006,2021-23,158.887753849881,Epidemic intelligence subnational data
Latvia,Riga,LV006,2021-24,103.906535115469,Epidemic intelligence subnational data
Latvia,Riga,LV006,2021-25,63.7463405616371,Epidemic intelligence subnational data
Latvia,Riga,LV006,2021-26,53.0688285175629,Epidemic intelligence subnational data
Latvia,Riga,LV006,2021-27,51.1564383007138,Epidemic intelligence subnational data
Latvia,Riga,LV006,2021-28,36.4947799715373,Epidemic intelligence subnational data
Latvia,Riga,LV006,2021-29,36.3354141201332,Epidemic intelligence subnational data
Latvia,Riga,LV006,2021-30,54.0250236259875,Epidemic intelligence subnational data
Latvia,Riga,LV006,2021-31,67.2523892925272,Epidemic intelligence subnational data
Latvia,Riga,LV006,2021-32,85.1013646497856,Epidemic intelligence subnational data
Latvia,Riga,LV006,2021-33,107.253217994955,Epidemic intelligence subnational data
Latvia,Riga,LV006,2021-34,120.480583661494,Epidemic intelligence subnational data
Latvia,Riga,LV006,2021-35,162.871900134983,Epidemic intelligence subnational data
Latvia,Riga,LV006,2021-36,232.992874752784,Epidemic intelligence subnational data
Latvia,Riga,LV006,2021-37,307.576093209899,Epidemic intelligence subnational data
Latvia,Riga,LV006,2021-38,410.207701514135,Epidemic intelligence subnational data
Latvia,Riga,LV006,2021-39,561.605260348023,Epidemic intelligence subnational data
Latvia,Riga,LV006,2021-40,814.678232377723,Epidemic intelligence subnational data
Latvia,Riga,LV006,2021-41,1221.06115345816,Epidemic intelligence subnational data
Latvia,Riga,LV006,2021-42,1546.64558787672,Epidemic intelligence subnational data
Latvia,Riga,LV006,2021-43,1633.97807444616,Epidemic intelligence subnational data
Latvia,Riga,LV006,2021-44,1438.75490647615,Epidemic intelligence subnational data
Latvia,Riga,LV006,2021-45,1035.39993657239,Epidemic intelligence subnational data
Latvia,Riga,LV006,2021-46,749.816330856257,Epidemic intelligence subnational data
Latvia,Riga,LV006,2021-47,666.62735642332,Epidemic intelligence subnational data
Latvia,Riga,LV006,2021-48,596.825113508328,Epidemic intelligence subnational data
Latvia,Riga,LV006,2021-49,544.871845950593,Epidemic intelligence subnational data
Latvia,Riga,LV006,2021-50,600.490528090622,Epidemic intelligence subnational data
Latvia,Riga,LV006,2021-51,583.119650287576,Epidemic intelligence subnational data
Latvia,Riga,LV006,2021-52,641.606917752878,Epidemic intelligence subnational data
Latvia,Riga,LV006,2022-01,1139.94393509348,Epidemic intelligence subnational data
Latvia,Riga,LV006,2022-02,1950.15992363188,Epidemic intelligence subnational data
Latvia,Riga,LV006,2022-03,3631.31029009366,Epidemic intelligence subnational data
Latvia,Riga,LV006,2022-04,5897.17396535705,Epidemic intelligence subnational data
Latvia,Pieriga,LV007,2020-16,,Epidemic intelligence subnational data
Latvia,Pieriga,LV007,2020-17,6.14207965476171,Epidemic intelligence subnational data
Latvia,Pieriga,LV007,2020-18,8.27845518685275,Epidemic intelligence subnational data
Latvia,Pieriga,LV007,2020-19,3.7386571811593,Epidemic intelligence subnational data
Latvia,Pieriga,LV007,2020-20,2.93751635662517,Epidemic intelligence subnational data
Latvia,Pieriga,LV007,2020-21,2.93751635662517,Epidemic intelligence subnational data
Latvia,Pieriga,LV007,2020-22,2.13637553209103,Epidemic intelligence subnational data
Latvia,Pieriga,LV007,2020-23,1.33523470755689,Epidemic intelligence subnational data
Latvia,Pieriga,LV007,2020-24,1.33523470755689,Epidemic intelligence subnational data
Latvia,Pieriga,LV007,2020-25,1.06818776604552,Epidemic intelligence subnational data
Latvia,Pieriga,LV007,2020-26,0.267046941511379,Epidemic intelligence subnational data
Latvia,Pieriga,LV007,2020-27,0.801140824534137,Epidemic intelligence subnational data
Latvia,Pieriga,LV007,2020-28,2.40342247360241,Epidemic intelligence subnational data
Latvia,Pieriga,LV007,2020-29,2.40342247360241,Epidemic intelligence subnational data
Latvia,Pieriga,LV007,2020-30,2.40342247360241,Epidemic intelligence subnational data
Latvia,Pieriga,LV007,2020-31,5.34093883022758,Epidemic intelligence subnational data
Latvia,Pieriga,LV007,2020-32,9.07959601138688,Epidemic intelligence subnational data
Latvia,Pieriga,LV007,2020-33,6.94322047929585,Epidemic intelligence subnational data
Latvia,Pieriga,LV007,2020-34,4.00570412267068,Epidemic intelligence subnational data
Latvia,Pieriga,LV007,2020-35,6.40912659627309,Epidemic intelligence subnational data
Latvia,Pieriga,LV007,2020-36,4.80684494720482,Epidemic intelligence subnational data
Latvia,Pieriga,LV007,2020-37,5.34093883022758,Epidemic intelligence subnational data
Latvia,Pieriga,LV007,2020-38,8.27845518685275,Epidemic intelligence subnational data
Latvia,Pieriga,LV007,2020-39,11.2159715434779,Epidemic intelligence subnational data
Latvia,Pieriga,LV007,2020-40,18.1591920227738,Epidemic intelligence subnational data
Latvia,Pieriga,LV007,2020-41,29.1081166247403,Epidemic intelligence subnational data
Latvia,Pieriga,LV007,2020-42,45.9320739399572,Epidemic intelligence subnational data
Latvia,Pieriga,LV007,2020-43,65.1594537287764,Epidemic intelligence subnational data
Latvia,Pieriga,LV007,2020-44,107.352870487574,Epidemic intelligence subnational data
Latvia,Pieriga,LV007,2020-45,162.364540438918,Epidemic intelligence subnational data
Latvia,Pieriga,LV007,2020-46,202.688628607137,Epidemic intelligence subnational data
Latvia,Pieriga,LV007,2020-47,261.973049622663,Epidemic intelligence subnational data
Latvia,Pieriga,LV007,2020-48,340.484850427008,Epidemic intelligence subnational data
Latvia,Pieriga,LV007,2020-49,384.013501893363,Epidemic intelligence subnational data
Latvia,Pieriga,LV007,2020-50,377.070281414067,Epidemic intelligence subnational data
Latvia,Pieriga,LV007,2020-51,401.104506150091,Epidemic intelligence subnational data
Latvia,Pieriga,LV007,2020-52,447.837720914582,Epidemic intelligence subnational data
Latvia,Pieriga,LV007,2020-53,552.253075045532,Epidemic intelligence subnational data
Latvia,Pieriga,LV007,2021-01,652.66272505381,Epidemic intelligence subnational data
Latvia,Pieriga,LV007,2021-02,585.633942734454,Epidemic intelligence subnational data
Latvia,Pieriga,LV007,2021-03,457.985504692015,Epidemic intelligence subnational data
Latvia,Pieriga,LV007,2021-04,462.525302697708,Epidemic intelligence subnational data
Latvia,Pieriga,LV007,2021-05,543.440525975656,Epidemic intelligence subnational data
Latvia,Pieriga,LV007,2021-06,529.821131958576,Epidemic intelligence subnational data
Latvia,Pieriga,LV007,2021-07,502.849390865926,Epidemic intelligence subnational data
Latvia,Pieriga,LV007,2021-08,477.746978363857,Epidemic intelligence subnational data
Latvia,Pieriga,LV007,2021-09,456.650269984458,Epidemic intelligence subnational data
Latvia,Pieriga,LV007,2021-10,414.723900167171,Epidemic intelligence subnational data
Latvia,Pieriga,LV007,2021-11,376.803234472556,Epidemic intelligence subnational data
Latvia,Pieriga,LV007,2021-12,355.439479151645,Epidemic intelligence subnational data
Latvia,Pieriga,LV007,2021-13,310.041499094711,Epidemic intelligence subnational data
Latvia,Pieriga,LV007,2021-14,340.484850427008,Epidemic intelligence subnational data
Latvia,Pieriga,LV007,2021-15,407.513632746364,Epidemic intelligence subnational data
Latvia,Pieriga,LV007,2021-16,454.780941393878,Epidemic intelligence subnational data
Latvia,Pieriga,LV007,2021-17,517.00287876603,Epidemic intelligence subnational data
Latvia,Pieriga,LV007,2021-18,537.832540203917,Epidemic intelligence subnational data
Latvia,Pieriga,LV007,2021-19,486.826574375244,Epidemic intelligence subnational data
Latvia,Pieriga,LV007,2021-20,389.35444072359,Epidemic intelligence subnational data
Latvia,Pieriga,LV007,2021-21,283.336804943573,Epidemic intelligence subnational data
Latvia,Pieriga,LV007,2021-22,208.830708261898,Epidemic intelligence subnational data
Latvia,Pieriga,LV007,2021-23,145.807630065213,Epidemic intelligence subnational data
Latvia,Pieriga,LV007,2021-24,95.869852002585,Epidemic intelligence subnational data
Latvia,Pieriga,LV007,2021-25,57.4150924249465,Epidemic intelligence subnational data
Latvia,Pieriga,LV007,2021-26,48.8695902965823,Epidemic intelligence subnational data
Latvia,Pieriga,LV007,2021-27,42.4604637003092,Epidemic intelligence subnational data
Latvia,Pieriga,LV007,2021-28,30.4433513322972,Epidemic intelligence subnational data
Latvia,Pieriga,LV007,2021-29,36.5854309870589,Epidemic intelligence subnational data
Latvia,Pieriga,LV007,2021-30,46.4661678229799,Epidemic intelligence subnational data
Latvia,Pieriga,LV007,2021-31,53.9434821852985,Epidemic intelligence subnational data
Latvia,Pieriga,LV007,2021-32,63.8242190212196,Epidemic intelligence subnational data
Latvia,Pieriga,LV007,2021-33,92.9323356459599,Epidemic intelligence subnational data
Latvia,Pieriga,LV007,2021-34,113.761997083847,Epidemic intelligence subnational data
Latvia,Pieriga,LV007,2021-35,154.353132193577,Epidemic intelligence subnational data
Latvia,Pieriga,LV007,2021-36,230.194463582809,Epidemic intelligence subnational data
Latvia,Pieriga,LV007,2021-37,310.842639919245,Epidemic intelligence subnational data
Latvia,Pieriga,LV007,2021-38,397.365848968932,Epidemic intelligence subnational data
Latvia,Pieriga,LV007,2021-39,562.934952705987,Epidemic intelligence subnational data
Latvia,Pieriga,LV007,2021-40,842.266053526889,Epidemic intelligence subnational data
Latvia,Pieriga,LV007,2021-41,1174.47244876704,Epidemic intelligence subnational data
Latvia,Pieriga,LV007,2021-42,1440.71824945389,Epidemic intelligence subnational data
Latvia,Pieriga,LV007,2021-43,1540.05971169612,Epidemic intelligence subnational data
Latvia,Pieriga,LV007,2021-44,1407.60442870648,Epidemic intelligence subnational data
Latvia,Pieriga,LV007,2021-45,1036.94327388868,Epidemic intelligence subnational data
Latvia,Pieriga,LV007,2021-46,746.396201524304,Epidemic intelligence subnational data
Latvia,Pieriga,LV007,2021-47,676.963996731346,Epidemic intelligence subnational data
Latvia,Pieriga,LV007,2021-48,590.440787681659,Epidemic intelligence subnational data
Latvia,Pieriga,LV007,2021-49,494.837982620585,Epidemic intelligence subnational data
Latvia,Pieriga,LV007,2021-50,497.508452035699,Epidemic intelligence subnational data
Latvia,Pieriga,LV007,2021-51,488.695902965823,Epidemic intelligence subnational data
Latvia,Pieriga,LV007,2021-52,609.401120528967,Epidemic intelligence subnational data
Latvia,Pieriga,LV007,2022-01,1111.71641751187,Epidemic intelligence subnational data
Latvia,Pieriga,LV007,2022-02,1773.45873857707,Epidemic intelligence subnational data
Latvia,Pieriga,LV007,2022-03,3079.85237645073,Epidemic intelligence subnational data
Latvia,Pieriga,LV007,2022-04,5094.18745627106,Epidemic intelligence subnational data
Latvia,Vidzeme,LV008,2020-16,,Epidemic intelligence subnational data
Latvia,Vidzeme,LV008,2020-17,8.69858321825833,Epidemic intelligence subnational data
Latvia,Vidzeme,LV008,2020-18,8.15492176711718,Epidemic intelligence subnational data
Latvia,Vidzeme,LV008,2020-19,8.15492176711718,Epidemic intelligence subnational data
Latvia,Vidzeme,LV008,2020-20,23.3774423990693,Epidemic intelligence subnational data
Latvia,Vidzeme,LV008,2020-21,33.1633485196099,Epidemic intelligence subnational data
Latvia,Vidzeme,LV008,2020-22,16.8535049853755,Epidemic intelligence subnational data
Latvia,Vidzeme,LV008,2020-23,3.80563015798802,Epidemic intelligence subnational data
Latvia,Vidzeme,LV008,2020-24,0,Epidemic intelligence subnational data
Latvia,Vidzeme,LV008,2020-25,0,Epidemic intelligence subnational data
Latvia,Vidzeme,LV008,2020-26,3.26196870684687,Epidemic intelligence subnational data
Latvia,Vidzeme,LV008,2020-27,3.26196870684687,Epidemic intelligence subnational data
Latvia,Vidzeme,LV008,2020-28,1.08732290228229,Epidemic intelligence subnational data
Latvia,Vidzeme,LV008,2020-29,1.08732290228229,Epidemic intelligence subnational data
Latvia,Vidzeme,LV008,2020-30,5.43661451141145,Epidemic intelligence subnational data
Latvia,Vidzeme,LV008,2020-31,8.69858321825833,Epidemic intelligence subnational data
Latvia,Vidzeme,LV008,2020-32,6.52393741369374,Epidemic intelligence subnational data
Latvia,Vidzeme,LV008,2020-33,3.26196870684687,Epidemic intelligence subnational data
Latvia,Vidzeme,LV008,2020-34,0,Epidemic intelligence subnational data
Latvia,Vidzeme,LV008,2020-35,0,Epidemic intelligence subnational data
Latvia,Vidzeme,LV008,2020-36,2.71830725570573,Epidemic intelligence subnational data
Latvia,Vidzeme,LV008,2020-37,3.26196870684687,Epidemic intelligence subnational data
Latvia,Vidzeme,LV008,2020-38,0.543661451141145,Epidemic intelligence subnational data
Latvia,Vidzeme,LV008,2020-39,1.08732290228229,Epidemic intelligence subnational data
Latvia,Vidzeme,LV008,2020-40,9.78590612054062,Epidemic intelligence subnational data
Latvia,Vidzeme,LV008,2020-41,12.5042133762463,Epidemic intelligence subnational data
Latvia,Vidzeme,LV008,2020-42,48.3858691515619,Epidemic intelligence subnational data
Latvia,Vidzeme,LV008,2020-43,98.9463841076885,Epidemic intelligence subnational data
Latvia,Vidzeme,LV008,2020-44,115.799889093064,Epidemic intelligence subnational data
Latvia,Vidzeme,LV008,2020-45,101.121029912253,Epidemic intelligence subnational data
Latvia,Vidzeme,LV008,2020-46,107.644967325947,Epidemic intelligence subnational data
Latvia,Vidzeme,LV008,2020-47,146.244930356968,Epidemic intelligence subnational data
Latvia,Vidzeme,LV008,2020-48,149.506899063815,Epidemic intelligence subnational data
Latvia,Vidzeme,LV008,2020-49,138.633670040992,Epidemic intelligence subnational data
Latvia,Vidzeme,LV008,2020-50,159.292805184356,Epidemic intelligence subnational data
Latvia,Vidzeme,LV008,2020-51,202.242059824506,Epidemic intelligence subnational data
Latvia,Vidzeme,LV008,2020-52,233.230762539551,Epidemic intelligence subnational data
Latvia,Vidzeme,LV008,2020-53,309.343365699312,Epidemic intelligence subnational data
Latvia,Vidzeme,LV008,2021-01,447.433374289163,Epidemic intelligence subnational data
Latvia,Vidzeme,LV008,2021-02,608.357163826942,Epidemic intelligence subnational data
Latvia,Vidzeme,LV008,2021-03,665.985277647903,Epidemic intelligence subnational data
Latvia,Vidzeme,LV008,2021-04,657.286694429645,Epidemic intelligence subnational data
Latvia,Vidzeme,LV008,2021-05,693.712011656102,Epidemic intelligence subnational data
Latvia,Vidzeme,LV008,2021-06,638.802205090846,Epidemic intelligence subnational data
Latvia,Vidzeme,LV008,2021-07,554.534680163968,Epidemic intelligence subnational data
Latvia,Vidzeme,LV008,2021-08,542.030466787722,Epidemic intelligence subnational data
Latvia,Vidzeme,LV008,2021-09,464.830540725679,Epidemic intelligence subnational data
Latvia,Vidzeme,LV008,2021-10,351.20529743718,Epidemic intelligence subnational data
Latvia,Vidzeme,LV008,2021-11,335.982776805228,Epidemic intelligence subnational data
Latvia,Vidzeme,LV008,2021-12,320.760256173276,Epidemic intelligence subnational data
Latvia,Vidzeme,LV008,2021-13,313.1489958573,Epidemic intelligence subnational data
Latvia,Vidzeme,LV008,2021-14,385.999630310213,Epidemic intelligence subnational data
Latvia,Vidzeme,LV008,2021-15,393.610890626189,Epidemic intelligence subnational data
Latvia,Vidzeme,LV008,2021-16,346.31234437691,Epidemic intelligence subnational data
Latvia,Vidzeme,LV008,2021-17,348.486990181474,Epidemic intelligence subnational data
Latvia,Vidzeme,LV008,2021-18,363.165849362285,Epidemic intelligence subnational data
Latvia,Vidzeme,LV008,2021-19,328.915177940393,Epidemic intelligence subnational data
Latvia,Vidzeme,LV008,2021-20,295.208167969642,Epidemic intelligence subnational data
Latvia,Vidzeme,LV008,2021-21,258.239189292044,Epidemic intelligence subnational data
Latvia,Vidzeme,LV008,2021-22,200.067414019942,Epidemic intelligence subnational data
Latvia,Vidzeme,LV008,2021-23,151.68154486838,Epidemic intelligence subnational data
Latvia,Vidzeme,LV008,2021-24,94.0534310474182,Epidemic intelligence subnational data
Latvia,Vidzeme,LV008,2021-25,40.2309473844448,Epidemic intelligence subnational data
Latvia,Vidzeme,LV008,2021-26,28.8140569104807,Epidemic intelligence subnational data
Latvia,Vidzeme,LV008,2021-27,28.8140569104807,Epidemic intelligence subnational data
Latvia,Vidzeme,LV008,2021-28,14.1351977296698,Epidemic intelligence subnational data
Latvia,Vidzeme,LV008,2021-29,10.8732290228229,Epidemic intelligence subnational data
Latvia,Vidzeme,LV008,2021-30,17.9408278876578,Epidemic intelligence subnational data
Latvia,Vidzeme,LV008,2021-31,33.707009970751,Epidemic intelligence subnational data
Latvia,Vidzeme,LV008,2021-32,52.1914993095499,Epidemic intelligence subnational data
Latvia,Vidzeme,LV008,2021-33,91.3351237917124,Epidemic intelligence subnational data
Latvia,Vidzeme,LV008,2021-34,167.991388402614,Epidemic intelligence subnational data
Latvia,Vidzeme,LV008,2021-35,284.87860039796,Epidemic intelligence subnational data
Latvia,Vidzeme,LV008,2021-36,349.574313083757,Epidemic intelligence subnational data
Latvia,Vidzeme,LV008,2021-37,388.174276114778,Epidemic intelligence subnational data
Latvia,Vidzeme,LV008,2021-38,499.081212147572,Epidemic intelligence subnational data
Latvia,Vidzeme,LV008,2021-39,706.759886483489,Epidemic intelligence subnational data
Latvia,Vidzeme,LV008,2021-40,968.26104448238,Epidemic intelligence subnational data
Latvia,Vidzeme,LV008,2021-41,1298.8072067762,Epidemic intelligence subnational data
Latvia,Vidzeme,LV008,2021-42,1492.35068338244,Epidemic intelligence subnational data
Latvia,Vidzeme,LV008,2021-43,1457.55635050941,Epidemic intelligence subnational data
Latvia,Vidzeme,LV008,2021-44,1241.72275440638,Epidemic intelligence subnational data
Latvia,Vidzeme,LV008,2021-45,951.407539497005,Epidemic intelligence subnational data
Latvia,Vidzeme,LV008,2021-46,739.379573551958,Epidemic intelligence subnational data
Latvia,Vidzeme,LV008,2021-47,703.497917776642,Epidemic intelligence subnational data
Latvia,Vidzeme,LV008,2021-48,702.41059487436,Epidemic intelligence subnational data
Latvia,Vidzeme,LV008,2021-49,569.213539344779,Epidemic intelligence subnational data
Latvia,Vidzeme,LV008,2021-50,561.602279028803,Epidemic intelligence subnational data
Latvia,Vidzeme,LV008,2021-51,523.002315997782,Epidemic intelligence subnational data
Latvia,Vidzeme,LV008,2021-52,477.334754101926,Epidemic intelligence subnational data
Latvia,Vidzeme,LV008,2022-01,690.993704400396,Epidemic intelligence subnational data
Latvia,Vidzeme,LV008,2022-02,1096.02148550055,Epidemic intelligence subnational data
Latvia,Vidzeme,LV008,2022-03,1879.98129804608,Epidemic intelligence subnational data
Latvia,Vidzeme,LV008,2022-04,3128.77165131729,Epidemic intelligence subnational data
Latvia,Zemgale,LV009,2020-16,,Epidemic intelligence subnational data
Latvia,Zemgale,LV009,2020-17,3.50248895621451,Epidemic intelligence subnational data
Latvia,Zemgale,LV009,2020-18,3.0646778366877,Epidemic intelligence subnational data
Latvia,Zemgale,LV009,2020-19,2.18905559763407,Epidemic intelligence subnational data
Latvia,Zemgale,LV009,2020-20,2.18905559763407,Epidemic intelligence subnational data
Latvia,Zemgale,LV009,2020-21,0,Epidemic intelligence subnational data
Latvia,Zemgale,LV009,2020-22,1.75124447810726,Epidemic intelligence subnational data
Latvia,Zemgale,LV009,2020-23,3.0646778366877,Epidemic intelligence subnational data
Latvia,Zemgale,LV009,2020-24,3.94030007574132,Epidemic intelligence subnational data
Latvia,Zemgale,LV009,2020-25,2.62686671716088,Epidemic intelligence subnational data
Latvia,Zemgale,LV009,2020-26,0.437811119526814,Epidemic intelligence subnational data
Latvia,Zemgale,LV009,2020-27,0.437811119526814,Epidemic intelligence subnational data
Latvia,Zemgale,LV009,2020-28,0,Epidemic intelligence subnational data
Latvia,Zemgale,LV009,2020-29,0,Epidemic intelligence subnational data
Latvia,Zemgale,LV009,2020-30,0.437811119526814,Epidemic intelligence subnational data
Latvia,Zemgale,LV009,2020-31,1.31343335858044,Epidemic intelligence subnational data
Latvia,Zemgale,LV009,2020-32,3.50248895621451,Epidemic intelligence subnational data
Latvia,Zemgale,LV009,2020-33,3.0646778366877,Epidemic intelligence subnational data
Latvia,Zemgale,LV009,2020-34,0.875622239053628,Epidemic intelligence subnational data
Latvia,Zemgale,LV009,2020-35,1.75124447810726,Epidemic intelligence subnational data
Latvia,Zemgale,LV009,2020-36,1.31343335858044,Epidemic intelligence subnational data
Latvia,Zemgale,LV009,2020-37,0.875622239053628,Epidemic intelligence subnational data
Latvia,Zemgale,LV009,2020-38,1.75124447810726,Epidemic intelligence subnational data
Latvia,Zemgale,LV009,2020-39,0.875622239053628,Epidemic intelligence subnational data
Latvia,Zemgale,LV009,2020-40,3.0646778366877,Epidemic intelligence subnational data
Latvia,Zemgale,LV009,2020-41,19.2636892591798,Epidemic intelligence subnational data
Latvia,Zemgale,LV009,2020-42,36.3383229207255,Epidemic intelligence subnational data
Latvia,Zemgale,LV009,2020-43,28.8955338887697,Epidemic intelligence subnational data
Latvia,Zemgale,LV009,2020-44,63.482612331388,Epidemic intelligence subnational data
Latvia,Zemgale,LV009,2020-45,124.338357945615,Epidemic intelligence subnational data
Latvia,Zemgale,LV009,2020-46,150.169213997697,Epidemic intelligence subnational data
Latvia,Zemgale,LV009,2020-47,175.124447810726,Epidemic intelligence subnational data
Latvia,Zemgale,LV009,2020-48,239.920493500694,Epidemic intelligence subnational data
Latvia,Zemgale,LV009,2020-49,505.67184305347,Epidemic intelligence subnational data
Latvia,Zemgale,LV009,2020-50,634.82612331388,Epidemic intelligence subnational data
Latvia,Zemgale,LV009,2020-51,666.348523919811,Epidemic intelligence subnational data
Latvia,Zemgale,LV009,2020-52,699.622169003848,Epidemic intelligence subnational data
Latvia,Zemgale,LV009,2020-53,719.761480502082,Epidemic intelligence subnational data
Latvia,Zemgale,LV009,2021-01,848.477949642965,Epidemic intelligence subnational data
Latvia,Zemgale,LV009,2021-02,782.806281713943,Epidemic intelligence subnational data
Latvia,Zemgale,LV009,2021-03,689.114702135205,Epidemic intelligence subnational data
Latvia,Zemgale,LV009,2021-04,677.731613027508,Epidemic intelligence subnational data
Latvia,Zemgale,LV009,2021-05,581.850977851136,Epidemic intelligence subnational data
Latvia,Zemgale,LV009,2021-06,484.656909316183,Epidemic intelligence subnational data
Latvia,Zemgale,LV009,2021-07,434.746441690126,Epidemic intelligence subnational data
Latvia,Zemgale,LV009,2021-08,391.403140856972,Epidemic intelligence subnational data
Latvia,Zemgale,LV009,2021-09,348.497651143344,Epidemic intelligence subnational data
Latvia,Zemgale,LV009,2021-10,292.457827843912,Epidemic intelligence subnational data
Latvia,Zemgale,LV009,2021-11,351.562328980032,Epidemic intelligence subnational data
Latvia,Zemgale,LV009,2021-12,377.393185032113,Epidemic intelligence subnational data
Latvia,Zemgale,LV009,2021-13,298.14937239776,Epidemic intelligence subnational data
Latvia,Zemgale,LV009,2021-14,324.418039569369,Epidemic intelligence subnational data
Latvia,Zemgale,LV009,2021-15,405.41309668183,Epidemic intelligence subnational data
Latvia,Zemgale,LV009,2021-16,441.751419602555,Epidemic intelligence subnational data
Latvia,Zemgale,LV009,2021-17,471.084764610852,Epidemic intelligence subnational data
Latvia,Zemgale,LV009,2021-18,471.960386849905,Epidemic intelligence subnational data
Latvia,Zemgale,LV009,2021-19,428.179274897224,Epidemic intelligence subnational data
Latvia,Zemgale,LV009,2021-20,371.701640478265,Epidemic intelligence subnational data
Latvia,Zemgale,LV009,2021-21,277.134438660473,Epidemic intelligence subnational data
Latvia,Zemgale,LV009,2021-22,202.268737221388,Epidemic intelligence subnational data
Latvia,Zemgale,LV009,2021-23,164.179169822555,Epidemic intelligence subnational data
Latvia,Zemgale,LV009,2021-24,100.25874637164,Epidemic intelligence subnational data
Latvia,Zemgale,LV009,2021-25,49.0348453870031,Epidemic intelligence subnational data
Latvia,Zemgale,LV009,2021-26,33.7114562035647,Epidemic intelligence subnational data
Latvia,Zemgale,LV009,2021-27,31.5224006059306,Epidemic intelligence subnational data
Latvia,Zemgale,LV009,2021-28,18.3880670201262,Epidemic intelligence subnational data
Latvia,Zemgale,LV009,2021-29,12.6965224662776,Epidemic intelligence subnational data
Latvia,Zemgale,LV009,2021-30,18.3880670201262,Epidemic intelligence subnational data
Latvia,Zemgale,LV009,2021-31,31.5224006059306,Epidemic intelligence subnational data
Latvia,Zemgale,LV009,2021-32,50.7860898651104,Epidemic intelligence subnational data
Latvia,Zemgale,LV009,2021-33,64.7960456899684,Epidemic intelligence subnational data
Latvia,Zemgale,LV009,2021-34,102.447801969274,Epidemic intelligence subnational data
Latvia,Zemgale,LV009,2021-35,197.015003787066,Epidemic intelligence subnational data
Latvia,Zemgale,LV009,2021-36,276.25881642142,Epidemic intelligence subnational data
Latvia,Zemgale,LV009,2021-37,304.278728071136,Epidemic intelligence subnational data
Latvia,Zemgale,LV009,2021-38,361.194173609621,Epidemic intelligence subnational data
Latvia,Zemgale,LV009,2021-39,572.656944341072,Epidemic intelligence subnational data
Latvia,Zemgale,LV009,2021-40,828.776449264258,Epidemic intelligence subnational data
Latvia,Zemgale,LV009,2021-41,1166.32882241943,Epidemic intelligence subnational data
Latvia,Zemgale,LV009,2021-42,1551.60260760303,Epidemic intelligence subnational data
Latvia,Zemgale,LV009,2021-43,1664.99568756047,Epidemic intelligence subnational data
Latvia,Zemgale,LV009,2021-44,1439.08514988464,Epidemic intelligence subnational data
Latvia,Zemgale,LV009,2021-45,1012.65711946552,Epidemic intelligence subnational data
Latvia,Zemgale,LV009,2021-46,716.696802665394,Epidemic intelligence subnational data
Latvia,Zemgale,LV009,2021-47,625.632089803817,Epidemic intelligence subnational data
Latvia,Zemgale,LV009,2021-48,543.323599332776,Epidemic intelligence subnational data
Latvia,Zemgale,LV009,2021-49,429.930519375331,Epidemic intelligence subnational data
Latvia,Zemgale,LV009,2021-50,395.78125205224,Epidemic intelligence subnational data
Latvia,Zemgale,LV009,2021-51,395.78125205224,Epidemic intelligence subnational data
Latvia,Zemgale,LV009,2021-52,449.194208634511,Epidemic intelligence subnational data
Latvia,Zemgale,LV009,2022-01,659.343546007382,Epidemic intelligence subnational data
Latvia,Zemgale,LV009,2022-02,1031.9208087247,Epidemic intelligence subnational data
Latvia,Zemgale,LV009,2022-03,2157.09538590861,Epidemic intelligence subnational data
Latvia,Zemgale,LV009,2022-04,4308.9370383829,Epidemic intelligence subnational data
Liechtenstein,Liechtenstein,LI0,2020-14,,Epidemic intelligence subnational data
Liechtenstein,Liechtenstein,LI0,2020-16,46.4552094355692,Epidemic intelligence subnational data
Liechtenstein,Liechtenstein,LI0,2020-17,7.7425349059282,Epidemic intelligence subnational data
Liechtenstein,Liechtenstein,LI0,2020-18,2.58084496864273,Epidemic intelligence subnational data
Liechtenstein,Liechtenstein,LI0,2020-19,0,Epidemic intelligence subnational data
Liechtenstein,Liechtenstein,LI0,2020-20,0,Epidemic intelligence subnational data
Liechtenstein,Liechtenstein,LI0,2020-21,0,Epidemic intelligence subnational data
Liechtenstein,Liechtenstein,LI0,2020-22,0,Epidemic intelligence subnational data
Liechtenstein,Liechtenstein,LI0,2020-23,0,Epidemic intelligence subnational data
Liechtenstein,Liechtenstein,LI0,2020-24,0,Epidemic intelligence subnational data
Liechtenstein,Liechtenstein,LI0,2020-25,0,Epidemic intelligence subnational data
Liechtenstein,Liechtenstein,LI0,2020-26,0,Epidemic intelligence subnational data
Liechtenstein,Liechtenstein,LI0,2020-27,2.58084496864273,Epidemic intelligence subnational data
Liechtenstein,Liechtenstein,LI0,2020-28,5.16168993728547,Epidemic intelligence subnational data
Liechtenstein,Liechtenstein,LI0,2020-29,7.7425349059282,Epidemic intelligence subnational data
Liechtenstein,Liechtenstein,LI0,2020-30,5.16168993728547,Epidemic intelligence subnational data
Liechtenstein,Liechtenstein,LI0,2020-31,5.16168993728547,Epidemic intelligence subnational data
Liechtenstein,Liechtenstein,LI0,2020-32,5.16168993728547,Epidemic intelligence subnational data
Liechtenstein,Liechtenstein,LI0,2020-33,10.3233798745709,Epidemic intelligence subnational data
Liechtenstein,Liechtenstein,LI0,2020-34,30.9701396237128,Epidemic intelligence subnational data
Liechtenstein,Liechtenstein,LI0,2020-35,38.712674529641,Epidemic intelligence subnational data
Liechtenstein,Liechtenstein,LI0,2020-36,18.0659147804991,Epidemic intelligence subnational data
Liechtenstein,Liechtenstein,LI0,2020-37,7.7425349059282,Epidemic intelligence subnational data
Liechtenstein,Liechtenstein,LI0,2020-38,10.3233798745709,Epidemic intelligence subnational data
Liechtenstein,Liechtenstein,LI0,2020-39,15.4850698118564,Epidemic intelligence subnational data
Liechtenstein,Liechtenstein,LI0,2020-40,36.1318295609983,Epidemic intelligence subnational data
Liechtenstein,Liechtenstein,LI0,2020-41,54.1977443414974,Epidemic intelligence subnational data
Liechtenstein,Liechtenstein,LI0,2020-42,252.922806926988,Epidemic intelligence subnational data
Liechtenstein,Liechtenstein,LI0,2020-43,585.851807881901,Epidemic intelligence subnational data
Liechtenstein,Liechtenstein,LI0,2020-44,843.936304746174,Epidemic intelligence subnational data
Liechtenstein,Liechtenstein,LI0,2020-45,1091.69742173588,Epidemic intelligence subnational data
Liechtenstein,Liechtenstein,LI0,2020-46,1120.08671639095,Epidemic intelligence subnational data
Liechtenstein,Liechtenstein,LI0,2020-47,836.193769840246,Epidemic intelligence subnational data
Liechtenstein,Liechtenstein,LI0,2020-48,743.283350969107,Epidemic intelligence subnational data
Liechtenstein,Liechtenstein,LI0,2020-49,732.959971094536,Epidemic intelligence subnational data
Liechtenstein,Liechtenstein,LI0,2020-50,621.983637442899,Epidemic intelligence subnational data
Liechtenstein,Liechtenstein,LI0,2020-51,1117.5058714223,Epidemic intelligence subnational data
Liechtenstein,Liechtenstein,LI0,2020-52,1491.7283918755,Epidemic intelligence subnational data
Liechtenstein,Liechtenstein,LI0,2020-53,1014.27207267659,Epidemic intelligence subnational data
Liechtenstein,Liechtenstein,LI0,2021-01,655.534622035254,Epidemic intelligence subnational data
Liechtenstein,Liechtenstein,LI0,2021-02,446.486179575193,Epidemic intelligence subnational data
Liechtenstein,Liechtenstein,LI0,2021-03,278.731256613415,Epidemic intelligence subnational data
Liechtenstein,Liechtenstein,LI0,2021-04,263.246186801559,Epidemic intelligence subnational data
Liechtenstein,Liechtenstein,LI0,2021-05,185.820837742277,Epidemic intelligence subnational data
Liechtenstein,Liechtenstein,LI0,2021-06,110.976333651638,Epidemic intelligence subnational data
Liechtenstein,Liechtenstein,LI0,2021-07,61.9402792474256,Epidemic intelligence subnational data
Liechtenstein,Liechtenstein,LI0,2021-08,92.9104188711384,Epidemic intelligence subnational data
Liechtenstein,Liechtenstein,LI0,2021-09,113.55717862028,Epidemic intelligence subnational data
Liechtenstein,Liechtenstein,LI0,2021-10,100.652953777067,Epidemic intelligence subnational data
Liechtenstein,Liechtenstein,LI0,2021-11,103.233798745709,Epidemic intelligence subnational data
Liechtenstein,Liechtenstein,LI0,2021-12,126.461403463494,Epidemic intelligence subnational data
Liechtenstein,Liechtenstein,LI0,2021-13,162.593233024492,Epidemic intelligence subnational data
Liechtenstein,Liechtenstein,LI0,2021-14,268.407876738844,Epidemic intelligence subnational data
Liechtenstein,Liechtenstein,LI0,2021-15,358.73745064134,Epidemic intelligence subnational data
Liechtenstein,Liechtenstein,LI0,2021-16,348.414070766769,Epidemic intelligence subnational data
Liechtenstein,Liechtenstein,LI0,2021-17,289.054636487986,Epidemic intelligence subnational data
Liechtenstein,Liechtenstein,LI0,2021-18,185.820837742277,Epidemic intelligence subnational data
Liechtenstein,Liechtenstein,LI0,2021-19,113.55717862028,Epidemic intelligence subnational data
Liechtenstein,Liechtenstein,LI0,2021-20,69.6828141533538,Epidemic intelligence subnational data
Liechtenstein,Liechtenstein,LI0,2021-21,51.6168993728547,Epidemic intelligence subnational data
Liechtenstein,Liechtenstein,LI0,2021-22,51.6168993728547,Epidemic intelligence subnational data
Liechtenstein,Liechtenstein,LI0,2021-23,36.1318295609983,Epidemic intelligence subnational data
Liechtenstein,Liechtenstein,LI0,2021-24,15.4850698118564,Epidemic intelligence subnational data
Liechtenstein,Liechtenstein,LI0,2021-25,20.6467597491419,Epidemic intelligence subnational data
Liechtenstein,Liechtenstein,LI0,2021-26,49.0360544042119,Epidemic intelligence subnational data
Liechtenstein,Liechtenstein,LI0,2021-27,61.9402792474256,Epidemic intelligence subnational data
Liechtenstein,Liechtenstein,LI0,2021-28,56.7785893101401,Epidemic intelligence subnational data
Liechtenstein,Liechtenstein,LI0,2021-29,56.7785893101401,Epidemic intelligence subnational data
Liechtenstein,Liechtenstein,LI0,2021-30,51.6168993728547,Epidemic intelligence subnational data
Liechtenstein,Liechtenstein,LI0,2021-31,69.6828141533538,Epidemic intelligence subnational data
Liechtenstein,Liechtenstein,LI0,2021-32,221.952667303275,Epidemic intelligence subnational data
Liechtenstein,Liechtenstein,LI0,2021-33,325.186466048984,Epidemic intelligence subnational data
Liechtenstein,Liechtenstein,LI0,2021-34,252.922806926988,Epidemic intelligence subnational data
Liechtenstein,Liechtenstein,LI0,2021-35,283.892946550701,Epidemic intelligence subnational data
Liechtenstein,Liechtenstein,LI0,2021-36,301.9588613312,Epidemic intelligence subnational data
Liechtenstein,Liechtenstein,LI0,2021-37,211.629287428704,Epidemic intelligence subnational data
Liechtenstein,Liechtenstein,LI0,2021-38,141.94647327535,Epidemic intelligence subnational data
Liechtenstein,Liechtenstein,LI0,2021-39,67.1019691847111,Epidemic intelligence subnational data
Liechtenstein,Liechtenstein,LI0,2021-40,49.0360544042119,Epidemic intelligence subnational data
Liechtenstein,Liechtenstein,LI0,2021-41,126.461403463494,Epidemic intelligence subnational data
Liechtenstein,Liechtenstein,LI0,2021-42,209.048442460061,Epidemic intelligence subnational data
Liechtenstein,Liechtenstein,LI0,2021-43,242.599427052417,Epidemic intelligence subnational data
Liechtenstein,Liechtenstein,LI0,2021-44,407.773505045552,Epidemic intelligence subnational data
Liechtenstein,Liechtenstein,LI0,2021-45,678.762226753039,Epidemic intelligence subnational data
Liechtenstein,Liechtenstein,LI0,2021-46,1391.07543809843,Epidemic intelligence subnational data
Liechtenstein,Liechtenstein,LI0,2021-47,2002.73569566676,Epidemic intelligence subnational data
Liechtenstein,Liechtenstein,LI0,2021-48,2085.32273466333,Epidemic intelligence subnational data
Liechtenstein,Liechtenstein,LI0,2021-49,1992.41231579219,Epidemic intelligence subnational data
Liechtenstein,Liechtenstein,LI0,2021-50,1605.28557049578,Epidemic intelligence subnational data
Liechtenstein,Liechtenstein,LI0,2021-51,1365.26698841201,Epidemic intelligence subnational data
Liechtenstein,Liechtenstein,LI0,2021-52,1576.89627584071,Epidemic intelligence subnational data
Liechtenstein,Liechtenstein,LI0,2022-01,2188.55653340904,Epidemic intelligence subnational data
Liechtenstein,Liechtenstein,LI0,2022-02,2727.95313185537,Epidemic intelligence subnational data
Liechtenstein,Liechtenstein,LI0,2022-03,3177.02015639921,Epidemic intelligence subnational data
Liechtenstein,Liechtenstein,LI0,2022-04,4098.38181020466,Epidemic intelligence subnational data
Lithuania,Vilniaus Apskritis,LT011,2020-13,,Epidemic intelligence subnational data
Lithuania,Vilniaus Apskritis,LT011,2020-14,29.493815439403,Epidemic intelligence subnational data
Lithuania,Vilniaus Apskritis,LT011,2020-15,23.8875530005082,Epidemic intelligence subnational data
Lithuania,Vilniaus Apskritis,LT011,2020-16,20.1094196177748,Epidemic intelligence subnational data
Lithuania,Vilniaus Apskritis,LT011,2020-17,23.2781766484544,Epidemic intelligence subnational data
Lithuania,Vilniaus Apskritis,LT011,2020-18,16.8187873166844,Epidemic intelligence subnational data
Lithuania,Vilniaus Apskritis,LT011,2020-19,10.1156474440928,Epidemic intelligence subnational data
Lithuania,Vilniaus Apskritis,LT011,2020-20,12.7969033931294,Epidemic intelligence subnational data
Lithuania,Vilniaus Apskritis,LT011,2020-21,14.8687829901123,Epidemic intelligence subnational data
Lithuania,Vilniaus Apskritis,LT011,2020-22,12.3094023114864,Epidemic intelligence subnational data
Lithuania,Vilniaus Apskritis,LT011,2020-24,13.5281550155939,Epidemic intelligence subnational data
Lithuania,Vilniaus Apskritis,LT011,2020-25,11.9437765002541,Epidemic intelligence subnational data
Lithuania,Vilniaus Apskritis,LT011,2020-26,4.14375919396571,Epidemic intelligence subnational data
Lithuania,Vilniaus Apskritis,LT011,2020-27,2.92500648985815,Epidemic intelligence subnational data
Lithuania,Vilniaus Apskritis,LT011,2020-28,4.38750973478723,Epidemic intelligence subnational data
Lithuania,Vilniaus Apskritis,LT011,2020-29,5.48438716848403,Epidemic intelligence subnational data
Lithuania,Vilniaus Apskritis,LT011,2020-30,5.8500129797163,Epidemic intelligence subnational data
Lithuania,Vilniaus Apskritis,LT011,2020-31,5.8500129797163,Epidemic intelligence subnational data
Lithuania,Vilniaus Apskritis,LT011,2020-32,6.82501514300235,Epidemic intelligence subnational data
Lithuania,Vilniaus Apskritis,LT011,2020-33,9.87189690327126,Epidemic intelligence subnational data
Lithuania,Vilniaus Apskritis,LT011,2020-34,21.0844217810608,Epidemic intelligence subnational data
Lithuania,Vilniaus Apskritis,LT011,2020-35,29.8594412506353,Epidemic intelligence subnational data
Lithuania,Vilniaus Apskritis,LT011,2020-36,24.7406798933835,Epidemic intelligence subnational data
Lithuania,Vilniaus Apskritis,LT011,2020-37,21.8156734035254,Epidemic intelligence subnational data
Lithuania,Vilniaus Apskritis,LT011,2020-38,28.8844390873492,Epidemic intelligence subnational data
Lithuania,Vilniaus Apskritis,LT011,2020-39,36.9282069344591,Epidemic intelligence subnational data
Lithuania,Vilniaus Apskritis,LT011,2020-40,39.1219618018528,Epidemic intelligence subnational data
Lithuania,Vilniaus Apskritis,LT011,2020-41,30.4688176026891,Epidemic intelligence subnational data
Lithuania,Vilniaus Apskritis,LT011,2020-42,72.8814117056322,Epidemic intelligence subnational data
Lithuania,Vilniaus Apskritis,LT011,2020-43,205.725456453357,Epidemic intelligence subnational data
Lithuania,Vilniaus Apskritis,LT011,2020-44,351.853905675853,Epidemic intelligence subnational data
Lithuania,Vilniaus Apskritis,LT011,2020-45,535.641813455274,Epidemic intelligence subnational data
Lithuania,Vilniaus Apskritis,LT011,2020-46,673.117118478607,Epidemic intelligence subnational data
Lithuania,Vilniaus Apskritis,LT011,2020-47,726.620362188929,Epidemic intelligence subnational data
Lithuania,Vilniaus Apskritis,LT011,2020-48,766.961076694889,Epidemic intelligence subnational data
Lithuania,Vilniaus Apskritis,LT011,2020-49,837.283107721895,Epidemic intelligence subnational data
Lithuania,Vilniaus Apskritis,LT011,2020-50,1040.81480930786,Epidemic intelligence subnational data
Lithuania,Vilniaus Apskritis,LT011,2020-51,1268.84344024638,Epidemic intelligence subnational data
Lithuania,Vilniaus Apskritis,LT011,2020-52,1427.03754123955,Epidemic intelligence subnational data
Lithuania,Vilniaus Apskritis,LT011,2020-53,1384.6249471366,Epidemic intelligence subnational data
Lithuania,Vilniaus Apskritis,LT011,2021-01,1133.19626427921,Epidemic intelligence subnational data
Lithuania,Vilniaus Apskritis,LT011,2021-02,802.54865565483,Epidemic intelligence subnational data
Lithuania,Vilniaus Apskritis,LT011,2021-03,592.557564737097,Epidemic intelligence subnational data
Lithuania,Vilniaus Apskritis,LT011,2021-04,533.935559669523,Epidemic intelligence subnational data
Lithuania,Vilniaus Apskritis,LT011,2021-05,403.772770870835,Epidemic intelligence subnational data
Lithuania,Vilniaus Apskritis,LT011,2021-06,287.503762898974,Epidemic intelligence subnational data
Lithuania,Vilniaus Apskritis,LT011,2021-07,290.550644659243,Epidemic intelligence subnational data
Lithuania,Vilniaus Apskritis,LT011,2021-08,349.172649726817,Epidemic intelligence subnational data
Lithuania,Vilniaus Apskritis,LT011,2021-09,351.244529323799,Epidemic intelligence subnational data
Lithuania,Vilniaus Apskritis,LT011,2021-10,367.332065018019,Epidemic intelligence subnational data
Lithuania,Vilniaus Apskritis,LT011,2021-11,418.032177508894,Epidemic intelligence subnational data
Lithuania,Vilniaus Apskritis,LT011,2021-12,527.841796148985,Epidemic intelligence subnational data
Lithuania,Vilniaus Apskritis,LT011,2021-13,721.379725561266,Epidemic intelligence subnational data
Lithuania,Vilniaus Apskritis,LT011,2021-14,829.604965686018,Epidemic intelligence subnational data
Lithuania,Vilniaus Apskritis,LT011,2021-15,879.086325472785,Epidemic intelligence subnational data
Lithuania,Vilniaus Apskritis,LT011,2021-16,926.61768093298,Epidemic intelligence subnational data
Lithuania,Vilniaus Apskritis,LT011,2021-17,862.389413426511,Epidemic intelligence subnational data
Lithuania,Vilniaus Apskritis,LT011,2021-18,915.770781866422,Epidemic intelligence subnational data
Lithuania,Vilniaus Apskritis,LT011,2021-19,872.017559788961,Epidemic intelligence subnational data
Lithuania,Vilniaus Apskritis,LT011,2021-20,565.135628894677,Epidemic intelligence subnational data
Lithuania,Vilniaus Apskritis,LT011,2021-21,356.728916492284,Epidemic intelligence subnational data
Lithuania,Vilniaus Apskritis,LT011,2021-22,236.559899867278,Epidemic intelligence subnational data
Lithuania,Vilniaus Apskritis,LT011,2021-23,151.125335309338,Epidemic intelligence subnational data
Lithuania,Vilniaus Apskritis,LT011,2021-24,73.7345385985075,Epidemic intelligence subnational data
Lithuania,Vilniaus Apskritis,LT011,2021-25,28.6406885465277,Epidemic intelligence subnational data
Lithuania,Vilniaus Apskritis,LT011,2021-26,24.7406798933835,Epidemic intelligence subnational data
Lithuania,Vilniaus Apskritis,LT011,2021-27,25.2281809750265,Epidemic intelligence subnational data
Lithuania,Vilniaus Apskritis,LT011,2021-28,27.6656863832417,Epidemic intelligence subnational data
Lithuania,Vilniaus Apskritis,LT011,2021-29,56.5501254705909,Epidemic intelligence subnational data
Lithuania,Vilniaus Apskritis,LT011,2021-30,114.4408789157,Epidemic intelligence subnational data
Lithuania,Vilniaus Apskritis,LT011,2021-31,210.600467269787,Epidemic intelligence subnational data
Lithuania,Vilniaus Apskritis,LT011,2021-32,271.294351934343,Epidemic intelligence subnational data
Lithuania,Vilniaus Apskritis,LT011,2021-33,295.181904934852,Epidemic intelligence subnational data
Lithuania,Vilniaus Apskritis,LT011,2021-34,299.81316521046,Epidemic intelligence subnational data
Lithuania,Vilniaus Apskritis,LT011,2021-35,309.928812654553,Epidemic intelligence subnational data
Lithuania,Vilniaus Apskritis,LT011,2021-36,341.007006609296,Epidemic intelligence subnational data
Lithuania,Vilniaus Apskritis,LT011,2021-37,452.157253223906,Epidemic intelligence subnational data
Lithuania,Vilniaus Apskritis,LT011,2021-38,633.995156676754,Epidemic intelligence subnational data
Lithuania,Vilniaus Apskritis,LT011,2021-39,785.729868338145,Epidemic intelligence subnational data
Lithuania,Vilniaus Apskritis,LT011,2021-40,974.880288015639,Epidemic intelligence subnational data
Lithuania,Vilniaus Apskritis,LT011,2021-41,1181.09324555064,Epidemic intelligence subnational data
Lithuania,Vilniaus Apskritis,LT011,2021-42,1407.78124851465,Epidemic intelligence subnational data
Lithuania,Vilniaus Apskritis,LT011,2021-43,1635.44425364194,Epidemic intelligence subnational data
Lithuania,Vilniaus Apskritis,LT011,2021-44,1655.91929907095,Epidemic intelligence subnational data
Lithuania,Vilniaus Apskritis,LT011,2021-45,1394.49684403987,Epidemic intelligence subnational data
Lithuania,Vilniaus Apskritis,LT011,2021-46,1062.63048271138,Epidemic intelligence subnational data
Lithuania,Vilniaus Apskritis,LT011,2021-47,922.473921739014,Epidemic intelligence subnational data
Lithuania,Vilniaus Apskritis,LT011,2021-48,952.089612448828,Epidemic intelligence subnational data
Lithuania,Vilniaus Apskritis,LT011,2021-49,958.549001780598,Epidemic intelligence subnational data
Lithuania,Vilniaus Apskritis,LT011,2021-50,911.748897942867,Epidemic intelligence subnational data
Lithuania,Vilniaus Apskritis,LT011,2021-51,827.654961359446,Epidemic intelligence subnational data
Lithuania,Vilniaus Apskritis,LT011,2021-52,926.252055121747,Epidemic intelligence subnational data
Lithuania,Vilniaus Apskritis,LT011,2022-01,1501.86895727175,Epidemic intelligence subnational data
Lithuania,Vilniaus Apskritis,LT011,2022-02,2344.02707581008,Epidemic intelligence subnational data
Lithuania,Vilniaus Apskritis,LT011,2022-03,3181.91955988402,Epidemic intelligence subnational data
Lithuania,Vilniaus Apskritis,LT011,2022-04,5549.83418869461,Epidemic intelligence subnational data
Lithuania,Alytaus Apskritis,LT021,2020-13,,Epidemic intelligence subnational data
Lithuania,Alytaus Apskritis,LT021,2020-14,18.6469754605803,Epidemic intelligence subnational data
Lithuania,Alytaus Apskritis,LT021,2020-15,11.1881852763482,Epidemic intelligence subnational data
Lithuania,Alytaus Apskritis,LT021,2020-16,6.71291116580891,Epidemic intelligence subnational data
Lithuania,Alytaus Apskritis,LT021,2020-17,3.72939509211606,Epidemic intelligence subnational data
Lithuania,Alytaus Apskritis,LT021,2020-18,2.98351607369285,Epidemic intelligence subnational data
Lithuania,Alytaus Apskritis,LT021,2020-19,2.23763705526964,Epidemic intelligence subnational data
Lithuania,Alytaus Apskritis,LT021,2020-20,0,Epidemic intelligence subnational data
Lithuania,Alytaus Apskritis,LT021,2020-21,1.49175803684642,Epidemic intelligence subnational data
Lithuania,Alytaus Apskritis,LT021,2020-22,2.23763705526964,Epidemic intelligence subnational data
Lithuania,Alytaus Apskritis,LT021,2020-24,0.745879018423212,Epidemic intelligence subnational data
Lithuania,Alytaus Apskritis,LT021,2020-25,0.745879018423212,Epidemic intelligence subnational data
Lithuania,Alytaus Apskritis,LT021,2020-26,0.745879018423212,Epidemic intelligence subnational data
Lithuania,Alytaus Apskritis,LT021,2020-27,0,Epidemic intelligence subnational data
Lithuania,Alytaus Apskritis,LT021,2020-28,0,Epidemic intelligence subnational data
Lithuania,Alytaus Apskritis,LT021,2020-29,0,Epidemic intelligence subnational data
Lithuania,Alytaus Apskritis,LT021,2020-30,0.745879018423212,Epidemic intelligence subnational data
Lithuania,Alytaus Apskritis,LT021,2020-31,0.745879018423212,Epidemic intelligence subnational data
Lithuania,Alytaus Apskritis,LT021,2020-32,0,Epidemic intelligence subnational data
Lithuania,Alytaus Apskritis,LT021,2020-33,0,Epidemic intelligence subnational data
Lithuania,Alytaus Apskritis,LT021,2020-34,0,Epidemic intelligence subnational data
Lithuania,Alytaus Apskritis,LT021,2020-35,1.49175803684642,Epidemic intelligence subnational data
Lithuania,Alytaus Apskritis,LT021,2020-36,2.23763705526964,Epidemic intelligence subnational data
Lithuania,Alytaus Apskritis,LT021,2020-37,4.47527411053927,Epidemic intelligence subnational data
Lithuania,Alytaus Apskritis,LT021,2020-38,5.22115312896248,Epidemic intelligence subnational data
Lithuania,Alytaus Apskritis,LT021,2020-39,2.23763705526964,Epidemic intelligence subnational data
Lithuania,Alytaus Apskritis,LT021,2020-40,9.69642723950175,Epidemic intelligence subnational data
Lithuania,Alytaus Apskritis,LT021,2020-41,11.1881852763482,Epidemic intelligence subnational data
Lithuania,Alytaus Apskritis,LT021,2020-42,13.4258223316178,Epidemic intelligence subnational data
Lithuania,Alytaus Apskritis,LT021,2020-43,28.343402700082,Epidemic intelligence subnational data
Lithuania,Alytaus Apskritis,LT021,2020-44,113.373610800328,Epidemic intelligence subnational data
Lithuania,Alytaus Apskritis,LT021,2020-45,304.31863951667,Epidemic intelligence subnational data
Lithuania,Alytaus Apskritis,LT021,2020-46,587.006787499068,Epidemic intelligence subnational data
Lithuania,Alytaus Apskritis,LT021,2020-47,922.652345789513,Epidemic intelligence subnational data
Lithuania,Alytaus Apskritis,LT021,2020-48,1084.50809278735,Epidemic intelligence subnational data
Lithuania,Alytaus Apskritis,LT021,2020-49,1003.20727977922,Epidemic intelligence subnational data
Lithuania,Alytaus Apskritis,LT021,2020-50,1379.13030506452,Epidemic intelligence subnational data
Lithuania,Alytaus Apskritis,LT021,2020-51,1764.0038785709,Epidemic intelligence subnational data
Lithuania,Alytaus Apskritis,LT021,2020-52,1670.02312224957,Epidemic intelligence subnational data
Lithuania,Alytaus Apskritis,LT021,2020-53,1462.66875512792,Epidemic intelligence subnational data
Lithuania,Alytaus Apskritis,LT021,2021-01,1201.61109867979,Epidemic intelligence subnational data
Lithuania,Alytaus Apskritis,LT021,2021-02,857.01499216827,Epidemic intelligence subnational data
Lithuania,Alytaus Apskritis,LT021,2021-03,528.082345043634,Epidemic intelligence subnational data
Lithuania,Alytaus Apskritis,LT021,2021-04,384.127694487954,Epidemic intelligence subnational data
Lithuania,Alytaus Apskritis,LT021,2021-05,311.031550682479,Epidemic intelligence subnational data
Lithuania,Alytaus Apskritis,LT021,2021-06,270.008204669203,Epidemic intelligence subnational data
Lithuania,Alytaus Apskritis,LT021,2021-07,215.559036324308,Epidemic intelligence subnational data
Lithuania,Alytaus Apskritis,LT021,2021-08,205.116730066383,Epidemic intelligence subnational data
Lithuania,Alytaus Apskritis,LT021,2021-09,159.618109942567,Epidemic intelligence subnational data
Lithuania,Alytaus Apskritis,LT021,2021-10,127.545312150369,Epidemic intelligence subnational data
Lithuania,Alytaus Apskritis,LT021,2021-11,165.585142089953,Epidemic intelligence subnational data
Lithuania,Alytaus Apskritis,LT021,2021-12,226.747221600656,Epidemic intelligence subnational data
Lithuania,Alytaus Apskritis,LT021,2021-13,272.245841724472,Epidemic intelligence subnational data
Lithuania,Alytaus Apskritis,LT021,2021-14,339.374953382561,Epidemic intelligence subnational data
Lithuania,Alytaus Apskritis,LT021,2021-15,355.038412769449,Epidemic intelligence subnational data
Lithuania,Alytaus Apskritis,LT021,2021-16,404.266427985381,Epidemic intelligence subnational data
Lithuania,Alytaus Apskritis,LT021,2021-17,495.263668233013,Epidemic intelligence subnational data
Lithuania,Alytaus Apskritis,LT021,2021-18,600.432609830686,Epidemic intelligence subnational data
Lithuania,Alytaus Apskritis,LT021,2021-19,575.072723204296,Epidemic intelligence subnational data
Lithuania,Alytaus Apskritis,LT021,2021-20,402.774669948534,Epidemic intelligence subnational data
Lithuania,Alytaus Apskritis,LT021,2021-21,300.589244424554,Epidemic intelligence subnational data
Lithuania,Alytaus Apskritis,LT021,2021-22,185.72387558738,Epidemic intelligence subnational data
Lithuania,Alytaus Apskritis,LT021,2021-23,103.677183560826,Epidemic intelligence subnational data
Lithuania,Alytaus Apskritis,LT021,2021-24,52.2115312896248,Epidemic intelligence subnational data
Lithuania,Alytaus Apskritis,LT021,2021-25,18.6469754605803,Epidemic intelligence subnational data
Lithuania,Alytaus Apskritis,LT021,2021-26,11.1881852763482,Epidemic intelligence subnational data
Lithuania,Alytaus Apskritis,LT021,2021-27,10.442306257925,Epidemic intelligence subnational data
Lithuania,Alytaus Apskritis,LT021,2021-28,14.9175803684642,Epidemic intelligence subnational data
Lithuania,Alytaus Apskritis,LT021,2021-29,29.0892817185053,Epidemic intelligence subnational data
Lithuania,Alytaus Apskritis,LT021,2021-30,59.6703214738569,Epidemic intelligence subnational data
Lithuania,Alytaus Apskritis,LT021,2021-31,120.086521966137,Epidemic intelligence subnational data
Lithuania,Alytaus Apskritis,LT021,2021-32,167.822779145223,Epidemic intelligence subnational data
Lithuania,Alytaus Apskritis,LT021,2021-33,198.403818900574,Epidemic intelligence subnational data
Lithuania,Alytaus Apskritis,LT021,2021-34,225.25546356381,Epidemic intelligence subnational data
Lithuania,Alytaus Apskritis,LT021,2021-35,264.041172521817,Epidemic intelligence subnational data
Lithuania,Alytaus Apskritis,LT021,2021-36,357.276049824718,Epidemic intelligence subnational data
Lithuania,Alytaus Apskritis,LT021,2021-37,441.560378906541,Epidemic intelligence subnational data
Lithuania,Alytaus Apskritis,LT021,2021-38,511.673006638323,Epidemic intelligence subnational data
Lithuania,Alytaus Apskritis,LT021,2021-39,688.446334004624,Epidemic intelligence subnational data
Lithuania,Alytaus Apskritis,LT021,2021-40,881.628999776236,Epidemic intelligence subnational data
Lithuania,Alytaus Apskritis,LT021,2021-41,1039.75535168196,Epidemic intelligence subnational data
Lithuania,Alytaus Apskritis,LT021,2021-42,1308.27179831431,Epidemic intelligence subnational data
Lithuania,Alytaus Apskritis,LT021,2021-43,1435.07123144626,Epidemic intelligence subnational data
Lithuania,Alytaus Apskritis,LT021,2021-44,1238.15917058253,Epidemic intelligence subnational data
Lithuania,Alytaus Apskritis,LT021,2021-45,1050.94353695831,Epidemic intelligence subnational data
Lithuania,Alytaus Apskritis,LT021,2021-46,910.718281494742,Epidemic intelligence subnational data
Lithuania,Alytaus Apskritis,LT021,2021-47,780.935332289103,Epidemic intelligence subnational data
Lithuania,Alytaus Apskritis,LT021,2021-48,767.509509957485,Epidemic intelligence subnational data
Lithuania,Alytaus Apskritis,LT021,2021-49,760.050719773253,Epidemic intelligence subnational data
Lithuania,Alytaus Apskritis,LT021,2021-50,766.763630939062,Epidemic intelligence subnational data
Lithuania,Alytaus Apskritis,LT021,2021-51,701.872156336242,Epidemic intelligence subnational data
Lithuania,Alytaus Apskritis,LT021,2021-52,666.815842470351,Epidemic intelligence subnational data
Lithuania,Alytaus Apskritis,LT021,2022-01,1019.61661818453,Epidemic intelligence subnational data
Lithuania,Alytaus Apskritis,LT021,2022-02,1526.81435071232,Epidemic intelligence subnational data
Lithuania,Alytaus Apskritis,LT021,2022-03,2236.89117625121,Epidemic intelligence subnational data
Lithuania,Alytaus Apskritis,LT021,2022-04,3676.43768180801,Epidemic intelligence subnational data
Lithuania,Kauno Apskritis,LT022,2020-13,,Epidemic intelligence subnational data
Lithuania,Kauno Apskritis,LT022,2020-14,13.3252552674734,Epidemic intelligence subnational data
Lithuania,Kauno Apskritis,LT022,2020-15,9.41651372234787,Epidemic intelligence subnational data
Lithuania,Kauno Apskritis,LT022,2020-16,3.73107147489255,Epidemic intelligence subnational data
Lithuania,Kauno Apskritis,LT022,2020-17,2.13204084279575,Epidemic intelligence subnational data
Lithuania,Kauno Apskritis,LT022,2020-18,1.59903063209681,Epidemic intelligence subnational data
Lithuania,Kauno Apskritis,LT022,2020-19,1.42136056186383,Epidemic intelligence subnational data
Lithuania,Kauno Apskritis,LT022,2020-20,2.30971091302872,Epidemic intelligence subnational data
Lithuania,Kauno Apskritis,LT022,2020-21,1.42136056186383,Epidemic intelligence subnational data
Lithuania,Kauno Apskritis,LT022,2020-22,0.710680280931915,Epidemic intelligence subnational data
Lithuania,Kauno Apskritis,LT022,2020-24,1.42136056186383,Epidemic intelligence subnational data
Lithuania,Kauno Apskritis,LT022,2020-25,1.06602042139787,Epidemic intelligence subnational data
Lithuania,Kauno Apskritis,LT022,2020-26,0.355340140465958,Epidemic intelligence subnational data
Lithuania,Kauno Apskritis,LT022,2020-27,0.710680280931915,Epidemic intelligence subnational data
Lithuania,Kauno Apskritis,LT022,2020-28,1.06602042139787,Epidemic intelligence subnational data
Lithuania,Kauno Apskritis,LT022,2020-29,5.8631123176883,Epidemic intelligence subnational data
Lithuania,Kauno Apskritis,LT022,2020-30,10.4825341437458,Epidemic intelligence subnational data
Lithuania,Kauno Apskritis,LT022,2020-31,10.4825341437458,Epidemic intelligence subnational data
Lithuania,Kauno Apskritis,LT022,2020-32,19.3660376553947,Epidemic intelligence subnational data
Lithuania,Kauno Apskritis,LT022,2020-33,28.4272112372766,Epidemic intelligence subnational data
Lithuania,Kauno Apskritis,LT022,2020-34,26.1175003242479,Epidemic intelligence subnational data
Lithuania,Kauno Apskritis,LT022,2020-35,18.6553573744628,Epidemic intelligence subnational data
Lithuania,Kauno Apskritis,LT022,2020-36,12.7922450567745,Epidemic intelligence subnational data
Lithuania,Kauno Apskritis,LT022,2020-37,15.1019559698032,Epidemic intelligence subnational data
Lithuania,Kauno Apskritis,LT022,2020-38,22.5640989195883,Epidemic intelligence subnational data
Lithuania,Kauno Apskritis,LT022,2020-39,61.4738443006107,Epidemic intelligence subnational data
Lithuania,Kauno Apskritis,LT022,2020-40,101.804950243497,Epidemic intelligence subnational data
Lithuania,Kauno Apskritis,LT022,2020-41,63.6058851434064,Epidemic intelligence subnational data
Lithuania,Kauno Apskritis,LT022,2020-42,64.1388953541053,Epidemic intelligence subnational data
Lithuania,Kauno Apskritis,LT022,2020-43,175.005019179484,Epidemic intelligence subnational data
Lithuania,Kauno Apskritis,LT022,2020-44,311.633303188645,Epidemic intelligence subnational data
Lithuania,Kauno Apskritis,LT022,2020-45,575.295687414385,Epidemic intelligence subnational data
Lithuania,Kauno Apskritis,LT022,2020-46,690.425892925356,Epidemic intelligence subnational data
Lithuania,Kauno Apskritis,LT022,2020-47,801.6473568912,Epidemic intelligence subnational data
Lithuania,Kauno Apskritis,LT022,2020-48,983.936848950236,Epidemic intelligence subnational data
Lithuania,Kauno Apskritis,LT022,2020-49,1146.86030335388,Epidemic intelligence subnational data
Lithuania,Kauno Apskritis,LT022,2020-50,1462.22467801742,Epidemic intelligence subnational data
Lithuania,Kauno Apskritis,LT022,2020-51,1503.44413431147,Epidemic intelligence subnational data
Lithuania,Kauno Apskritis,LT022,2020-52,1288.28567925933,Epidemic intelligence subnational data
Lithuania,Kauno Apskritis,LT022,2020-53,1161.60691918322,Epidemic intelligence subnational data
Lithuania,Kauno Apskritis,LT022,2021-01,966.702852137638,Epidemic intelligence subnational data
Lithuania,Kauno Apskritis,LT022,2021-02,622.911266236824,Epidemic intelligence subnational data
Lithuania,Kauno Apskritis,LT022,2021-03,434.403321719633,Epidemic intelligence subnational data
Lithuania,Kauno Apskritis,LT022,2021-04,381.990651000904,Epidemic intelligence subnational data
Lithuania,Kauno Apskritis,LT022,2021-05,319.628456349129,Epidemic intelligence subnational data
Lithuania,Kauno Apskritis,LT022,2021-06,242.519645868016,Epidemic intelligence subnational data
Lithuania,Kauno Apskritis,LT022,2021-07,203.432230416761,Epidemic intelligence subnational data
Lithuania,Kauno Apskritis,LT022,2021-08,204.142910697693,Epidemic intelligence subnational data
Lithuania,Kauno Apskritis,LT022,2021-09,176.426379741348,Epidemic intelligence subnational data
Lithuania,Kauno Apskritis,LT022,2021-10,138.582654781723,Epidemic intelligence subnational data
Lithuania,Kauno Apskritis,LT022,2021-11,138.760324851956,Epidemic intelligence subnational data
Lithuania,Kauno Apskritis,LT022,2021-12,181.93415191857,Epidemic intelligence subnational data
Lithuania,Kauno Apskritis,LT022,2021-13,249.271108536869,Epidemic intelligence subnational data
Lithuania,Kauno Apskritis,LT022,2021-14,342.192555268717,Epidemic intelligence subnational data
Lithuania,Kauno Apskritis,LT022,2021-15,440.088763967088,Epidemic intelligence subnational data
Lithuania,Kauno Apskritis,LT022,2021-16,481.841230471838,Epidemic intelligence subnational data
Lithuania,Kauno Apskritis,LT022,2021-17,438.667403405225,Epidemic intelligence subnational data
Lithuania,Kauno Apskritis,LT022,2021-18,580.092779310676,Epidemic intelligence subnational data
Lithuania,Kauno Apskritis,LT022,2021-19,683.496760186269,Epidemic intelligence subnational data
Lithuania,Kauno Apskritis,LT022,2021-20,489.303373421624,Epidemic intelligence subnational data
Lithuania,Kauno Apskritis,LT022,2021-21,301.150769044899,Epidemic intelligence subnational data
Lithuania,Kauno Apskritis,LT022,2021-22,183.355512480434,Epidemic intelligence subnational data
Lithuania,Kauno Apskritis,LT022,2021-23,111.221463965845,Epidemic intelligence subnational data
Lithuania,Kauno Apskritis,LT022,2021-24,62.8952048624745,Epidemic intelligence subnational data
Lithuania,Kauno Apskritis,LT022,2021-25,30.2039119396064,Epidemic intelligence subnational data
Lithuania,Kauno Apskritis,LT022,2021-26,20.4320580767926,Epidemic intelligence subnational data
Lithuania,Kauno Apskritis,LT022,2021-27,17.4116668828319,Epidemic intelligence subnational data
Lithuania,Kauno Apskritis,LT022,2021-28,25.5844901135489,Epidemic intelligence subnational data
Lithuania,Kauno Apskritis,LT022,2021-29,70.8903580229585,Epidemic intelligence subnational data
Lithuania,Kauno Apskritis,LT022,2021-30,134.496243166365,Epidemic intelligence subnational data
Lithuania,Kauno Apskritis,LT022,2021-31,178.203080443678,Epidemic intelligence subnational data
Lithuania,Kauno Apskritis,LT022,2021-32,217.823506105632,Epidemic intelligence subnational data
Lithuania,Kauno Apskritis,LT022,2021-33,259.220632469916,Epidemic intelligence subnational data
Lithuania,Kauno Apskritis,LT022,2021-34,261.175003242479,Epidemic intelligence subnational data
Lithuania,Kauno Apskritis,LT022,2021-35,256.555581416421,Epidemic intelligence subnational data
Lithuania,Kauno Apskritis,LT022,2021-36,290.845904971386,Epidemic intelligence subnational data
Lithuania,Kauno Apskritis,LT022,2021-37,369.19840594413,Epidemic intelligence subnational data
Lithuania,Kauno Apskritis,LT022,2021-38,446.12954635501,Epidemic intelligence subnational data
Lithuania,Kauno Apskritis,LT022,2021-39,579.915109240443,Epidemic intelligence subnational data
Lithuania,Kauno Apskritis,LT022,2021-40,779.616268182311,Epidemic intelligence subnational data
Lithuania,Kauno Apskritis,LT022,2021-41,935.2552497064,Epidemic intelligence subnational data
Lithuania,Kauno Apskritis,LT022,2021-42,1283.13324722257,Epidemic intelligence subnational data
Lithuania,Kauno Apskritis,LT022,2021-43,1587.6597476019,Epidemic intelligence subnational data
Lithuania,Kauno Apskritis,LT022,2021-44,1561.71991734788,Epidemic intelligence subnational data
Lithuania,Kauno Apskritis,LT022,2021-45,1455.47321534856,Epidemic intelligence subnational data
Lithuania,Kauno Apskritis,LT022,2021-46,1237.29436910246,Epidemic intelligence subnational data
Lithuania,Kauno Apskritis,LT022,2021-47,1054.11652669226,Epidemic intelligence subnational data
Lithuania,Kauno Apskritis,LT022,2021-48,1005.25725737819,Epidemic intelligence subnational data
Lithuania,Kauno Apskritis,LT022,2021-49,1013.25241053868,Epidemic intelligence subnational data
Lithuania,Kauno Apskritis,LT022,2021-50,954.976627502261,Epidemic intelligence subnational data
Lithuania,Kauno Apskritis,LT022,2021-51,769.489074179031,Epidemic intelligence subnational data
Lithuania,Kauno Apskritis,LT022,2021-52,774.108496005089,Epidemic intelligence subnational data
Lithuania,Kauno Apskritis,LT022,2022-01,1332.34785667711,Epidemic intelligence subnational data
Lithuania,Kauno Apskritis,LT022,2022-02,1931.09599336225,Epidemic intelligence subnational data
Lithuania,Kauno Apskritis,LT022,2022-03,2433.36928191088,Epidemic intelligence subnational data
Lithuania,Kauno Apskritis,LT022,2022-04,4478.17412022223,Epidemic intelligence subnational data
Lithuania,Klaipėdos Apskritis,LT023,2020-13,,Epidemic intelligence subnational data
Lithuania,Klaipėdos Apskritis,LT023,2020-14,55.3197607185943,Epidemic intelligence subnational data
Lithuania,Klaipėdos Apskritis,LT023,2020-15,52.1943505085042,Epidemic intelligence subnational data
Lithuania,Klaipėdos Apskritis,LT023,2020-16,41.255414773189,Epidemic intelligence subnational data
Lithuania,Klaipėdos Apskritis,LT023,2020-17,28.4412329118197,Epidemic intelligence subnational data
Lithuania,Klaipėdos Apskritis,LT023,2020-18,16.8772151344864,Epidemic intelligence subnational data
Lithuania,Klaipėdos Apskritis,LT023,2020-19,14.6894279874234,Epidemic intelligence subnational data
Lithuania,Klaipėdos Apskritis,LT023,2020-20,6.25082042018015,Epidemic intelligence subnational data
Lithuania,Klaipėdos Apskritis,LT023,2020-21,3.75049225210809,Epidemic intelligence subnational data
Lithuania,Klaipėdos Apskritis,LT023,2020-22,1.87524612605405,Epidemic intelligence subnational data
Lithuania,Klaipėdos Apskritis,LT023,2020-24,3.12541021009007,Epidemic intelligence subnational data
Lithuania,Klaipėdos Apskritis,LT023,2020-25,2.50032816807206,Epidemic intelligence subnational data
Lithuania,Klaipėdos Apskritis,LT023,2020-26,0.312541021009007,Epidemic intelligence subnational data
Lithuania,Klaipėdos Apskritis,LT023,2020-27,1.25016408403603,Epidemic intelligence subnational data
Lithuania,Klaipėdos Apskritis,LT023,2020-28,1.56270510504504,Epidemic intelligence subnational data
Lithuania,Klaipėdos Apskritis,LT023,2020-29,2.50032816807206,Epidemic intelligence subnational data
Lithuania,Klaipėdos Apskritis,LT023,2020-30,2.18778714706305,Epidemic intelligence subnational data
Lithuania,Klaipėdos Apskritis,LT023,2020-31,2.50032816807206,Epidemic intelligence subnational data
Lithuania,Klaipėdos Apskritis,LT023,2020-32,3.43795123109908,Epidemic intelligence subnational data
Lithuania,Klaipėdos Apskritis,LT023,2020-33,8.75114858825221,Epidemic intelligence subnational data
Lithuania,Klaipėdos Apskritis,LT023,2020-34,12.1890998193513,Epidemic intelligence subnational data
Lithuania,Klaipėdos Apskritis,LT023,2020-35,8.75114858825221,Epidemic intelligence subnational data
Lithuania,Klaipėdos Apskritis,LT023,2020-36,7.18844348320717,Epidemic intelligence subnational data
Lithuania,Klaipėdos Apskritis,LT023,2020-37,12.8141818613693,Epidemic intelligence subnational data
Lithuania,Klaipėdos Apskritis,LT023,2020-38,15.0019690084324,Epidemic intelligence subnational data
Lithuania,Klaipėdos Apskritis,LT023,2020-39,9.06368960926122,Epidemic intelligence subnational data
Lithuania,Klaipėdos Apskritis,LT023,2020-40,11.2514767563243,Epidemic intelligence subnational data
Lithuania,Klaipėdos Apskritis,LT023,2020-41,15.3145100294414,Epidemic intelligence subnational data
Lithuania,Klaipėdos Apskritis,LT023,2020-42,67.5088605379456,Epidemic intelligence subnational data
Lithuania,Klaipėdos Apskritis,LT023,2020-43,203.776745697873,Epidemic intelligence subnational data
Lithuania,Klaipėdos Apskritis,LT023,2020-44,433.494396139493,Epidemic intelligence subnational data
Lithuania,Klaipėdos Apskritis,LT023,2020-45,732.283612224105,Epidemic intelligence subnational data
Lithuania,Klaipėdos Apskritis,LT023,2020-46,888.554122728608,Epidemic intelligence subnational data
Lithuania,Klaipėdos Apskritis,LT023,2020-47,940.123391195094,Epidemic intelligence subnational data
Lithuania,Klaipėdos Apskritis,LT023,2020-48,1012.32036704818,Epidemic intelligence subnational data
Lithuania,Klaipėdos Apskritis,LT023,2020-49,1041.38668200201,Epidemic intelligence subnational data
Lithuania,Klaipėdos Apskritis,LT023,2020-50,1121.08464235931,Epidemic intelligence subnational data
Lithuania,Klaipėdos Apskritis,LT023,2020-51,1269.8541683596,Epidemic intelligence subnational data
Lithuania,Klaipėdos Apskritis,LT023,2020-52,1215.78457172504,Epidemic intelligence subnational data
Lithuania,Klaipėdos Apskritis,LT023,2020-53,1034.19823851881,Epidemic intelligence subnational data
Lithuania,Klaipėdos Apskritis,LT023,2021-01,957.31314735059,Epidemic intelligence subnational data
Lithuania,Klaipėdos Apskritis,LT023,2021-02,749.4733683796,Epidemic intelligence subnational data
Lithuania,Klaipėdos Apskritis,LT023,2021-03,544.133917576682,Epidemic intelligence subnational data
Lithuania,Klaipėdos Apskritis,LT023,2021-04,486.001287669007,Epidemic intelligence subnational data
Lithuania,Klaipėdos Apskritis,LT023,2021-05,389.738653198232,Epidemic intelligence subnational data
Lithuania,Klaipėdos Apskritis,LT023,2021-06,295.038723832503,Epidemic intelligence subnational data
Lithuania,Klaipėdos Apskritis,LT023,2021-07,225.967158189512,Epidemic intelligence subnational data
Lithuania,Klaipėdos Apskritis,LT023,2021-08,203.776745697873,Epidemic intelligence subnational data
Lithuania,Klaipėdos Apskritis,LT023,2021-09,212.215353265116,Epidemic intelligence subnational data
Lithuania,Klaipėdos Apskritis,LT023,2021-10,178.148381975134,Epidemic intelligence subnational data
Lithuania,Klaipėdos Apskritis,LT023,2021-11,184.399202395314,Epidemic intelligence subnational data
Lithuania,Klaipėdos Apskritis,LT023,2021-12,206.277073865945,Epidemic intelligence subnational data
Lithuania,Klaipėdos Apskritis,LT023,2021-13,157.208133567531,Epidemic intelligence subnational data
Lithuania,Klaipėdos Apskritis,LT023,2021-14,134.392639033873,Epidemic intelligence subnational data
Lithuania,Klaipėdos Apskritis,LT023,2021-15,154.707805399459,Epidemic intelligence subnational data
Lithuania,Klaipėdos Apskritis,LT023,2021-16,173.14772563899,Epidemic intelligence subnational data
Lithuania,Klaipėdos Apskritis,LT023,2021-17,171.897561554954,Epidemic intelligence subnational data
Lithuania,Klaipėdos Apskritis,LT023,2021-18,212.215353265116,Epidemic intelligence subnational data
Lithuania,Klaipėdos Apskritis,LT023,2021-19,268.785278067746,Epidemic intelligence subnational data
Lithuania,Klaipėdos Apskritis,LT023,2021-20,255.658555185368,Epidemic intelligence subnational data
Lithuania,Klaipėdos Apskritis,LT023,2021-21,212.527894286125,Epidemic intelligence subnational data
Lithuania,Klaipėdos Apskritis,LT023,2021-22,156.270510504504,Epidemic intelligence subnational data
Lithuania,Klaipėdos Apskritis,LT023,2021-23,98.4504216178373,Epidemic intelligence subnational data
Lithuania,Klaipėdos Apskritis,LT023,2021-24,52.8194325505223,Epidemic intelligence subnational data
Lithuania,Klaipėdos Apskritis,LT023,2021-25,25.6283637227386,Epidemic intelligence subnational data
Lithuania,Klaipėdos Apskritis,LT023,2021-26,32.8168072059458,Epidemic intelligence subnational data
Lithuania,Klaipėdos Apskritis,LT023,2021-27,51.2567274454772,Epidemic intelligence subnational data
Lithuania,Klaipėdos Apskritis,LT023,2021-28,75.3223860631708,Epidemic intelligence subnational data
Lithuania,Klaipėdos Apskritis,LT023,2021-29,151.582395189369,Epidemic intelligence subnational data
Lithuania,Klaipėdos Apskritis,LT023,2021-30,256.596178248395,Epidemic intelligence subnational data
Lithuania,Klaipėdos Apskritis,LT023,2021-31,370.048568874665,Epidemic intelligence subnational data
Lithuania,Klaipėdos Apskritis,LT023,2021-32,506.316454034592,Epidemic intelligence subnational data
Lithuania,Klaipėdos Apskritis,LT023,2021-33,518.193012832934,Epidemic intelligence subnational data
Lithuania,Klaipėdos Apskritis,LT023,2021-34,506.628995055601,Epidemic intelligence subnational data
Lithuania,Klaipėdos Apskritis,LT023,2021-35,601.32892442133,Epidemic intelligence subnational data
Lithuania,Klaipėdos Apskritis,LT023,2021-36,753.536401652717,Epidemic intelligence subnational data
Lithuania,Klaipėdos Apskritis,LT023,2021-37,940.123391195094,Epidemic intelligence subnational data
Lithuania,Klaipėdos Apskritis,LT023,2021-38,1082.32955575419,Epidemic intelligence subnational data
Lithuania,Klaipėdos Apskritis,LT023,2021-39,1292.66966289326,Epidemic intelligence subnational data
Lithuania,Klaipėdos Apskritis,LT023,2021-40,1572.70641771733,Epidemic intelligence subnational data
Lithuania,Klaipėdos Apskritis,LT023,2021-41,1731.78979741091,Epidemic intelligence subnational data
Lithuania,Klaipėdos Apskritis,LT023,2021-42,1841.17915476406,Epidemic intelligence subnational data
Lithuania,Klaipėdos Apskritis,LT023,2021-43,1791.79767344464,Epidemic intelligence subnational data
Lithuania,Klaipėdos Apskritis,LT023,2021-44,1477.38140630958,Epidemic intelligence subnational data
Lithuania,Klaipėdos Apskritis,LT023,2021-45,1216.72219478807,Epidemic intelligence subnational data
Lithuania,Klaipėdos Apskritis,LT023,2021-46,1020.75897461542,Epidemic intelligence subnational data
Lithuania,Klaipėdos Apskritis,LT023,2021-47,855.112233480644,Epidemic intelligence subnational data
Lithuania,Klaipėdos Apskritis,LT023,2021-48,841.985510598266,Epidemic intelligence subnational data
Lithuania,Klaipėdos Apskritis,LT023,2021-49,831.671656904969,Epidemic intelligence subnational data
Lithuania,Klaipėdos Apskritis,LT023,2021-50,780.727470480501,Epidemic intelligence subnational data
Lithuania,Klaipėdos Apskritis,LT023,2021-51,771.663780871239,Epidemic intelligence subnational data
Lithuania,Klaipėdos Apskritis,LT023,2021-52,864.488464110915,Epidemic intelligence subnational data
Lithuania,Klaipėdos Apskritis,LT023,2022-01,1417.99861231787,Epidemic intelligence subnational data
Lithuania,Klaipėdos Apskritis,LT023,2022-02,2227.4798567312,Epidemic intelligence subnational data
Lithuania,Klaipėdos Apskritis,LT023,2022-03,2829.43386319454,Epidemic intelligence subnational data
Lithuania,Klaipėdos Apskritis,LT023,2022-04,4497.15275129861,Epidemic intelligence subnational data
Lithuania,Marijampolės Apskritis,LT024,2020-13,,Epidemic intelligence subnational data
Lithuania,Marijampolės Apskritis,LT024,2020-14,7.31684117332865,Epidemic intelligence subnational data
Lithuania,Marijampolės Apskritis,LT024,2020-15,35.8525217493104,Epidemic intelligence subnational data
Lithuania,Marijampolės Apskritis,LT024,2020-16,49.7545199786348,Epidemic intelligence subnational data
Lithuania,Marijampolės Apskritis,LT024,2020-17,26.3406282239831,Epidemic intelligence subnational data
Lithuania,Marijampolės Apskritis,LT024,2020-18,8.78020940799438,Epidemic intelligence subnational data
Lithuania,Marijampolės Apskritis,LT024,2020-19,2.1950523519986,Epidemic intelligence subnational data
Lithuania,Marijampolės Apskritis,LT024,2020-20,0.731684117332865,Epidemic intelligence subnational data
Lithuania,Marijampolės Apskritis,LT024,2020-21,0,Epidemic intelligence subnational data
Lithuania,Marijampolės Apskritis,LT024,2020-22,0,Epidemic intelligence subnational data
Lithuania,Marijampolės Apskritis,LT024,2020-24,0.731684117332865,Epidemic intelligence subnational data
Lithuania,Marijampolės Apskritis,LT024,2020-25,1.46336823466573,Epidemic intelligence subnational data
Lithuania,Marijampolės Apskritis,LT024,2020-26,0.731684117332865,Epidemic intelligence subnational data
Lithuania,Marijampolės Apskritis,LT024,2020-27,1.46336823466573,Epidemic intelligence subnational data
Lithuania,Marijampolės Apskritis,LT024,2020-28,2.92673646933146,Epidemic intelligence subnational data
Lithuania,Marijampolės Apskritis,LT024,2020-29,5.12178882133006,Epidemic intelligence subnational data
Lithuania,Marijampolės Apskritis,LT024,2020-30,3.65842058666433,Epidemic intelligence subnational data
Lithuania,Marijampolės Apskritis,LT024,2020-31,2.1950523519986,Epidemic intelligence subnational data
Lithuania,Marijampolės Apskritis,LT024,2020-32,2.1950523519986,Epidemic intelligence subnational data
Lithuania,Marijampolės Apskritis,LT024,2020-33,0,Epidemic intelligence subnational data
Lithuania,Marijampolės Apskritis,LT024,2020-34,2.1950523519986,Epidemic intelligence subnational data
Lithuania,Marijampolės Apskritis,LT024,2020-35,5.85347293866292,Epidemic intelligence subnational data
Lithuania,Marijampolės Apskritis,LT024,2020-36,5.12178882133006,Epidemic intelligence subnational data
Lithuania,Marijampolės Apskritis,LT024,2020-37,3.65842058666433,Epidemic intelligence subnational data
Lithuania,Marijampolės Apskritis,LT024,2020-38,5.85347293866292,Epidemic intelligence subnational data
Lithuania,Marijampolės Apskritis,LT024,2020-39,8.04852529066152,Epidemic intelligence subnational data
Lithuania,Marijampolės Apskritis,LT024,2020-40,7.31684117332865,Epidemic intelligence subnational data
Lithuania,Marijampolės Apskritis,LT024,2020-41,6.58515705599579,Epidemic intelligence subnational data
Lithuania,Marijampolės Apskritis,LT024,2020-42,38.047574101309,Epidemic intelligence subnational data
Lithuania,Marijampolės Apskritis,LT024,2020-43,107.557565247931,Epidemic intelligence subnational data
Lithuania,Marijampolės Apskritis,LT024,2020-44,199.018079914539,Epidemic intelligence subnational data
Lithuania,Marijampolės Apskritis,LT024,2020-45,361.451953962435,Epidemic intelligence subnational data
Lithuania,Marijampolės Apskritis,LT024,2020-46,550.226456234315,Epidemic intelligence subnational data
Lithuania,Marijampolės Apskritis,LT024,2020-47,744.122747327524,Epidemic intelligence subnational data
Lithuania,Marijampolės Apskritis,LT024,2020-48,924.848724308742,Epidemic intelligence subnational data
Lithuania,Marijampolės Apskritis,LT024,2020-49,951.921036650057,Epidemic intelligence subnational data
Lithuania,Marijampolės Apskritis,LT024,2020-50,1079.23407306598,Epidemic intelligence subnational data
Lithuania,Marijampolės Apskritis,LT024,2020-51,1197.7669000739,Epidemic intelligence subnational data
Lithuania,Marijampolės Apskritis,LT024,2020-52,1153.86585303393,Epidemic intelligence subnational data
Lithuania,Marijampolės Apskritis,LT024,2020-53,1038.99144661267,Epidemic intelligence subnational data
Lithuania,Marijampolės Apskritis,LT024,2021-01,861.192206100782,Epidemic intelligence subnational data
Lithuania,Marijampolės Apskritis,LT024,2021-02,643.882023252921,Epidemic intelligence subnational data
Lithuania,Marijampolės Apskritis,LT024,2021-03,463.887730389036,Epidemic intelligence subnational data
Lithuania,Marijampolės Apskritis,LT024,2021-04,371.695531605095,Epidemic intelligence subnational data
Lithuania,Marijampolės Apskritis,LT024,2021-05,242.919126954511,Epidemic intelligence subnational data
Lithuania,Marijampolės Apskritis,LT024,2021-06,177.799240511886,Epidemic intelligence subnational data
Lithuania,Marijampolės Apskritis,LT024,2021-07,185.847765802548,Epidemic intelligence subnational data
Lithuania,Marijampolės Apskritis,LT024,2021-08,201.213132266538,Epidemic intelligence subnational data
Lithuania,Marijampolės Apskritis,LT024,2021-09,218.041866965194,Epidemic intelligence subnational data
Lithuania,Marijampolės Apskritis,LT024,2021-10,237.065654015848,Epidemic intelligence subnational data
Lithuania,Marijampolės Apskritis,LT024,2021-11,253.894388714504,Epidemic intelligence subnational data
Lithuania,Marijampolės Apskritis,LT024,2021-12,335.843009855785,Epidemic intelligence subnational data
Lithuania,Marijampolės Apskritis,LT024,2021-13,433.888681578389,Epidemic intelligence subnational data
Lithuania,Marijampolės Apskritis,LT024,2021-14,462.424362154371,Epidemic intelligence subnational data
Lithuania,Marijampolės Apskritis,LT024,2021-15,524.617512127664,Epidemic intelligence subnational data
Lithuania,Marijampolės Apskritis,LT024,2021-16,520.959091541,Epidemic intelligence subnational data
Lithuania,Marijampolės Apskritis,LT024,2021-17,439.010470399719,Epidemic intelligence subnational data
Lithuania,Marijampolės Apskritis,LT024,2021-18,503.398672725011,Epidemic intelligence subnational data
Lithuania,Marijampolės Apskritis,LT024,2021-19,580.957189162295,Epidemic intelligence subnational data
Lithuania,Marijampolės Apskritis,LT024,2021-20,485.838253909022,Epidemic intelligence subnational data
Lithuania,Marijampolės Apskritis,LT024,2021-21,293.405331050479,Epidemic intelligence subnational data
Lithuania,Marijampolės Apskritis,LT024,2021-22,163.165558165229,Epidemic intelligence subnational data
Lithuania,Marijampolės Apskritis,LT024,2021-23,102.435776426601,Epidemic intelligence subnational data
Lithuania,Marijampolės Apskritis,LT024,2021-24,47.5594676266362,Epidemic intelligence subnational data
Lithuania,Marijampolės Apskritis,LT024,2021-25,21.2188394026531,Epidemic intelligence subnational data
Lithuania,Marijampolės Apskritis,LT024,2021-26,11.7069458773258,Epidemic intelligence subnational data
Lithuania,Marijampolės Apskritis,LT024,2021-27,3.65842058666433,Epidemic intelligence subnational data
Lithuania,Marijampolės Apskritis,LT024,2021-28,10.975261759993,Epidemic intelligence subnational data
Lithuania,Marijampolės Apskritis,LT024,2021-29,46.0960993919705,Epidemic intelligence subnational data
Lithuania,Marijampolės Apskritis,LT024,2021-30,89.9971464319424,Epidemic intelligence subnational data
Lithuania,Marijampolės Apskritis,LT024,2021-31,99.5090399572697,Epidemic intelligence subnational data
Lithuania,Marijampolės Apskritis,LT024,2021-32,104.6308287786,Epidemic intelligence subnational data
Lithuania,Marijampolės Apskritis,LT024,2021-33,139.019982293244,Epidemic intelligence subnational data
Lithuania,Marijampolės Apskritis,LT024,2021-34,162.433874047896,Epidemic intelligence subnational data
Lithuania,Marijampolės Apskritis,LT024,2021-35,203.408184618537,Epidemic intelligence subnational data
Lithuania,Marijampolės Apskritis,LT024,2021-36,271.454807530493,Epidemic intelligence subnational data
Lithuania,Marijampolės Apskritis,LT024,2021-37,355.598481023772,Epidemic intelligence subnational data
Lithuania,Marijampolės Apskritis,LT024,2021-38,477.789728618361,Epidemic intelligence subnational data
Lithuania,Marijampolės Apskritis,LT024,2021-39,643.150339135588,Epidemic intelligence subnational data
Lithuania,Marijampolės Apskritis,LT024,2021-40,777.048532607503,Epidemic intelligence subnational data
Lithuania,Marijampolės Apskritis,LT024,2021-41,886.801150207433,Epidemic intelligence subnational data
Lithuania,Marijampolės Apskritis,LT024,2021-42,1053.62512895933,Epidemic intelligence subnational data
Lithuania,Marijampolės Apskritis,LT024,2021-43,1136.30543421794,Epidemic intelligence subnational data
Lithuania,Marijampolės Apskritis,LT024,2021-44,1111.42817422862,Epidemic intelligence subnational data
Lithuania,Marijampolės Apskritis,LT024,2021-45,1088.01428247397,Epidemic intelligence subnational data
Lithuania,Marijampolės Apskritis,LT024,2021-46,954.847773119389,Epidemic intelligence subnational data
Lithuania,Marijampolės Apskritis,LT024,2021-47,813.632738474146,Epidemic intelligence subnational data
Lithuania,Marijampolės Apskritis,LT024,2021-48,734.610853802197,Epidemic intelligence subnational data
Lithuania,Marijampolės Apskritis,LT024,2021-49,675.344440298234,Epidemic intelligence subnational data
Lithuania,Marijampolės Apskritis,LT024,2021-50,687.05138617556,Epidemic intelligence subnational data
Lithuania,Marijampolės Apskritis,LT024,2021-51,594.127503274286,Epidemic intelligence subnational data
Lithuania,Marijampolės Apskritis,LT024,2021-52,523.885828010331,Epidemic intelligence subnational data
Lithuania,Marijampolės Apskritis,LT024,2022-01,739.732642623527,Epidemic intelligence subnational data
Lithuania,Marijampolės Apskritis,LT024,2022-02,1131.18364539661,Epidemic intelligence subnational data
Lithuania,Marijampolės Apskritis,LT024,2022-03,1525.56138463902,Epidemic intelligence subnational data
Lithuania,Marijampolės Apskritis,LT024,2022-04,3258.18937448325,Epidemic intelligence subnational data
Lithuania,Panevėžio Apskritis,LT025,2020-13,,Epidemic intelligence subnational data
Lithuania,Panevėžio Apskritis,LT025,2020-14,12.3112472714015,Epidemic intelligence subnational data
Lithuania,Panevėžio Apskritis,LT025,2020-15,8.52317118789331,Epidemic intelligence subnational data
Lithuania,Panevėžio Apskritis,LT025,2020-16,4.73509510438517,Epidemic intelligence subnational data
Lithuania,Panevėžio Apskritis,LT025,2020-17,4.73509510438517,Epidemic intelligence subnational data
Lithuania,Panevėžio Apskritis,LT025,2020-18,2.8410570626311,Epidemic intelligence subnational data
Lithuania,Panevėžio Apskritis,LT025,2020-19,0.473509510438517,Epidemic intelligence subnational data
Lithuania,Panevėžio Apskritis,LT025,2020-20,0,Epidemic intelligence subnational data
Lithuania,Panevėžio Apskritis,LT025,2020-21,0.473509510438517,Epidemic intelligence subnational data
Lithuania,Panevėžio Apskritis,LT025,2020-22,0.473509510438517,Epidemic intelligence subnational data
Lithuania,Panevėžio Apskritis,LT025,2020-24,0.473509510438517,Epidemic intelligence subnational data
Lithuania,Panevėžio Apskritis,LT025,2020-25,0.473509510438517,Epidemic intelligence subnational data
Lithuania,Panevėžio Apskritis,LT025,2020-26,0,Epidemic intelligence subnational data
Lithuania,Panevėžio Apskritis,LT025,2020-27,0,Epidemic intelligence subnational data
Lithuania,Panevėžio Apskritis,LT025,2020-28,0,Epidemic intelligence subnational data
Lithuania,Panevėžio Apskritis,LT025,2020-29,2.8410570626311,Epidemic intelligence subnational data
Lithuania,Panevėžio Apskritis,LT025,2020-30,6.15562363570072,Epidemic intelligence subnational data
Lithuania,Panevėžio Apskritis,LT025,2020-31,14.678794823594,Epidemic intelligence subnational data
Lithuania,Panevėžio Apskritis,LT025,2020-32,17.0463423757866,Epidemic intelligence subnational data
Lithuania,Panevėžio Apskritis,LT025,2020-33,9.47019020877034,Epidemic intelligence subnational data
Lithuania,Panevėžio Apskritis,LT025,2020-34,8.04966167745479,Epidemic intelligence subnational data
Lithuania,Panevėžio Apskritis,LT025,2020-35,16.5728328653481,Epidemic intelligence subnational data
Lithuania,Panevėžio Apskritis,LT025,2020-36,13.2582662922785,Epidemic intelligence subnational data
Lithuania,Panevėžio Apskritis,LT025,2020-37,10.4172092296474,Epidemic intelligence subnational data
Lithuania,Panevėžio Apskritis,LT025,2020-38,22.7284565010488,Epidemic intelligence subnational data
Lithuania,Panevėžio Apskritis,LT025,2020-39,26.0430230741184,Epidemic intelligence subnational data
Lithuania,Panevėžio Apskritis,LT025,2020-40,24.1489850323644,Epidemic intelligence subnational data
Lithuania,Panevėžio Apskritis,LT025,2020-41,17.5198518862251,Epidemic intelligence subnational data
Lithuania,Panevėžio Apskritis,LT025,2020-42,37.8807608350814,Epidemic intelligence subnational data
Lithuania,Panevėžio Apskritis,LT025,2020-43,76.7085406910398,Epidemic intelligence subnational data
Lithuania,Panevėžio Apskritis,LT025,2020-44,141.105834110678,Epidemic intelligence subnational data
Lithuania,Panevėžio Apskritis,LT025,2020-45,358.446699401958,Epidemic intelligence subnational data
Lithuania,Panevėžio Apskritis,LT025,2020-46,572.946507630606,Epidemic intelligence subnational data
Lithuania,Panevėžio Apskritis,LT025,2020-47,701.741094469883,Epidemic intelligence subnational data
Lithuania,Panevėžio Apskritis,LT025,2020-48,900.141579343621,Epidemic intelligence subnational data
Lithuania,Panevėžio Apskritis,LT025,2020-49,1141.15792015683,Epidemic intelligence subnational data
Lithuania,Panevėžio Apskritis,LT025,2020-50,1469.77352040116,Epidemic intelligence subnational data
Lithuania,Panevėžio Apskritis,LT025,2020-51,1694.69053785945,Epidemic intelligence subnational data
Lithuania,Panevėžio Apskritis,LT025,2020-52,1578.20719829158,Epidemic intelligence subnational data
Lithuania,Panevėžio Apskritis,LT025,2020-53,1295.99553007022,Epidemic intelligence subnational data
Lithuania,Panevėžio Apskritis,LT025,2021-01,991.528914858255,Epidemic intelligence subnational data
Lithuania,Panevėžio Apskritis,LT025,2021-02,678.065618947957,Epidemic intelligence subnational data
Lithuania,Panevėžio Apskritis,LT025,2021-03,521.333970992807,Epidemic intelligence subnational data
Lithuania,Panevėžio Apskritis,LT025,2021-04,503.814119106582,Epidemic intelligence subnational data
Lithuania,Panevėžio Apskritis,LT025,2021-05,405.324140935371,Epidemic intelligence subnational data
Lithuania,Panevėžio Apskritis,LT025,2021-06,300.678539128458,Epidemic intelligence subnational data
Lithuania,Panevėžio Apskritis,LT025,2021-07,272.741478012586,Epidemic intelligence subnational data
Lithuania,Panevėžio Apskritis,LT025,2021-08,249.539512001099,Epidemic intelligence subnational data
Lithuania,Panevėžio Apskritis,LT025,2021-09,235.334226687943,Epidemic intelligence subnational data
Lithuania,Panevėžio Apskritis,LT025,2021-10,222.075960395665,Epidemic intelligence subnational data
Lithuania,Panevėžio Apskritis,LT025,2021-11,214.499808228648,Epidemic intelligence subnational data
Lithuania,Panevėžio Apskritis,LT025,2021-12,239.122302771451,Epidemic intelligence subnational data
Lithuania,Panevėžio Apskritis,LT025,2021-13,251.907059553291,Epidemic intelligence subnational data
Lithuania,Panevėžio Apskritis,LT025,2021-14,263.271287803815,Epidemic intelligence subnational data
Lithuania,Panevėžio Apskritis,LT025,2021-15,300.678539128458,Epidemic intelligence subnational data
Lithuania,Panevėžio Apskritis,LT025,2021-16,320.565938566876,Epidemic intelligence subnational data
Lithuania,Panevėžio Apskritis,LT025,2021-17,274.63551605434,Epidemic intelligence subnational data
Lithuania,Panevėžio Apskritis,LT025,2021-18,291.208348919688,Epidemic intelligence subnational data
Lithuania,Panevėžio Apskritis,LT025,2021-19,369.337418142043,Epidemic intelligence subnational data
Lithuania,Panevėžio Apskritis,LT025,2021-20,338.55929996354,Epidemic intelligence subnational data
Lithuania,Panevėžio Apskritis,LT025,2021-21,220.181922353911,Epidemic intelligence subnational data
Lithuania,Panevėžio Apskritis,LT025,2021-22,119.324396630506,Epidemic intelligence subnational data
Lithuania,Panevėžio Apskritis,LT025,2021-23,62.9767648883228,Epidemic intelligence subnational data
Lithuania,Panevėžio Apskritis,LT025,2021-24,34.0926847515732,Epidemic intelligence subnational data
Lithuania,Panevėžio Apskritis,LT025,2021-25,19.8873994384177,Epidemic intelligence subnational data
Lithuania,Panevėžio Apskritis,LT025,2021-26,13.731775802717,Epidemic intelligence subnational data
Lithuania,Panevėžio Apskritis,LT025,2021-27,12.3112472714015,Epidemic intelligence subnational data
Lithuania,Panevėžio Apskritis,LT025,2021-28,13.2582662922785,Epidemic intelligence subnational data
Lithuania,Panevėžio Apskritis,LT025,2021-29,20.8344184592948,Epidemic intelligence subnational data
Lithuania,Panevėžio Apskritis,LT025,2021-30,55.4006127213065,Epidemic intelligence subnational data
Lithuania,Panevėžio Apskritis,LT025,2021-31,126.427039287084,Epidemic intelligence subnational data
Lithuania,Panevėžio Apskritis,LT025,2021-32,175.198518862251,Epidemic intelligence subnational data
Lithuania,Panevėžio Apskritis,LT025,2021-33,200.768032425931,Epidemic intelligence subnational data
Lithuania,Panevėžio Apskritis,LT025,2021-34,222.075960395665,Epidemic intelligence subnational data
Lithuania,Panevėžio Apskritis,LT025,2021-35,248.118983469783,Epidemic intelligence subnational data
Lithuania,Panevėžio Apskritis,LT025,2021-36,235.334226687943,Epidemic intelligence subnational data
Lithuania,Panevėžio Apskritis,LT025,2021-37,235.807736198382,Epidemic intelligence subnational data
Lithuania,Panevėžio Apskritis,LT025,2021-38,289.314310877934,Epidemic intelligence subnational data
Lithuania,Panevėžio Apskritis,LT025,2021-39,366.496361079412,Epidemic intelligence subnational data
Lithuania,Panevėžio Apskritis,LT025,2021-40,501.44657155439,Epidemic intelligence subnational data
Lithuania,Panevėžio Apskritis,LT025,2021-41,687.535809156727,Epidemic intelligence subnational data
Lithuania,Panevėžio Apskritis,LT025,2021-42,973.535553461591,Epidemic intelligence subnational data
Lithuania,Panevėžio Apskritis,LT025,2021-43,1201.29362798252,Epidemic intelligence subnational data
Lithuania,Panevėžio Apskritis,LT025,2021-44,1123.6380682706,Epidemic intelligence subnational data
Lithuania,Panevėžio Apskritis,LT025,2021-45,1054.03217023614,Epidemic intelligence subnational data
Lithuania,Panevėžio Apskritis,LT025,2021-46,1055.92620827789,Epidemic intelligence subnational data
Lithuania,Panevėžio Apskritis,LT025,2021-47,1025.62159960983,Epidemic intelligence subnational data
Lithuania,Panevėžio Apskritis,LT025,2021-48,1057.82024631965,Epidemic intelligence subnational data
Lithuania,Panevėžio Apskritis,LT025,2021-49,1085.75730743552,Epidemic intelligence subnational data
Lithuania,Panevėžio Apskritis,LT025,2021-50,1141.63142966726,Epidemic intelligence subnational data
Lithuania,Panevėžio Apskritis,LT025,2021-51,1012.36333331755,Epidemic intelligence subnational data
Lithuania,Panevėžio Apskritis,LT025,2021-52,895.406484239236,Epidemic intelligence subnational data
Lithuania,Panevėžio Apskritis,LT025,2022-01,1038.87986590211,Epidemic intelligence subnational data
Lithuania,Panevėžio Apskritis,LT025,2022-02,1268.05846895435,Epidemic intelligence subnational data
Lithuania,Panevėžio Apskritis,LT025,2022-03,1533.69730431036,Epidemic intelligence subnational data
Lithuania,Panevėžio Apskritis,LT025,2022-04,2913.03050821776,Epidemic intelligence subnational data
Lithuania,Šiaulių Apskritis,LT026,2020-13,,Epidemic intelligence subnational data
Lithuania,Šiaulių Apskritis,LT026,2020-14,13.3867784526414,Epidemic intelligence subnational data
Lithuania,Šiaulių Apskritis,LT026,2020-15,8.03206707158484,Epidemic intelligence subnational data
Lithuania,Šiaulių Apskritis,LT026,2020-16,2.67735569052828,Epidemic intelligence subnational data
Lithuania,Šiaulių Apskritis,LT026,2020-17,1.14743815308355,Epidemic intelligence subnational data
Lithuania,Šiaulių Apskritis,LT026,2020-18,0.764958768722366,Epidemic intelligence subnational data
Lithuania,Šiaulių Apskritis,LT026,2020-19,0.764958768722366,Epidemic intelligence subnational data
Lithuania,Šiaulių Apskritis,LT026,2020-20,0.382479384361183,Epidemic intelligence subnational data
Lithuania,Šiaulių Apskritis,LT026,2020-21,0.382479384361183,Epidemic intelligence subnational data
Lithuania,Šiaulių Apskritis,LT026,2020-22,0.382479384361183,Epidemic intelligence subnational data
Lithuania,Šiaulių Apskritis,LT026,2020-24,0.382479384361183,Epidemic intelligence subnational data
Lithuania,Šiaulių Apskritis,LT026,2020-25,1.52991753744473,Epidemic intelligence subnational data
Lithuania,Šiaulių Apskritis,LT026,2020-26,1.14743815308355,Epidemic intelligence subnational data
Lithuania,Šiaulių Apskritis,LT026,2020-27,0.382479384361183,Epidemic intelligence subnational data
Lithuania,Šiaulių Apskritis,LT026,2020-28,0.382479384361183,Epidemic intelligence subnational data
Lithuania,Šiaulių Apskritis,LT026,2020-29,0,Epidemic intelligence subnational data
Lithuania,Šiaulių Apskritis,LT026,2020-30,0.382479384361183,Epidemic intelligence subnational data
Lithuania,Šiaulių Apskritis,LT026,2020-31,1.91239692180592,Epidemic intelligence subnational data
Lithuania,Šiaulių Apskritis,LT026,2020-32,2.2948763061671,Epidemic intelligence subnational data
Lithuania,Šiaulių Apskritis,LT026,2020-33,3.44231445925065,Epidemic intelligence subnational data
Lithuania,Šiaulių Apskritis,LT026,2020-34,3.44231445925065,Epidemic intelligence subnational data
Lithuania,Šiaulių Apskritis,LT026,2020-35,0.764958768722366,Epidemic intelligence subnational data
Lithuania,Šiaulių Apskritis,LT026,2020-36,6.88462891850129,Epidemic intelligence subnational data
Lithuania,Šiaulių Apskritis,LT026,2020-37,25.6261187521993,Epidemic intelligence subnational data
Lithuania,Šiaulių Apskritis,LT026,2020-38,68.8462891850129,Epidemic intelligence subnational data
Lithuania,Šiaulių Apskritis,LT026,2020-39,120.098526689411,Epidemic intelligence subnational data
Lithuania,Šiaulių Apskritis,LT026,2020-40,164.083655890948,Epidemic intelligence subnational data
Lithuania,Šiaulių Apskritis,LT026,2020-41,110.536542080382,Epidemic intelligence subnational data
Lithuania,Šiaulių Apskritis,LT026,2020-42,105.181830699325,Epidemic intelligence subnational data
Lithuania,Šiaulių Apskritis,LT026,2020-43,226.42779554182,Epidemic intelligence subnational data
Lithuania,Šiaulių Apskritis,LT026,2020-44,378.654590517571,Epidemic intelligence subnational data
Lithuania,Šiaulių Apskritis,LT026,2020-45,527.439071034071,Epidemic intelligence subnational data
Lithuania,Šiaulių Apskritis,LT026,2020-46,802.824227774123,Epidemic intelligence subnational data
Lithuania,Šiaulių Apskritis,LT026,2020-47,1017.39516240075,Epidemic intelligence subnational data
Lithuania,Šiaulių Apskritis,LT026,2020-48,1114.92740541285,Epidemic intelligence subnational data
Lithuania,Šiaulių Apskritis,LT026,2020-49,1181.47881829169,Epidemic intelligence subnational data
Lithuania,Šiaulių Apskritis,LT026,2020-50,1270.21403546349,Epidemic intelligence subnational data
Lithuania,Šiaulių Apskritis,LT026,2020-51,1381.13305692823,Epidemic intelligence subnational data
Lithuania,Šiaulių Apskritis,LT026,2020-52,1283.60081391613,Epidemic intelligence subnational data
Lithuania,Šiaulių Apskritis,LT026,2020-53,1098.48079188532,Epidemic intelligence subnational data
Lithuania,Šiaulių Apskritis,LT026,2021-01,909.535976010893,Epidemic intelligence subnational data
Lithuania,Šiaulių Apskritis,LT026,2021-02,625.736272814895,Epidemic intelligence subnational data
Lithuania,Šiaulių Apskritis,LT026,2021-03,372.917399752153,Epidemic intelligence subnational data
Lithuania,Šiaulių Apskritis,LT026,2021-04,300.62879610789,Epidemic intelligence subnational data
Lithuania,Šiaulių Apskritis,LT026,2021-05,241.344491531906,Epidemic intelligence subnational data
Lithuania,Šiaulių Apskritis,LT026,2021-06,203.096553095788,Epidemic intelligence subnational data
Lithuania,Šiaulių Apskritis,LT026,2021-07,152.609274360112,Epidemic intelligence subnational data
Lithuania,Šiaulių Apskritis,LT026,2021-08,136.545140216942,Epidemic intelligence subnational data
Lithuania,Šiaulių Apskritis,LT026,2021-09,135.78018144822,Epidemic intelligence subnational data
Lithuania,Šiaulių Apskritis,LT026,2021-10,96.0023254746569,Epidemic intelligence subnational data
Lithuania,Šiaulių Apskritis,LT026,2021-11,78.7907531784037,Epidemic intelligence subnational data
Lithuania,Šiaulių Apskritis,LT026,2021-12,79.5557119471261,Epidemic intelligence subnational data
Lithuania,Šiaulių Apskritis,LT026,2021-13,87.5877790187109,Epidemic intelligence subnational data
Lithuania,Šiaulių Apskritis,LT026,2021-14,109.77158331166,Epidemic intelligence subnational data
Lithuania,Šiaulių Apskritis,LT026,2021-15,162.936217737864,Epidemic intelligence subnational data
Lithuania,Šiaulių Apskritis,LT026,2021-16,214.570934626624,Epidemic intelligence subnational data
Lithuania,Šiaulių Apskritis,LT026,2021-17,244.786805991157,Epidemic intelligence subnational data
Lithuania,Šiaulių Apskritis,LT026,2021-18,331.227146856784,Epidemic intelligence subnational data
Lithuania,Šiaulių Apskritis,LT026,2021-19,384.77426066735,Epidemic intelligence subnational data
Lithuania,Šiaulių Apskritis,LT026,2021-20,308.278383795113,Epidemic intelligence subnational data
Lithuania,Šiaulių Apskritis,LT026,2021-21,225.280357388737,Epidemic intelligence subnational data
Lithuania,Šiaulių Apskritis,LT026,2021-22,161.406300200419,Epidemic intelligence subnational data
Lithuania,Šiaulių Apskritis,LT026,2021-23,112.448939002188,Epidemic intelligence subnational data
Lithuania,Šiaulių Apskritis,LT026,2021-24,69.6112479537353,Epidemic intelligence subnational data
Lithuania,Šiaulių Apskritis,LT026,2021-25,35.9530621299512,Epidemic intelligence subnational data
Lithuania,Šiaulių Apskritis,LT026,2021-26,35.57058274559,Epidemic intelligence subnational data
Lithuania,Šiaulių Apskritis,LT026,2021-27,40.5428147422854,Epidemic intelligence subnational data
Lithuania,Šiaulių Apskritis,LT026,2021-28,38.2479384361183,Epidemic intelligence subnational data
Lithuania,Šiaulių Apskritis,LT026,2021-29,50.4872787356762,Epidemic intelligence subnational data
Lithuania,Šiaulių Apskritis,LT026,2021-30,84.5279439438214,Epidemic intelligence subnational data
Lithuania,Šiaulių Apskritis,LT026,2021-31,118.186129767606,Epidemic intelligence subnational data
Lithuania,Šiaulių Apskritis,LT026,2021-32,128.895552529719,Epidemic intelligence subnational data
Lithuania,Šiaulių Apskritis,LT026,2021-33,185.120022030813,Epidemic intelligence subnational data
Lithuania,Šiaulių Apskritis,LT026,2021-34,241.726970916268,Epidemic intelligence subnational data
Lithuania,Šiaulių Apskritis,LT026,2021-35,265.0582133623,Epidemic intelligence subnational data
Lithuania,Šiaulių Apskritis,LT026,2021-36,367.562688371097,Epidemic intelligence subnational data
Lithuania,Šiaulių Apskritis,LT026,2021-37,479.629147988923,Epidemic intelligence subnational data
Lithuania,Šiaulių Apskritis,LT026,2021-38,621.528999586922,Epidemic intelligence subnational data
Lithuania,Šiaulių Apskritis,LT026,2021-39,805.501583464651,Epidemic intelligence subnational data
Lithuania,Šiaulių Apskritis,LT026,2021-40,1041.87384299986,Epidemic intelligence subnational data
Lithuania,Šiaulių Apskritis,LT026,2021-41,1198.69039058795,Epidemic intelligence subnational data
Lithuania,Šiaulių Apskritis,LT026,2021-42,1322.99619050533,Epidemic intelligence subnational data
Lithuania,Šiaulių Apskritis,LT026,2021-43,1495.87687223659,Epidemic intelligence subnational data
Lithuania,Šiaulių Apskritis,LT026,2021-44,1270.59651484785,Epidemic intelligence subnational data
Lithuania,Šiaulių Apskritis,LT026,2021-45,917.950522466839,Epidemic intelligence subnational data
Lithuania,Šiaulių Apskritis,LT026,2021-46,748.512155194835,Epidemic intelligence subnational data
Lithuania,Šiaulių Apskritis,LT026,2021-47,678.135948472377,Epidemic intelligence subnational data
Lithuania,Šiaulių Apskritis,LT026,2021-48,636.063216192647,Epidemic intelligence subnational data
Lithuania,Šiaulių Apskritis,LT026,2021-49,581.368664228998,Epidemic intelligence subnational data
Lithuania,Šiaulių Apskritis,LT026,2021-50,606.612303596836,Epidemic intelligence subnational data
Lithuania,Šiaulių Apskritis,LT026,2021-51,593.990483912917,Epidemic intelligence subnational data
Lithuania,Šiaulių Apskritis,LT026,2021-52,685.020577390879,Epidemic intelligence subnational data
Lithuania,Šiaulių Apskritis,LT026,2022-01,968.055321818154,Epidemic intelligence subnational data
Lithuania,Šiaulių Apskritis,LT026,2022-02,1262.1819683919,Epidemic intelligence subnational data
Lithuania,Šiaulių Apskritis,LT026,2022-03,1894.8028701253,Epidemic intelligence subnational data
Lithuania,Šiaulių Apskritis,LT026,2022-04,4033.62758747304,Epidemic intelligence subnational data
Lithuania,Tauragės Apskritis,LT027,2020-13,,Epidemic intelligence subnational data
Lithuania,Tauragės Apskritis,LT027,2020-14,8.71250898477489,Epidemic intelligence subnational data
Lithuania,Tauragės Apskritis,LT027,2020-15,8.71250898477489,Epidemic intelligence subnational data
Lithuania,Tauragės Apskritis,LT027,2020-16,4.35625449238745,Epidemic intelligence subnational data
Lithuania,Tauragės Apskritis,LT027,2020-17,1.08906362309686,Epidemic intelligence subnational data
Lithuania,Tauragės Apskritis,LT027,2020-18,1.08906362309686,Epidemic intelligence subnational data
Lithuania,Tauragės Apskritis,LT027,2020-19,1.08906362309686,Epidemic intelligence subnational data
Lithuania,Tauragės Apskritis,LT027,2020-20,1.08906362309686,Epidemic intelligence subnational data
Lithuania,Tauragės Apskritis,LT027,2020-21,1.08906362309686,Epidemic intelligence subnational data
Lithuania,Tauragės Apskritis,LT027,2020-22,1.08906362309686,Epidemic intelligence subnational data
Lithuania,Tauragės Apskritis,LT027,2020-24,0,Epidemic intelligence subnational data
Lithuania,Tauragės Apskritis,LT027,2020-25,0,Epidemic intelligence subnational data
Lithuania,Tauragės Apskritis,LT027,2020-26,0,Epidemic intelligence subnational data
Lithuania,Tauragės Apskritis,LT027,2020-27,0,Epidemic intelligence subnational data
Lithuania,Tauragės Apskritis,LT027,2020-28,0,Epidemic intelligence subnational data
Lithuania,Tauragės Apskritis,LT027,2020-29,1.08906362309686,Epidemic intelligence subnational data
Lithuania,Tauragės Apskritis,LT027,2020-30,2.17812724619372,Epidemic intelligence subnational data
Lithuania,Tauragės Apskritis,LT027,2020-31,1.08906362309686,Epidemic intelligence subnational data
Lithuania,Tauragės Apskritis,LT027,2020-32,1.08906362309686,Epidemic intelligence subnational data
Lithuania,Tauragės Apskritis,LT027,2020-33,5.44531811548431,Epidemic intelligence subnational data
Lithuania,Tauragės Apskritis,LT027,2020-34,7.62344536167803,Epidemic intelligence subnational data
Lithuania,Tauragės Apskritis,LT027,2020-35,9.80157260787175,Epidemic intelligence subnational data
Lithuania,Tauragės Apskritis,LT027,2020-36,43.5625449238745,Epidemic intelligence subnational data
Lithuania,Tauragės Apskritis,LT027,2020-37,54.4531811548431,Epidemic intelligence subnational data
Lithuania,Tauragės Apskritis,LT027,2020-38,22.8703360850341,Epidemic intelligence subnational data
Lithuania,Tauragės Apskritis,LT027,2020-39,8.71250898477489,Epidemic intelligence subnational data
Lithuania,Tauragės Apskritis,LT027,2020-40,6.53438173858117,Epidemic intelligence subnational data
Lithuania,Tauragės Apskritis,LT027,2020-41,20.6922088388404,Epidemic intelligence subnational data
Lithuania,Tauragės Apskritis,LT027,2020-42,50.0969266624556,Epidemic intelligence subnational data
Lithuania,Tauragės Apskritis,LT027,2020-43,112.173553178977,Epidemic intelligence subnational data
Lithuania,Tauragės Apskritis,LT027,2020-44,289.690923743765,Epidemic intelligence subnational data
Lithuania,Tauragės Apskritis,LT027,2020-45,530.373984448171,Epidemic intelligence subnational data
Lithuania,Tauragės Apskritis,LT027,2020-46,890.854043693233,Epidemic intelligence subnational data
Lithuania,Tauragės Apskritis,LT027,2020-47,1004.11666049531,Epidemic intelligence subnational data
Lithuania,Tauragės Apskritis,LT027,2020-48,924.615016009235,Epidemic intelligence subnational data
Lithuania,Tauragės Apskritis,LT027,2020-49,906.100934416589,Epidemic intelligence subnational data
Lithuania,Tauragės Apskritis,LT027,2020-50,964.910370063819,Epidemic intelligence subnational data
Lithuania,Tauragės Apskritis,LT027,2020-51,1121.73553178977,Epidemic intelligence subnational data
Lithuania,Tauragės Apskritis,LT027,2020-52,1006.2947877415,Epidemic intelligence subnational data
Lithuania,Tauragės Apskritis,LT027,2020-53,750.364836313738,Epidemic intelligence subnational data
Lithuania,Tauragės Apskritis,LT027,2021-01,600.074056326371,Epidemic intelligence subnational data
Lithuania,Tauragės Apskritis,LT027,2021-02,425.823876630873,Epidemic intelligence subnational data
Lithuania,Tauragės Apskritis,LT027,2021-03,261.375269543247,Epidemic intelligence subnational data
Lithuania,Tauragės Apskritis,LT027,2021-04,213.456470126985,Epidemic intelligence subnational data
Lithuania,Tauragės Apskritis,LT027,2021-05,175.339243318595,Epidemic intelligence subnational data
Lithuania,Tauragės Apskritis,LT027,2021-06,165.537670710723,Epidemic intelligence subnational data
Lithuania,Tauragės Apskritis,LT027,2021-07,137.222016510205,Epidemic intelligence subnational data
Lithuania,Tauragės Apskritis,LT027,2021-08,126.331380279236,Epidemic intelligence subnational data
Lithuania,Tauragės Apskritis,LT027,2021-09,103.461044194202,Epidemic intelligence subnational data
Lithuania,Tauragės Apskritis,LT027,2021-10,75.1453899936834,Epidemic intelligence subnational data
Lithuania,Tauragės Apskritis,LT027,2021-11,80.5907081091677,Epidemic intelligence subnational data
Lithuania,Tauragės Apskritis,LT027,2021-12,88.2141534708458,Epidemic intelligence subnational data
Lithuania,Tauragės Apskritis,LT027,2021-13,118.707934917558,Epidemic intelligence subnational data
Lithuania,Tauragės Apskritis,LT027,2021-14,140.489207379495,Epidemic intelligence subnational data
Lithuania,Tauragės Apskritis,LT027,2021-15,148.112652741173,Epidemic intelligence subnational data
Lithuania,Tauragės Apskritis,LT027,2021-16,121.975125786849,Epidemic intelligence subnational data
Lithuania,Tauragės Apskritis,LT027,2021-17,104.550107817299,Epidemic intelligence subnational data
Lithuania,Tauragės Apskritis,LT027,2021-18,153.557970856657,Epidemic intelligence subnational data
Lithuania,Tauragės Apskritis,LT027,2021-19,204.74396114221,Epidemic intelligence subnational data
Lithuania,Tauragės Apskritis,LT027,2021-20,206.922088388404,Epidemic intelligence subnational data
Lithuania,Tauragės Apskritis,LT027,2021-21,152.468907233561,Epidemic intelligence subnational data
Lithuania,Tauragės Apskritis,LT027,2021-22,93.6594715863301,Epidemic intelligence subnational data
Lithuania,Tauragės Apskritis,LT027,2021-23,65.3438173858117,Epidemic intelligence subnational data
Lithuania,Tauragės Apskritis,LT027,2021-24,38.1172268083901,Epidemic intelligence subnational data
Lithuania,Tauragės Apskritis,LT027,2021-25,21.7812724619372,Epidemic intelligence subnational data
Lithuania,Tauragės Apskritis,LT027,2021-26,13.0687634771623,Epidemic intelligence subnational data
Lithuania,Tauragės Apskritis,LT027,2021-27,4.35625449238745,Epidemic intelligence subnational data
Lithuania,Tauragės Apskritis,LT027,2021-28,7.62344536167803,Epidemic intelligence subnational data
Lithuania,Tauragės Apskritis,LT027,2021-29,33.7609723160027,Epidemic intelligence subnational data
Lithuania,Tauragės Apskritis,LT027,2021-30,50.0969266624556,Epidemic intelligence subnational data
Lithuania,Tauragės Apskritis,LT027,2021-31,59.8984992703274,Epidemic intelligence subnational data
Lithuania,Tauragės Apskritis,LT027,2021-32,74.0563263705866,Epidemic intelligence subnational data
Lithuania,Tauragės Apskritis,LT027,2021-33,95.8375988325238,Epidemic intelligence subnational data
Lithuania,Tauragės Apskritis,LT027,2021-34,159.003288972142,Epidemic intelligence subnational data
Lithuania,Tauragės Apskritis,LT027,2021-35,218.901788242469,Epidemic intelligence subnational data
Lithuania,Tauragės Apskritis,LT027,2021-36,312.561259828799,Epidemic intelligence subnational data
Lithuania,Tauragės Apskritis,LT027,2021-37,450.872339962101,Epidemic intelligence subnational data
Lithuania,Tauragės Apskritis,LT027,2021-38,478.098930539522,Epidemic intelligence subnational data
Lithuania,Tauragės Apskritis,LT027,2021-39,637.102219511664,Epidemic intelligence subnational data
Lithuania,Tauragės Apskritis,LT027,2021-40,857.09307137723,Epidemic intelligence subnational data
Lithuania,Tauragės Apskritis,LT027,2021-41,897.388425431814,Epidemic intelligence subnational data
Lithuania,Tauragės Apskritis,LT027,2021-42,1067.28235063492,Epidemic intelligence subnational data
Lithuania,Tauragės Apskritis,LT027,2021-43,1118.46834092048,Epidemic intelligence subnational data
Lithuania,Tauragės Apskritis,LT027,2021-44,883.230598331555,Epidemic intelligence subnational data
Lithuania,Tauragės Apskritis,LT027,2021-45,801.55082659929,Epidemic intelligence subnational data
Lithuania,Tauragės Apskritis,LT027,2021-46,730.761691097994,Epidemic intelligence subnational data
Lithuania,Tauragės Apskritis,LT027,2021-47,657.794428350504,Epidemic intelligence subnational data
Lithuania,Tauragės Apskritis,LT027,2021-48,671.952255450764,Epidemic intelligence subnational data
Lithuania,Tauragės Apskritis,LT027,2021-49,556.511511402496,Epidemic intelligence subnational data
Lithuania,Tauragės Apskritis,LT027,2021-50,449.783276339004,Epidemic intelligence subnational data
Lithuania,Tauragės Apskritis,LT027,2021-51,375.726949968417,Epidemic intelligence subnational data
Lithuania,Tauragės Apskritis,LT027,2021-52,381.172268083902,Epidemic intelligence subnational data
Lithuania,Tauragės Apskritis,LT027,2022-01,593.539674587789,Epidemic intelligence subnational data
Lithuania,Tauragės Apskritis,LT027,2022-02,891.94310731633,Epidemic intelligence subnational data
Lithuania,Tauragės Apskritis,LT027,2022-03,1139.16054975932,Epidemic intelligence subnational data
Lithuania,Tauragės Apskritis,LT027,2022-04,2153.07878286249,Epidemic intelligence subnational data
Lithuania,Telšių Apskritis,LT028,2020-13,,Epidemic intelligence subnational data
Lithuania,Telšių Apskritis,LT028,2020-14,13.015549753853,Epidemic intelligence subnational data
Lithuania,Telšių Apskritis,LT028,2020-15,8.42182631131664,Epidemic intelligence subnational data
Lithuania,Telšių Apskritis,LT028,2020-16,3.82810286878029,Epidemic intelligence subnational data
Lithuania,Telšių Apskritis,LT028,2020-17,3.06248229502423,Epidemic intelligence subnational data
Lithuania,Telšių Apskritis,LT028,2020-18,3.06248229502423,Epidemic intelligence subnational data
Lithuania,Telšių Apskritis,LT028,2020-19,1.53124114751212,Epidemic intelligence subnational data
Lithuania,Telšių Apskritis,LT028,2020-20,1.53124114751212,Epidemic intelligence subnational data
Lithuania,Telšių Apskritis,LT028,2020-21,0.765620573756058,Epidemic intelligence subnational data
Lithuania,Telšių Apskritis,LT028,2020-22,0.765620573756058,Epidemic intelligence subnational data
Lithuania,Telšių Apskritis,LT028,2020-24,1.53124114751212,Epidemic intelligence subnational data
Lithuania,Telšių Apskritis,LT028,2020-25,0.765620573756058,Epidemic intelligence subnational data
Lithuania,Telšių Apskritis,LT028,2020-26,0,Epidemic intelligence subnational data
Lithuania,Telšių Apskritis,LT028,2020-27,0,Epidemic intelligence subnational data
Lithuania,Telšių Apskritis,LT028,2020-28,0,Epidemic intelligence subnational data
Lithuania,Telšių Apskritis,LT028,2020-29,0,Epidemic intelligence subnational data
Lithuania,Telšių Apskritis,LT028,2020-30,0,Epidemic intelligence subnational data
Lithuania,Telšių Apskritis,LT028,2020-31,0.765620573756058,Epidemic intelligence subnational data
Lithuania,Telšių Apskritis,LT028,2020-32,0.765620573756058,Epidemic intelligence subnational data
Lithuania,Telšių Apskritis,LT028,2020-33,0.765620573756058,Epidemic intelligence subnational data
Lithuania,Telšių Apskritis,LT028,2020-34,1.53124114751212,Epidemic intelligence subnational data
Lithuania,Telšių Apskritis,LT028,2020-35,1.53124114751212,Epidemic intelligence subnational data
Lithuania,Telšių Apskritis,LT028,2020-36,2.29686172126817,Epidemic intelligence subnational data
Lithuania,Telšių Apskritis,LT028,2020-37,11.4843086063409,Epidemic intelligence subnational data
Lithuania,Telšių Apskritis,LT028,2020-38,26.796720081462,Epidemic intelligence subnational data
Lithuania,Telšių Apskritis,LT028,2020-39,24.4998583601939,Epidemic intelligence subnational data
Lithuania,Telšių Apskritis,LT028,2020-40,16.8436526226333,Epidemic intelligence subnational data
Lithuania,Telšių Apskritis,LT028,2020-41,13.015549753853,Epidemic intelligence subnational data
Lithuania,Telšių Apskritis,LT028,2020-42,62.0152664742407,Epidemic intelligence subnational data
Lithuania,Telšių Apskritis,LT028,2020-43,230.451792700574,Epidemic intelligence subnational data
Lithuania,Telšių Apskritis,LT028,2020-44,565.027983431971,Epidemic intelligence subnational data
Lithuania,Telšių Apskritis,LT028,2020-45,828.401460804055,Epidemic intelligence subnational data
Lithuania,Telšių Apskritis,LT028,2020-46,826.104599082787,Epidemic intelligence subnational data
Lithuania,Telšių Apskritis,LT028,2020-47,885.823003835759,Epidemic intelligence subnational data
Lithuania,Telšių Apskritis,LT028,2020-48,943.244546867464,Epidemic intelligence subnational data
Lithuania,Telšių Apskritis,LT028,2020-49,856.729422033029,Epidemic intelligence subnational data
Lithuania,Telšių Apskritis,LT028,2020-50,928.697755966098,Epidemic intelligence subnational data
Lithuania,Telšių Apskritis,LT028,2020-51,1048.9001860458,Epidemic intelligence subnational data
Lithuania,Telšių Apskritis,LT028,2020-52,881.994900966979,Epidemic intelligence subnational data
Lithuania,Telšių Apskritis,LT028,2020-53,680.636690069136,Epidemic intelligence subnational data
Lithuania,Telšių Apskritis,LT028,2021-01,580.340394907092,Epidemic intelligence subnational data
Lithuania,Telšių Apskritis,LT028,2021-02,489.231546630121,Epidemic intelligence subnational data
Lithuania,Telšių Apskritis,LT028,2021-03,411.138248107003,Epidemic intelligence subnational data
Lithuania,Telšių Apskritis,LT028,2021-04,300.888885486131,Epidemic intelligence subnational data
Lithuania,Telšių Apskritis,LT028,2021-05,201.358210897843,Epidemic intelligence subnational data
Lithuania,Telšių Apskritis,LT028,2021-06,150.061632456187,Epidemic intelligence subnational data
Lithuania,Telšių Apskritis,LT028,2021-07,144.702288439895,Epidemic intelligence subnational data
Lithuania,Telšių Apskritis,LT028,2021-08,154.655355898724,Epidemic intelligence subnational data
Lithuania,Telšių Apskritis,LT028,2021-09,135.514841554822,Epidemic intelligence subnational data
Lithuania,Telšių Apskritis,LT028,2021-10,87.2807454081906,Epidemic intelligence subnational data
Lithuania,Telšių Apskritis,LT028,2021-11,77.3276779493619,Epidemic intelligence subnational data
Lithuania,Telšių Apskritis,LT028,2021-12,82.6870219656543,Epidemic intelligence subnational data
Lithuania,Telšių Apskritis,LT028,2021-13,83.4526425394103,Epidemic intelligence subnational data
Lithuania,Telšių Apskritis,LT028,2021-14,88.0463659819467,Epidemic intelligence subnational data
Lithuania,Telšių Apskritis,LT028,2021-15,141.639806144871,Epidemic intelligence subnational data
Lithuania,Telšių Apskritis,LT028,2021-16,187.577040570234,Epidemic intelligence subnational data
Lithuania,Telšių Apskritis,LT028,2021-17,180.68645540643,Epidemic intelligence subnational data
Lithuania,Telšių Apskritis,LT028,2021-18,225.092448684281,Epidemic intelligence subnational data
Lithuania,Telšių Apskritis,LT028,2021-19,216.670622372964,Epidemic intelligence subnational data
Lithuania,Telšių Apskritis,LT028,2021-20,163.842802783796,Epidemic intelligence subnational data
Lithuania,Telšių Apskritis,LT028,2021-21,127.858635817262,Epidemic intelligence subnational data
Lithuania,Telšių Apskritis,LT028,2021-22,66.6089899167771,Epidemic intelligence subnational data
Lithuania,Telšių Apskritis,LT028,2021-23,42.1091315565832,Epidemic intelligence subnational data
Lithuania,Telšių Apskritis,LT028,2021-24,31.3904435239984,Epidemic intelligence subnational data
Lithuania,Telšių Apskritis,LT028,2021-25,22.9686172126817,Epidemic intelligence subnational data
Lithuania,Telšių Apskritis,LT028,2021-26,29.0935818027302,Epidemic intelligence subnational data
Lithuania,Telšių Apskritis,LT028,2021-27,27.5623406552181,Epidemic intelligence subnational data
Lithuania,Telšių Apskritis,LT028,2021-28,22.9686172126817,Epidemic intelligence subnational data
Lithuania,Telšių Apskritis,LT028,2021-29,44.4059932778514,Epidemic intelligence subnational data
Lithuania,Telšių Apskritis,LT028,2021-30,77.3276779493619,Epidemic intelligence subnational data
Lithuania,Telšių Apskritis,LT028,2021-31,128.624256391018,Epidemic intelligence subnational data
Lithuania,Telšių Apskritis,LT028,2021-32,191.405143439015,Epidemic intelligence subnational data
Lithuania,Telšių Apskritis,LT028,2021-33,261.076615650816,Epidemic intelligence subnational data
Lithuania,Telšių Apskritis,LT028,2021-34,333.044949583885,Epidemic intelligence subnational data
Lithuania,Telšių Apskritis,LT028,2021-35,431.044383024661,Epidemic intelligence subnational data
Lithuania,Telšių Apskritis,LT028,2021-36,664.558658020258,Epidemic intelligence subnational data
Lithuania,Telšių Apskritis,LT028,2021-37,886.588624409515,Epidemic intelligence subnational data
Lithuania,Telšių Apskritis,LT028,2021-38,966.213164080145,Epidemic intelligence subnational data
Lithuania,Telšių Apskritis,LT028,2021-39,992.244263587851,Epidemic intelligence subnational data
Lithuania,Telšių Apskritis,LT028,2021-40,1006.79105448922,Epidemic intelligence subnational data
Lithuania,Telšių Apskritis,LT028,2021-41,974.634990391462,Epidemic intelligence subnational data
Lithuania,Telšių Apskritis,LT028,2021-42,1037.41587743946,Epidemic intelligence subnational data
Lithuania,Telšių Apskritis,LT028,2021-43,1088.71245588111,Epidemic intelligence subnational data
Lithuania,Telšių Apskritis,LT028,2021-44,904.197897605905,Epidemic intelligence subnational data
Lithuania,Telšių Apskritis,LT028,2021-45,787.057949821228,Epidemic intelligence subnational data
Lithuania,Telšių Apskritis,LT028,2021-46,663.027416872746,Epidemic intelligence subnational data
Lithuania,Telšių Apskritis,LT028,2021-47,483.106582040073,Epidemic intelligence subnational data
Lithuania,Telšių Apskritis,LT028,2021-48,413.435109828271,Epidemic intelligence subnational data
Lithuania,Telšių Apskritis,LT028,2021-49,357.544807944079,Epidemic intelligence subnational data
Lithuania,Telšių Apskritis,LT028,2021-50,346.826119911494,Epidemic intelligence subnational data
Lithuania,Telšių Apskritis,LT028,2021-51,359.076049091591,Epidemic intelligence subnational data
Lithuania,Telšių Apskritis,LT028,2021-52,474.684755728756,Epidemic intelligence subnational data
Lithuania,Telšių Apskritis,LT028,2022-01,799.307879001325,Epidemic intelligence subnational data
Lithuania,Telšių Apskritis,LT028,2022-02,1202.02430079701,Epidemic intelligence subnational data
Lithuania,Telšių Apskritis,LT028,2022-03,2051.09751709248,Epidemic intelligence subnational data
Lithuania,Telšių Apskritis,LT028,2022-04,3684.93182148791,Epidemic intelligence subnational data
Lithuania,Utenos Apskritis,LT029,2020-13,,Epidemic intelligence subnational data
Lithuania,Utenos Apskritis,LT029,2020-14,6.40189496090843,Epidemic intelligence subnational data
Lithuania,Utenos Apskritis,LT029,2020-15,6.40189496090843,Epidemic intelligence subnational data
Lithuania,Utenos Apskritis,LT029,2020-16,3.20094748045421,Epidemic intelligence subnational data
Lithuania,Utenos Apskritis,LT029,2020-17,6.40189496090843,Epidemic intelligence subnational data
Lithuania,Utenos Apskritis,LT029,2020-18,4.00118435056777,Epidemic intelligence subnational data
Lithuania,Utenos Apskritis,LT029,2020-19,0.800236870113554,Epidemic intelligence subnational data
Lithuania,Utenos Apskritis,LT029,2020-20,0.800236870113554,Epidemic intelligence subnational data
Lithuania,Utenos Apskritis,LT029,2020-21,0,Epidemic intelligence subnational data
Lithuania,Utenos Apskritis,LT029,2020-22,1.60047374022711,Epidemic intelligence subnational data
Lithuania,Utenos Apskritis,LT029,2020-24,3.20094748045421,Epidemic intelligence subnational data
Lithuania,Utenos Apskritis,LT029,2020-25,1.60047374022711,Epidemic intelligence subnational data
Lithuania,Utenos Apskritis,LT029,2020-26,0.800236870113554,Epidemic intelligence subnational data
Lithuania,Utenos Apskritis,LT029,2020-27,3.20094748045421,Epidemic intelligence subnational data
Lithuania,Utenos Apskritis,LT029,2020-28,4.80142122068132,Epidemic intelligence subnational data
Lithuania,Utenos Apskritis,LT029,2020-29,5.60165809079488,Epidemic intelligence subnational data
Lithuania,Utenos Apskritis,LT029,2020-30,7.20213183102198,Epidemic intelligence subnational data
Lithuania,Utenos Apskritis,LT029,2020-31,12.8037899218169,Epidemic intelligence subnational data
Lithuania,Utenos Apskritis,LT029,2020-32,18.4054480126117,Epidemic intelligence subnational data
Lithuania,Utenos Apskritis,LT029,2020-33,10.4030793114762,Epidemic intelligence subnational data
Lithuania,Utenos Apskritis,LT029,2020-34,9.60284244136264,Epidemic intelligence subnational data
Lithuania,Utenos Apskritis,LT029,2020-35,27.2080535838608,Epidemic intelligence subnational data
Lithuania,Utenos Apskritis,LT029,2020-36,24.0071061034066,Epidemic intelligence subnational data
Lithuania,Utenos Apskritis,LT029,2020-37,7.20213183102198,Epidemic intelligence subnational data
Lithuania,Utenos Apskritis,LT029,2020-38,1.60047374022711,Epidemic intelligence subnational data
Lithuania,Utenos Apskritis,LT029,2020-39,3.20094748045421,Epidemic intelligence subnational data
Lithuania,Utenos Apskritis,LT029,2020-40,8.80260557124909,Epidemic intelligence subnational data
Lithuania,Utenos Apskritis,LT029,2020-41,7.20213183102198,Epidemic intelligence subnational data
Lithuania,Utenos Apskritis,LT029,2020-42,6.40189496090843,Epidemic intelligence subnational data
Lithuania,Utenos Apskritis,LT029,2020-43,27.2080535838608,Epidemic intelligence subnational data
Lithuania,Utenos Apskritis,LT029,2020-44,65.6194233493114,Epidemic intelligence subnational data
Lithuania,Utenos Apskritis,LT029,2020-45,113.633635556125,Epidemic intelligence subnational data
Lithuania,Utenos Apskritis,LT029,2020-46,228.067507982363,Epidemic intelligence subnational data
Lithuania,Utenos Apskritis,LT029,2020-47,368.108960252235,Epidemic intelligence subnational data
Lithuania,Utenos Apskritis,LT029,2020-48,516.953018093356,Epidemic intelligence subnational data
Lithuania,Utenos Apskritis,LT029,2020-49,784.232132711283,Epidemic intelligence subnational data
Lithuania,Utenos Apskritis,LT029,2020-50,1072.31740595216,Epidemic intelligence subnational data
Lithuania,Utenos Apskritis,LT029,2020-51,1358.0019685827,Epidemic intelligence subnational data
Lithuania,Utenos Apskritis,LT029,2020-52,1349.19936301145,Epidemic intelligence subnational data
Lithuania,Utenos Apskritis,LT029,2020-53,1190.75246272897,Epidemic intelligence subnational data
Lithuania,Utenos Apskritis,LT029,2021-01,1221.16146379328,Epidemic intelligence subnational data
Lithuania,Utenos Apskritis,LT029,2021-02,1045.90958923842,Epidemic intelligence subnational data
Lithuania,Utenos Apskritis,LT029,2021-03,767.427158438898,Epidemic intelligence subnational data
Lithuania,Utenos Apskritis,LT029,2021-04,621.784048078231,Epidemic intelligence subnational data
Lithuania,Utenos Apskritis,LT029,2021-05,448.13264726359,Epidemic intelligence subnational data
Lithuania,Utenos Apskritis,LT029,2021-06,300.088826292583,Epidemic intelligence subnational data
Lithuania,Utenos Apskritis,LT029,2021-07,304.890247513264,Epidemic intelligence subnational data
Lithuania,Utenos Apskritis,LT029,2021-08,248.873666605315,Epidemic intelligence subnational data
Lithuania,Utenos Apskritis,LT029,2021-09,159.247137152597,Epidemic intelligence subnational data
Lithuania,Utenos Apskritis,LT029,2021-10,172.851163944528,Epidemic intelligence subnational data
Lithuania,Utenos Apskritis,LT029,2021-11,221.665613021454,Epidemic intelligence subnational data
Lithuania,Utenos Apskritis,LT029,2021-12,278.482430799517,Epidemic intelligence subnational data
Lithuania,Utenos Apskritis,LT029,2021-13,356.105407200531,Epidemic intelligence subnational data
Lithuania,Utenos Apskritis,LT029,2021-14,416.123172459048,Epidemic intelligence subnational data
Lithuania,Utenos Apskritis,LT029,2021-15,400.118435056777,Epidemic intelligence subnational data
Lithuania,Utenos Apskritis,LT029,2021-16,399.318198186663,Epidemic intelligence subnational data
Lithuania,Utenos Apskritis,LT029,2021-17,404.119619407345,Epidemic intelligence subnational data
Lithuania,Utenos Apskritis,LT029,2021-18,477.741411457792,Epidemic intelligence subnational data
Lithuania,Utenos Apskritis,LT029,2021-19,525.755623664605,Epidemic intelligence subnational data
Lithuania,Utenos Apskritis,LT029,2021-20,440.930515432568,Epidemic intelligence subnational data
Lithuania,Utenos Apskritis,LT029,2021-21,335.299248577579,Epidemic intelligence subnational data
Lithuania,Utenos Apskritis,LT029,2021-22,247.273192865088,Epidemic intelligence subnational data
Lithuania,Utenos Apskritis,LT029,2021-23,173.651400814641,Epidemic intelligence subnational data
Lithuania,Utenos Apskritis,LT029,2021-24,89.626529452718,Epidemic intelligence subnational data
Lithuania,Utenos Apskritis,LT029,2021-25,40.8120803757912,Epidemic intelligence subnational data
Lithuania,Utenos Apskritis,LT029,2021-26,27.2080535838608,Epidemic intelligence subnational data
Lithuania,Utenos Apskritis,LT029,2021-27,18.4054480126117,Epidemic intelligence subnational data
Lithuania,Utenos Apskritis,LT029,2021-28,11.2033161815898,Epidemic intelligence subnational data
Lithuania,Utenos Apskritis,LT029,2021-29,19.2056848827253,Epidemic intelligence subnational data
Lithuania,Utenos Apskritis,LT029,2021-30,40.0118435056777,Epidemic intelligence subnational data
Lithuania,Utenos Apskritis,LT029,2021-31,73.6217920504469,Epidemic intelligence subnational data
Lithuania,Utenos Apskritis,LT029,2021-32,104.831029984876,Epidemic intelligence subnational data
Lithuania,Utenos Apskritis,LT029,2021-33,130.438609828509,Epidemic intelligence subnational data
Lithuania,Utenos Apskritis,LT029,2021-34,163.248321503165,Epidemic intelligence subnational data
Lithuania,Utenos Apskritis,LT029,2021-35,196.058033177821,Epidemic intelligence subnational data
Lithuania,Utenos Apskritis,LT029,2021-36,248.873666605315,Epidemic intelligence subnational data
Lithuania,Utenos Apskritis,LT029,2021-37,285.684562630539,Epidemic intelligence subnational data
Lithuania,Utenos Apskritis,LT029,2021-38,314.493089954627,Epidemic intelligence subnational data
Lithuania,Utenos Apskritis,LT029,2021-39,504.949465041652,Epidemic intelligence subnational data
Lithuania,Utenos Apskritis,LT029,2021-40,713.81128814129,Epidemic intelligence subnational data
Lithuania,Utenos Apskritis,LT029,2021-41,797.836159503213,Epidemic intelligence subnational data
Lithuania,Utenos Apskritis,LT029,2021-42,925.874058721382,Epidemic intelligence subnational data
Lithuania,Utenos Apskritis,LT029,2021-43,991.493482070693,Epidemic intelligence subnational data
Lithuania,Utenos Apskritis,LT029,2021-44,943.47926986388,Epidemic intelligence subnational data
Lithuania,Utenos Apskritis,LT029,2021-45,876.259372774341,Epidemic intelligence subnational data
Lithuania,Utenos Apskritis,LT029,2021-46,766.626921568784,Epidemic intelligence subnational data
Lithuania,Utenos Apskritis,LT029,2021-47,719.412946232085,Epidemic intelligence subnational data
Lithuania,Utenos Apskritis,LT029,2021-48,675.399918375839,Epidemic intelligence subnational data
Lithuania,Utenos Apskritis,LT029,2021-49,570.568888390964,Epidemic intelligence subnational data
Lithuania,Utenos Apskritis,LT029,2021-50,593.775757624257,Epidemic intelligence subnational data
Lithuania,Utenos Apskritis,LT029,2021-51,578.571257092099,Epidemic intelligence subnational data
Lithuania,Utenos Apskritis,LT029,2021-52,492.145675119836,Epidemic intelligence subnational data
Lithuania,Utenos Apskritis,LT029,2022-01,626.585469298913,Epidemic intelligence subnational data
Lithuania,Utenos Apskritis,LT029,2022-02,845.850371710026,Epidemic intelligence subnational data
Lithuania,Utenos Apskritis,LT029,2022-03,1211.55862135192,Epidemic intelligence subnational data
Lithuania,Utenos Apskritis,LT029,2022-04,2590.36674855757,Epidemic intelligence subnational data
Luxembourg,Luxembourg,LU0,2020-16,,Epidemic intelligence subnational data
Luxembourg,Luxembourg,LU0,2020-17,43.6027011314342,Epidemic intelligence subnational data
Luxembourg,Luxembourg,LU0,2020-18,25.0755460719237,Epidemic intelligence subnational data
Luxembourg,Luxembourg,LU0,2020-19,15.8119685421684,Epidemic intelligence subnational data
Luxembourg,Luxembourg,LU0,2020-20,11.819047193136,Epidemic intelligence subnational data
Luxembourg,Luxembourg,LU0,2020-21,11.819047193136,Epidemic intelligence subnational data
Luxembourg,Luxembourg,LU0,2020-22,8.46499325994876,Epidemic intelligence subnational data
Luxembourg,Luxembourg,LU0,2020-23,4.63178876487762,Epidemic intelligence subnational data
Luxembourg,Luxembourg,LU0,2020-24,6.0692404505293,Epidemic intelligence subnational data
Luxembourg,Luxembourg,LU0,2020-25,10.5413123614456,Epidemic intelligence subnational data
Luxembourg,Luxembourg,LU0,2020-26,26.832431465498,Epidemic intelligence subnational data
Luxembourg,Luxembourg,LU0,2020-27,60.2132539434091,Epidemic intelligence subnational data
Luxembourg,Luxembourg,LU0,2020-28,94.7120943990494,Epidemic intelligence subnational data
Luxembourg,Luxembourg,LU0,2020-29,145.821487666665,Epidemic intelligence subnational data
Luxembourg,Luxembourg,LU0,2020-30,183.674382055492,Epidemic intelligence subnational data
Luxembourg,Luxembourg,LU0,2020-31,162.751474186562,Epidemic intelligence subnational data
Luxembourg,Luxembourg,LU0,2020-32,118.030755077399,Epidemic intelligence subnational data
Luxembourg,Luxembourg,LU0,2020-33,80.1778606885713,Epidemic intelligence subnational data
Luxembourg,Luxembourg,LU0,2020-34,76.8238067553841,Epidemic intelligence subnational data
Luxembourg,Luxembourg,LU0,2020-35,92.6357752975525,Epidemic intelligence subnational data
Luxembourg,Luxembourg,LU0,2020-36,94.8718112530107,Epidemic intelligence subnational data
Luxembourg,Luxembourg,LU0,2020-37,92.3163415896299,Epidemic intelligence subnational data
Luxembourg,Luxembourg,LU0,2020-38,152.689312387,Epidemic intelligence subnational data
Luxembourg,Luxembourg,LU0,2020-39,181.438346100034,Epidemic intelligence subnational data
Luxembourg,Luxembourg,LU0,2020-40,162.591757332601,Epidemic intelligence subnational data
Luxembourg,Luxembourg,LU0,2020-41,217.85378880321,Epidemic intelligence subnational data
Luxembourg,Luxembourg,LU0,2020-42,336.363694442492,Epidemic intelligence subnational data
Luxembourg,Luxembourg,LU0,2020-43,742.044503504188,Epidemic intelligence subnational data
Luxembourg,Luxembourg,LU0,2020-44,1282.52633730922,Epidemic intelligence subnational data
Luxembourg,Luxembourg,LU0,2020-45,1403.27227890396,Epidemic intelligence subnational data
Luxembourg,Luxembourg,LU0,2020-46,1264.95748337348,Epidemic intelligence subnational data
Luxembourg,Luxembourg,LU0,2020-47,1225.18798673711,Epidemic intelligence subnational data
Luxembourg,Luxembourg,LU0,2020-48,1185.57820695471,Epidemic intelligence subnational data
Luxembourg,Luxembourg,LU0,2020-49,1177.91179796457,Epidemic intelligence subnational data
Luxembourg,Luxembourg,LU0,2020-50,1155.71115526395,Epidemic intelligence subnational data
Luxembourg,Luxembourg,LU0,2020-51,978.585164220869,Epidemic intelligence subnational data
Luxembourg,Luxembourg,LU0,2020-52,639.506283261035,Epidemic intelligence subnational data
Luxembourg,Luxembourg,LU0,2020-53,393.222894452714,Epidemic intelligence subnational data
Luxembourg,Luxembourg,LU0,2021-01,352.175662984661,Epidemic intelligence subnational data
Luxembourg,Luxembourg,LU0,2021-02,305.538341627962,Epidemic intelligence subnational data
Luxembourg,Luxembourg,LU0,2021-03,273.914404543625,Epidemic intelligence subnational data
Luxembourg,Luxembourg,LU0,2021-04,298.351083199704,Epidemic intelligence subnational data
Luxembourg,Luxembourg,LU0,2021-05,343.710669724712,Epidemic intelligence subnational data
Luxembourg,Luxembourg,LU0,2021-06,352.814530400506,Epidemic intelligence subnational data
Luxembourg,Luxembourg,LU0,2021-07,372.299986583784,Epidemic intelligence subnational data
Luxembourg,Luxembourg,LU0,2021-08,414.305519175606,Epidemic intelligence subnational data
Luxembourg,Luxembourg,LU0,2021-09,409.034862994883,Epidemic intelligence subnational data
Luxembourg,Luxembourg,LU0,2021-10,391.625725913101,Epidemic intelligence subnational data
Luxembourg,Luxembourg,LU0,2021-11,442.415685472794,Epidemic intelligence subnational data
Luxembourg,Luxembourg,LU0,2021-12,459.665105700614,Epidemic intelligence subnational data
Luxembourg,Luxembourg,LU0,2021-13,470.20641806206,Epidemic intelligence subnational data
Luxembourg,Luxembourg,LU0,2021-14,462.380292217956,Epidemic intelligence subnational data
Luxembourg,Luxembourg,LU0,2021-15,414.145802321644,Epidemic intelligence subnational data
Luxembourg,Luxembourg,LU0,2021-16,407.597411309231,Epidemic intelligence subnational data
Luxembourg,Luxembourg,LU0,2021-17,390.347991081411,Epidemic intelligence subnational data
Luxembourg,Luxembourg,LU0,2021-18,333.64850792515,Epidemic intelligence subnational data
Luxembourg,Luxembourg,LU0,2021-19,260.498188810876,Epidemic intelligence subnational data
Luxembourg,Luxembourg,LU0,2021-20,210.187379813067,Epidemic intelligence subnational data
Luxembourg,Luxembourg,LU0,2021-21,137.516211260677,Epidemic intelligence subnational data
Luxembourg,Luxembourg,LU0,2021-22,91.837191027746,Epidemic intelligence subnational data
Luxembourg,Luxembourg,LU0,2021-23,82.5736134979908,Epidemic intelligence subnational data
Luxembourg,Luxembourg,LU0,2021-24,53.3454292230733,Epidemic intelligence subnational data
Luxembourg,Luxembourg,LU0,2021-25,30.9850696684917,Epidemic intelligence subnational data
Luxembourg,Luxembourg,LU0,2021-26,82.2541797900682,Epidemic intelligence subnational data
Luxembourg,Luxembourg,LU0,2021-27,225.200764085429,Epidemic intelligence subnational data
Luxembourg,Luxembourg,LU0,2021-28,275.990723645122,Epidemic intelligence subnational data
Luxembourg,Luxembourg,LU0,2021-29,223.923029253739,Epidemic intelligence subnational data
Luxembourg,Luxembourg,LU0,2021-30,177.445424751001,Epidemic intelligence subnational data
Luxembourg,Luxembourg,LU0,2021-31,135.759325867103,Epidemic intelligence subnational data
Luxembourg,Luxembourg,LU0,2021-32,115.794719121941,Epidemic intelligence subnational data
Luxembourg,Luxembourg,LU0,2021-33,115.475285414018,Epidemic intelligence subnational data
Luxembourg,Luxembourg,LU0,2021-34,172.015051716317,Epidemic intelligence subnational data
Luxembourg,Luxembourg,LU0,2021-35,178.403725874769,Epidemic intelligence subnational data
Luxembourg,Luxembourg,LU0,2021-36,153.328179802846,Epidemic intelligence subnational data
Luxembourg,Luxembourg,LU0,2021-37,173.61222025593,Epidemic intelligence subnational data
Luxembourg,Luxembourg,LU0,2021-38,180.480044976266,Epidemic intelligence subnational data
Luxembourg,Luxembourg,LU0,2021-39,181.598062953995,Epidemic intelligence subnational data
Luxembourg,Luxembourg,LU0,2021-40,200.60436857539,Epidemic intelligence subnational data
Luxembourg,Luxembourg,LU0,2021-41,222.645294422049,Epidemic intelligence subnational data
Luxembourg,Luxembourg,LU0,2021-42,253.151213528656,Epidemic intelligence subnational data
Luxembourg,Luxembourg,LU0,2021-43,313.524184326027,Epidemic intelligence subnational data
Luxembourg,Luxembourg,LU0,2021-44,357.606036019345,Epidemic intelligence subnational data
Luxembourg,Luxembourg,LU0,2021-45,409.673730410728,Epidemic intelligence subnational data
Luxembourg,Luxembourg,LU0,2021-46,497.997150651325,Epidemic intelligence subnational data
Luxembourg,Luxembourg,LU0,2021-47,616.507056290608,Epidemic intelligence subnational data
Luxembourg,Luxembourg,LU0,2021-48,768.876934969686,Epidemic intelligence subnational data
Luxembourg,Luxembourg,LU0,2021-49,849.853379928064,Epidemic intelligence subnational data
Luxembourg,Luxembourg,LU0,2021-50,851.92969902956,Epidemic intelligence subnational data
Luxembourg,Luxembourg,LU0,2021-51,1004.29957770864,Epidemic intelligence subnational data
Luxembourg,Luxembourg,LU0,2021-52,1223.11166763562,Epidemic intelligence subnational data
Luxembourg,Luxembourg,LU0,2022-01,1994.22463856076,Epidemic intelligence subnational data
Luxembourg,Luxembourg,LU0,2022-02,3126.29769943844,Epidemic intelligence subnational data
Luxembourg,Luxembourg,LU0,2022-03,4051.53743443623,Epidemic intelligence subnational data
Luxembourg,Luxembourg,LU0,2022-04,4806.67871996525,Epidemic intelligence subnational data
Malta,Malta,MT0,2020-14,,Epidemic intelligence subnational data
Malta,Malta,MT0,2020-15,44.3093570479085,Epidemic intelligence subnational data
Malta,Malta,MT0,2020-16,37.507482062484,Epidemic intelligence subnational data
Malta,Malta,MT0,2020-17,12.437714259062,Epidemic intelligence subnational data
Malta,Malta,MT0,2020-18,9.71696426489222,Epidemic intelligence subnational data
Malta,Malta,MT0,2020-19,10.2999821207858,Epidemic intelligence subnational data
Malta,Malta,MT0,2020-20,14.964124967934,Epidemic intelligence subnational data
Malta,Malta,MT0,2020-21,21.3773213827629,Epidemic intelligence subnational data
Malta,Malta,MT0,2020-22,12.2433749737642,Epidemic intelligence subnational data
Malta,Malta,MT0,2020-23,3.4981071353612,Epidemic intelligence subnational data
Malta,Malta,MT0,2020-24,6.21885712953102,Epidemic intelligence subnational data
Malta,Malta,MT0,2020-25,6.9962142707224,Epidemic intelligence subnational data
Malta,Malta,MT0,2020-26,3.88678570595689,Epidemic intelligence subnational data
Malta,Malta,MT0,2020-27,1.36037499708491,Epidemic intelligence subnational data
Malta,Malta,MT0,2020-28,0.777357141191378,Epidemic intelligence subnational data
Malta,Malta,MT0,2020-29,0.971696426489222,Epidemic intelligence subnational data
Malta,Malta,MT0,2020-30,5.2471607030418,Epidemic intelligence subnational data
Malta,Malta,MT0,2020-31,37.1188034918883,Epidemic intelligence subnational data
Malta,Malta,MT0,2020-32,79.6791069721162,Epidemic intelligence subnational data
Malta,Malta,MT0,2020-33,118.741303316983,Epidemic intelligence subnational data
Malta,Malta,MT0,2020-34,128.846946152471,Epidemic intelligence subnational data
Malta,Malta,MT0,2020-35,105.720571202027,Epidemic intelligence subnational data
Malta,Malta,MT0,2020-36,93.671535513561,Epidemic intelligence subnational data
Malta,Malta,MT0,2020-37,108.635660481495,Epidemic intelligence subnational data
Malta,Malta,MT0,2020-38,136.426178279087,Epidemic intelligence subnational data
Malta,Malta,MT0,2020-39,117.769606890494,Epidemic intelligence subnational data
Malta,Malta,MT0,2020-40,106.886606913814,Epidemic intelligence subnational data
Malta,Malta,MT0,2020-41,163.050660364891,Epidemic intelligence subnational data
Malta,Malta,MT0,2020-42,274.018392269961,Epidemic intelligence subnational data
Malta,Malta,MT0,2020-43,336.595642135867,Epidemic intelligence subnational data
Malta,Malta,MT0,2020-44,318.910767173763,Epidemic intelligence subnational data
Malta,Malta,MT0,2020-45,324.740945732698,Epidemic intelligence subnational data
Malta,Malta,MT0,2020-46,345.535249259567,Epidemic intelligence subnational data
Malta,Malta,MT0,2020-47,342.231481409504,Epidemic intelligence subnational data
Malta,Malta,MT0,2020-48,335.235267138782,Epidemic intelligence subnational data
Malta,Malta,MT0,2020-49,320.465481456145,Epidemic intelligence subnational data
Malta,Malta,MT0,2020-50,267.79953514043,Epidemic intelligence subnational data
Malta,Malta,MT0,2020-51,225.044892374904,Epidemic intelligence subnational data
Malta,Malta,MT0,2020-52,227.959981654372,Epidemic intelligence subnational data
Malta,Malta,MT0,2020-53,299.28249935868,Epidemic intelligence subnational data
Malta,Malta,MT0,2021-01,429.684159793534,Epidemic intelligence subnational data
Malta,Malta,MT0,2021-02,485.265195388717,Epidemic intelligence subnational data
Malta,Malta,MT0,2021-03,455.531284738147,Epidemic intelligence subnational data
Malta,Malta,MT0,2021-04,442.316213337894,Epidemic intelligence subnational data
Malta,Malta,MT0,2021-05,358.944659945119,Epidemic intelligence subnational data
Malta,Malta,MT0,2021-06,356.029570665651,Epidemic intelligence subnational data
Malta,Malta,MT0,2021-07,442.70489190849,Epidemic intelligence subnational data
Malta,Malta,MT0,2021-08,535.793409566157,Epidemic intelligence subnational data
Malta,Malta,MT0,2021-09,689.321444951454,Epidemic intelligence subnational data
Malta,Malta,MT0,2021-10,783.964676891504,Epidemic intelligence subnational data
Malta,Malta,MT0,2021-11,712.447819901898,Epidemic intelligence subnational data
Malta,Malta,MT0,2021-12,425.408695516981,Epidemic intelligence subnational data
Malta,Malta,MT0,2021-13,185.982696030037,Epidemic intelligence subnational data
Malta,Malta,MT0,2021-14,139.924285414448,Epidemic intelligence subnational data
Malta,Malta,MT0,2021-15,144.199749691001,Epidemic intelligence subnational data
Malta,Malta,MT0,2021-16,102.416803351964,Epidemic intelligence subnational data
Malta,Malta,MT0,2021-17,64.3263034335865,Epidemic intelligence subnational data
Malta,Malta,MT0,2021-18,52.6659463157158,Epidemic intelligence subnational data
Malta,Malta,MT0,2021-19,25.0697678034219,Epidemic intelligence subnational data
Malta,Malta,MT0,2021-20,9.13394640899869,Epidemic intelligence subnational data
Malta,Malta,MT0,2021-21,10.1056428354879,Epidemic intelligence subnational data
Malta,Malta,MT0,2021-22,12.437714259062,Epidemic intelligence subnational data
Malta,Malta,MT0,2021-23,8.93960712370084,Epidemic intelligence subnational data
Malta,Malta,MT0,2021-24,3.69244642065904,Epidemic intelligence subnational data
Malta,Malta,MT0,2021-25,6.02451784423318,Epidemic intelligence subnational data
Malta,Malta,MT0,2021-26,14.7697856826362,Epidemic intelligence subnational data
Malta,Malta,MT0,2021-27,131.179017576045,Epidemic intelligence subnational data
Malta,Malta,MT0,2021-28,389.45592773688,Epidemic intelligence subnational data
Malta,Malta,MT0,2021-29,488.763302524079,Epidemic intelligence subnational data
Malta,Malta,MT0,2021-30,343.397517121291,Epidemic intelligence subnational data
Malta,Malta,MT0,2021-31,214.356231683522,Epidemic intelligence subnational data
Malta,Malta,MT0,2021-32,183.261946035867,Epidemic intelligence subnational data
Malta,Malta,MT0,2021-33,180.3468567564,Epidemic intelligence subnational data
Malta,Malta,MT0,2021-34,144.782767546894,Epidemic intelligence subnational data
Malta,Malta,MT0,2021-35,131.373356861343,Epidemic intelligence subnational data
Malta,Malta,MT0,2021-36,130.207321149556,Epidemic intelligence subnational data
Malta,Malta,MT0,2021-37,95.2262497959438,Epidemic intelligence subnational data
Malta,Malta,MT0,2021-38,61.0225355835231,Epidemic intelligence subnational data
Malta,Malta,MT0,2021-39,44.1150177626107,Epidemic intelligence subnational data
Malta,Malta,MT0,2021-40,49.5565177509503,Epidemic intelligence subnational data
Malta,Malta,MT0,2021-41,47.6131248979719,Epidemic intelligence subnational data
Malta,Malta,MT0,2021-42,40.2282320566538,Epidemic intelligence subnational data
Malta,Malta,MT0,2021-43,36.7301249212926,Epidemic intelligence subnational data
Malta,Malta,MT0,2021-44,34.5923927830163,Epidemic intelligence subnational data
Malta,Malta,MT0,2021-45,80.0677855427119,Epidemic intelligence subnational data
Malta,Malta,MT0,2021-46,163.244999650189,Epidemic intelligence subnational data
Malta,Malta,MT0,2021-47,208.720392409885,Epidemic intelligence subnational data
Malta,Malta,MT0,2021-48,240.786374484029,Epidemic intelligence subnational data
Malta,Malta,MT0,2021-49,250.697678034219,Epidemic intelligence subnational data
Malta,Malta,MT0,2021-50,406.169106272495,Epidemic intelligence subnational data
Malta,Malta,MT0,2021-51,1093.35281908567,Epidemic intelligence subnational data
Malta,Malta,MT0,2021-52,2518.05411960417,Epidemic intelligence subnational data
Malta,Malta,MT0,2022-01,2832.10640464549,Epidemic intelligence subnational data
Malta,Malta,MT0,2022-02,1736.61585342154,Epidemic intelligence subnational data
Malta,Malta,MT0,2022-03,1019.89256924309,Epidemic intelligence subnational data
Malta,Malta,MT0,2022-04,722.747802022683,Epidemic intelligence subnational data
Netherlands,Groningen,NL11,2020-15,,Epidemic intelligence subnational data
Netherlands,Groningen,NL11,2020-16,17.2394370043662,Epidemic intelligence subnational data
Netherlands,Groningen,NL11,2020-17,10.0705622104713,Epidemic intelligence subnational data
Netherlands,Groningen,NL11,2020-18,5.97406232824571,Epidemic intelligence subnational data
Netherlands,Groningen,NL11,2020-19,2.56031242639102,Epidemic intelligence subnational data
Netherlands,Groningen,NL11,2020-20,1.87756244602008,Epidemic intelligence subnational data
Netherlands,Groningen,NL11,2020-21,1.02412497055641,Epidemic intelligence subnational data
Netherlands,Groningen,NL11,2020-22,0.853437475463673,Epidemic intelligence subnational data
Netherlands,Groningen,NL11,2020-23,1.02412497055641,Epidemic intelligence subnational data
Netherlands,Groningen,NL11,2020-24,1.19481246564914,Epidemic intelligence subnational data
Netherlands,Groningen,NL11,2020-25,1.19481246564914,Epidemic intelligence subnational data
Netherlands,Groningen,NL11,2020-26,1.02412497055641,Epidemic intelligence subnational data
Netherlands,Groningen,NL11,2020-27,0.853437475463673,Epidemic intelligence subnational data
Netherlands,Groningen,NL11,2020-28,0.853437475463673,Epidemic intelligence subnational data
Netherlands,Groningen,NL11,2020-29,0.682749980370938,Epidemic intelligence subnational data
Netherlands,Groningen,NL11,2020-30,1.36549996074188,Epidemic intelligence subnational data
Netherlands,Groningen,NL11,2020-31,3.92581238713289,Epidemic intelligence subnational data
Netherlands,Groningen,NL11,2020-32,9.8998747153786,Epidemic intelligence subnational data
Netherlands,Groningen,NL11,2020-33,19.6290619356645,Epidemic intelligence subnational data
Netherlands,Groningen,NL11,2020-34,21.84799937187,Epidemic intelligence subnational data
Netherlands,Groningen,NL11,2020-35,15.3618745583461,Epidemic intelligence subnational data
Netherlands,Groningen,NL11,2020-36,13.484312112326,Epidemic intelligence subnational data
Netherlands,Groningen,NL11,2020-37,32.771999057805,Epidemic intelligence subnational data
Netherlands,Groningen,NL11,2020-38,75.7852478211741,Epidemic intelligence subnational data
Netherlands,Groningen,NL11,2020-39,133.136246172333,Epidemic intelligence subnational data
Netherlands,Groningen,NL11,2020-40,205.507744091652,Epidemic intelligence subnational data
Netherlands,Groningen,NL11,2020-41,273.782742128746,Epidemic intelligence subnational data
Netherlands,Groningen,NL11,2020-42,362.02817709169,Epidemic intelligence subnational data
Netherlands,Groningen,NL11,2020-43,364.759177013174,Epidemic intelligence subnational data
Netherlands,Groningen,NL11,2020-44,313.723615980446,Epidemic intelligence subnational data
Netherlands,Groningen,NL11,2020-45,257.908805085122,Epidemic intelligence subnational data
Netherlands,Groningen,NL11,2020-46,182.635619749226,Epidemic intelligence subnational data
Netherlands,Groningen,NL11,2020-47,193.218244444976,Epidemic intelligence subnational data
Netherlands,Groningen,NL11,2020-48,220.869618649999,Epidemic intelligence subnational data
Netherlands,Groningen,NL11,2020-49,248.862367845207,Epidemic intelligence subnational data
Netherlands,Groningen,NL11,2020-50,358.27305219965,Epidemic intelligence subnational data
Netherlands,Groningen,NL11,2020-51,535.446672105908,Epidemic intelligence subnational data
Netherlands,Groningen,NL11,2020-52,649.636606322948,Epidemic intelligence subnational data
Netherlands,Groningen,NL11,2020-53,589.21323306012,Epidemic intelligence subnational data
Netherlands,Groningen,NL11,2021-01,527.082984846364,Epidemic intelligence subnational data
Netherlands,Groningen,NL11,2021-02,496.529923224765,Epidemic intelligence subnational data
Netherlands,Groningen,NL11,2021-03,437.813424912864,Epidemic intelligence subnational data
Netherlands,Groningen,NL11,2021-04,353.152427346868,Epidemic intelligence subnational data
Netherlands,Groningen,NL11,2021-05,269.344867256335,Epidemic intelligence subnational data
Netherlands,Groningen,NL11,2021-06,278.561991991343,Epidemic intelligence subnational data
Netherlands,Groningen,NL11,2021-07,316.625303397023,Epidemic intelligence subnational data
Netherlands,Groningen,NL11,2021-08,393.434676188753,Epidemic intelligence subnational data
Netherlands,Groningen,NL11,2021-09,387.972676345786,Epidemic intelligence subnational data
Netherlands,Groningen,NL11,2021-10,331.304427974998,Epidemic intelligence subnational data
Netherlands,Groningen,NL11,2021-11,351.274864900848,Epidemic intelligence subnational data
Netherlands,Groningen,NL11,2021-12,377.902114135314,Epidemic intelligence subnational data
Netherlands,Groningen,NL11,2021-13,363.393677052432,Epidemic intelligence subnational data
Netherlands,Groningen,NL11,2021-14,335.912990342502,Epidemic intelligence subnational data
Netherlands,Groningen,NL11,2021-15,343.593927621675,Epidemic intelligence subnational data
Netherlands,Groningen,NL11,2021-16,387.6313013556,Epidemic intelligence subnational data
Netherlands,Groningen,NL11,2021-17,379.096926600963,Epidemic intelligence subnational data
Netherlands,Groningen,NL11,2021-18,335.059552867038,Epidemic intelligence subnational data
Netherlands,Groningen,NL11,2021-19,297.508303946636,Epidemic intelligence subnational data
Netherlands,Groningen,NL11,2021-20,241.181430566034,Epidemic intelligence subnational data
Netherlands,Groningen,NL11,2021-21,205.33705659656,Epidemic intelligence subnational data
Netherlands,Groningen,NL11,2021-22,161.811745347912,Epidemic intelligence subnational data
Netherlands,Groningen,NL11,2021-23,98.6573721636006,Epidemic intelligence subnational data
Netherlands,Groningen,NL11,2021-24,50.182123557264,Epidemic intelligence subnational data
Netherlands,Groningen,NL11,2021-25,30.894436611785,Epidemic intelligence subnational data
Netherlands,Groningen,NL11,2021-26,53.9372484493041,Epidemic intelligence subnational data
Netherlands,Groningen,NL11,2021-27,475.876736318544,Epidemic intelligence subnational data
Netherlands,Groningen,NL11,2021-28,980.258284317574,Epidemic intelligence subnational data
Netherlands,Groningen,NL11,2021-29,792.672727210659,Epidemic intelligence subnational data
Netherlands,Groningen,NL11,2021-30,354.859302297795,Epidemic intelligence subnational data
Netherlands,Groningen,NL11,2021-31,192.364806969512,Epidemic intelligence subnational data
Netherlands,Groningen,NL11,2021-32,157.715245465687,Epidemic intelligence subnational data
Netherlands,Groningen,NL11,2021-33,155.666995524574,Epidemic intelligence subnational data
Netherlands,Groningen,NL11,2021-34,167.27374519088,Epidemic intelligence subnational data
Netherlands,Groningen,NL11,2021-35,168.639245151622,Epidemic intelligence subnational data
Netherlands,Groningen,NL11,2021-36,155.837683019667,Epidemic intelligence subnational data
Netherlands,Groningen,NL11,2021-37,132.282808696869,Epidemic intelligence subnational data
Netherlands,Groningen,NL11,2021-38,106.679684432959,Epidemic intelligence subnational data
Netherlands,Groningen,NL11,2021-39,93.7074348059113,Epidemic intelligence subnational data
Netherlands,Groningen,NL11,2021-40,112.312371771019,Epidemic intelligence subnational data
Netherlands,Groningen,NL11,2021-41,167.27374519088,Epidemic intelligence subnational data
Netherlands,Groningen,NL11,2021-42,204.483619121096,Epidemic intelligence subnational data
Netherlands,Groningen,NL11,2021-43,267.979367295593,Epidemic intelligence subnational data
Netherlands,Groningen,NL11,2021-44,374.317676738367,Epidemic intelligence subnational data
Netherlands,Groningen,NL11,2021-45,526.741609856179,Epidemic intelligence subnational data
Netherlands,Groningen,NL11,2021-46,793.184789695937,Epidemic intelligence subnational data
Netherlands,Groningen,NL11,2021-47,1060.82278200135,Epidemic intelligence subnational data
Netherlands,Groningen,NL11,2021-48,1114.93071794574,Epidemic intelligence subnational data
Netherlands,Groningen,NL11,2021-49,1045.97296992828,Epidemic intelligence subnational data
Netherlands,Groningen,NL11,2021-50,967.456722185619,Epidemic intelligence subnational data
Netherlands,Groningen,NL11,2021-51,852.071975502931,Epidemic intelligence subnational data
Netherlands,Groningen,NL11,2021-52,906.009223952235,Epidemic intelligence subnational data
Netherlands,Groningen,NL11,2022-01,1425.75264650961,Epidemic intelligence subnational data
Netherlands,Groningen,NL11,2022-02,1966.83200595358,Epidemic intelligence subnational data
Netherlands,Groningen,NL11,2022-03,2596.49817535068,Epidemic intelligence subnational data
Netherlands,Groningen,NL11,2022-04,3311.33740479905,Epidemic intelligence subnational data
Netherlands,Friesland,NL12,2020-15,,Epidemic intelligence subnational data
Netherlands,Friesland,NL12,2020-16,38.7717956726368,Epidemic intelligence subnational data
Netherlands,Friesland,NL12,2020-17,24.0015877973466,Epidemic intelligence subnational data
Netherlands,Friesland,NL12,2020-18,10.3083742462963,Epidemic intelligence subnational data
Netherlands,Friesland,NL12,2020-19,8.76981092595356,Epidemic intelligence subnational data
Netherlands,Friesland,NL12,2020-20,9.23137992205638,Epidemic intelligence subnational data
Netherlands,Friesland,NL12,2020-21,4.61568996102819,Epidemic intelligence subnational data
Netherlands,Friesland,NL12,2020-22,2.00013231644555,Epidemic intelligence subnational data
Netherlands,Friesland,NL12,2020-23,1.38470698830846,Epidemic intelligence subnational data
Netherlands,Friesland,NL12,2020-24,2.46170131254837,Epidemic intelligence subnational data
Netherlands,Friesland,NL12,2020-25,2.46170131254837,Epidemic intelligence subnational data
Netherlands,Friesland,NL12,2020-26,1.38470698830846,Epidemic intelligence subnational data
Netherlands,Friesland,NL12,2020-27,1.23085065627418,Epidemic intelligence subnational data
Netherlands,Friesland,NL12,2020-28,1.07699432423991,Epidemic intelligence subnational data
Netherlands,Friesland,NL12,2020-29,1.38470698830846,Epidemic intelligence subnational data
Netherlands,Friesland,NL12,2020-30,1.53856332034273,Epidemic intelligence subnational data
Netherlands,Friesland,NL12,2020-31,2.00013231644555,Epidemic intelligence subnational data
Netherlands,Friesland,NL12,2020-32,2.46170131254837,Epidemic intelligence subnational data
Netherlands,Friesland,NL12,2020-33,11.6930812346048,Epidemic intelligence subnational data
Netherlands,Friesland,NL12,2020-34,18.616616176147,Epidemic intelligence subnational data
Netherlands,Friesland,NL12,2020-35,13.3855008869818,Epidemic intelligence subnational data
Netherlands,Friesland,NL12,2020-36,9.53909258612493,Epidemic intelligence subnational data
Netherlands,Friesland,NL12,2020-37,10.9237995744334,Epidemic intelligence subnational data
Netherlands,Friesland,NL12,2020-38,32.6175423912659,Epidemic intelligence subnational data
Netherlands,Friesland,NL12,2020-39,72.1586197240741,Epidemic intelligence subnational data
Netherlands,Friesland,NL12,2020-40,132.778014545578,Epidemic intelligence subnational data
Netherlands,Friesland,NL12,2020-41,214.783439519845,Epidemic intelligence subnational data
Netherlands,Friesland,NL12,2020-42,318.328750978911,Epidemic intelligence subnational data
Netherlands,Friesland,NL12,2020-43,341.561057116086,Epidemic intelligence subnational data
Netherlands,Friesland,NL12,2020-44,293.865594185462,Epidemic intelligence subnational data
Netherlands,Friesland,NL12,2020-45,244.939280598563,Epidemic intelligence subnational data
Netherlands,Friesland,NL12,2020-46,191.55113338267,Epidemic intelligence subnational data
Netherlands,Friesland,NL12,2020-47,204.013496277446,Epidemic intelligence subnational data
Netherlands,Friesland,NL12,2020-48,221.860830793422,Epidemic intelligence subnational data
Netherlands,Friesland,NL12,2020-49,229.70750372717,Epidemic intelligence subnational data
Netherlands,Friesland,NL12,2020-50,292.01931820105,Epidemic intelligence subnational data
Netherlands,Friesland,NL12,2020-51,427.259034059176,Epidemic intelligence subnational data
Netherlands,Friesland,NL12,2020-52,532.804477834688,Epidemic intelligence subnational data
Netherlands,Friesland,NL12,2020-53,532.18905250655,Epidemic intelligence subnational data
Netherlands,Friesland,NL12,2021-01,507.418183049033,Epidemic intelligence subnational data
Netherlands,Friesland,NL12,2021-02,473.415933669458,Epidemic intelligence subnational data
Netherlands,Friesland,NL12,2021-03,462.492134095025,Epidemic intelligence subnational data
Netherlands,Friesland,NL12,2021-04,420.335499117634,Epidemic intelligence subnational data
Netherlands,Friesland,NL12,2021-05,379.563571128552,Epidemic intelligence subnational data
Netherlands,Friesland,NL12,2021-06,371.563041862769,Epidemic intelligence subnational data
Netherlands,Friesland,NL12,2021-07,365.562644913433,Epidemic intelligence subnational data
Netherlands,Friesland,NL12,2021-08,389.102663714677,Epidemic intelligence subnational data
Netherlands,Friesland,NL12,2021-09,359.408391632062,Epidemic intelligence subnational data
Netherlands,Friesland,NL12,2021-10,376.6403008199,Epidemic intelligence subnational data
Netherlands,Friesland,NL12,2021-11,464.953835407573,Epidemic intelligence subnational data
Netherlands,Friesland,NL12,2021-12,519.111264283637,Epidemic intelligence subnational data
Netherlands,Friesland,NL12,2021-13,507.418183049033,Epidemic intelligence subnational data
Netherlands,Friesland,NL12,2021-14,461.415139770785,Epidemic intelligence subnational data
Netherlands,Friesland,NL12,2021-15,454.337748497208,Epidemic intelligence subnational data
Netherlands,Friesland,NL12,2021-16,458.645725794168,Epidemic intelligence subnational data
Netherlands,Friesland,NL12,2021-17,390.948939699088,Epidemic intelligence subnational data
Netherlands,Friesland,NL12,2021-18,369.870622210392,Epidemic intelligence subnational data
Netherlands,Friesland,NL12,2021-19,367.25506456581,Epidemic intelligence subnational data
Netherlands,Friesland,NL12,2021-20,285.095783259508,Epidemic intelligence subnational data
Netherlands,Friesland,NL12,2021-21,219.245273148839,Epidemic intelligence subnational data
Netherlands,Friesland,NL12,2021-22,157.087315006993,Epidemic intelligence subnational data
Netherlands,Friesland,NL12,2021-23,93.0830808807352,Epidemic intelligence subnational data
Netherlands,Friesland,NL12,2021-24,49.2340262509674,Epidemic intelligence subnational data
Netherlands,Friesland,NL12,2021-25,28.4634214263405,Epidemic intelligence subnational data
Netherlands,Friesland,NL12,2021-26,24.9247257895522,Epidemic intelligence subnational data
Netherlands,Friesland,NL12,2021-27,121.084933310973,Epidemic intelligence subnational data
Netherlands,Friesland,NL12,2021-28,367.870489893947,Epidemic intelligence subnational data
Netherlands,Friesland,NL12,2021-29,432.644005680376,Epidemic intelligence subnational data
Netherlands,Friesland,NL12,2021-30,280.787805962548,Epidemic intelligence subnational data
Netherlands,Friesland,NL12,2021-31,193.397409367081,Epidemic intelligence subnational data
Netherlands,Friesland,NL12,2021-32,166.318694929049,Epidemic intelligence subnational data
Netherlands,Friesland,NL12,2021-33,175.396218519071,Epidemic intelligence subnational data
Netherlands,Friesland,NL12,2021-34,213.552588863571,Epidemic intelligence subnational data
Netherlands,Friesland,NL12,2021-35,253.401378860448,Epidemic intelligence subnational data
Netherlands,Friesland,NL12,2021-36,277.24911032576,Epidemic intelligence subnational data
Netherlands,Friesland,NL12,2021-37,266.940736079464,Epidemic intelligence subnational data
Netherlands,Friesland,NL12,2021-38,206.013628593892,Epidemic intelligence subnational data
Netherlands,Friesland,NL12,2021-39,158.625878327336,Epidemic intelligence subnational data
Netherlands,Friesland,NL12,2021-40,162.933855624295,Epidemic intelligence subnational data
Netherlands,Friesland,NL12,2021-41,237.554176660918,Epidemic intelligence subnational data
Netherlands,Friesland,NL12,2021-42,337.868505147264,Epidemic intelligence subnational data
Netherlands,Friesland,NL12,2021-43,467.107824056053,Epidemic intelligence subnational data
Netherlands,Friesland,NL12,2021-44,696.046046123051,Epidemic intelligence subnational data
Netherlands,Friesland,NL12,2021-45,969.756460812023,Epidemic intelligence subnational data
Netherlands,Friesland,NL12,2021-46,1391.63052325,Epidemic intelligence subnational data
Netherlands,Friesland,NL12,2021-47,1773.04037036296,Epidemic intelligence subnational data
Netherlands,Friesland,NL12,2021-48,1846.73755340738,Epidemic intelligence subnational data
Netherlands,Friesland,NL12,2021-49,1728.11432140896,Epidemic intelligence subnational data
Netherlands,Friesland,NL12,2021-50,1460.86587266542,Epidemic intelligence subnational data
Netherlands,Friesland,NL12,2021-51,1193.00199859375,Epidemic intelligence subnational data
Netherlands,Friesland,NL12,2021-52,1038.53024123134,Epidemic intelligence subnational data
Netherlands,Friesland,NL12,2022-01,1308.08653495539,Epidemic intelligence subnational data
Netherlands,Friesland,NL12,2022-02,1674.8800305251,Epidemic intelligence subnational data
Netherlands,Friesland,NL12,2022-03,2013.05624833643,Epidemic intelligence subnational data
Netherlands,Friesland,NL12,2022-04,2908.961669772,Epidemic intelligence subnational data
Netherlands,Drenthe,NL13,2020-15,,Epidemic intelligence subnational data
Netherlands,Drenthe,NL13,2020-16,36.2581580855693,Epidemic intelligence subnational data
Netherlands,Drenthe,NL13,2020-17,27.750657305715,Epidemic intelligence subnational data
Netherlands,Drenthe,NL13,2020-18,18.8380374411058,Epidemic intelligence subnational data
Netherlands,Drenthe,NL13,2020-19,9.11517940698668,Epidemic intelligence subnational data
Netherlands,Drenthe,NL13,2020-20,3.24095267803971,Epidemic intelligence subnational data
Netherlands,Drenthe,NL13,2020-21,2.43071450852978,Epidemic intelligence subnational data
Netherlands,Drenthe,NL13,2020-22,2.63327405090726,Epidemic intelligence subnational data
Netherlands,Drenthe,NL13,2020-23,3.44351222041719,Epidemic intelligence subnational data
Netherlands,Drenthe,NL13,2020-24,3.24095267803971,Epidemic intelligence subnational data
Netherlands,Drenthe,NL13,2020-25,1.82303588139734,Epidemic intelligence subnational data
Netherlands,Drenthe,NL13,2020-26,1.01279771188741,Epidemic intelligence subnational data
Netherlands,Drenthe,NL13,2020-27,0,Epidemic intelligence subnational data
Netherlands,Drenthe,NL13,2020-28,0.405119084754964,Epidemic intelligence subnational data
Netherlands,Drenthe,NL13,2020-29,1.62047633901986,Epidemic intelligence subnational data
Netherlands,Drenthe,NL13,2020-30,3.24095267803971,Epidemic intelligence subnational data
Netherlands,Drenthe,NL13,2020-31,2.83583359328475,Epidemic intelligence subnational data
Netherlands,Drenthe,NL13,2020-32,4.4563099323046,Epidemic intelligence subnational data
Netherlands,Drenthe,NL13,2020-33,5.87422672894697,Epidemic intelligence subnational data
Netherlands,Drenthe,NL13,2020-34,5.87422672894697,Epidemic intelligence subnational data
Netherlands,Drenthe,NL13,2020-35,5.67166718656949,Epidemic intelligence subnational data
Netherlands,Drenthe,NL13,2020-36,4.25375038992712,Epidemic intelligence subnational data
Netherlands,Drenthe,NL13,2020-37,8.50750077985424,Epidemic intelligence subnational data
Netherlands,Drenthe,NL13,2020-38,25.5225023395627,Epidemic intelligence subnational data
Netherlands,Drenthe,NL13,2020-39,76.9726261034431,Epidemic intelligence subnational data
Netherlands,Drenthe,NL13,2020-40,143.20959646088,Epidemic intelligence subnational data
Netherlands,Drenthe,NL13,2020-41,235.981866869766,Epidemic intelligence subnational data
Netherlands,Drenthe,NL13,2020-42,383.040094635818,Epidemic intelligence subnational data
Netherlands,Drenthe,NL13,2020-43,450.289862705142,Epidemic intelligence subnational data
Netherlands,Drenthe,NL13,2020-44,392.155274042805,Epidemic intelligence subnational data
Netherlands,Drenthe,NL13,2020-45,315.992886108872,Epidemic intelligence subnational data
Netherlands,Drenthe,NL13,2020-46,249.755915751435,Epidemic intelligence subnational data
Netherlands,Drenthe,NL13,2020-47,244.894486734376,Epidemic intelligence subnational data
Netherlands,Drenthe,NL13,2020-48,249.755915751435,Epidemic intelligence subnational data
Netherlands,Drenthe,NL13,2020-49,224.841092039005,Epidemic intelligence subnational data
Netherlands,Drenthe,NL13,2020-50,300.193241803428,Epidemic intelligence subnational data
Netherlands,Drenthe,NL13,2020-51,531.111120113757,Epidemic intelligence subnational data
Netherlands,Drenthe,NL13,2020-52,674.523276117015,Epidemic intelligence subnational data
Netherlands,Drenthe,NL13,2020-53,667.63625167618,Epidemic intelligence subnational data
Netherlands,Drenthe,NL13,2021-01,630.567855421101,Epidemic intelligence subnational data
Netherlands,Drenthe,NL13,2021-02,535.162310961307,Epidemic intelligence subnational data
Netherlands,Drenthe,NL13,2021-03,420.918729060407,Epidemic intelligence subnational data
Netherlands,Drenthe,NL13,2021-04,334.223244922845,Epidemic intelligence subnational data
Netherlands,Drenthe,NL13,2021-05,317.208243363137,Epidemic intelligence subnational data
Netherlands,Drenthe,NL13,2021-06,315.790326566494,Epidemic intelligence subnational data
Netherlands,Drenthe,NL13,2021-07,333.413006753335,Epidemic intelligence subnational data
Netherlands,Drenthe,NL13,2021-08,353.061282363951,Epidemic intelligence subnational data
Netherlands,Drenthe,NL13,2021-09,345.769138838362,Epidemic intelligence subnational data
Netherlands,Drenthe,NL13,2021-10,363.796938109957,Epidemic intelligence subnational data
Netherlands,Drenthe,NL13,2021-11,438.946528332003,Epidemic intelligence subnational data
Netherlands,Drenthe,NL13,2021-12,533.946953707042,Epidemic intelligence subnational data
Netherlands,Drenthe,NL13,2021-13,515.514035350691,Epidemic intelligence subnational data
Netherlands,Drenthe,NL13,2021-14,421.728967229917,Epidemic intelligence subnational data
Netherlands,Drenthe,NL13,2021-15,376.355629737361,Epidemic intelligence subnational data
Netherlands,Drenthe,NL13,2021-16,364.40461673709,Epidemic intelligence subnational data
Netherlands,Drenthe,NL13,2021-17,339.894912109415,Epidemic intelligence subnational data
Netherlands,Drenthe,NL13,2021-18,361.16366405905,Epidemic intelligence subnational data
Netherlands,Drenthe,NL13,2021-19,332.805328126203,Epidemic intelligence subnational data
Netherlands,Drenthe,NL13,2021-20,242.058653141091,Epidemic intelligence subnational data
Netherlands,Drenthe,NL13,2021-21,202.559542377482,Epidemic intelligence subnational data
Netherlands,Drenthe,NL13,2021-22,173.390968275125,Epidemic intelligence subnational data
Netherlands,Drenthe,NL13,2021-23,126.194594901171,Epidemic intelligence subnational data
Netherlands,Drenthe,NL13,2021-24,63.1985772217743,Epidemic intelligence subnational data
Netherlands,Drenthe,NL13,2021-25,29.1685741023574,Epidemic intelligence subnational data
Netherlands,Drenthe,NL13,2021-26,20.8636328648806,Epidemic intelligence subnational data
Netherlands,Drenthe,NL13,2021-27,102.900247527761,Epidemic intelligence subnational data
Netherlands,Drenthe,NL13,2021-28,298.370205922031,Epidemic intelligence subnational data
Netherlands,Drenthe,NL13,2021-29,336.451399888997,Epidemic intelligence subnational data
Netherlands,Drenthe,NL13,2021-30,209.244007275939,Epidemic intelligence subnational data
Netherlands,Drenthe,NL13,2021-31,130.448345291098,Epidemic intelligence subnational data
Netherlands,Drenthe,NL13,2021-32,114.041022358522,Epidemic intelligence subnational data
Netherlands,Drenthe,NL13,2021-33,131.663702545363,Epidemic intelligence subnational data
Netherlands,Drenthe,NL13,2021-34,146.855668223674,Epidemic intelligence subnational data
Netherlands,Drenthe,NL13,2021-35,173.390968275125,Epidemic intelligence subnational data
Netherlands,Drenthe,NL13,2021-36,173.188408732747,Epidemic intelligence subnational data
Netherlands,Drenthe,NL13,2021-37,134.094417053893,Epidemic intelligence subnational data
Netherlands,Drenthe,NL13,2021-38,99.2541757649661,Epidemic intelligence subnational data
Netherlands,Drenthe,NL13,2021-39,83.6570910019,Epidemic intelligence subnational data
Netherlands,Drenthe,NL13,2021-40,108.774474256708,Epidemic intelligence subnational data
Netherlands,Drenthe,NL13,2021-41,178.252397292184,Epidemic intelligence subnational data
Netherlands,Drenthe,NL13,2021-42,242.261212683468,Epidemic intelligence subnational data
Netherlands,Drenthe,NL13,2021-43,347.187055635004,Epidemic intelligence subnational data
Netherlands,Drenthe,NL13,2021-44,493.637604773923,Epidemic intelligence subnational data
Netherlands,Drenthe,NL13,2021-45,678.777026506942,Epidemic intelligence subnational data
Netherlands,Drenthe,NL13,2021-46,986.464971378337,Epidemic intelligence subnational data
Netherlands,Drenthe,NL13,2021-47,1202.39344355273,Epidemic intelligence subnational data
Netherlands,Drenthe,NL13,2021-48,1283.21470096135,Epidemic intelligence subnational data
Netherlands,Drenthe,NL13,2021-49,1220.62380236671,Epidemic intelligence subnational data
Netherlands,Drenthe,NL13,2021-50,1053.91729899004,Epidemic intelligence subnational data
Netherlands,Drenthe,NL13,2021-51,904.225797173079,Epidemic intelligence subnational data
Netherlands,Drenthe,NL13,2021-52,880.121211630159,Epidemic intelligence subnational data
Netherlands,Drenthe,NL13,2022-01,1265.59202077451,Epidemic intelligence subnational data
Netherlands,Drenthe,NL13,2022-02,1640.7322932576,Epidemic intelligence subnational data
Netherlands,Drenthe,NL13,2022-03,2068.53804675885,Epidemic intelligence subnational data
Netherlands,Drenthe,NL13,2022-04,2661.22726775536,Epidemic intelligence subnational data
Netherlands,Overijssel,NL21,2020-15,,Epidemic intelligence subnational data
Netherlands,Overijssel,NL21,2020-16,98.07244628813,Epidemic intelligence subnational data
Netherlands,Overijssel,NL21,2020-17,71.6617085596599,Epidemic intelligence subnational data
Netherlands,Overijssel,NL21,2020-18,41.1216046716896,Epidemic intelligence subnational data
Netherlands,Overijssel,NL21,2020-19,21.0769731057823,Epidemic intelligence subnational data
Netherlands,Overijssel,NL21,2020-20,13.850582326657,Epidemic intelligence subnational data
Netherlands,Overijssel,NL21,2020-21,9.29107385887547,Epidemic intelligence subnational data
Netherlands,Overijssel,NL21,2020-22,6.45213462421908,Epidemic intelligence subnational data
Netherlands,Overijssel,NL21,2020-23,4.55950846778148,Epidemic intelligence subnational data
Netherlands,Overijssel,NL21,2020-24,4.12936615950021,Epidemic intelligence subnational data
Netherlands,Overijssel,NL21,2020-25,5.59185000765653,Epidemic intelligence subnational data
Netherlands,Overijssel,NL21,2020-26,5.50582154600028,Epidemic intelligence subnational data
Netherlands,Overijssel,NL21,2020-27,3.61319538956268,Epidemic intelligence subnational data
Netherlands,Overijssel,NL21,2020-28,3.52716692790643,Epidemic intelligence subnational data
Netherlands,Overijssel,NL21,2020-29,3.61319538956268,Epidemic intelligence subnational data
Netherlands,Overijssel,NL21,2020-30,3.35511000459392,Epidemic intelligence subnational data
Netherlands,Overijssel,NL21,2020-31,3.69922385121894,Epidemic intelligence subnational data
Netherlands,Overijssel,NL21,2020-32,6.53816308587533,Epidemic intelligence subnational data
Netherlands,Overijssel,NL21,2020-33,11.4417854002818,Epidemic intelligence subnational data
Netherlands,Overijssel,NL21,2020-34,15.8292369447508,Epidemic intelligence subnational data
Netherlands,Overijssel,NL21,2020-35,14.9689523281883,Epidemic intelligence subnational data
Netherlands,Overijssel,NL21,2020-36,14.194696173282,Epidemic intelligence subnational data
Netherlands,Overijssel,NL21,2020-37,22.4534284922824,Epidemic intelligence subnational data
Netherlands,Overijssel,NL21,2020-38,45.5950846778148,Epidemic intelligence subnational data
Netherlands,Overijssel,NL21,2020-39,83.877750114848,Epidemic intelligence subnational data
Netherlands,Overijssel,NL21,2020-40,138.247737881601,Epidemic intelligence subnational data
Netherlands,Overijssel,NL21,2020-41,269.613198830701,Epidemic intelligence subnational data
Netherlands,Overijssel,NL21,2020-42,457.757444472929,Epidemic intelligence subnational data
Netherlands,Overijssel,NL21,2020-43,662.16106936819,Epidemic intelligence subnational data
Netherlands,Overijssel,NL21,2020-44,801.871291097947,Epidemic intelligence subnational data
Netherlands,Overijssel,NL21,2020-45,704.831186349692,Epidemic intelligence subnational data
Netherlands,Overijssel,NL21,2020-46,527.010356106214,Epidemic intelligence subnational data
Netherlands,Overijssel,NL21,2020-47,429.454080588022,Epidemic intelligence subnational data
Netherlands,Overijssel,NL21,2020-48,418.786551342646,Epidemic intelligence subnational data
Netherlands,Overijssel,NL21,2020-49,455.520704469867,Epidemic intelligence subnational data
Netherlands,Overijssel,NL21,2020-50,585.68176695578,Epidemic intelligence subnational data
Netherlands,Overijssel,NL21,2020-51,913.020063557828,Epidemic intelligence subnational data
Netherlands,Overijssel,NL21,2020-52,1093.93791842093,Epidemic intelligence subnational data
Netherlands,Overijssel,NL21,2020-53,1027.09380371402,Epidemic intelligence subnational data
Netherlands,Overijssel,NL21,2021-01,920.418511260265,Epidemic intelligence subnational data
Netherlands,Overijssel,NL21,2021-02,706.293670197848,Epidemic intelligence subnational data
Netherlands,Overijssel,NL21,2021-03,537.075686119996,Epidemic intelligence subnational data
Netherlands,Overijssel,NL21,2021-04,445.713459841054,Epidemic intelligence subnational data
Netherlands,Overijssel,NL21,2021-05,322.950845057579,Epidemic intelligence subnational data
Netherlands,Overijssel,NL21,2021-06,251.977364191169,Epidemic intelligence subnational data
Netherlands,Overijssel,NL21,2021-07,234.685643398262,Epidemic intelligence subnational data
Netherlands,Overijssel,NL21,2021-08,256.450844197294,Epidemic intelligence subnational data
Netherlands,Overijssel,NL21,2021-09,278.990301151233,Epidemic intelligence subnational data
Netherlands,Overijssel,NL21,2021-10,328.800780450204,Epidemic intelligence subnational data
Netherlands,Overijssel,NL21,2021-11,381.106085137207,Epidemic intelligence subnational data
Netherlands,Overijssel,NL21,2021-12,414.227042874865,Epidemic intelligence subnational data
Netherlands,Overijssel,NL21,2021-13,432.293019822678,Epidemic intelligence subnational data
Netherlands,Overijssel,NL21,2021-14,418.442437496021,Epidemic intelligence subnational data
Netherlands,Overijssel,NL21,2021-15,448.380342152398,Epidemic intelligence subnational data
Netherlands,Overijssel,NL21,2021-16,516.600912245807,Epidemic intelligence subnational data
Netherlands,Overijssel,NL21,2021-17,514.70828608937,Epidemic intelligence subnational data
Netherlands,Overijssel,NL21,2021-18,520.644249943651,Epidemic intelligence subnational data
Netherlands,Overijssel,NL21,2021-19,524.945673026464,Epidemic intelligence subnational data
Netherlands,Overijssel,NL21,2021-20,435.045930595678,Epidemic intelligence subnational data
Netherlands,Overijssel,NL21,2021-21,323.208930442548,Epidemic intelligence subnational data
Netherlands,Overijssel,NL21,2021-22,239.847351097637,Epidemic intelligence subnational data
Netherlands,Overijssel,NL21,2021-23,160.012938680633,Epidemic intelligence subnational data
Netherlands,Overijssel,NL21,2021-24,89.297543199192,Epidemic intelligence subnational data
Netherlands,Overijssel,NL21,2021-25,55.5743862299403,Epidemic intelligence subnational data
Netherlands,Overijssel,NL21,2021-26,56.5206993081591,Epidemic intelligence subnational data
Netherlands,Overijssel,NL21,2021-27,222.383573381418,Epidemic intelligence subnational data
Netherlands,Overijssel,NL21,2021-28,505.073098383869,Epidemic intelligence subnational data
Netherlands,Overijssel,NL21,2021-29,558.324716149091,Epidemic intelligence subnational data
Netherlands,Overijssel,NL21,2021-30,369.062100505331,Epidemic intelligence subnational data
Netherlands,Overijssel,NL21,2021-31,229.609964160543,Epidemic intelligence subnational data
Netherlands,Overijssel,NL21,2021-32,190.811127953572,Epidemic intelligence subnational data
Netherlands,Overijssel,NL21,2021-33,195.972835652947,Epidemic intelligence subnational data
Netherlands,Overijssel,NL21,2021-34,220.749032609949,Epidemic intelligence subnational data
Netherlands,Overijssel,NL21,2021-35,226.512939540918,Epidemic intelligence subnational data
Netherlands,Overijssel,NL21,2021-36,205.349937973479,Epidemic intelligence subnational data
Netherlands,Overijssel,NL21,2021-37,160.787194835539,Epidemic intelligence subnational data
Netherlands,Overijssel,NL21,2021-38,122.934671706788,Epidemic intelligence subnational data
Netherlands,Overijssel,NL21,2021-39,121.902330166912,Epidemic intelligence subnational data
Netherlands,Overijssel,NL21,2021-40,168.185642537977,Epidemic intelligence subnational data
Netherlands,Overijssel,NL21,2021-41,265.139718824576,Epidemic intelligence subnational data
Netherlands,Overijssel,NL21,2021-42,399.688232854958,Epidemic intelligence subnational data
Netherlands,Overijssel,NL21,2021-43,564.518765388341,Epidemic intelligence subnational data
Netherlands,Overijssel,NL21,2021-44,708.444381739255,Epidemic intelligence subnational data
Netherlands,Overijssel,NL21,2021-45,925.064048189703,Epidemic intelligence subnational data
Netherlands,Overijssel,NL21,2021-46,1343.42045722407,Epidemic intelligence subnational data
Netherlands,Overijssel,NL21,2021-47,1725.55888390115,Epidemic intelligence subnational data
Netherlands,Overijssel,NL21,2021-48,1717.9883792754,Epidemic intelligence subnational data
Netherlands,Overijssel,NL21,2021-49,1441.14878966557,Epidemic intelligence subnational data
Netherlands,Overijssel,NL21,2021-50,1193.81696240384,Epidemic intelligence subnational data
Netherlands,Overijssel,NL21,2021-51,944.506480524017,Epidemic intelligence subnational data
Netherlands,Overijssel,NL21,2021-52,903.642961237296,Epidemic intelligence subnational data
Netherlands,Overijssel,NL21,2022-01,1437.44956581435,Epidemic intelligence subnational data
Netherlands,Overijssel,NL21,2022-02,2107.09511134664,Epidemic intelligence subnational data
Netherlands,Overijssel,NL21,2022-03,3012.71672720203,Epidemic intelligence subnational data
Netherlands,Overijssel,NL21,2022-04,3839.36421525698,Epidemic intelligence subnational data
Netherlands,Gelderland,NL22,2020-15,,Epidemic intelligence subnational data
Netherlands,Gelderland,NL22,2020-16,94.9686282330562,Epidemic intelligence subnational data
Netherlands,Gelderland,NL22,2020-17,87.7776669837082,Epidemic intelligence subnational data
Netherlands,Gelderland,NL22,2020-18,54.7951247200319,Epidemic intelligence subnational data
Netherlands,Gelderland,NL22,2020-19,28.2844475807689,Epidemic intelligence subnational data
Netherlands,Gelderland,NL22,2020-20,16.4912711318381,Epidemic intelligence subnational data
Netherlands,Gelderland,NL22,2020-21,17.1624275151106,Epidemic intelligence subnational data
Netherlands,Gelderland,NL22,2020-22,23.5863528978615,Epidemic intelligence subnational data
Netherlands,Gelderland,NL22,2020-23,21.3811247813948,Epidemic intelligence subnational data
Netherlands,Gelderland,NL22,2020-24,15.8201147485656,Epidemic intelligence subnational data
Netherlands,Gelderland,NL22,2020-25,13.6148866320989,Epidemic intelligence subnational data
Netherlands,Gelderland,NL22,2020-26,8.48533427423066,Epidemic intelligence subnational data
Netherlands,Gelderland,NL22,2020-27,4.69809468290737,Epidemic intelligence subnational data
Netherlands,Gelderland,NL22,2020-28,2.58874604976529,Epidemic intelligence subnational data
Netherlands,Gelderland,NL22,2020-29,2.73256527475225,Epidemic intelligence subnational data
Netherlands,Gelderland,NL22,2020-30,4.41045623293345,Epidemic intelligence subnational data
Netherlands,Gelderland,NL22,2020-31,6.61568434940018,Epidemic intelligence subnational data
Netherlands,Gelderland,NL22,2020-32,9.49206884913939,Epidemic intelligence subnational data
Netherlands,Gelderland,NL22,2020-33,14.66956094867,Epidemic intelligence subnational data
Netherlands,Gelderland,NL22,2020-34,18.9361979566165,Epidemic intelligence subnational data
Netherlands,Gelderland,NL22,2020-35,22.6275580646151,Epidemic intelligence subnational data
Netherlands,Gelderland,NL22,2020-36,26.5586168809254,Epidemic intelligence subnational data
Netherlands,Gelderland,NL22,2020-37,42.0910931795171,Epidemic intelligence subnational data
Netherlands,Gelderland,NL22,2020-38,74.0189611266223,Epidemic intelligence subnational data
Netherlands,Gelderland,NL22,2020-39,123.97217193876,Epidemic intelligence subnational data
Netherlands,Gelderland,NL22,2020-40,180.061669683674,Epidemic intelligence subnational data
Netherlands,Gelderland,NL22,2020-41,279.488693891326,Epidemic intelligence subnational data
Netherlands,Gelderland,NL22,2020-42,413.480271837511,Epidemic intelligence subnational data
Netherlands,Gelderland,NL22,2020-43,501.449697787869,Epidemic intelligence subnational data
Netherlands,Gelderland,NL22,2020-44,613.724572761022,Epidemic intelligence subnational data
Netherlands,Gelderland,NL22,2020-45,601.547878378793,Epidemic intelligence subnational data
Netherlands,Gelderland,NL22,2020-46,445.647838492928,Epidemic intelligence subnational data
Netherlands,Gelderland,NL22,2020-47,381.408584665419,Epidemic intelligence subnational data
Netherlands,Gelderland,NL22,2020-48,380.114211640536,Epidemic intelligence subnational data
Netherlands,Gelderland,NL22,2020-49,419.280980578652,Epidemic intelligence subnational data
Netherlands,Gelderland,NL22,2020-50,560.894977449146,Epidemic intelligence subnational data
Netherlands,Gelderland,NL22,2020-51,809.366658484951,Epidemic intelligence subnational data
Netherlands,Gelderland,NL22,2020-52,960.233025496272,Epidemic intelligence subnational data
Netherlands,Gelderland,NL22,2020-53,877.776669837082,Epidemic intelligence subnational data
Netherlands,Gelderland,NL22,2021-01,734.005384591784,Epidemic intelligence subnational data
Netherlands,Gelderland,NL22,2021-02,590.569677538122,Epidemic intelligence subnational data
Netherlands,Gelderland,NL22,2021-03,465.590771024453,Epidemic intelligence subnational data
Netherlands,Gelderland,NL22,2021-04,368.896312091553,Epidemic intelligence subnational data
Netherlands,Gelderland,NL22,2021-05,294.925290706593,Epidemic intelligence subnational data
Netherlands,Gelderland,NL22,2021-06,241.472478753107,Epidemic intelligence subnational data
Netherlands,Gelderland,NL22,2021-07,221.91306415488,Epidemic intelligence subnational data
Netherlands,Gelderland,NL22,2021-08,254.607967968582,Epidemic intelligence subnational data
Netherlands,Gelderland,NL22,2021-09,273.112708250238,Epidemic intelligence subnational data
Netherlands,Gelderland,NL22,2021-10,323.017979320713,Epidemic intelligence subnational data
Netherlands,Gelderland,NL22,2021-11,404.419660663333,Epidemic intelligence subnational data
Netherlands,Gelderland,NL22,2021-12,486.013100972602,Epidemic intelligence subnational data
Netherlands,Gelderland,NL22,2021-13,523.358159727549,Epidemic intelligence subnational data
Netherlands,Gelderland,NL22,2021-14,527.193339060535,Epidemic intelligence subnational data
Netherlands,Gelderland,NL22,2021-15,559.984122357561,Epidemic intelligence subnational data
Netherlands,Gelderland,NL22,2021-16,607.204767894947,Epidemic intelligence subnational data
Netherlands,Gelderland,NL22,2021-17,586.207161046851,Epidemic intelligence subnational data
Netherlands,Gelderland,NL22,2021-18,564.92191574878,Epidemic intelligence subnational data
Netherlands,Gelderland,NL22,2021-19,504.565780995919,Epidemic intelligence subnational data
Netherlands,Gelderland,NL22,2021-20,362.136808517166,Epidemic intelligence subnational data
Netherlands,Gelderland,NL22,2021-21,273.1606479919,Epidemic intelligence subnational data
Netherlands,Gelderland,NL22,2021-22,216.735572055349,Epidemic intelligence subnational data
Netherlands,Gelderland,NL22,2021-23,158.392906452306,Epidemic intelligence subnational data
Netherlands,Gelderland,NL22,2021-24,99.427024207652,Epidemic intelligence subnational data
Netherlands,Gelderland,NL22,2021-25,58.1988463780566,Epidemic intelligence subnational data
Netherlands,Gelderland,NL22,2021-26,49.1861749455405,Epidemic intelligence subnational data
Netherlands,Gelderland,NL22,2021-27,173.589804559261,Epidemic intelligence subnational data
Netherlands,Gelderland,NL22,2021-28,513.290813978462,Epidemic intelligence subnational data
Netherlands,Gelderland,NL22,2021-29,597.089482404197,Epidemic intelligence subnational data
Netherlands,Gelderland,NL22,2021-30,345.26201945203,Epidemic intelligence subnational data
Netherlands,Gelderland,NL22,2021-31,201.922191881692,Epidemic intelligence subnational data
Netherlands,Gelderland,NL22,2021-32,167.98085478477,Epidemic intelligence subnational data
Netherlands,Gelderland,NL22,2021-33,162.563663976928,Epidemic intelligence subnational data
Netherlands,Gelderland,NL22,2021-34,161.36517043537,Epidemic intelligence subnational data
Netherlands,Gelderland,NL22,2021-35,173.493925075937,Epidemic intelligence subnational data
Netherlands,Gelderland,NL22,2021-36,172.678949467677,Epidemic intelligence subnational data
Netherlands,Gelderland,NL22,2021-37,143.771285245298,Epidemic intelligence subnational data
Netherlands,Gelderland,NL22,2021-38,125.84182186359,Epidemic intelligence subnational data
Netherlands,Gelderland,NL22,2021-39,135.285950971067,Epidemic intelligence subnational data
Netherlands,Gelderland,NL22,2021-40,183.417451600037,Epidemic intelligence subnational data
Netherlands,Gelderland,NL22,2021-41,264.579434234345,Epidemic intelligence subnational data
Netherlands,Gelderland,NL22,2021-42,401.87885435523,Epidemic intelligence subnational data
Netherlands,Gelderland,NL22,2021-43,587.741232780045,Epidemic intelligence subnational data
Netherlands,Gelderland,NL22,2021-44,788.27317215353,Epidemic intelligence subnational data
Netherlands,Gelderland,NL22,2021-45,1065.22105973675,Epidemic intelligence subnational data
Netherlands,Gelderland,NL22,2021-46,1511.58799435462,Epidemic intelligence subnational data
Netherlands,Gelderland,NL22,2021-47,1789.97407418771,Epidemic intelligence subnational data
Netherlands,Gelderland,NL22,2021-48,1722.23521921885,Epidemic intelligence subnational data
Netherlands,Gelderland,NL22,2021-49,1538.53012916884,Epidemic intelligence subnational data
Netherlands,Gelderland,NL22,2021-50,1235.31126315467,Epidemic intelligence subnational data
Netherlands,Gelderland,NL22,2021-51,964.355843279232,Epidemic intelligence subnational data
Netherlands,Gelderland,NL22,2021-52,924.086460282883,Epidemic intelligence subnational data
Netherlands,Gelderland,NL22,2022-01,1318.53465468045,Epidemic intelligence subnational data
Netherlands,Gelderland,NL22,2022-02,1871.95103243028,Epidemic intelligence subnational data
Netherlands,Gelderland,NL22,2022-03,2566.5978891173,Epidemic intelligence subnational data
Netherlands,Gelderland,NL22,2022-04,3615.4714969472,Epidemic intelligence subnational data
Netherlands,Flevoland,NL23,2020-15,,Epidemic intelligence subnational data
Netherlands,Flevoland,NL23,2020-16,75.6463627101255,Epidemic intelligence subnational data
Netherlands,Flevoland,NL23,2020-17,76.3555473605329,Epidemic intelligence subnational data
Netherlands,Flevoland,NL23,2020-18,45.6242125095444,Epidemic intelligence subnational data
Netherlands,Flevoland,NL23,2020-19,34.2772581030256,Epidemic intelligence subnational data
Netherlands,Flevoland,NL23,2020-20,26.7126218320131,Epidemic intelligence subnational data
Netherlands,Flevoland,NL23,2020-21,11.583349289988,Epidemic intelligence subnational data
Netherlands,Flevoland,NL23,2020-22,10.8741646395805,Epidemic intelligence subnational data
Netherlands,Flevoland,NL23,2020-23,11.1105595230497,Epidemic intelligence subnational data
Netherlands,Flevoland,NL23,2020-24,7.32824138754341,Epidemic intelligence subnational data
Netherlands,Flevoland,NL23,2020-25,5.67347720325941,Epidemic intelligence subnational data
Netherlands,Flevoland,NL23,2020-26,5.67347720325941,Epidemic intelligence subnational data
Netherlands,Flevoland,NL23,2020-27,3.78231813550628,Epidemic intelligence subnational data
Netherlands,Flevoland,NL23,2020-28,1.89115906775314,Epidemic intelligence subnational data
Netherlands,Flevoland,NL23,2020-29,0.472789766938284,Epidemic intelligence subnational data
Netherlands,Flevoland,NL23,2020-30,2.12755395122228,Epidemic intelligence subnational data
Netherlands,Flevoland,NL23,2020-31,9.21940045529655,Epidemic intelligence subnational data
Netherlands,Flevoland,NL23,2020-32,15.6020623089634,Epidemic intelligence subnational data
Netherlands,Flevoland,NL23,2020-33,32.1497041518033,Epidemic intelligence subnational data
Netherlands,Flevoland,NL23,2020-34,44.6786329756679,Epidemic intelligence subnational data
Netherlands,Flevoland,NL23,2020-35,37.8231813550628,Epidemic intelligence subnational data
Netherlands,Flevoland,NL23,2020-36,39.4779455393468,Epidemic intelligence subnational data
Netherlands,Flevoland,NL23,2020-37,58.6259311003473,Epidemic intelligence subnational data
Netherlands,Flevoland,NL23,2020-38,89.3572659513358,Epidemic intelligence subnational data
Netherlands,Flevoland,NL23,2020-39,123.634524054361,Epidemic intelligence subnational data
Netherlands,Flevoland,NL23,2020-40,165.24002354493,Epidemic intelligence subnational data
Netherlands,Flevoland,NL23,2020-41,242.304755555871,Epidemic intelligence subnational data
Netherlands,Flevoland,NL23,2020-42,373.267520997776,Epidemic intelligence subnational data
Netherlands,Flevoland,NL23,2020-43,521.487112932928,Epidemic intelligence subnational data
Netherlands,Flevoland,NL23,2020-44,585.077336586127,Epidemic intelligence subnational data
Netherlands,Flevoland,NL23,2020-45,566.638535675534,Epidemic intelligence subnational data
Netherlands,Flevoland,NL23,2020-46,499.265993886828,Epidemic intelligence subnational data
Netherlands,Flevoland,NL23,2020-47,486.500670179495,Epidemic intelligence subnational data
Netherlands,Flevoland,NL23,2020-48,553.400422201262,Epidemic intelligence subnational data
Netherlands,Flevoland,NL23,2020-49,584.604546819189,Epidemic intelligence subnational data
Netherlands,Flevoland,NL23,2020-50,666.633571382981,Epidemic intelligence subnational data
Netherlands,Flevoland,NL23,2020-51,928.322707383321,Epidemic intelligence subnational data
Netherlands,Flevoland,NL23,2020-52,1096.16307464641,Epidemic intelligence subnational data
Netherlands,Flevoland,NL23,2020-53,954.562539448396,Epidemic intelligence subnational data
Netherlands,Flevoland,NL23,2021-01,715.330917377624,Epidemic intelligence subnational data
Netherlands,Flevoland,NL23,2021-02,520.541533399051,Epidemic intelligence subnational data
Netherlands,Flevoland,NL23,2021-03,395.252245160406,Epidemic intelligence subnational data
Netherlands,Flevoland,NL23,2021-04,324.333780119663,Epidemic intelligence subnational data
Netherlands,Flevoland,NL23,2021-05,280.364331794403,Epidemic intelligence subnational data
Netherlands,Flevoland,NL23,2021-06,236.867673236081,Epidemic intelligence subnational data
Netherlands,Flevoland,NL23,2021-07,213.228184889166,Epidemic intelligence subnational data
Netherlands,Flevoland,NL23,2021-08,233.085355100574,Epidemic intelligence subnational data
Netherlands,Flevoland,NL23,2021-09,267.599008087069,Epidemic intelligence subnational data
Netherlands,Flevoland,NL23,2021-10,291.474891317452,Epidemic intelligence subnational data
Netherlands,Flevoland,NL23,2021-11,329.061677789046,Epidemic intelligence subnational data
Netherlands,Flevoland,NL23,2021-12,414.163835837937,Epidemic intelligence subnational data
Netherlands,Flevoland,NL23,2021-13,459.078863697074,Epidemic intelligence subnational data
Netherlands,Flevoland,NL23,2021-14,446.077145106271,Epidemic intelligence subnational data
Netherlands,Flevoland,NL23,2021-15,469.007448802778,Epidemic intelligence subnational data
Netherlands,Flevoland,NL23,2021-16,517.941189680891,Epidemic intelligence subnational data
Netherlands,Flevoland,NL23,2021-17,462.86118183258,Epidemic intelligence subnational data
Netherlands,Flevoland,NL23,2021-18,430.475082797308,Epidemic intelligence subnational data
Netherlands,Flevoland,NL23,2021-19,429.056713496493,Epidemic intelligence subnational data
Netherlands,Flevoland,NL23,2021-20,315.587169431305,Epidemic intelligence subnational data
Netherlands,Flevoland,NL23,2021-21,210.391446287537,Epidemic intelligence subnational data
Netherlands,Flevoland,NL23,2021-22,155.075043555757,Epidemic intelligence subnational data
Netherlands,Flevoland,NL23,2021-23,117.251862200695,Epidemic intelligence subnational data
Netherlands,Flevoland,NL23,2021-24,72.3368343415575,Epidemic intelligence subnational data
Netherlands,Flevoland,NL23,2021-25,39.4779455393468,Epidemic intelligence subnational data
Netherlands,Flevoland,NL23,2021-26,30.7313348509885,Epidemic intelligence subnational data
Netherlands,Flevoland,NL23,2021-27,112.760359414781,Epidemic intelligence subnational data
Netherlands,Flevoland,NL23,2021-28,357.429063805343,Epidemic intelligence subnational data
Netherlands,Flevoland,NL23,2021-29,461.442812531766,Epidemic intelligence subnational data
Netherlands,Flevoland,NL23,2021-30,354.119535436775,Epidemic intelligence subnational data
Netherlands,Flevoland,NL23,2021-31,294.78441968602,Epidemic intelligence subnational data
Netherlands,Flevoland,NL23,2021-32,276.818408542366,Epidemic intelligence subnational data
Netherlands,Flevoland,NL23,2021-33,310.622876878453,Epidemic intelligence subnational data
Netherlands,Flevoland,NL23,2021-34,329.534467555984,Epidemic intelligence subnational data
Netherlands,Flevoland,NL23,2021-35,281.546306211748,Epidemic intelligence subnational data
Netherlands,Flevoland,NL23,2021-36,255.779263913612,Epidemic intelligence subnational data
Netherlands,Flevoland,NL23,2021-37,222.683980227932,Epidemic intelligence subnational data
Netherlands,Flevoland,NL23,2021-38,171.149895631659,Epidemic intelligence subnational data
Netherlands,Flevoland,NL23,2021-39,153.183884488004,Epidemic intelligence subnational data
Netherlands,Flevoland,NL23,2021-40,167.603972379622,Epidemic intelligence subnational data
Netherlands,Flevoland,NL23,2021-41,225.520718829562,Epidemic intelligence subnational data
Netherlands,Flevoland,NL23,2021-42,339.699447545157,Epidemic intelligence subnational data
Netherlands,Flevoland,NL23,2021-43,469.007448802778,Epidemic intelligence subnational data
Netherlands,Flevoland,NL23,2021-44,730.22379503618,Epidemic intelligence subnational data
Netherlands,Flevoland,NL23,2021-45,994.513274754681,Epidemic intelligence subnational data
Netherlands,Flevoland,NL23,2021-46,1414.11419291241,Epidemic intelligence subnational data
Netherlands,Flevoland,NL23,2021-47,1735.37483954697,Epidemic intelligence subnational data
Netherlands,Flevoland,NL23,2021-48,1705.58908422986,Epidemic intelligence subnational data
Netherlands,Flevoland,NL23,2021-49,1620.72332106444,Epidemic intelligence subnational data
Netherlands,Flevoland,NL23,2021-50,1374.16345760612,Epidemic intelligence subnational data
Netherlands,Flevoland,NL23,2021-51,1152.1886620286,Epidemic intelligence subnational data
Netherlands,Flevoland,NL23,2021-52,1193.5577666357,Epidemic intelligence subnational data
Netherlands,Flevoland,NL23,2022-01,1602.28452015385,Epidemic intelligence subnational data
Netherlands,Flevoland,NL23,2022-02,2244.80581342297,Epidemic intelligence subnational data
Netherlands,Flevoland,NL23,2022-03,2839.33894534787,Epidemic intelligence subnational data
Netherlands,Flevoland,NL23,2022-04,3670.50335562537,Epidemic intelligence subnational data
Netherlands,Utrecht,NL31,2020-15,,Epidemic intelligence subnational data
Netherlands,Utrecht,NL31,2020-16,67.7667519941542,Epidemic intelligence subnational data
Netherlands,Utrecht,NL31,2020-17,63.6734582495408,Epidemic intelligence subnational data
Netherlands,Utrecht,NL31,2020-18,45.4052398708035,Epidemic intelligence subnational data
Netherlands,Utrecht,NL31,2020-19,39.2652992538835,Epidemic intelligence subnational data
Netherlands,Utrecht,NL31,2020-20,32.2915395408386,Epidemic intelligence subnational data
Netherlands,Utrecht,NL31,2020-21,18.5714253227827,Epidemic intelligence subnational data
Netherlands,Utrecht,NL31,2020-22,21.376089555203,Epidemic intelligence subnational data
Netherlands,Utrecht,NL31,2020-23,22.1341069153166,Epidemic intelligence subnational data
Netherlands,Utrecht,NL31,2020-24,19.3294426828963,Epidemic intelligence subnational data
Netherlands,Utrecht,NL31,2020-25,15.236148938283,Epidemic intelligence subnational data
Netherlands,Utrecht,NL31,2020-26,11.0670534576583,Epidemic intelligence subnational data
Netherlands,Utrecht,NL31,2020-27,8.11078575321532,Epidemic intelligence subnational data
Netherlands,Utrecht,NL31,2020-28,7.27696665709038,Epidemic intelligence subnational data
Netherlands,Utrecht,NL31,2020-29,9.55101873743113,Epidemic intelligence subnational data
Netherlands,Utrecht,NL31,2020-30,13.7201142180558,Epidemic intelligence subnational data
Netherlands,Utrecht,NL31,2020-31,19.4052444189077,Epidemic intelligence subnational data
Netherlands,Utrecht,NL31,2020-32,29.5626770444297,Epidemic intelligence subnational data
Netherlands,Utrecht,NL31,2020-33,38.8862905738267,Epidemic intelligence subnational data
Netherlands,Utrecht,NL31,2020-34,39.4927044619176,Epidemic intelligence subnational data
Netherlands,Utrecht,NL31,2020-35,38.9620923098381,Epidemic intelligence subnational data
Netherlands,Utrecht,NL31,2020-36,50.4839561835645,Epidemic intelligence subnational data
Netherlands,Utrecht,NL31,2020-37,76.1049429554036,Epidemic intelligence subnational data
Netherlands,Utrecht,NL31,2020-38,118.174906441707,Epidemic intelligence subnational data
Netherlands,Utrecht,NL31,2020-39,183.06119246743,Epidemic intelligence subnational data
Netherlands,Utrecht,NL31,2020-40,273.947473945048,Epidemic intelligence subnational data
Netherlands,Utrecht,NL31,2020-41,435.480973385253,Epidemic intelligence subnational data
Netherlands,Utrecht,NL31,2020-42,661.900758851179,Epidemic intelligence subnational data
Netherlands,Utrecht,NL31,2020-43,838.594605493655,Epidemic intelligence subnational data
Netherlands,Utrecht,NL31,2020-44,885.288474876652,Epidemic intelligence subnational data
Netherlands,Utrecht,NL31,2020-45,714.279758435028,Epidemic intelligence subnational data
Netherlands,Utrecht,NL31,2020-46,503.550932323452,Epidemic intelligence subnational data
Netherlands,Utrecht,NL31,2020-47,451.929950099717,Epidemic intelligence subnational data
Netherlands,Utrecht,NL31,2020-48,432.752110888844,Epidemic intelligence subnational data
Netherlands,Utrecht,NL31,2020-49,465.877469525807,Epidemic intelligence subnational data
Netherlands,Utrecht,NL31,2020-50,636.203970343329,Epidemic intelligence subnational data
Netherlands,Utrecht,NL31,2020-51,875.661654403209,Epidemic intelligence subnational data
Netherlands,Utrecht,NL31,2020-52,928.72286961116,Epidemic intelligence subnational data
Netherlands,Utrecht,NL31,2020-53,744.979461519628,Epidemic intelligence subnational data
Netherlands,Utrecht,NL31,2021-01,582.157332567231,Epidemic intelligence subnational data
Netherlands,Utrecht,NL31,2021-02,469.061142438284,Epidemic intelligence subnational data
Netherlands,Utrecht,NL31,2021-03,375.218593256223,Epidemic intelligence subnational data
Netherlands,Utrecht,NL31,2021-04,304.950383973694,Epidemic intelligence subnational data
Netherlands,Utrecht,NL31,2021-05,273.795870473026,Epidemic intelligence subnational data
Netherlands,Utrecht,NL31,2021-06,270.15738714448,Epidemic intelligence subnational data
Netherlands,Utrecht,NL31,2021-07,266.443102079924,Epidemic intelligence subnational data
Netherlands,Utrecht,NL31,2021-08,318.594696455738,Epidemic intelligence subnational data
Netherlands,Utrecht,NL31,2021-09,340.198191218975,Epidemic intelligence subnational data
Netherlands,Utrecht,NL31,2021-10,365.970781462837,Epidemic intelligence subnational data
Netherlands,Utrecht,NL31,2021-11,437.224413313514,Epidemic intelligence subnational data
Netherlands,Utrecht,NL31,2021-12,515.224399669201,Epidemic intelligence subnational data
Netherlands,Utrecht,NL31,2021-13,541.830809009188,Epidemic intelligence subnational data
Netherlands,Utrecht,NL31,2021-14,509.311864260315,Epidemic intelligence subnational data
Netherlands,Utrecht,NL31,2021-15,536.979497904461,Epidemic intelligence subnational data
Netherlands,Utrecht,NL31,2021-16,607.702517603058,Epidemic intelligence subnational data
Netherlands,Utrecht,NL31,2021-17,566.390571476868,Epidemic intelligence subnational data
Netherlands,Utrecht,NL31,2021-18,513.026149324872,Epidemic intelligence subnational data
Netherlands,Utrecht,NL31,2021-19,480.507204575999,Epidemic intelligence subnational data
Netherlands,Utrecht,NL31,2021-20,354.297314117088,Epidemic intelligence subnational data
Netherlands,Utrecht,NL31,2021-21,257.574298966595,Epidemic intelligence subnational data
Netherlands,Utrecht,NL31,2021-22,198.221539669702,Epidemic intelligence subnational data
Netherlands,Utrecht,NL31,2021-23,142.810470645399,Epidemic intelligence subnational data
Netherlands,Utrecht,NL31,2021-24,99.679282854936,Epidemic intelligence subnational data
Netherlands,Utrecht,NL31,2021-25,68.0699589381996,Epidemic intelligence subnational data
Netherlands,Utrecht,NL31,2021-26,57.2303106885754,Epidemic intelligence subnational data
Netherlands,Utrecht,NL31,2021-27,394.169027259062,Epidemic intelligence subnational data
Netherlands,Utrecht,NL31,2021-28,822.600439195259,Epidemic intelligence subnational data
Netherlands,Utrecht,NL31,2021-29,697.451773040506,Epidemic intelligence subnational data
Netherlands,Utrecht,NL31,2021-30,362.559703342326,Epidemic intelligence subnational data
Netherlands,Utrecht,NL31,2021-31,210.274015695508,Epidemic intelligence subnational data
Netherlands,Utrecht,NL31,2021-32,173.813380674044,Epidemic intelligence subnational data
Netherlands,Utrecht,NL31,2021-33,173.964984146067,Epidemic intelligence subnational data
Netherlands,Utrecht,NL31,2021-34,191.626788636713,Epidemic intelligence subnational data
Netherlands,Utrecht,NL31,2021-35,203.603462926508,Epidemic intelligence subnational data
Netherlands,Utrecht,NL31,2021-36,197.160315365543,Epidemic intelligence subnational data
Netherlands,Utrecht,NL31,2021-37,187.002882740021,Epidemic intelligence subnational data
Netherlands,Utrecht,NL31,2021-38,180.408131707032,Epidemic intelligence subnational data
Netherlands,Utrecht,NL31,2021-39,169.265276513363,Epidemic intelligence subnational data
Netherlands,Utrecht,NL31,2021-40,199.661772653917,Epidemic intelligence subnational data
Netherlands,Utrecht,NL31,2021-41,279.860009353934,Epidemic intelligence subnational data
Netherlands,Utrecht,NL31,2021-42,365.288565838735,Epidemic intelligence subnational data
Netherlands,Utrecht,NL31,2021-43,510.979502452565,Epidemic intelligence subnational data
Netherlands,Utrecht,NL31,2021-44,711.929904618676,Epidemic intelligence subnational data
Netherlands,Utrecht,NL31,2021-45,1019.38174588074,Epidemic intelligence subnational data
Netherlands,Utrecht,NL31,2021-46,1482.37874943812,Epidemic intelligence subnational data
Netherlands,Utrecht,NL31,2021-47,1831.14253682638,Epidemic intelligence subnational data
Netherlands,Utrecht,NL31,2021-48,1901.25914263689,Epidemic intelligence subnational data
Netherlands,Utrecht,NL31,2021-49,1707.50990539185,Epidemic intelligence subnational data
Netherlands,Utrecht,NL31,2021-50,1400.36127107383,Epidemic intelligence subnational data
Netherlands,Utrecht,NL31,2021-51,1151.50417174854,Epidemic intelligence subnational data
Netherlands,Utrecht,NL31,2021-52,1174.39629602397,Epidemic intelligence subnational data
Netherlands,Utrecht,NL31,2022-01,1769.97053586521,Epidemic intelligence subnational data
Netherlands,Utrecht,NL31,2022-02,2596.28526012503,Epidemic intelligence subnational data
Netherlands,Utrecht,NL31,2022-03,3638.40752680918,Epidemic intelligence subnational data
Netherlands,Utrecht,NL31,2022-04,5590.6054360457,Epidemic intelligence subnational data
Netherlands,Noord-Holland,NL32,2020-15,,Epidemic intelligence subnational data
Netherlands,Noord-Holland,NL32,2020-16,71.0880641160857,Epidemic intelligence subnational data
Netherlands,Noord-Holland,NL32,2020-17,56.6759749083791,Epidemic intelligence subnational data
Netherlands,Noord-Holland,NL32,2020-18,37.749255346451,Epidemic intelligence subnational data
Netherlands,Noord-Holland,NL32,2020-19,25.0041065772261,Epidemic intelligence subnational data
Netherlands,Noord-Holland,NL32,2020-20,19.16981504254,Epidemic intelligence subnational data
Netherlands,Noord-Holland,NL32,2020-21,13.2313397304488,Epidemic intelligence subnational data
Netherlands,Noord-Holland,NL32,2020-22,9.6890912986751,Epidemic intelligence subnational data
Netherlands,Noord-Holland,NL32,2020-23,8.89034900523593,Epidemic intelligence subnational data
Netherlands,Noord-Holland,NL32,2020-24,10.6614732211228,Epidemic intelligence subnational data
Netherlands,Noord-Holland,NL32,2020-25,10.5572894437177,Epidemic intelligence subnational data
Netherlands,Noord-Holland,NL32,2020-26,7.84851123118484,Epidemic intelligence subnational data
Netherlands,Noord-Holland,NL32,2020-27,6.35521042171162,Epidemic intelligence subnational data
Netherlands,Noord-Holland,NL32,2020-28,5.45228435086735,Epidemic intelligence subnational data
Netherlands,Noord-Holland,NL32,2020-29,8.19579048920187,Epidemic intelligence subnational data
Netherlands,Noord-Holland,NL32,2020-30,15.1066477237407,Epidemic intelligence subnational data
Netherlands,Noord-Holland,NL32,2020-31,25.7681209448635,Epidemic intelligence subnational data
Netherlands,Noord-Holland,NL32,2020-32,48.3760006417721,Epidemic intelligence subnational data
Netherlands,Noord-Holland,NL32,2020-33,73.1370117383862,Epidemic intelligence subnational data
Netherlands,Noord-Holland,NL32,2020-34,75.1165035090833,Epidemic intelligence subnational data
Netherlands,Noord-Holland,NL32,2020-35,66.260882429649,Epidemic intelligence subnational data
Netherlands,Noord-Holland,NL32,2020-36,75.498510692902,Epidemic intelligence subnational data
Netherlands,Noord-Holland,NL32,2020-37,111.441913897664,Epidemic intelligence subnational data
Netherlands,Noord-Holland,NL32,2020-38,177.945891807925,Epidemic intelligence subnational data
Netherlands,Noord-Holland,NL32,2020-39,256.882467155196,Epidemic intelligence subnational data
Netherlands,Noord-Holland,NL32,2020-40,324.393554913706,Epidemic intelligence subnational data
Netherlands,Noord-Holland,NL32,2020-41,427.396582841557,Epidemic intelligence subnational data
Netherlands,Noord-Holland,NL32,2020-42,603.883901765811,Epidemic intelligence subnational data
Netherlands,Noord-Holland,NL32,2020-43,769.46665198833,Epidemic intelligence subnational data
Netherlands,Noord-Holland,NL32,2020-44,798.985388919778,Epidemic intelligence subnational data
Netherlands,Noord-Holland,NL32,2020-45,651.113880856127,Epidemic intelligence subnational data
Netherlands,Noord-Holland,NL32,2020-46,491.469605945699,Epidemic intelligence subnational data
Netherlands,Noord-Holland,NL32,2020-47,427.361854915755,Epidemic intelligence subnational data
Netherlands,Noord-Holland,NL32,2020-48,388.883313127469,Epidemic intelligence subnational data
Netherlands,Noord-Holland,NL32,2020-49,399.857337680807,Epidemic intelligence subnational data
Netherlands,Noord-Holland,NL32,2020-50,508.798840920748,Epidemic intelligence subnational data
Netherlands,Noord-Holland,NL32,2020-51,690.182797383042,Epidemic intelligence subnational data
Netherlands,Noord-Holland,NL32,2020-52,799.089572697183,Epidemic intelligence subnational data
Netherlands,Noord-Holland,NL32,2020-53,717.826226321198,Epidemic intelligence subnational data
Netherlands,Noord-Holland,NL32,2021-01,580.025816740041,Epidemic intelligence subnational data
Netherlands,Noord-Holland,NL32,2021-02,479.280103989301,Epidemic intelligence subnational data
Netherlands,Noord-Holland,NL32,2021-03,418.992424797545,Epidemic intelligence subnational data
Netherlands,Noord-Holland,NL32,2021-04,380.618066786663,Epidemic intelligence subnational data
Netherlands,Noord-Holland,NL32,2021-05,338.493092789198,Epidemic intelligence subnational data
Netherlands,Noord-Holland,NL32,2021-06,318.489807527417,Epidemic intelligence subnational data
Netherlands,Noord-Holland,NL32,2021-07,348.703102974898,Epidemic intelligence subnational data
Netherlands,Noord-Holland,NL32,2021-08,428.125869283393,Epidemic intelligence subnational data
Netherlands,Noord-Holland,NL32,2021-09,474.97384118989,Epidemic intelligence subnational data
Netherlands,Noord-Holland,NL32,2021-10,483.933646046729,Epidemic intelligence subnational data
Netherlands,Noord-Holland,NL32,2021-11,533.212572759346,Epidemic intelligence subnational data
Netherlands,Noord-Holland,NL32,2021-12,588.950893671079,Epidemic intelligence subnational data
Netherlands,Noord-Holland,NL32,2021-13,574.330436908562,Epidemic intelligence subnational data
Netherlands,Noord-Holland,NL32,2021-14,520.745247396534,Epidemic intelligence subnational data
Netherlands,Noord-Holland,NL32,2021-15,512.723096536341,Epidemic intelligence subnational data
Netherlands,Noord-Holland,NL32,2021-16,536.303358155697,Epidemic intelligence subnational data
Netherlands,Noord-Holland,NL32,2021-17,485.392218930401,Epidemic intelligence subnational data
Netherlands,Noord-Holland,NL32,2021-18,476.362958221958,Epidemic intelligence subnational data
Netherlands,Noord-Holland,NL32,2021-19,437.884416433671,Epidemic intelligence subnational data
Netherlands,Noord-Holland,NL32,2021-20,298.833801523653,Epidemic intelligence subnational data
Netherlands,Noord-Holland,NL32,2021-21,218.647020847521,Epidemic intelligence subnational data
Netherlands,Noord-Holland,NL32,2021-22,167.666425770621,Epidemic intelligence subnational data
Netherlands,Noord-Holland,NL32,2021-23,117.970763948385,Epidemic intelligence subnational data
Netherlands,Noord-Holland,NL32,2021-24,86.715630726852,Epidemic intelligence subnational data
Netherlands,Noord-Holland,NL32,2021-25,66.9207130198814,Epidemic intelligence subnational data
Netherlands,Noord-Holland,NL32,2021-26,71.6784388547147,Epidemic intelligence subnational data
Netherlands,Noord-Holland,NL32,2021-27,376.902178725881,Epidemic intelligence subnational data
Netherlands,Noord-Holland,NL32,2021-28,939.737672194079,Epidemic intelligence subnational data
Netherlands,Noord-Holland,NL32,2021-29,929.874941266396,Epidemic intelligence subnational data
Netherlands,Noord-Holland,NL32,2021-30,486.017321594831,Epidemic intelligence subnational data
Netherlands,Noord-Holland,NL32,2021-31,285.741373496411,Epidemic intelligence subnational data
Netherlands,Noord-Holland,NL32,2021-32,237.226461151432,Epidemic intelligence subnational data
Netherlands,Noord-Holland,NL32,2021-33,237.191733225631,Epidemic intelligence subnational data
Netherlands,Noord-Holland,NL32,2021-34,248.547764962787,Epidemic intelligence subnational data
Netherlands,Noord-Holland,NL32,2021-35,243.477487795739,Epidemic intelligence subnational data
Netherlands,Noord-Holland,NL32,2021-36,229.204310291239,Epidemic intelligence subnational data
Netherlands,Noord-Holland,NL32,2021-37,190.309033393332,Epidemic intelligence subnational data
Netherlands,Noord-Holland,NL32,2021-38,128.666965095309,Epidemic intelligence subnational data
Netherlands,Noord-Holland,NL32,2021-39,102.239013560213,Epidemic intelligence subnational data
Netherlands,Noord-Holland,NL32,2021-40,123.527232076657,Epidemic intelligence subnational data
Netherlands,Noord-Holland,NL32,2021-41,169.47227791231,Epidemic intelligence subnational data
Netherlands,Noord-Holland,NL32,2021-42,253.618042129836,Epidemic intelligence subnational data
Netherlands,Noord-Holland,NL32,2021-43,377.318913835502,Epidemic intelligence subnational data
Netherlands,Noord-Holland,NL32,2021-44,544.325509015891,Epidemic intelligence subnational data
Netherlands,Noord-Holland,NL32,2021-45,804.055666086826,Epidemic intelligence subnational data
Netherlands,Noord-Holland,NL32,2021-46,1261.73500022747,Epidemic intelligence subnational data
Netherlands,Noord-Holland,NL32,2021-47,1622.76651686197,Epidemic intelligence subnational data
Netherlands,Noord-Holland,NL32,2021-48,1617.73096762072,Epidemic intelligence subnational data
Netherlands,Noord-Holland,NL32,2021-49,1466.3519390511,Epidemic intelligence subnational data
Netherlands,Noord-Holland,NL32,2021-50,1253.40029803506,Epidemic intelligence subnational data
Netherlands,Noord-Holland,NL32,2021-51,1112.82165438977,Epidemic intelligence subnational data
Netherlands,Noord-Holland,NL32,2021-52,1263.15884518534,Epidemic intelligence subnational data
Netherlands,Noord-Holland,NL32,2022-01,2055.44174442539,Epidemic intelligence subnational data
Netherlands,Noord-Holland,NL32,2022-02,3058.87043253979,Epidemic intelligence subnational data
Netherlands,Noord-Holland,NL32,2022-03,4125.12193842947,Epidemic intelligence subnational data
Netherlands,Noord-Holland,NL32,2022-04,5262.70460391585,Epidemic intelligence subnational data
Netherlands,Zuid-Holland,NL33,2020-15,,Epidemic intelligence subnational data
Netherlands,Zuid-Holland,NL33,2020-16,92.5406865210284,Epidemic intelligence subnational data
Netherlands,Zuid-Holland,NL33,2020-17,76.5163252186858,Epidemic intelligence subnational data
Netherlands,Zuid-Holland,NL33,2020-18,48.8208874344704,Epidemic intelligence subnational data
Netherlands,Zuid-Holland,NL33,2020-19,30.793480969335,Epidemic intelligence subnational data
Netherlands,Zuid-Holland,NL33,2020-20,25.2116617823523,Epidemic intelligence subnational data
Netherlands,Zuid-Holland,NL33,2020-21,22.0602040595583,Epidemic intelligence subnational data
Netherlands,Zuid-Holland,NL33,2020-22,17.7870410456003,Epidemic intelligence subnational data
Netherlands,Zuid-Holland,NL33,2020-23,17.0659447869948,Epidemic intelligence subnational data
Netherlands,Zuid-Holland,NL33,2020-24,20.1372807032772,Epidemic intelligence subnational data
Netherlands,Zuid-Holland,NL33,2020-25,18.1876500781588,Epidemic intelligence subnational data
Netherlands,Zuid-Holland,NL33,2020-26,13.0064399237347,Epidemic intelligence subnational data
Netherlands,Zuid-Holland,NL33,2020-27,10.9232729544302,Epidemic intelligence subnational data
Netherlands,Zuid-Holland,NL33,2020-28,10.0152258139641,Epidemic intelligence subnational data
Netherlands,Zuid-Holland,NL33,2020-29,13.4604634939678,Epidemic intelligence subnational data
Netherlands,Zuid-Holland,NL33,2020-30,23.8495910716532,Epidemic intelligence subnational data
Netherlands,Zuid-Holland,NL33,2020-31,42.037241149812,Epidemic intelligence subnational data
Netherlands,Zuid-Holland,NL33,2020-32,66.6880502865824,Epidemic intelligence subnational data
Netherlands,Zuid-Holland,NL33,2020-33,86.5849655703244,Epidemic intelligence subnational data
Netherlands,Zuid-Holland,NL33,2020-34,78.225590424269,Epidemic intelligence subnational data
Netherlands,Zuid-Holland,NL33,2020-35,62.1745218530892,Epidemic intelligence subnational data
Netherlands,Zuid-Holland,NL33,2020-36,76.9970560577561,Epidemic intelligence subnational data
Netherlands,Zuid-Holland,NL33,2020-37,116.924422969426,Epidemic intelligence subnational data
Netherlands,Zuid-Holland,NL33,2020-38,177.630045036467,Epidemic intelligence subnational data
Netherlands,Zuid-Holland,NL33,2020-39,263.17342712214,Epidemic intelligence subnational data
Netherlands,Zuid-Holland,NL33,2020-40,365.675924919458,Epidemic intelligence subnational data
Netherlands,Zuid-Holland,NL33,2020-41,521.539545853576,Epidemic intelligence subnational data
Netherlands,Zuid-Holland,NL33,2020-42,711.535056361685,Epidemic intelligence subnational data
Netherlands,Zuid-Holland,NL33,2020-43,887.562665267918,Epidemic intelligence subnational data
Netherlands,Zuid-Holland,NL33,2020-44,1008.86708032665,Epidemic intelligence subnational data
Netherlands,Zuid-Holland,NL33,2020-45,895.46801684374,Epidemic intelligence subnational data
Netherlands,Zuid-Holland,NL33,2020-46,644.980542419289,Epidemic intelligence subnational data
Netherlands,Zuid-Holland,NL33,2020-47,518.040893635898,Epidemic intelligence subnational data
Netherlands,Zuid-Holland,NL33,2020-48,467.030010156774,Epidemic intelligence subnational data
Netherlands,Zuid-Holland,NL33,2020-49,441.925177449771,Epidemic intelligence subnational data
Netherlands,Zuid-Holland,NL33,2020-50,552.920586737331,Epidemic intelligence subnational data
Netherlands,Zuid-Holland,NL33,2020-51,727.212223169143,Epidemic intelligence subnational data
Netherlands,Zuid-Holland,NL33,2020-52,763.881303282671,Epidemic intelligence subnational data
Netherlands,Zuid-Holland,NL33,2020-53,656.544789825813,Epidemic intelligence subnational data
Netherlands,Zuid-Holland,NL33,2021-01,551.318150607096,Epidemic intelligence subnational data
Netherlands,Zuid-Holland,NL33,2021-02,450.765283434897,Epidemic intelligence subnational data
Netherlands,Zuid-Holland,NL33,2021-03,362.84495442271,Epidemic intelligence subnational data
Netherlands,Zuid-Holland,NL33,2021-04,321.021371423596,Epidemic intelligence subnational data
Netherlands,Zuid-Holland,NL33,2021-05,285.100094837512,Epidemic intelligence subnational data
Netherlands,Zuid-Holland,NL33,2021-06,262.826232627255,Epidemic intelligence subnational data
Netherlands,Zuid-Holland,NL33,2021-07,267.793784630982,Epidemic intelligence subnational data
Netherlands,Zuid-Holland,NL33,2021-08,313.383092536146,Epidemic intelligence subnational data
Netherlands,Zuid-Holland,NL33,2021-09,354.645822889678,Epidemic intelligence subnational data
Netherlands,Zuid-Holland,NL33,2021-10,413.50864340695,Epidemic intelligence subnational data
Netherlands,Zuid-Holland,NL33,2021-11,517.05272468892,Epidemic intelligence subnational data
Netherlands,Zuid-Holland,NL33,2021-12,626.205332426711,Epidemic intelligence subnational data
Netherlands,Zuid-Holland,NL33,2021-13,682.557669673282,Epidemic intelligence subnational data
Netherlands,Zuid-Holland,NL33,2021-14,680.367673628629,Epidemic intelligence subnational data
Netherlands,Zuid-Holland,NL33,2021-15,701.226050590511,Epidemic intelligence subnational data
Netherlands,Zuid-Holland,NL33,2021-16,749.619621723586,Epidemic intelligence subnational data
Netherlands,Zuid-Holland,NL33,2021-17,684.80108025561,Epidemic intelligence subnational data
Netherlands,Zuid-Holland,NL33,2021-18,629.837520988575,Epidemic intelligence subnational data
Netherlands,Zuid-Holland,NL33,2021-19,562.294838099201,Epidemic intelligence subnational data
Netherlands,Zuid-Holland,NL33,2021-20,417.327782850675,Epidemic intelligence subnational data
Netherlands,Zuid-Holland,NL33,2021-21,320.861127810573,Epidemic intelligence subnational data
Netherlands,Zuid-Holland,NL33,2021-22,242.47529377328,Epidemic intelligence subnational data
Netherlands,Zuid-Holland,NL33,2021-23,173.196638409486,Epidemic intelligence subnational data
Netherlands,Zuid-Holland,NL33,2021-24,111.022116556397,Epidemic intelligence subnational data
Netherlands,Zuid-Holland,NL33,2021-25,78.0119322735711,Epidemic intelligence subnational data
Netherlands,Zuid-Holland,NL33,2021-26,73.4984038400779,Epidemic intelligence subnational data
Netherlands,Zuid-Holland,NL33,2021-27,291.242766670076,Epidemic intelligence subnational data
Netherlands,Zuid-Holland,NL33,2021-28,649.654314465805,Epidemic intelligence subnational data
Netherlands,Zuid-Holland,NL33,2021-29,669.845009706757,Epidemic intelligence subnational data
Netherlands,Zuid-Holland,NL33,2021-30,429.666541053479,Epidemic intelligence subnational data
Netherlands,Zuid-Holland,NL33,2021-31,274.951332679361,Epidemic intelligence subnational data
Netherlands,Zuid-Holland,NL33,2021-32,217.931313711859,Epidemic intelligence subnational data
Netherlands,Zuid-Holland,NL33,2021-33,206.340359036498,Epidemic intelligence subnational data
Netherlands,Zuid-Holland,NL33,2021-34,224.98203268489,Epidemic intelligence subnational data
Netherlands,Zuid-Holland,NL33,2021-35,241.006393987232,Epidemic intelligence subnational data
Netherlands,Zuid-Holland,NL33,2021-36,238.22883802816,Epidemic intelligence subnational data
Netherlands,Zuid-Holland,NL33,2021-37,228.427270364893,Epidemic intelligence subnational data
Netherlands,Zuid-Holland,NL33,2021-38,198.301471116489,Epidemic intelligence subnational data
Netherlands,Zuid-Holland,NL33,2021-39,166.38628485599,Epidemic intelligence subnational data
Netherlands,Zuid-Holland,NL33,2021-40,185.134787579731,Epidemic intelligence subnational data
Netherlands,Zuid-Holland,NL33,2021-41,257.538193397482,Epidemic intelligence subnational data
Netherlands,Zuid-Holland,NL33,2021-42,355.580577298982,Epidemic intelligence subnational data
Netherlands,Zuid-Holland,NL33,2021-43,495.68690961913,Epidemic intelligence subnational data
Netherlands,Zuid-Holland,NL33,2021-44,676.067803345833,Epidemic intelligence subnational data
Netherlands,Zuid-Holland,NL33,2021-45,907.139093325613,Epidemic intelligence subnational data
Netherlands,Zuid-Holland,NL33,2021-46,1321.52907660419,Epidemic intelligence subnational data
Netherlands,Zuid-Holland,NL33,2021-47,1601.31442494309,Epidemic intelligence subnational data
Netherlands,Zuid-Holland,NL33,2021-48,1639.6927702622,Epidemic intelligence subnational data
Netherlands,Zuid-Holland,NL33,2021-49,1530.62028433093,Epidemic intelligence subnational data
Netherlands,Zuid-Holland,NL33,2021-50,1263.73454684041,Epidemic intelligence subnational data
Netherlands,Zuid-Holland,NL33,2021-51,1077.15756674347,Epidemic intelligence subnational data
Netherlands,Zuid-Holland,NL33,2021-52,1102.66300848303,Epidemic intelligence subnational data
Netherlands,Zuid-Holland,NL33,2022-01,1689.36829029947,Epidemic intelligence subnational data
Netherlands,Zuid-Holland,NL33,2022-02,2545.20272018875,Epidemic intelligence subnational data
Netherlands,Zuid-Holland,NL33,2022-03,3496.27527075162,Epidemic intelligence subnational data
Netherlands,Zuid-Holland,NL33,2022-04,4863.66072794934,Epidemic intelligence subnational data
Netherlands,Zeeland,NL34,2020-15,,Epidemic intelligence subnational data
Netherlands,Zeeland,NL34,2020-16,73.2747830440588,Epidemic intelligence subnational data
Netherlands,Zeeland,NL34,2020-17,35.7247162883845,Epidemic intelligence subnational data
Netherlands,Zeeland,NL34,2020-18,17.4712116154873,Epidemic intelligence subnational data
Netherlands,Zeeland,NL34,2020-19,15.6458611481976,Epidemic intelligence subnational data
Netherlands,Zeeland,NL34,2020-20,12.2559245660881,Epidemic intelligence subnational data
Netherlands,Zeeland,NL34,2020-21,9.64828104138852,Epidemic intelligence subnational data
Netherlands,Zeeland,NL34,2020-22,14.6028037383178,Epidemic intelligence subnational data
Netherlands,Zeeland,NL34,2020-23,12.777453271028,Epidemic intelligence subnational data
Netherlands,Zeeland,NL34,2020-24,7.8229305740988,Epidemic intelligence subnational data
Netherlands,Zeeland,NL34,2020-25,4.17222963951936,Epidemic intelligence subnational data
Netherlands,Zeeland,NL34,2020-26,2.6076435246996,Epidemic intelligence subnational data
Netherlands,Zeeland,NL34,2020-27,3.12917222963952,Epidemic intelligence subnational data
Netherlands,Zeeland,NL34,2020-28,2.6076435246996,Epidemic intelligence subnational data
Netherlands,Zeeland,NL34,2020-29,13.5597463284379,Epidemic intelligence subnational data
Netherlands,Zeeland,NL34,2020-30,21.9042056074766,Epidemic intelligence subnational data
Netherlands,Zeeland,NL34,2020-31,20.8611481975968,Epidemic intelligence subnational data
Netherlands,Zeeland,NL34,2020-32,25.0333778371162,Epidemic intelligence subnational data
Netherlands,Zeeland,NL34,2020-33,26.076435246996,Epidemic intelligence subnational data
Netherlands,Zeeland,NL34,2020-34,26.076435246996,Epidemic intelligence subnational data
Netherlands,Zeeland,NL34,2020-35,22.1649699599466,Epidemic intelligence subnational data
Netherlands,Zeeland,NL34,2020-36,18.2535046728972,Epidemic intelligence subnational data
Netherlands,Zeeland,NL34,2020-37,21.6434412550067,Epidemic intelligence subnational data
Netherlands,Zeeland,NL34,2020-38,35.7247162883845,Epidemic intelligence subnational data
Netherlands,Zeeland,NL34,2020-39,51.6313417890521,Epidemic intelligence subnational data
Netherlands,Zeeland,NL34,2020-40,71.710196929239,Epidemic intelligence subnational data
Netherlands,Zeeland,NL34,2020-41,132.20752670227,Epidemic intelligence subnational data
Netherlands,Zeeland,NL34,2020-42,210.697596795728,Epidemic intelligence subnational data
Netherlands,Zeeland,NL34,2020-43,244.596962616822,Epidemic intelligence subnational data
Netherlands,Zeeland,NL34,2020-44,338.993658210948,Epidemic intelligence subnational data
Netherlands,Zeeland,NL34,2020-45,425.045894526035,Epidemic intelligence subnational data
Netherlands,Zeeland,NL34,2020-46,373.675317089453,Epidemic intelligence subnational data
Netherlands,Zeeland,NL34,2020-47,331.431491989319,Epidemic intelligence subnational data
Netherlands,Zeeland,NL34,2020-48,304.833528037383,Epidemic intelligence subnational data
Netherlands,Zeeland,NL34,2020-49,266.761932576769,Epidemic intelligence subnational data
Netherlands,Zeeland,NL34,2020-50,355.161048064085,Epidemic intelligence subnational data
Netherlands,Zeeland,NL34,2020-51,509.012016021362,Epidemic intelligence subnational data
Netherlands,Zeeland,NL34,2020-52,624.791388518024,Epidemic intelligence subnational data
Netherlands,Zeeland,NL34,2020-53,595.064252336449,Epidemic intelligence subnational data
Netherlands,Zeeland,NL34,2021-01,524.918641522029,Epidemic intelligence subnational data
Netherlands,Zeeland,NL34,2021-02,499.885263684913,Epidemic intelligence subnational data
Netherlands,Zeeland,NL34,2021-03,434.433411214953,Epidemic intelligence subnational data
Netherlands,Zeeland,NL34,2021-04,394.01493658211,Epidemic intelligence subnational data
Netherlands,Zeeland,NL34,2021-05,320.479389185581,Epidemic intelligence subnational data
Netherlands,Zeeland,NL34,2021-06,254.506008010681,Epidemic intelligence subnational data
Netherlands,Zeeland,NL34,2021-07,273.020277036048,Epidemic intelligence subnational data
Netherlands,Zeeland,NL34,2021-08,319.957860480641,Epidemic intelligence subnational data
Netherlands,Zeeland,NL34,2021-09,342.122830440587,Epidemic intelligence subnational data
Netherlands,Zeeland,NL34,2021-10,403.141688918558,Epidemic intelligence subnational data
Netherlands,Zeeland,NL34,2021-11,488.150867823765,Epidemic intelligence subnational data
Netherlands,Zeeland,NL34,2021-12,576.549983311081,Epidemic intelligence subnational data
Netherlands,Zeeland,NL34,2021-13,620.358394526035,Epidemic intelligence subnational data
Netherlands,Zeeland,NL34,2021-14,576.549983311081,Epidemic intelligence subnational data
Netherlands,Zeeland,NL34,2021-15,579.157626835781,Epidemic intelligence subnational data
Netherlands,Zeeland,NL34,2021-16,651.38935246996,Epidemic intelligence subnational data
Netherlands,Zeeland,NL34,2021-17,618.793808411215,Epidemic intelligence subnational data
Netherlands,Zeeland,NL34,2021-18,583.59062082777,Epidemic intelligence subnational data
Netherlands,Zeeland,NL34,2021-19,557.514185580774,Epidemic intelligence subnational data
Netherlands,Zeeland,NL34,2021-20,411.225383845127,Epidemic intelligence subnational data
Netherlands,Zeeland,NL34,2021-21,258.6782376502,Epidemic intelligence subnational data
Netherlands,Zeeland,NL34,2021-22,153.590203604806,Epidemic intelligence subnational data
Netherlands,Zeeland,NL34,2021-23,104.566505340454,Epidemic intelligence subnational data
Netherlands,Zeeland,NL34,2021-24,82.4015353805073,Epidemic intelligence subnational data
Netherlands,Zeeland,NL34,2021-25,79.2723631508678,Epidemic intelligence subnational data
Netherlands,Zeeland,NL34,2021-26,80.3154205607477,Epidemic intelligence subnational data
Netherlands,Zeeland,NL34,2021-27,114.214786381843,Epidemic intelligence subnational data
Netherlands,Zeeland,NL34,2021-28,275.367156208278,Epidemic intelligence subnational data
Netherlands,Zeeland,NL34,2021-29,352.814168891856,Epidemic intelligence subnational data
Netherlands,Zeeland,NL34,2021-30,255.288301068091,Epidemic intelligence subnational data
Netherlands,Zeeland,NL34,2021-31,199.745493991989,Epidemic intelligence subnational data
Netherlands,Zeeland,NL34,2021-32,179.666638851802,Epidemic intelligence subnational data
Netherlands,Zeeland,NL34,2021-33,162.195427236315,Epidemic intelligence subnational data
Netherlands,Zeeland,NL34,2021-34,146.028037383178,Epidemic intelligence subnational data
Netherlands,Zeeland,NL34,2021-35,124.384596128171,Epidemic intelligence subnational data
Netherlands,Zeeland,NL34,2021-36,124.906124833111,Epidemic intelligence subnational data
Netherlands,Zeeland,NL34,2021-37,122.037716955941,Epidemic intelligence subnational data
Netherlands,Zeeland,NL34,2021-38,126.209946595461,Epidemic intelligence subnational data
Netherlands,Zeeland,NL34,2021-39,130.12141188251,Epidemic intelligence subnational data
Netherlands,Zeeland,NL34,2021-40,135.597463284379,Epidemic intelligence subnational data
Netherlands,Zeeland,NL34,2021-41,209.915303738318,Epidemic intelligence subnational data
Netherlands,Zeeland,NL34,2021-42,381.759012016021,Epidemic intelligence subnational data
Netherlands,Zeeland,NL34,2021-43,534.306158210948,Epidemic intelligence subnational data
Netherlands,Zeeland,NL34,2021-44,788.551401869159,Epidemic intelligence subnational data
Netherlands,Zeeland,NL34,2021-45,1087.38734979973,Epidemic intelligence subnational data
Netherlands,Zeeland,NL34,2021-46,1680.10472296395,Epidemic intelligence subnational data
Netherlands,Zeeland,NL34,2021-47,2313.50133511349,Epidemic intelligence subnational data
Netherlands,Zeeland,NL34,2021-48,2341.40312082777,Epidemic intelligence subnational data
Netherlands,Zeeland,NL34,2021-49,2069.16513684913,Epidemic intelligence subnational data
Netherlands,Zeeland,NL34,2021-50,1649.3345293725,Epidemic intelligence subnational data
Netherlands,Zeeland,NL34,2021-51,1250.36507009346,Epidemic intelligence subnational data
Netherlands,Zeeland,NL34,2021-52,1122.32977303071,Epidemic intelligence subnational data
Netherlands,Zeeland,NL34,2022-01,1373.18508010681,Epidemic intelligence subnational data
Netherlands,Zeeland,NL34,2022-02,1899.40754339119,Epidemic intelligence subnational data
Netherlands,Zeeland,NL34,2022-03,3136.47363150868,Epidemic intelligence subnational data
Netherlands,Zeeland,NL34,2022-04,4841.87249666222,Epidemic intelligence subnational data
Netherlands,Noord-Brabant,NL41,2020-15,,Epidemic intelligence subnational data
Netherlands,Noord-Brabant,NL41,2020-16,102.14771621039,Epidemic intelligence subnational data
Netherlands,Noord-Brabant,NL41,2020-17,83.4583517853415,Epidemic intelligence subnational data
Netherlands,Noord-Brabant,NL41,2020-18,57.0435298317762,Epidemic intelligence subnational data
Netherlands,Noord-Brabant,NL41,2020-19,29.1460443121319,Epidemic intelligence subnational data
Netherlands,Noord-Brabant,NL41,2020-20,17.2847357834999,Epidemic intelligence subnational data
Netherlands,Noord-Brabant,NL41,2020-21,13.9292340286895,Epidemic intelligence subnational data
Netherlands,Noord-Brabant,NL41,2020-22,13.9292340286895,Epidemic intelligence subnational data
Netherlands,Noord-Brabant,NL41,2020-23,14.5925308871986,Epidemic intelligence subnational data
Netherlands,Noord-Brabant,NL41,2020-24,15.4509150570338,Epidemic intelligence subnational data
Netherlands,Noord-Brabant,NL41,2020-25,12.7977276229977,Epidemic intelligence subnational data
Netherlands,Noord-Brabant,NL41,2020-26,7.41331783039499,Epidemic intelligence subnational data
Netherlands,Noord-Brabant,NL41,2020-27,5.42342725486792,Epidemic intelligence subnational data
Netherlands,Noord-Brabant,NL41,2020-28,5.46244471713315,Epidemic intelligence subnational data
Netherlands,Noord-Brabant,NL41,2020-29,6.59395112282502,Epidemic intelligence subnational data
Netherlands,Noord-Brabant,NL41,2020-30,9.20812109459589,Epidemic intelligence subnational data
Netherlands,Noord-Brabant,NL41,2020-31,16.6214389249909,Epidemic intelligence subnational data
Netherlands,Noord-Brabant,NL41,2020-32,28.4047125290924,Epidemic intelligence subnational data
Netherlands,Noord-Brabant,NL41,2020-33,36.5983796047921,Epidemic intelligence subnational data
Netherlands,Noord-Brabant,NL41,2020-34,37.1446240765054,Epidemic intelligence subnational data
Netherlands,Noord-Brabant,NL41,2020-35,39.4856718124197,Epidemic intelligence subnational data
Netherlands,Noord-Brabant,NL41,2020-36,41.1244052275596,Epidemic intelligence subnational data
Netherlands,Noord-Brabant,NL41,2020-37,47.445234114528,Epidemic intelligence subnational data
Netherlands,Noord-Brabant,NL41,2020-38,69.529117756652,Epidemic intelligence subnational data
Netherlands,Noord-Brabant,NL41,2020-39,123.061075984557,Epidemic intelligence subnational data
Netherlands,Noord-Brabant,NL41,2020-40,197.038184439446,Epidemic intelligence subnational data
Netherlands,Noord-Brabant,NL41,2020-41,334.145546839488,Epidemic intelligence subnational data
Netherlands,Noord-Brabant,NL41,2020-42,526.228513571249,Epidemic intelligence subnational data
Netherlands,Noord-Brabant,NL41,2020-43,674.572905103679,Epidemic intelligence subnational data
Netherlands,Noord-Brabant,NL41,2020-44,843.947708797072,Epidemic intelligence subnational data
Netherlands,Noord-Brabant,NL41,2020-45,846.171704146191,Epidemic intelligence subnational data
Netherlands,Noord-Brabant,NL41,2020-46,607.501887469737,Epidemic intelligence subnational data
Netherlands,Noord-Brabant,NL41,2020-47,492.088234089167,Epidemic intelligence subnational data
Netherlands,Noord-Brabant,NL41,2020-48,476.949458730255,Epidemic intelligence subnational data
Netherlands,Noord-Brabant,NL41,2020-49,470.511577456491,Epidemic intelligence subnational data
Netherlands,Noord-Brabant,NL41,2020-50,599.815447403486,Epidemic intelligence subnational data
Netherlands,Noord-Brabant,NL41,2020-51,816.947624909528,Epidemic intelligence subnational data
Netherlands,Noord-Brabant,NL41,2020-52,871.298949845003,Epidemic intelligence subnational data
Netherlands,Noord-Brabant,NL41,2020-53,725.997920369261,Epidemic intelligence subnational data
Netherlands,Noord-Brabant,NL41,2021-01,619.948457932348,Epidemic intelligence subnational data
Netherlands,Noord-Brabant,NL41,2021-02,526.150478646718,Epidemic intelligence subnational data
Netherlands,Noord-Brabant,NL41,2021-03,449.520182757793,Epidemic intelligence subnational data
Netherlands,Noord-Brabant,NL41,2021-04,432.157412049763,Epidemic intelligence subnational data
Netherlands,Noord-Brabant,NL41,2021-05,391.696303680712,Epidemic intelligence subnational data
Netherlands,Noord-Brabant,NL41,2021-06,329.54148629219,Epidemic intelligence subnational data
Netherlands,Noord-Brabant,NL41,2021-07,325.288582905279,Epidemic intelligence subnational data
Netherlands,Noord-Brabant,NL41,2021-08,394.232438727953,Epidemic intelligence subnational data
Netherlands,Noord-Brabant,NL41,2021-09,408.395777530234,Epidemic intelligence subnational data
Netherlands,Noord-Brabant,NL41,2021-10,419.281649502235,Epidemic intelligence subnational data
Netherlands,Noord-Brabant,NL41,2021-11,501.179302796967,Epidemic intelligence subnational data
Netherlands,Noord-Brabant,NL41,2021-12,591.270623167399,Epidemic intelligence subnational data
Netherlands,Noord-Brabant,NL41,2021-13,629.975945734514,Epidemic intelligence subnational data
Netherlands,Noord-Brabant,NL41,2021-14,634.189831659159,Epidemic intelligence subnational data
Netherlands,Noord-Brabant,NL41,2021-15,680.620611754791,Epidemic intelligence subnational data
Netherlands,Noord-Brabant,NL41,2021-16,764.820295323172,Epidemic intelligence subnational data
Netherlands,Noord-Brabant,NL41,2021-17,743.672830775414,Epidemic intelligence subnational data
Netherlands,Noord-Brabant,NL41,2021-18,717.765235831296,Epidemic intelligence subnational data
Netherlands,Noord-Brabant,NL41,2021-19,650.108956263376,Epidemic intelligence subnational data
Netherlands,Noord-Brabant,NL41,2021-20,468.287582107372,Epidemic intelligence subnational data
Netherlands,Noord-Brabant,NL41,2021-21,340.622445575517,Epidemic intelligence subnational data
Netherlands,Noord-Brabant,NL41,2021-22,248.268112393702,Epidemic intelligence subnational data
Netherlands,Noord-Brabant,NL41,2021-23,167.18982580654,Epidemic intelligence subnational data
Netherlands,Noord-Brabant,NL41,2021-24,97.543655663092,Epidemic intelligence subnational data
Netherlands,Noord-Brabant,NL41,2021-25,58.5261933978552,Epidemic intelligence subnational data
Netherlands,Noord-Brabant,NL41,2021-26,57.0435298317762,Epidemic intelligence subnational data
Netherlands,Noord-Brabant,NL41,2021-27,217.444317204165,Epidemic intelligence subnational data
Netherlands,Noord-Brabant,NL41,2021-28,561.695386770349,Epidemic intelligence subnational data
Netherlands,Noord-Brabant,NL41,2021-29,664.038190292065,Epidemic intelligence subnational data
Netherlands,Noord-Brabant,NL41,2021-30,432.898743832802,Epidemic intelligence subnational data
Netherlands,Noord-Brabant,NL41,2021-31,243.273877223752,Epidemic intelligence subnational data
Netherlands,Noord-Brabant,NL41,2021-32,171.832903816103,Epidemic intelligence subnational data
Netherlands,Noord-Brabant,NL41,2021-33,152.207120296689,Epidemic intelligence subnational data
Netherlands,Noord-Brabant,NL41,2021-34,151.660875824976,Epidemic intelligence subnational data
Netherlands,Noord-Brabant,NL41,2021-35,142.335702343584,Epidemic intelligence subnational data
Netherlands,Noord-Brabant,NL41,2021-36,131.332777984787,Epidemic intelligence subnational data
Netherlands,Noord-Brabant,NL41,2021-37,118.886207522177,Epidemic intelligence subnational data
Netherlands,Noord-Brabant,NL41,2021-38,102.811013068899,Epidemic intelligence subnational data
Netherlands,Noord-Brabant,NL41,2021-39,94.2661888328121,Epidemic intelligence subnational data
Netherlands,Noord-Brabant,NL41,2021-40,118.847190059911,Epidemic intelligence subnational data
Netherlands,Noord-Brabant,NL41,2021-41,171.36469426892,Epidemic intelligence subnational data
Netherlands,Noord-Brabant,NL41,2021-42,275.346231205776,Epidemic intelligence subnational data
Netherlands,Noord-Brabant,NL41,2021-43,433.562040691311,Epidemic intelligence subnational data
Netherlands,Noord-Brabant,NL41,2021-44,640.198520848006,Epidemic intelligence subnational data
Netherlands,Noord-Brabant,NL41,2021-45,882.457944052861,Epidemic intelligence subnational data
Netherlands,Noord-Brabant,NL41,2021-46,1367.32794762296,Epidemic intelligence subnational data
Netherlands,Noord-Brabant,NL41,2021-47,1827.53891504143,Epidemic intelligence subnational data
Netherlands,Noord-Brabant,NL41,2021-48,1932.92508061983,Epidemic intelligence subnational data
Netherlands,Noord-Brabant,NL41,2021-49,1783.56623506851,Epidemic intelligence subnational data
Netherlands,Noord-Brabant,NL41,2021-50,1380.90602449126,Epidemic intelligence subnational data
Netherlands,Noord-Brabant,NL41,2021-51,1046.1752157178,Epidemic intelligence subnational data
Netherlands,Noord-Brabant,NL41,2021-52,1043.67809813282,Epidemic intelligence subnational data
Netherlands,Noord-Brabant,NL41,2022-01,1556.01639513764,Epidemic intelligence subnational data
Netherlands,Noord-Brabant,NL41,2022-02,2268.20213386501,Epidemic intelligence subnational data
Netherlands,Noord-Brabant,NL41,2022-03,2903.75757670345,Epidemic intelligence subnational data
Netherlands,Noord-Brabant,NL41,2022-04,3810.79652198341,Epidemic intelligence subnational data
Netherlands,Limburg,NL42,2020-15,,Epidemic intelligence subnational data
Netherlands,Limburg,NL42,2020-16,132.294904855975,Epidemic intelligence subnational data
Netherlands,Limburg,NL42,2020-17,112.781853936758,Epidemic intelligence subnational data
Netherlands,Limburg,NL42,2020-18,75.4564308481643,Epidemic intelligence subnational data
Netherlands,Limburg,NL42,2020-19,44.7547039431579,Epidemic intelligence subnational data
Netherlands,Limburg,NL42,2020-20,29.0010481551664,Epidemic intelligence subnational data
Netherlands,Limburg,NL42,2020-21,19.4235415113306,Epidemic intelligence subnational data
Netherlands,Limburg,NL42,2020-22,14.2319958539242,Epidemic intelligence subnational data
Netherlands,Limburg,NL42,2020-23,13.1578829592884,Epidemic intelligence subnational data
Netherlands,Limburg,NL42,2020-24,12.6208265119705,Epidemic intelligence subnational data
Netherlands,Limburg,NL42,2020-25,8.32437493342738,Epidemic intelligence subnational data
Netherlands,Limburg,NL42,2020-26,3.84890453911158,Epidemic intelligence subnational data
Netherlands,Limburg,NL42,2020-27,2.50626342081685,Epidemic intelligence subnational data
Netherlands,Limburg,NL42,2020-28,2.14822578927158,Epidemic intelligence subnational data
Netherlands,Limburg,NL42,2020-29,2.14822578927158,Epidemic intelligence subnational data
Netherlands,Limburg,NL42,2020-30,2.86430105236211,Epidemic intelligence subnational data
Netherlands,Limburg,NL42,2020-31,3.84890453911158,Epidemic intelligence subnational data
Netherlands,Limburg,NL42,2020-32,7.42928085456422,Epidemic intelligence subnational data
Netherlands,Limburg,NL42,2020-33,17.1858063141726,Epidemic intelligence subnational data
Netherlands,Limburg,NL42,2020-34,23.5409742741011,Epidemic intelligence subnational data
Netherlands,Limburg,NL42,2020-35,24.9731248002821,Epidemic intelligence subnational data
Netherlands,Limburg,NL42,2020-36,27.5688976289853,Epidemic intelligence subnational data
Netherlands,Limburg,NL42,2020-37,32.4024056548464,Epidemic intelligence subnational data
Netherlands,Limburg,NL42,2020-38,42.3379499302274,Epidemic intelligence subnational data
Netherlands,Limburg,NL42,2020-39,59.7027750601727,Epidemic intelligence subnational data
Netherlands,Limburg,NL42,2020-40,99.8924992011285,Epidemic intelligence subnational data
Netherlands,Limburg,NL42,2020-41,176.333533536042,Epidemic intelligence subnational data
Netherlands,Limburg,NL42,2020-42,296.365649511592,Epidemic intelligence subnational data
Netherlands,Limburg,NL42,2020-43,413.622973842666,Epidemic intelligence subnational data
Netherlands,Limburg,NL42,2020-44,502.326797058005,Epidemic intelligence subnational data
Netherlands,Limburg,NL42,2020-45,504.296004031504,Epidemic intelligence subnational data
Netherlands,Limburg,NL42,2020-46,421.857839368207,Epidemic intelligence subnational data
Netherlands,Limburg,NL42,2020-47,372.359136807074,Epidemic intelligence subnational data
Netherlands,Limburg,NL42,2020-48,364.92985595251,Epidemic intelligence subnational data
Netherlands,Limburg,NL42,2020-49,422.126367591866,Epidemic intelligence subnational data
Netherlands,Limburg,NL42,2020-50,653.955734017424,Epidemic intelligence subnational data
Netherlands,Limburg,NL42,2020-51,985.498580828338,Epidemic intelligence subnational data
Netherlands,Limburg,NL42,2020-52,1147.15257147102,Epidemic intelligence subnational data
Netherlands,Limburg,NL42,2020-53,975.294508329298,Epidemic intelligence subnational data
Netherlands,Limburg,NL42,2021-01,763.694268086047,Epidemic intelligence subnational data
Netherlands,Limburg,NL42,2021-02,721.893374603138,Epidemic intelligence subnational data
Netherlands,Limburg,NL42,2021-03,657.178072701331,Epidemic intelligence subnational data
Netherlands,Limburg,NL42,2021-04,532.133429884148,Epidemic intelligence subnational data
Netherlands,Limburg,NL42,2021-05,450.321831076055,Epidemic intelligence subnational data
Netherlands,Limburg,NL42,2021-06,384.353397463841,Epidemic intelligence subnational data
Netherlands,Limburg,NL42,2021-07,338.256052402388,Epidemic intelligence subnational data
Netherlands,Limburg,NL42,2021-08,347.027974375247,Epidemic intelligence subnational data
Netherlands,Limburg,NL42,2021-09,329.93167746896,Epidemic intelligence subnational data
Netherlands,Limburg,NL42,2021-10,342.194466349386,Epidemic intelligence subnational data
Netherlands,Limburg,NL42,2021-11,423.110971078615,Epidemic intelligence subnational data
Netherlands,Limburg,NL42,2021-12,525.151696069015,Epidemic intelligence subnational data
Netherlands,Limburg,NL42,2021-13,634.979739545525,Epidemic intelligence subnational data
Netherlands,Limburg,NL42,2021-14,697.188778026515,Epidemic intelligence subnational data
Netherlands,Limburg,NL42,2021-15,733.2610694047,Epidemic intelligence subnational data
Netherlands,Limburg,NL42,2021-16,804.242029858548,Epidemic intelligence subnational data
Netherlands,Limburg,NL42,2021-17,777.657735716313,Epidemic intelligence subnational data
Netherlands,Limburg,NL42,2021-18,754.38528966587,Epidemic intelligence subnational data
Netherlands,Limburg,NL42,2021-19,682.509235133159,Epidemic intelligence subnational data
Netherlands,Limburg,NL42,2021-20,480.486501533744,Epidemic intelligence subnational data
Netherlands,Limburg,NL42,2021-21,340.851825231091,Epidemic intelligence subnational data
Netherlands,Limburg,NL42,2021-22,247.672531621436,Epidemic intelligence subnational data
Netherlands,Limburg,NL42,2021-23,168.456705642047,Epidemic intelligence subnational data
Netherlands,Limburg,NL42,2021-24,95.2380099910401,Epidemic intelligence subnational data
Netherlands,Limburg,NL42,2021-25,48.0665520349516,Epidemic intelligence subnational data
Netherlands,Limburg,NL42,2021-26,36.5198384176169,Epidemic intelligence subnational data
Netherlands,Limburg,NL42,2021-27,106.068648345284,Epidemic intelligence subnational data
Netherlands,Limburg,NL42,2021-28,342.642013388817,Epidemic intelligence subnational data
Netherlands,Limburg,NL42,2021-29,504.654041663049,Epidemic intelligence subnational data
Netherlands,Limburg,NL42,2021-30,403.150373119967,Epidemic intelligence subnational data
Netherlands,Limburg,NL42,2021-31,266.469507277562,Epidemic intelligence subnational data
Netherlands,Limburg,NL42,2021-32,206.677222809503,Epidemic intelligence subnational data
Netherlands,Limburg,NL42,2021-33,176.423042943929,Epidemic intelligence subnational data
Netherlands,Limburg,NL42,2021-34,158.700180182438,Epidemic intelligence subnational data
Netherlands,Limburg,NL42,2021-35,152.882068669828,Epidemic intelligence subnational data
Netherlands,Limburg,NL42,2021-36,158.16312373512,Epidemic intelligence subnational data
Netherlands,Limburg,NL42,2021-37,155.835879130076,Epidemic intelligence subnational data
Netherlands,Limburg,NL42,2021-38,158.700180182438,Epidemic intelligence subnational data
Netherlands,Limburg,NL42,2021-39,174.811873601975,Epidemic intelligence subnational data
Netherlands,Limburg,NL42,2021-40,200.769601889007,Epidemic intelligence subnational data
Netherlands,Limburg,NL42,2021-41,294.664970761752,Epidemic intelligence subnational data
Netherlands,Limburg,NL42,2021-42,478.785822783904,Epidemic intelligence subnational data
Netherlands,Limburg,NL42,2021-43,701.574739012944,Epidemic intelligence subnational data
Netherlands,Limburg,NL42,2021-44,1042.06852661249,Epidemic intelligence subnational data
Netherlands,Limburg,NL42,2021-45,1396.79431006596,Epidemic intelligence subnational data
Netherlands,Limburg,NL42,2021-46,2010.02326349511,Epidemic intelligence subnational data
Netherlands,Limburg,NL42,2021-47,2614.30127613563,Epidemic intelligence subnational data
Netherlands,Limburg,NL42,2021-48,2662.63635639424,Epidemic intelligence subnational data
Netherlands,Limburg,NL42,2021-49,2316.59298550574,Epidemic intelligence subnational data
Netherlands,Limburg,NL42,2021-50,1679.46502017095,Epidemic intelligence subnational data
Netherlands,Limburg,NL42,2021-51,1118.24103272374,Epidemic intelligence subnational data
Netherlands,Limburg,NL42,2021-52,937.521538201273,Epidemic intelligence subnational data
Netherlands,Limburg,NL42,2022-01,1177.76478896815,Epidemic intelligence subnational data
Netherlands,Limburg,NL42,2022-02,1498.92454446425,Epidemic intelligence subnational data
Netherlands,Limburg,NL42,2022-03,2106.96195223599,Epidemic intelligence subnational data
Netherlands,Limburg,NL42,2022-04,3671.13885504936,Epidemic intelligence subnational data
Norway,Oslo,NOCSR03,2020-15,,Epidemic intelligence subnational data
Norway,Oslo,NOCSR03,2020-16,70.7708887913301,Epidemic intelligence subnational data
Norway,Oslo,NOCSR03,2020-17,45.2228915928002,Epidemic intelligence subnational data
Norway,Oslo,NOCSR03,2020-18,37.8815130874755,Epidemic intelligence subnational data
Norway,Oslo,NOCSR03,2020-19,29.0718588810858,Epidemic intelligence subnational data
Norway,Oslo,NOCSR03,2020-20,14.9764121508624,Epidemic intelligence subnational data
Norway,Oslo,NOCSR03,2020-21,11.3057228982,Epidemic intelligence subnational data
Norway,Oslo,NOCSR03,2020-22,10.1311023373481,Epidemic intelligence subnational data
Norway,Oslo,NOCSR03,2020-23,15.8573775715014,Epidemic intelligence subnational data
Norway,Oslo,NOCSR03,2020-24,19.5280668241637,Epidemic intelligence subnational data
Norway,Oslo,NOCSR03,2020-25,15.4168948611819,Epidemic intelligence subnational data
Norway,Oslo,NOCSR03,2020-26,14.5359294405429,Epidemic intelligence subnational data
Norway,Oslo,NOCSR03,2020-27,8.80965420638964,Epidemic intelligence subnational data
Norway,Oslo,NOCSR03,2020-28,4.69848224340781,Epidemic intelligence subnational data
Norway,Oslo,NOCSR03,2020-29,6.01993037436626,Epidemic intelligence subnational data
Norway,Oslo,NOCSR03,2020-30,7.92868878575068,Epidemic intelligence subnational data
Norway,Oslo,NOCSR03,2020-31,11.599378038413,Epidemic intelligence subnational data
Norway,Oslo,NOCSR03,2020-32,23.9328939273585,Epidemic intelligence subnational data
Norway,Oslo,NOCSR03,2020-33,35.2386168255586,Epidemic intelligence subnational data
Norway,Oslo,NOCSR03,2020-34,36.7068925266235,Epidemic intelligence subnational data
Norway,Oslo,NOCSR03,2020-35,32.8893757038547,Epidemic intelligence subnational data
Norway,Oslo,NOCSR03,2020-36,35.2386168255586,Epidemic intelligence subnational data
Norway,Oslo,NOCSR03,2020-37,59.7588210333431,Epidemic intelligence subnational data
Norway,Oslo,NOCSR03,2020-38,81.1956462688912,Epidemic intelligence subnational data
Norway,Oslo,NOCSR03,2020-39,87.5092317834704,Epidemic intelligence subnational data
Norway,Oslo,NOCSR03,2020-40,86.3346112226185,Epidemic intelligence subnational data
Norway,Oslo,NOCSR03,2020-41,93.5291621578367,Epidemic intelligence subnational data
Norway,Oslo,NOCSR03,2020-42,92.2077140268783,Epidemic intelligence subnational data
Norway,Oslo,NOCSR03,2020-43,121.426400478071,Epidemic intelligence subnational data
Norway,Oslo,NOCSR03,2020-44,178.248670109284,Epidemic intelligence subnational data
Norway,Oslo,NOCSR03,2020-45,245.202042077845,Epidemic intelligence subnational data
Norway,Oslo,NOCSR03,2020-46,315.972930869175,Epidemic intelligence subnational data
Norway,Oslo,NOCSR03,2020-47,341.520928067705,Epidemic intelligence subnational data
Norway,Oslo,NOCSR03,2020-48,308.484724793744,Epidemic intelligence subnational data
Norway,Oslo,NOCSR03,2020-49,218.919907028783,Epidemic intelligence subnational data
Norway,Oslo,NOCSR03,2020-50,192.63777197972,Epidemic intelligence subnational data
Norway,Oslo,NOCSR03,2020-51,207.907839270796,Epidemic intelligence subnational data
Norway,Oslo,NOCSR03,2020-52,194.546530391105,Epidemic intelligence subnational data
Norway,Oslo,NOCSR03,2020-53,208.201494411009,Epidemic intelligence subnational data
Norway,Oslo,NOCSR03,2021-01,261.499902359666,Epidemic intelligence subnational data
Norway,Oslo,NOCSR03,2021-02,254.305351424448,Epidemic intelligence subnational data
Norway,Oslo,NOCSR03,2021-03,217.451631327718,Epidemic intelligence subnational data
Norway,Oslo,NOCSR03,2021-04,193.812392540572,Epidemic intelligence subnational data
Norway,Oslo,NOCSR03,2021-05,142.422743003299,Epidemic intelligence subnational data
Norway,Oslo,NOCSR03,2021-06,131.851157955632,Epidemic intelligence subnational data
Norway,Oslo,NOCSR03,2021-07,163.125430388315,Epidemic intelligence subnational data
Norway,Oslo,NOCSR03,2021-08,266.7856948835,Epidemic intelligence subnational data
Norway,Oslo,NOCSR03,2021-09,386.450164520292,Epidemic intelligence subnational data
Norway,Oslo,NOCSR03,2021-10,489.082636024732,Epidemic intelligence subnational data
Norway,Oslo,NOCSR03,2021-11,629.743448186753,Epidemic intelligence subnational data
Norway,Oslo,NOCSR03,2021-12,581.143522481503,Epidemic intelligence subnational data
Norway,Oslo,NOCSR03,2021-13,511.253599110812,Epidemic intelligence subnational data
Norway,Oslo,NOCSR03,2021-14,532.396769206147,Epidemic intelligence subnational data
Norway,Oslo,NOCSR03,2021-15,414.347402840526,Epidemic intelligence subnational data
Norway,Oslo,NOCSR03,2021-16,290.131278530432,Epidemic intelligence subnational data
Norway,Oslo,NOCSR03,2021-17,246.083007498484,Epidemic intelligence subnational data
Norway,Oslo,NOCSR03,2021-18,220.094527589635,Epidemic intelligence subnational data
Norway,Oslo,NOCSR03,2021-19,169.145360762681,Epidemic intelligence subnational data
Norway,Oslo,NOCSR03,2021-20,137.430605619678,Epidemic intelligence subnational data
Norway,Oslo,NOCSR03,2021-21,116.727918234663,Epidemic intelligence subnational data
Norway,Oslo,NOCSR03,2021-22,142.569570573406,Epidemic intelligence subnational data
Norway,Oslo,NOCSR03,2021-23,133.319433656697,Epidemic intelligence subnational data
Norway,Oslo,NOCSR03,2021-24,77.3781294461224,Epidemic intelligence subnational data
Norway,Oslo,NOCSR03,2021-25,63.8699929963249,Epidemic intelligence subnational data
Norway,Oslo,NOCSR03,2021-26,45.8102018732261,Epidemic intelligence subnational data
Norway,Oslo,NOCSR03,2021-27,53.7388906589768,Epidemic intelligence subnational data
Norway,Oslo,NOCSR03,2021-28,64.3104757066444,Epidemic intelligence subnational data
Norway,Oslo,NOCSR03,2021-29,63.4295102860054,Epidemic intelligence subnational data
Norway,Oslo,NOCSR03,2021-30,82.0766116895302,Epidemic intelligence subnational data
Norway,Oslo,NOCSR03,2021-31,130.529709824673,Epidemic intelligence subnational data
Norway,Oslo,NOCSR03,2021-32,190.435358428123,Epidemic intelligence subnational data
Norway,Oslo,NOCSR03,2021-33,275.889004230102,Epidemic intelligence subnational data
Norway,Oslo,NOCSR03,2021-34,507.58290985815,Epidemic intelligence subnational data
Norway,Oslo,NOCSR03,2021-35,818.710530913811,Epidemic intelligence subnational data
Norway,Oslo,NOCSR03,2021-36,885.370247742159,Epidemic intelligence subnational data
Norway,Oslo,NOCSR03,2021-37,652.208066413047,Epidemic intelligence subnational data
Norway,Oslo,NOCSR03,2021-38,461.332225274604,Epidemic intelligence subnational data
Norway,Oslo,NOCSR03,2021-39,382.192164987204,Epidemic intelligence subnational data
Norway,Oslo,NOCSR03,2021-40,297.619484605863,Epidemic intelligence subnational data
Norway,Oslo,NOCSR03,2021-41,229.344664506344,Epidemic intelligence subnational data
Norway,Oslo,NOCSR03,2021-42,259.591143948282,Epidemic intelligence subnational data
Norway,Oslo,NOCSR03,2021-43,378.080993024222,Epidemic intelligence subnational data
Norway,Oslo,NOCSR03,2021-44,483.356360790578,Epidemic intelligence subnational data
Norway,Oslo,NOCSR03,2021-45,615.060691176104,Epidemic intelligence subnational data
Norway,Oslo,NOCSR03,2021-46,800.944394930925,Epidemic intelligence subnational data
Norway,Oslo,NOCSR03,2021-47,1059.36091831835,Epidemic intelligence subnational data
Norway,Oslo,NOCSR03,2021-48,1467.83521835462,Epidemic intelligence subnational data
Norway,Oslo,NOCSR03,2021-49,1949.13599316371,Epidemic intelligence subnational data
Norway,Oslo,NOCSR03,2021-50,2032.38722541409,Epidemic intelligence subnational data
Norway,Oslo,NOCSR03,2021-51,1799.6655267953,Epidemic intelligence subnational data
Norway,Oslo,NOCSR03,2021-52,1732.85898239684,Epidemic intelligence subnational data
Norway,Oslo,NOCSR03,2022-01,2673.58322406915,Epidemic intelligence subnational data
Norway,Oslo,NOCSR03,2022-02,4057.57989989296,Epidemic intelligence subnational data
Norway,Oslo,NOCSR03,2022-03,5815.1059140677,Epidemic intelligence subnational data
Norway,Oslo,NOCSR03,2022-04,7466.47559505543,Epidemic intelligence subnational data
Norway,Rogaland,NOCSR11,2020-15,,Epidemic intelligence subnational data
Norway,Rogaland,NOCSR11,2020-16,3.36378964541452,Epidemic intelligence subnational data
Norway,Rogaland,NOCSR11,2020-17,8.1992372606979,Epidemic intelligence subnational data
Norway,Rogaland,NOCSR11,2020-18,8.40947411353631,Epidemic intelligence subnational data
Norway,Rogaland,NOCSR11,2020-19,3.15355279257612,Epidemic intelligence subnational data
Norway,Rogaland,NOCSR11,2020-20,0.630710558515223,Epidemic intelligence subnational data
Norway,Rogaland,NOCSR11,2020-21,0.210236852838408,Epidemic intelligence subnational data
Norway,Rogaland,NOCSR11,2020-22,0,Epidemic intelligence subnational data
Norway,Rogaland,NOCSR11,2020-23,0.420473705676816,Epidemic intelligence subnational data
Norway,Rogaland,NOCSR11,2020-24,0.630710558515223,Epidemic intelligence subnational data
Norway,Rogaland,NOCSR11,2020-25,0.420473705676816,Epidemic intelligence subnational data
Norway,Rogaland,NOCSR11,2020-26,0.840947411353631,Epidemic intelligence subnational data
Norway,Rogaland,NOCSR11,2020-27,0.420473705676816,Epidemic intelligence subnational data
Norway,Rogaland,NOCSR11,2020-28,0.840947411353631,Epidemic intelligence subnational data
Norway,Rogaland,NOCSR11,2020-29,1.47165796986885,Epidemic intelligence subnational data
Norway,Rogaland,NOCSR11,2020-30,1.89213167554567,Epidemic intelligence subnational data
Norway,Rogaland,NOCSR11,2020-31,3.99450020392975,Epidemic intelligence subnational data
Norway,Rogaland,NOCSR11,2020-32,5.67639502663701,Epidemic intelligence subnational data
Norway,Rogaland,NOCSR11,2020-33,7.77876355502109,Epidemic intelligence subnational data
Norway,Rogaland,NOCSR11,2020-34,6.72757929082905,Epidemic intelligence subnational data
Norway,Rogaland,NOCSR11,2020-35,5.04568446812179,Epidemic intelligence subnational data
Norway,Rogaland,NOCSR11,2020-36,9.25042152488994,Epidemic intelligence subnational data
Norway,Rogaland,NOCSR11,2020-37,13.2449217288197,Epidemic intelligence subnational data
Norway,Rogaland,NOCSR11,2020-38,21.8646326951944,Epidemic intelligence subnational data
Norway,Rogaland,NOCSR11,2020-39,23.9670012235785,Epidemic intelligence subnational data
Norway,Rogaland,NOCSR11,2020-40,17.029185079911,Epidemic intelligence subnational data
Norway,Rogaland,NOCSR11,2020-41,18.5008430497799,Epidemic intelligence subnational data
Norway,Rogaland,NOCSR11,2020-42,18.2906061969415,Epidemic intelligence subnational data
Norway,Rogaland,NOCSR11,2020-43,33.00718589563,Epidemic intelligence subnational data
Norway,Rogaland,NOCSR11,2020-44,55.2922922965012,Epidemic intelligence subnational data
Norway,Rogaland,NOCSR11,2020-45,58.8663187947542,Epidemic intelligence subnational data
Norway,Rogaland,NOCSR11,2020-46,63.7017664100376,Epidemic intelligence subnational data
Norway,Rogaland,NOCSR11,2020-47,56.3434765606933,Epidemic intelligence subnational data
Norway,Rogaland,NOCSR11,2020-48,33.8481333069837,Epidemic intelligence subnational data
Norway,Rogaland,NOCSR11,2020-49,20.603211578164,Epidemic intelligence subnational data
Norway,Rogaland,NOCSR11,2020-50,21.8646326951944,Epidemic intelligence subnational data
Norway,Rogaland,NOCSR11,2020-51,34.4788438654989,Epidemic intelligence subnational data
Norway,Rogaland,NOCSR11,2020-52,89.1404256034849,Epidemic intelligence subnational data
Norway,Rogaland,NOCSR11,2020-53,155.78550795326,Epidemic intelligence subnational data
Norway,Rogaland,NOCSR11,2021-01,197.412404815265,Epidemic intelligence subnational data
Norway,Rogaland,NOCSR11,2021-02,156.205981658937,Epidemic intelligence subnational data
Norway,Rogaland,NOCSR11,2021-03,78.6285829615645,Epidemic intelligence subnational data
Norway,Rogaland,NOCSR11,2021-04,40.9961863034895,Epidemic intelligence subnational data
Norway,Rogaland,NOCSR11,2021-05,10.7220794947588,Epidemic intelligence subnational data
Norway,Rogaland,NOCSR11,2021-06,5.04568446812179,Epidemic intelligence subnational data
Norway,Rogaland,NOCSR11,2021-07,9.46065837772835,Epidemic intelligence subnational data
Norway,Rogaland,NOCSR11,2021-08,25.2284223406089,Epidemic intelligence subnational data
Norway,Rogaland,NOCSR11,2021-09,40.9961863034895,Epidemic intelligence subnational data
Norway,Rogaland,NOCSR11,2021-10,80.3104777842718,Epidemic intelligence subnational data
Norway,Rogaland,NOCSR11,2021-11,156.416218511775,Epidemic intelligence subnational data
Norway,Rogaland,NOCSR11,2021-12,167.558771712211,Epidemic intelligence subnational data
Norway,Rogaland,NOCSR11,2021-13,132.02874358252,Epidemic intelligence subnational data
Norway,Rogaland,NOCSR11,2021-14,139.387033431864,Epidemic intelligence subnational data
Norway,Rogaland,NOCSR11,2021-15,151.160297190815,Epidemic intelligence subnational data
Norway,Rogaland,NOCSR11,2021-16,111.635768857195,Epidemic intelligence subnational data
Norway,Rogaland,NOCSR11,2021-17,54.4513448851476,Epidemic intelligence subnational data
Norway,Rogaland,NOCSR11,2021-18,60.337976764623,Epidemic intelligence subnational data
Norway,Rogaland,NOCSR11,2021-19,62.2301084401687,Epidemic intelligence subnational data
Norway,Rogaland,NOCSR11,2021-20,49.1954235641874,Epidemic intelligence subnational data
Norway,Rogaland,NOCSR11,2021-21,51.7182657982483,Epidemic intelligence subnational data
Norway,Rogaland,NOCSR11,2021-22,42.8883179790352,Epidemic intelligence subnational data
Norway,Rogaland,NOCSR11,2021-23,44.9906865074193,Epidemic intelligence subnational data
Norway,Rogaland,NOCSR11,2021-24,76.5262144331804,Epidemic intelligence subnational data
Norway,Rogaland,NOCSR11,2021-25,113.948374238417,Epidemic intelligence subnational data
Norway,Rogaland,NOCSR11,2021-26,113.738137385579,Epidemic intelligence subnational data
Norway,Rogaland,NOCSR11,2021-27,86.1971096637472,Epidemic intelligence subnational data
Norway,Rogaland,NOCSR11,2021-28,54.8718185908244,Epidemic intelligence subnational data
Norway,Rogaland,NOCSR11,2021-29,43.5190285375504,Epidemic intelligence subnational data
Norway,Rogaland,NOCSR11,2021-30,50.2466078283795,Epidemic intelligence subnational data
Norway,Rogaland,NOCSR11,2021-31,71.690766817897,Epidemic intelligence subnational data
Norway,Rogaland,NOCSR11,2021-32,101.544399920951,Epidemic intelligence subnational data
Norway,Rogaland,NOCSR11,2021-33,122.357848351953,Epidemic intelligence subnational data
Norway,Rogaland,NOCSR11,2021-34,170.712324504787,Epidemic intelligence subnational data
Norway,Rogaland,NOCSR11,2021-35,189.633641260244,Epidemic intelligence subnational data
Norway,Rogaland,NOCSR11,2021-36,127.824006525752,Epidemic intelligence subnational data
Norway,Rogaland,NOCSR11,2021-37,76.315977580342,Epidemic intelligence subnational data
Norway,Rogaland,NOCSR11,2021-38,64.3324769685528,Epidemic intelligence subnational data
Norway,Rogaland,NOCSR11,2021-39,54.2411080323092,Epidemic intelligence subnational data
Norway,Rogaland,NOCSR11,2021-40,45.8316339187729,Epidemic intelligence subnational data
Norway,Rogaland,NOCSR11,2021-41,50.4568446812179,Epidemic intelligence subnational data
Norway,Rogaland,NOCSR11,2021-42,75.4750301689884,Epidemic intelligence subnational data
Norway,Rogaland,NOCSR11,2021-43,171.132798210464,Epidemic intelligence subnational data
Norway,Rogaland,NOCSR11,2021-44,287.604014682942,Epidemic intelligence subnational data
Norway,Rogaland,NOCSR11,2021-45,303.582015498661,Epidemic intelligence subnational data
Norway,Rogaland,NOCSR11,2021-46,327.128543016562,Epidemic intelligence subnational data
Norway,Rogaland,NOCSR11,2021-47,421.735126793846,Epidemic intelligence subnational data
Norway,Rogaland,NOCSR11,2021-48,579.62300327549,Epidemic intelligence subnational data
Norway,Rogaland,NOCSR11,2021-49,844.311200999046,Epidemic intelligence subnational data
Norway,Rogaland,NOCSR11,2021-50,1007.45499880165,Epidemic intelligence subnational data
Norway,Rogaland,NOCSR11,2021-51,915.161020405589,Epidemic intelligence subnational data
Norway,Rogaland,NOCSR11,2021-52,952.583180210826,Epidemic intelligence subnational data
Norway,Rogaland,NOCSR11,2022-01,1326.80477826319,Epidemic intelligence subnational data
Norway,Rogaland,NOCSR11,2022-02,1877.83556955266,Epidemic intelligence subnational data
Norway,Rogaland,NOCSR11,2022-03,3049.06507671543,Epidemic intelligence subnational data
Norway,Rogaland,NOCSR11,2022-04,4250.98916439261,Epidemic intelligence subnational data
Norway,Møre Og Romsdal,NOCSR15,2020-15,,Epidemic intelligence subnational data
Norway,Møre Og Romsdal,NOCSR15,2020-16,0.754802430463826,Epidemic intelligence subnational data
Norway,Møre Og Romsdal,NOCSR15,2020-17,1.50960486092765,Epidemic intelligence subnational data
Norway,Møre Og Romsdal,NOCSR15,2020-18,1.88700607615957,Epidemic intelligence subnational data
Norway,Møre Og Romsdal,NOCSR15,2020-19,2.64180850662339,Epidemic intelligence subnational data
Norway,Møre Og Romsdal,NOCSR15,2020-20,3.77401215231913,Epidemic intelligence subnational data
Norway,Møre Og Romsdal,NOCSR15,2020-21,1.50960486092765,Epidemic intelligence subnational data
Norway,Møre Og Romsdal,NOCSR15,2020-22,2.64180850662339,Epidemic intelligence subnational data
Norway,Møre Og Romsdal,NOCSR15,2020-23,4.52881458278296,Epidemic intelligence subnational data
Norway,Møre Og Romsdal,NOCSR15,2020-24,2.64180850662339,Epidemic intelligence subnational data
Norway,Møre Og Romsdal,NOCSR15,2020-25,1.13220364569574,Epidemic intelligence subnational data
Norway,Møre Og Romsdal,NOCSR15,2020-26,3.0192097218553,Epidemic intelligence subnational data
Norway,Møre Og Romsdal,NOCSR15,2020-27,4.15141336755104,Epidemic intelligence subnational data
Norway,Møre Og Romsdal,NOCSR15,2020-28,1.88700607615957,Epidemic intelligence subnational data
Norway,Møre Og Romsdal,NOCSR15,2020-29,0.377401215231913,Epidemic intelligence subnational data
Norway,Møre Og Romsdal,NOCSR15,2020-30,0,Epidemic intelligence subnational data
Norway,Møre Og Romsdal,NOCSR15,2020-31,0.754802430463826,Epidemic intelligence subnational data
Norway,Møre Og Romsdal,NOCSR15,2020-32,1.88700607615957,Epidemic intelligence subnational data
Norway,Møre Og Romsdal,NOCSR15,2020-33,3.0192097218553,Epidemic intelligence subnational data
Norway,Møre Og Romsdal,NOCSR15,2020-34,4.52881458278296,Epidemic intelligence subnational data
Norway,Møre Og Romsdal,NOCSR15,2020-35,5.28361701324678,Epidemic intelligence subnational data
Norway,Møre Og Romsdal,NOCSR15,2020-36,4.90621579801487,Epidemic intelligence subnational data
Norway,Møre Og Romsdal,NOCSR15,2020-37,4.15141336755104,Epidemic intelligence subnational data
Norway,Møre Og Romsdal,NOCSR15,2020-38,4.52881458278296,Epidemic intelligence subnational data
Norway,Møre Og Romsdal,NOCSR15,2020-39,7.17062308940635,Epidemic intelligence subnational data
Norway,Møre Og Romsdal,NOCSR15,2020-40,23.0214741291467,Epidemic intelligence subnational data
Norway,Møre Og Romsdal,NOCSR15,2020-41,33.5887081556403,Epidemic intelligence subnational data
Norway,Møre Og Romsdal,NOCSR15,2020-42,25.6632826357701,Epidemic intelligence subnational data
Norway,Møre Og Romsdal,NOCSR15,2020-43,28.3050911423935,Epidemic intelligence subnational data
Norway,Møre Og Romsdal,NOCSR15,2020-44,46.0429482582934,Epidemic intelligence subnational data
Norway,Møre Og Romsdal,NOCSR15,2020-45,50.1943616258444,Epidemic intelligence subnational data
Norway,Møre Og Romsdal,NOCSR15,2020-46,37.3627203079594,Epidemic intelligence subnational data
Norway,Møre Og Romsdal,NOCSR15,2020-47,38.872325168887,Epidemic intelligence subnational data
Norway,Møre Og Romsdal,NOCSR15,2020-48,38.872325168887,Epidemic intelligence subnational data
Norway,Møre Og Romsdal,NOCSR15,2020-49,29.0598935728573,Epidemic intelligence subnational data
Norway,Møre Og Romsdal,NOCSR15,2020-50,33.9661093708722,Epidemic intelligence subnational data
Norway,Møre Og Romsdal,NOCSR15,2020-51,31.7017020794807,Epidemic intelligence subnational data
Norway,Møre Og Romsdal,NOCSR15,2020-52,41.1367324602785,Epidemic intelligence subnational data
Norway,Møre Og Romsdal,NOCSR15,2020-53,67.5548175265124,Epidemic intelligence subnational data
Norway,Møre Og Romsdal,NOCSR15,2021-01,80.7638600596294,Epidemic intelligence subnational data
Norway,Møre Og Romsdal,NOCSR15,2021-02,66.4226138808167,Epidemic intelligence subnational data
Norway,Møre Og Romsdal,NOCSR15,2021-03,40.3819300298147,Epidemic intelligence subnational data
Norway,Møre Og Romsdal,NOCSR15,2021-04,30.569498433785,Epidemic intelligence subnational data
Norway,Møre Og Romsdal,NOCSR15,2021-05,24.1536777748424,Epidemic intelligence subnational data
Norway,Møre Og Romsdal,NOCSR15,2021-06,15.4734498245084,Epidemic intelligence subnational data
Norway,Møre Og Romsdal,NOCSR15,2021-07,10.1898328112617,Epidemic intelligence subnational data
Norway,Møre Og Romsdal,NOCSR15,2021-08,13.9638449635808,Epidemic intelligence subnational data
Norway,Møre Og Romsdal,NOCSR15,2021-09,18.1152583311318,Epidemic intelligence subnational data
Norway,Møre Og Romsdal,NOCSR15,2021-10,14.7186473940446,Epidemic intelligence subnational data
Norway,Møre Og Romsdal,NOCSR15,2021-11,19.2474619768276,Epidemic intelligence subnational data
Norway,Møre Og Romsdal,NOCSR15,2021-12,41.5141336755104,Epidemic intelligence subnational data
Norway,Møre Og Romsdal,NOCSR15,2021-13,58.8745895761784,Epidemic intelligence subnational data
Norway,Møre Og Romsdal,NOCSR15,2021-14,59.2519907914104,Epidemic intelligence subnational data
Norway,Møre Og Romsdal,NOCSR15,2021-15,47.5525531192211,Epidemic intelligence subnational data
Norway,Møre Og Romsdal,NOCSR15,2021-16,53.2135713476997,Epidemic intelligence subnational data
Norway,Møre Og Romsdal,NOCSR15,2021-17,69.0644223874401,Epidemic intelligence subnational data
Norway,Møre Og Romsdal,NOCSR15,2021-18,63.0260029437295,Epidemic intelligence subnational data
Norway,Møre Og Romsdal,NOCSR15,2021-19,35.4757142317998,Epidemic intelligence subnational data
Norway,Møre Og Romsdal,NOCSR15,2021-20,33.5887081556403,Epidemic intelligence subnational data
Norway,Møre Og Romsdal,NOCSR15,2021-21,46.4203494735253,Epidemic intelligence subnational data
Norway,Møre Og Romsdal,NOCSR15,2021-22,29.0598935728573,Epidemic intelligence subnational data
Norway,Møre Og Romsdal,NOCSR15,2021-23,12.0768388874212,Epidemic intelligence subnational data
Norway,Møre Og Romsdal,NOCSR15,2021-24,9.43503038079783,Epidemic intelligence subnational data
Norway,Møre Og Romsdal,NOCSR15,2021-25,13.209042533117,Epidemic intelligence subnational data
Norway,Møre Og Romsdal,NOCSR15,2021-26,14.3412461788127,Epidemic intelligence subnational data
Norway,Møre Og Romsdal,NOCSR15,2021-27,9.81243159602974,Epidemic intelligence subnational data
Norway,Møre Og Romsdal,NOCSR15,2021-28,9.05762916556591,Epidemic intelligence subnational data
Norway,Møre Og Romsdal,NOCSR15,2021-29,33.5887081556403,Epidemic intelligence subnational data
Norway,Møre Og Romsdal,NOCSR15,2021-30,120.768388874212,Epidemic intelligence subnational data
Norway,Møre Og Romsdal,NOCSR15,2021-31,147.186473940446,Epidemic intelligence subnational data
Norway,Møre Og Romsdal,NOCSR15,2021-32,117.371777937125,Epidemic intelligence subnational data
Norway,Møre Og Romsdal,NOCSR15,2021-33,127.561610748387,Epidemic intelligence subnational data
Norway,Møre Og Romsdal,NOCSR15,2021-34,170.585349284825,Epidemic intelligence subnational data
Norway,Møre Og Romsdal,NOCSR15,2021-35,230.214741291467,Epidemic intelligence subnational data
Norway,Møre Og Romsdal,NOCSR15,2021-36,230.214741291467,Epidemic intelligence subnational data
Norway,Møre Og Romsdal,NOCSR15,2021-37,153.602294599389,Epidemic intelligence subnational data
Norway,Møre Og Romsdal,NOCSR15,2021-38,83.0282673510209,Epidemic intelligence subnational data
Norway,Møre Og Romsdal,NOCSR15,2021-39,70.5740272483677,Epidemic intelligence subnational data
Norway,Møre Og Romsdal,NOCSR15,2021-40,80.0090576291656,Epidemic intelligence subnational data
Norway,Møre Og Romsdal,NOCSR15,2021-41,75.4802430463826,Epidemic intelligence subnational data
Norway,Møre Og Romsdal,NOCSR15,2021-42,92.0858965165868,Epidemic intelligence subnational data
Norway,Møre Og Romsdal,NOCSR15,2021-43,138.883647205344,Epidemic intelligence subnational data
Norway,Møre Og Romsdal,NOCSR15,2021-44,186.813601539797,Epidemic intelligence subnational data
Norway,Møre Og Romsdal,NOCSR15,2021-45,262.29384458618,Epidemic intelligence subnational data
Norway,Møre Og Romsdal,NOCSR15,2021-46,312.488206212024,Epidemic intelligence subnational data
Norway,Møre Og Romsdal,NOCSR15,2021-47,361.927765407405,Epidemic intelligence subnational data
Norway,Møre Og Romsdal,NOCSR15,2021-48,417.783145261728,Epidemic intelligence subnational data
Norway,Møre Og Romsdal,NOCSR15,2021-49,454.391063139223,Epidemic intelligence subnational data
Norway,Møre Og Romsdal,NOCSR15,2021-50,412.499528248481,Epidemic intelligence subnational data
Norway,Møre Og Romsdal,NOCSR15,2021-51,362.305166622637,Epidemic intelligence subnational data
Norway,Møre Og Romsdal,NOCSR15,2021-52,449.484847341208,Epidemic intelligence subnational data
Norway,Møre Og Romsdal,NOCSR15,2022-01,671.019360682341,Epidemic intelligence subnational data
Norway,Møre Og Romsdal,NOCSR15,2022-02,946.522247801638,Epidemic intelligence subnational data
Norway,Møre Og Romsdal,NOCSR15,2022-03,1369.58901007661,Epidemic intelligence subnational data
Norway,Møre Og Romsdal,NOCSR15,2022-04,2222.1383552855,Epidemic intelligence subnational data
Norway,Nordland,NOCSR18,2020-15,,Epidemic intelligence subnational data
Norway,Nordland,NOCSR18,2020-16,10.7382106836936,Epidemic intelligence subnational data
Norway,Nordland,NOCSR18,2020-17,4.13008103218985,Epidemic intelligence subnational data
Norway,Nordland,NOCSR18,2020-18,2.06504051609493,Epidemic intelligence subnational data
Norway,Nordland,NOCSR18,2020-19,0.82601620643797,Epidemic intelligence subnational data
Norway,Nordland,NOCSR18,2020-20,0.82601620643797,Epidemic intelligence subnational data
Norway,Nordland,NOCSR18,2020-21,2.06504051609493,Epidemic intelligence subnational data
Norway,Nordland,NOCSR18,2020-22,1.65203241287594,Epidemic intelligence subnational data
Norway,Nordland,NOCSR18,2020-23,0,Epidemic intelligence subnational data
Norway,Nordland,NOCSR18,2020-24,0.413008103218985,Epidemic intelligence subnational data
Norway,Nordland,NOCSR18,2020-25,1.65203241287594,Epidemic intelligence subnational data
Norway,Nordland,NOCSR18,2020-26,2.06504051609493,Epidemic intelligence subnational data
Norway,Nordland,NOCSR18,2020-27,1.23902430965696,Epidemic intelligence subnational data
Norway,Nordland,NOCSR18,2020-28,1.23902430965696,Epidemic intelligence subnational data
Norway,Nordland,NOCSR18,2020-29,0.82601620643797,Epidemic intelligence subnational data
Norway,Nordland,NOCSR18,2020-30,0,Epidemic intelligence subnational data
Norway,Nordland,NOCSR18,2020-31,0.413008103218985,Epidemic intelligence subnational data
Norway,Nordland,NOCSR18,2020-32,3.30406482575188,Epidemic intelligence subnational data
Norway,Nordland,NOCSR18,2020-33,5.78211344506579,Epidemic intelligence subnational data
Norway,Nordland,NOCSR18,2020-34,15.6943079223214,Epidemic intelligence subnational data
Norway,Nordland,NOCSR18,2020-35,14.8682917158835,Epidemic intelligence subnational data
Norway,Nordland,NOCSR18,2020-36,3.71707292897087,Epidemic intelligence subnational data
Norway,Nordland,NOCSR18,2020-37,8.2601620643797,Epidemic intelligence subnational data
Norway,Nordland,NOCSR18,2020-38,9.49918637403666,Epidemic intelligence subnational data
Norway,Nordland,NOCSR18,2020-39,4.54308913540884,Epidemic intelligence subnational data
Norway,Nordland,NOCSR18,2020-40,4.13008103218985,Epidemic intelligence subnational data
Norway,Nordland,NOCSR18,2020-41,5.36910534184681,Epidemic intelligence subnational data
Norway,Nordland,NOCSR18,2020-42,7.84715396116072,Epidemic intelligence subnational data
Norway,Nordland,NOCSR18,2020-43,18.1723565416354,Epidemic intelligence subnational data
Norway,Nordland,NOCSR18,2020-44,31.3886158446429,Epidemic intelligence subnational data
Norway,Nordland,NOCSR18,2020-45,60.2991830699718,Epidemic intelligence subnational data
Norway,Nordland,NOCSR18,2020-46,65.2552803085997,Epidemic intelligence subnational data
Norway,Nordland,NOCSR18,2020-47,41.7138184251175,Epidemic intelligence subnational data
Norway,Nordland,NOCSR18,2020-48,30.9756077414239,Epidemic intelligence subnational data
Norway,Nordland,NOCSR18,2020-49,18.9983727480733,Epidemic intelligence subnational data
Norway,Nordland,NOCSR18,2020-50,23.9544699867011,Epidemic intelligence subnational data
Norway,Nordland,NOCSR18,2020-51,24.7804861931391,Epidemic intelligence subnational data
Norway,Nordland,NOCSR18,2020-52,15.6943079223214,Epidemic intelligence subnational data
Norway,Nordland,NOCSR18,2020-53,30.9756077414239,Epidemic intelligence subnational data
Norway,Nordland,NOCSR18,2021-01,64.8422722053807,Epidemic intelligence subnational data
Norway,Nordland,NOCSR18,2021-02,54.1040615216871,Epidemic intelligence subnational data
Norway,Nordland,NOCSR18,2021-03,42.9528427347745,Epidemic intelligence subnational data
Norway,Nordland,NOCSR18,2021-04,49.5609723862782,Epidemic intelligence subnational data
Norway,Nordland,NOCSR18,2021-05,32.2146320510808,Epidemic intelligence subnational data
Norway,Nordland,NOCSR18,2021-06,25.6065023995771,Epidemic intelligence subnational data
Norway,Nordland,NOCSR18,2021-07,24.7804861931391,Epidemic intelligence subnational data
Norway,Nordland,NOCSR18,2021-08,50.7999966959352,Epidemic intelligence subnational data
Norway,Nordland,NOCSR18,2021-09,71.4504018568844,Epidemic intelligence subnational data
Norway,Nordland,NOCSR18,2021-10,61.1251992764098,Epidemic intelligence subnational data
Norway,Nordland,NOCSR18,2021-11,54.1040615216871,Epidemic intelligence subnational data
Norway,Nordland,NOCSR18,2021-12,36.7577211864897,Epidemic intelligence subnational data
Norway,Nordland,NOCSR18,2021-13,20.6504051609493,Epidemic intelligence subnational data
Norway,Nordland,NOCSR18,2021-14,20.6504051609493,Epidemic intelligence subnational data
Norway,Nordland,NOCSR18,2021-15,26.4325186060151,Epidemic intelligence subnational data
Norway,Nordland,NOCSR18,2021-16,24.3674780899201,Epidemic intelligence subnational data
Norway,Nordland,NOCSR18,2021-17,16.1073160255404,Epidemic intelligence subnational data
Norway,Nordland,NOCSR18,2021-18,14.0422755094455,Epidemic intelligence subnational data
Norway,Nordland,NOCSR18,2021-19,14.4552836126645,Epidemic intelligence subnational data
Norway,Nordland,NOCSR18,2021-20,22.7154456770442,Epidemic intelligence subnational data
Norway,Nordland,NOCSR18,2021-21,25.6065023995771,Epidemic intelligence subnational data
Norway,Nordland,NOCSR18,2021-22,17.3463403351974,Epidemic intelligence subnational data
Norway,Nordland,NOCSR18,2021-23,11.9772349933506,Epidemic intelligence subnational data
Norway,Nordland,NOCSR18,2021-24,15.6943079223214,Epidemic intelligence subnational data
Norway,Nordland,NOCSR18,2021-25,16.9333322319784,Epidemic intelligence subnational data
Norway,Nordland,NOCSR18,2021-26,22.3024375738252,Epidemic intelligence subnational data
Norway,Nordland,NOCSR18,2021-27,20.6504051609493,Epidemic intelligence subnational data
Norway,Nordland,NOCSR18,2021-28,9.49918637403666,Epidemic intelligence subnational data
Norway,Nordland,NOCSR18,2021-29,51.2130047991542,Epidemic intelligence subnational data
Norway,Nordland,NOCSR18,2021-30,65.2552803085997,Epidemic intelligence subnational data
Norway,Nordland,NOCSR18,2021-31,69.7983694440085,Epidemic intelligence subnational data
Norway,Nordland,NOCSR18,2021-32,81.3625963341401,Epidemic intelligence subnational data
Norway,Nordland,NOCSR18,2021-33,64.8422722053807,Epidemic intelligence subnational data
Norway,Nordland,NOCSR18,2021-34,102.013001495089,Epidemic intelligence subnational data
Norway,Nordland,NOCSR18,2021-35,124.315439068915,Epidemic intelligence subnational data
Norway,Nordland,NOCSR18,2021-36,110.686171662688,Epidemic intelligence subnational data
Norway,Nordland,NOCSR18,2021-37,117.294301314192,Epidemic intelligence subnational data
Norway,Nordland,NOCSR18,2021-38,127.619503894666,Epidemic intelligence subnational data
Norway,Nordland,NOCSR18,2021-39,108.621131146593,Epidemic intelligence subnational data
Norway,Nordland,NOCSR18,2021-40,91.2747908113957,Epidemic intelligence subnational data
Norway,Nordland,NOCSR18,2021-41,103.252025804746,Epidemic intelligence subnational data
Norway,Nordland,NOCSR18,2021-42,112.751212178783,Epidemic intelligence subnational data
Norway,Nordland,NOCSR18,2021-43,176.767468177726,Epidemic intelligence subnational data
Norway,Nordland,NOCSR18,2021-44,286.214615530757,Epidemic intelligence subnational data
Norway,Nordland,NOCSR18,2021-45,320.907296201151,Epidemic intelligence subnational data
Norway,Nordland,NOCSR18,2021-46,344.035749981415,Epidemic intelligence subnational data
Norway,Nordland,NOCSR18,2021-47,371.294284793868,Epidemic intelligence subnational data
Norway,Nordland,NOCSR18,2021-48,383.271519787218,Epidemic intelligence subnational data
Norway,Nordland,NOCSR18,2021-49,388.227617025846,Epidemic intelligence subnational data
Norway,Nordland,NOCSR18,2021-50,384.097535993656,Epidemic intelligence subnational data
Norway,Nordland,NOCSR18,2021-51,344.448758084634,Epidemic intelligence subnational data
Norway,Nordland,NOCSR18,2021-52,372.120301000306,Epidemic intelligence subnational data
Norway,Nordland,NOCSR18,2022-01,582.341425538769,Epidemic intelligence subnational data
Norway,Nordland,NOCSR18,2022-02,999.892617893163,Epidemic intelligence subnational data
Norway,Nordland,NOCSR18,2022-03,1747.43728471953,Epidemic intelligence subnational data
Norway,Nordland,NOCSR18,2022-04,2399.5770797023,Epidemic intelligence subnational data
Norway,Viken,NOCSR30,2020-15,,Epidemic intelligence subnational data
Norway,Viken,NOCSR30,2020-16,23.6290082742269,Epidemic intelligence subnational data
Norway,Viken,NOCSR30,2020-17,14.0144462867828,Epidemic intelligence subnational data
Norway,Viken,NOCSR30,2020-18,12.6292975258799,Epidemic intelligence subnational data
Norway,Viken,NOCSR30,2020-19,12.3033801703733,Epidemic intelligence subnational data
Norway,Viken,NOCSR30,2020-20,9.20716529306081,Epidemic intelligence subnational data
Norway,Viken,NOCSR30,2020-21,7.1701818211447,Epidemic intelligence subnational data
Norway,Viken,NOCSR30,2020-22,5.37763636585853,Epidemic intelligence subnational data
Norway,Viken,NOCSR30,2020-23,3.82952892720229,Epidemic intelligence subnational data
Norway,Viken,NOCSR30,2020-24,3.58509091057235,Epidemic intelligence subnational data
Norway,Viken,NOCSR30,2020-25,4.48136363821544,Epidemic intelligence subnational data
Norway,Viken,NOCSR30,2020-26,8.39237190429437,Epidemic intelligence subnational data
Norway,Viken,NOCSR30,2020-27,7.33314049889799,Epidemic intelligence subnational data
Norway,Viken,NOCSR30,2020-28,3.34065289394242,Epidemic intelligence subnational data
Norway,Viken,NOCSR30,2020-29,3.01473553843584,Epidemic intelligence subnational data
Norway,Viken,NOCSR30,2020-30,5.37763636585853,Epidemic intelligence subnational data
Norway,Viken,NOCSR30,2020-31,7.25166116002135,Epidemic intelligence subnational data
Norway,Viken,NOCSR30,2020-32,14.666280997796,Epidemic intelligence subnational data
Norway,Viken,NOCSR30,2020-33,22.8956942243371,Epidemic intelligence subnational data
Norway,Viken,NOCSR30,2020-34,16.2143884364522,Epidemic intelligence subnational data
Norway,Viken,NOCSR30,2020-35,12.3848595092499,Epidemic intelligence subnational data
Norway,Viken,NOCSR30,2020-36,33.0806115839176,Epidemic intelligence subnational data
Norway,Viken,NOCSR30,2020-37,43.5914462990047,Epidemic intelligence subnational data
Norway,Viken,NOCSR30,2020-38,32.2658181951512,Epidemic intelligence subnational data
Norway,Viken,NOCSR30,2020-39,26.0733884405262,Epidemic intelligence subnational data
Norway,Viken,NOCSR30,2020-40,21.5920248023108,Epidemic intelligence subnational data
Norway,Viken,NOCSR30,2020-41,30.5547520787416,Epidemic intelligence subnational data
Norway,Viken,NOCSR30,2020-42,38.3767686108995,Epidemic intelligence subnational data
Norway,Viken,NOCSR30,2020-43,60.4576694464701,Epidemic intelligence subnational data
Norway,Viken,NOCSR30,2020-44,101.849173595805,Epidemic intelligence subnational data
Norway,Viken,NOCSR30,2020-45,155.951454609897,Epidemic intelligence subnational data
Norway,Viken,NOCSR30,2020-46,208.261190168703,Epidemic intelligence subnational data
Norway,Viken,NOCSR30,2020-47,220.23865298357,Epidemic intelligence subnational data
Norway,Viken,NOCSR30,2020-48,214.861016617711,Epidemic intelligence subnational data
Norway,Viken,NOCSR30,2020-49,188.054314127295,Epidemic intelligence subnational data
Norway,Viken,NOCSR30,2020-50,185.691413299873,Epidemic intelligence subnational data
Norway,Viken,NOCSR30,2020-51,193.839347187537,Epidemic intelligence subnational data
Norway,Viken,NOCSR30,2020-52,176.402768667935,Epidemic intelligence subnational data
Norway,Viken,NOCSR30,2020-53,178.032355445468,Epidemic intelligence subnational data
Norway,Viken,NOCSR30,2021-01,203.127991819474,Epidemic intelligence subnational data
Norway,Viken,NOCSR30,2021-02,185.935851316502,Epidemic intelligence subnational data
Norway,Viken,NOCSR30,2021-03,149.433107499766,Epidemic intelligence subnational data
Norway,Viken,NOCSR30,2021-04,135.744578568489,Epidemic intelligence subnational data
Norway,Viken,NOCSR30,2021-05,124.907826497896,Epidemic intelligence subnational data
Norway,Viken,NOCSR30,2021-06,123.685636414746,Epidemic intelligence subnational data
Norway,Viken,NOCSR30,2021-07,103.886157067722,Epidemic intelligence subnational data
Norway,Viken,NOCSR30,2021-08,133.218719063314,Epidemic intelligence subnational data
Norway,Viken,NOCSR30,2021-09,205.164975291391,Epidemic intelligence subnational data
Norway,Viken,NOCSR30,2021-10,295.770000122219,Epidemic intelligence subnational data
Norway,Viken,NOCSR30,2021-11,399.167281156681,Epidemic intelligence subnational data
Norway,Viken,NOCSR30,2021-12,405.115272894676,Epidemic intelligence subnational data
Norway,Viken,NOCSR30,2021-13,373.338330732784,Epidemic intelligence subnational data
Norway,Viken,NOCSR30,2021-14,379.449281148533,Epidemic intelligence subnational data
Norway,Viken,NOCSR30,2021-15,291.533074500634,Epidemic intelligence subnational data
Norway,Viken,NOCSR30,2021-16,180.150818256261,Epidemic intelligence subnational data
Norway,Viken,NOCSR30,2021-17,142.751801711881,Epidemic intelligence subnational data
Norway,Viken,NOCSR30,2021-18,127.922562036332,Epidemic intelligence subnational data
Norway,Viken,NOCSR30,2021-19,120.507942198557,Epidemic intelligence subnational data
Norway,Viken,NOCSR30,2021-20,109.182314094703,Epidemic intelligence subnational data
Norway,Viken,NOCSR30,2021-21,91.7457355751016,Epidemic intelligence subnational data
Norway,Viken,NOCSR30,2021-22,63.472404984906,Epidemic intelligence subnational data
Norway,Viken,NOCSR30,2021-23,44.7321570432778,Epidemic intelligence subnational data
Norway,Viken,NOCSR30,2021-24,32.8361735672877,Epidemic intelligence subnational data
Norway,Viken,NOCSR30,2021-25,28.8436859623321,Epidemic intelligence subnational data
Norway,Viken,NOCSR30,2021-26,40.5767107605689,Epidemic intelligence subnational data
Norway,Viken,NOCSR30,2021-27,52.3912148976823,Epidemic intelligence subnational data
Norway,Viken,NOCSR30,2021-28,51.9838182032991,Epidemic intelligence subnational data
Norway,Viken,NOCSR30,2021-29,56.3837025026379,Epidemic intelligence subnational data
Norway,Viken,NOCSR30,2021-30,66.4871405233418,Epidemic intelligence subnational data
Norway,Viken,NOCSR30,2021-31,80.1756694546181,Epidemic intelligence subnational data
Norway,Viken,NOCSR30,2021-32,115.374743849328,Epidemic intelligence subnational data
Norway,Viken,NOCSR30,2021-33,172.491760401856,Epidemic intelligence subnational data
Norway,Viken,NOCSR30,2021-34,304.73272739865,Epidemic intelligence subnational data
Norway,Viken,NOCSR30,2021-35,472.091289451277,Epidemic intelligence subnational data
Norway,Viken,NOCSR30,2021-36,534.097066336404,Epidemic intelligence subnational data
Norway,Viken,NOCSR30,2021-37,429.722033235422,Epidemic intelligence subnational data
Norway,Viken,NOCSR30,2021-38,292.755264583783,Epidemic intelligence subnational data
Norway,Viken,NOCSR30,2021-39,212.009239757029,Epidemic intelligence subnational data
Norway,Viken,NOCSR30,2021-40,147.559082705603,Epidemic intelligence subnational data
Norway,Viken,NOCSR30,2021-41,129.552148813865,Epidemic intelligence subnational data
Norway,Viken,NOCSR30,2021-42,166.625248002738,Epidemic intelligence subnational data
Norway,Viken,NOCSR30,2021-43,245.2528100187,Epidemic intelligence subnational data
Norway,Viken,NOCSR30,2021-44,320.539719140719,Epidemic intelligence subnational data
Norway,Viken,NOCSR30,2021-45,434.366355551391,Epidemic intelligence subnational data
Norway,Viken,NOCSR30,2021-46,611.013562235956,Epidemic intelligence subnational data
Norway,Viken,NOCSR30,2021-47,803.793678018097,Epidemic intelligence subnational data
Norway,Viken,NOCSR30,2021-48,1095.32675251873,Epidemic intelligence subnational data
Norway,Viken,NOCSR30,2021-49,1515.59718244446,Epidemic intelligence subnational data
Norway,Viken,NOCSR30,2021-50,1709.92540566526,Epidemic intelligence subnational data
Norway,Viken,NOCSR30,2021-51,1404.8667609111,Epidemic intelligence subnational data
Norway,Viken,NOCSR30,2021-52,1143.5625211337,Epidemic intelligence subnational data
Norway,Viken,NOCSR30,2022-01,1602.04676099258,Epidemic intelligence subnational data
Norway,Viken,NOCSR30,2022-02,2880.05019127275,Epidemic intelligence subnational data
Norway,Viken,NOCSR30,2022-03,4782.02239867026,Epidemic intelligence subnational data
Norway,Viken,NOCSR30,2022-04,6414.78687041933,Epidemic intelligence subnational data
Norway,Innlandet,NOCSR34,2020-15,,Epidemic intelligence subnational data
Norway,Innlandet,NOCSR34,2020-16,9.97159443099926,Epidemic intelligence subnational data
Norway,Innlandet,NOCSR34,2020-17,7.81557401348591,Epidemic intelligence subnational data
Norway,Innlandet,NOCSR34,2020-18,9.43258932662092,Epidemic intelligence subnational data
Norway,Innlandet,NOCSR34,2020-19,9.43258932662092,Epidemic intelligence subnational data
Norway,Innlandet,NOCSR34,2020-20,7.27656890910757,Epidemic intelligence subnational data
Norway,Innlandet,NOCSR34,2020-21,6.46806125254006,Epidemic intelligence subnational data
Norway,Innlandet,NOCSR34,2020-22,7.54607146129674,Epidemic intelligence subnational data
Norway,Innlandet,NOCSR34,2020-23,5.39005104378338,Epidemic intelligence subnational data
Norway,Innlandet,NOCSR34,2020-24,1.34751276094585,Epidemic intelligence subnational data
Norway,Innlandet,NOCSR34,2020-25,0.808507656567508,Epidemic intelligence subnational data
Norway,Innlandet,NOCSR34,2020-26,0.539005104378339,Epidemic intelligence subnational data
Norway,Innlandet,NOCSR34,2020-27,0.269502552189169,Epidemic intelligence subnational data
Norway,Innlandet,NOCSR34,2020-28,-1.88651786532419,Epidemic intelligence subnational data
Norway,Innlandet,NOCSR34,2020-29,-1.07801020875668,Epidemic intelligence subnational data
Norway,Innlandet,NOCSR34,2020-30,1.88651786532419,Epidemic intelligence subnational data
Norway,Innlandet,NOCSR34,2020-31,2.96452807408086,Epidemic intelligence subnational data
Norway,Innlandet,NOCSR34,2020-32,3.5035331784592,Epidemic intelligence subnational data
Norway,Innlandet,NOCSR34,2020-33,7.54607146129674,Epidemic intelligence subnational data
Norway,Innlandet,NOCSR34,2020-34,7.27656890910757,Epidemic intelligence subnational data
Norway,Innlandet,NOCSR34,2020-35,7.54607146129674,Epidemic intelligence subnational data
Norway,Innlandet,NOCSR34,2020-36,10.7801020875668,Epidemic intelligence subnational data
Norway,Innlandet,NOCSR34,2020-37,7.81557401348591,Epidemic intelligence subnational data
Norway,Innlandet,NOCSR34,2020-38,9.43258932662092,Epidemic intelligence subnational data
Norway,Innlandet,NOCSR34,2020-39,15.3616454747827,Epidemic intelligence subnational data
Norway,Innlandet,NOCSR34,2020-40,20.4821939663769,Epidemic intelligence subnational data
Norway,Innlandet,NOCSR34,2020-41,18.3261735488635,Epidemic intelligence subnational data
Norway,Innlandet,NOCSR34,2020-42,14.283635266026,Epidemic intelligence subnational data
Norway,Innlandet,NOCSR34,2020-43,53.9005104378338,Epidemic intelligence subnational data
Norway,Innlandet,NOCSR34,2020-44,111.035051501938,Epidemic intelligence subnational data
Norway,Innlandet,NOCSR34,2020-45,115.077589784775,Epidemic intelligence subnational data
Norway,Innlandet,NOCSR34,2020-46,82.1982784176966,Epidemic intelligence subnational data
Norway,Innlandet,NOCSR34,2020-47,59.8295665859956,Epidemic intelligence subnational data
Norway,Innlandet,NOCSR34,2020-48,74.9217095085891,Epidemic intelligence subnational data
Norway,Innlandet,NOCSR34,2020-49,90.5528575355609,Epidemic intelligence subnational data
Norway,Innlandet,NOCSR34,2020-50,117.772615306667,Epidemic intelligence subnational data
Norway,Innlandet,NOCSR34,2020-51,150.112921569367,Epidemic intelligence subnational data
Norway,Innlandet,NOCSR34,2020-52,129.091722498612,Epidemic intelligence subnational data
Norway,Innlandet,NOCSR34,2020-53,100.793954518749,Epidemic intelligence subnational data
Norway,Innlandet,NOCSR34,2021-01,93.5173856096417,Epidemic intelligence subnational data
Norway,Innlandet,NOCSR34,2021-02,74.6522069563999,Epidemic intelligence subnational data
Norway,Innlandet,NOCSR34,2021-03,53.9005104378338,Epidemic intelligence subnational data
Norway,Innlandet,NOCSR34,2021-04,33.1488139192678,Epidemic intelligence subnational data
Norway,Innlandet,NOCSR34,2021-05,26.4112501145386,Epidemic intelligence subnational data
Norway,Innlandet,NOCSR34,2021-06,26.9502552189169,Epidemic intelligence subnational data
Norway,Innlandet,NOCSR34,2021-07,18.8651786532418,Epidemic intelligence subnational data
Norway,Innlandet,NOCSR34,2021-08,27.7587628754844,Epidemic intelligence subnational data
Norway,Innlandet,NOCSR34,2021-09,39.0778700674295,Epidemic intelligence subnational data
Norway,Innlandet,NOCSR34,2021-10,47.9714542896721,Epidemic intelligence subnational data
Norway,Innlandet,NOCSR34,2021-11,65.219617629779,Epidemic intelligence subnational data
Norway,Innlandet,NOCSR34,2021-12,74.1132018520215,Epidemic intelligence subnational data
Norway,Innlandet,NOCSR34,2021-13,71.1486737779407,Epidemic intelligence subnational data
Norway,Innlandet,NOCSR34,2021-14,76.8082273739132,Epidemic intelligence subnational data
Norway,Innlandet,NOCSR34,2021-15,83.5457911786425,Epidemic intelligence subnational data
Norway,Innlandet,NOCSR34,2021-16,84.35429883521,Epidemic intelligence subnational data
Norway,Innlandet,NOCSR34,2021-17,88.9358422224259,Epidemic intelligence subnational data
Norway,Innlandet,NOCSR34,2021-18,78.1557401348591,Epidemic intelligence subnational data
Norway,Innlandet,NOCSR34,2021-19,92.7088779530742,Epidemic intelligence subnational data
Norway,Innlandet,NOCSR34,2021-20,149.573916464989,Epidemic intelligence subnational data
Norway,Innlandet,NOCSR34,2021-21,142.83635266026,Epidemic intelligence subnational data
Norway,Innlandet,NOCSR34,2021-22,71.1486737779407,Epidemic intelligence subnational data
Norway,Innlandet,NOCSR34,2021-23,33.9573215758353,Epidemic intelligence subnational data
Norway,Innlandet,NOCSR34,2021-24,34.2268241280245,Epidemic intelligence subnational data
Norway,Innlandet,NOCSR34,2021-25,28.8367730842411,Epidemic intelligence subnational data
Norway,Innlandet,NOCSR34,2021-26,20.2126914141877,Epidemic intelligence subnational data
Norway,Innlandet,NOCSR34,2021-27,24.2552296970252,Epidemic intelligence subnational data
Norway,Innlandet,NOCSR34,2021-28,37.4608547542945,Epidemic intelligence subnational data
Norway,Innlandet,NOCSR34,2021-29,33.9573215758353,Epidemic intelligence subnational data
Norway,Innlandet,NOCSR34,2021-30,29.3757781886195,Epidemic intelligence subnational data
Norway,Innlandet,NOCSR34,2021-31,48.5104593940505,Epidemic intelligence subnational data
Norway,Innlandet,NOCSR34,2021-32,69.5316584648057,Epidemic intelligence subnational data
Norway,Innlandet,NOCSR34,2021-33,104.297487697209,Epidemic intelligence subnational data
Norway,Innlandet,NOCSR34,2021-34,180.566709966743,Epidemic intelligence subnational data
Norway,Innlandet,NOCSR34,2021-35,193.233329919634,Epidemic intelligence subnational data
Norway,Innlandet,NOCSR34,2021-36,147.687398599665,Epidemic intelligence subnational data
Norway,Innlandet,NOCSR34,2021-37,128.283214842044,Epidemic intelligence subnational data
Norway,Innlandet,NOCSR34,2021-38,125.318686767964,Epidemic intelligence subnational data
Norway,Innlandet,NOCSR34,2021-39,102.141467279695,Epidemic intelligence subnational data
Norway,Innlandet,NOCSR34,2021-40,59.5600640338064,Epidemic intelligence subnational data
Norway,Innlandet,NOCSR34,2021-41,40.6948853805646,Epidemic intelligence subnational data
Norway,Innlandet,NOCSR34,2021-42,54.7090180944014,Epidemic intelligence subnational data
Norway,Innlandet,NOCSR34,2021-43,112.921569367262,Epidemic intelligence subnational data
Norway,Innlandet,NOCSR34,2021-44,208.325472842228,Epidemic intelligence subnational data
Norway,Innlandet,NOCSR34,2021-45,235.545230613334,Epidemic intelligence subnational data
Norway,Innlandet,NOCSR34,2021-46,236.623240822091,Epidemic intelligence subnational data
Norway,Innlandet,NOCSR34,2021-47,328.254108566408,Epidemic intelligence subnational data
Norway,Innlandet,NOCSR34,2021-48,464.622399974128,Epidemic intelligence subnational data
Norway,Innlandet,NOCSR34,2021-49,590.48009184647,Epidemic intelligence subnational data
Norway,Innlandet,NOCSR34,2021-50,636.834530823007,Epidemic intelligence subnational data
Norway,Innlandet,NOCSR34,2021-51,549.785206465905,Epidemic intelligence subnational data
Norway,Innlandet,NOCSR34,2021-52,503.430767489368,Epidemic intelligence subnational data
Norway,Innlandet,NOCSR34,2022-01,847.046521530559,Epidemic intelligence subnational data
Norway,Innlandet,NOCSR34,2022-02,1547.48365467021,Epidemic intelligence subnational data
Norway,Innlandet,NOCSR34,2022-03,2559.46573814054,Epidemic intelligence subnational data
Norway,Innlandet,NOCSR34,2022-04,3694.07148285694,Epidemic intelligence subnational data
Norway,Vestfold Og Telemark,NOCSR38,2020-15,,Epidemic intelligence subnational data
Norway,Vestfold Og Telemark,NOCSR38,2020-16,6.94259906969173,Epidemic intelligence subnational data
Norway,Vestfold Og Telemark,NOCSR38,2020-17,4.78799935840809,Epidemic intelligence subnational data
Norway,Vestfold Og Telemark,NOCSR38,2020-18,3.59099951880606,Epidemic intelligence subnational data
Norway,Vestfold Og Telemark,NOCSR38,2020-19,1.91519974336323,Epidemic intelligence subnational data
Norway,Vestfold Og Telemark,NOCSR38,2020-20,0.957599871681617,Epidemic intelligence subnational data
Norway,Vestfold Og Telemark,NOCSR38,2020-21,1.67579977544283,Epidemic intelligence subnational data
Norway,Vestfold Og Telemark,NOCSR38,2020-22,1.19699983960202,Epidemic intelligence subnational data
Norway,Vestfold Og Telemark,NOCSR38,2020-23,1.19699983960202,Epidemic intelligence subnational data
Norway,Vestfold Og Telemark,NOCSR38,2020-24,0.957599871681617,Epidemic intelligence subnational data
Norway,Vestfold Og Telemark,NOCSR38,2020-25,1.19699983960202,Epidemic intelligence subnational data
Norway,Vestfold Og Telemark,NOCSR38,2020-26,1.19699983960202,Epidemic intelligence subnational data
Norway,Vestfold Og Telemark,NOCSR38,2020-27,0.718199903761213,Epidemic intelligence subnational data
Norway,Vestfold Og Telemark,NOCSR38,2020-28,1.19699983960202,Epidemic intelligence subnational data
Norway,Vestfold Og Telemark,NOCSR38,2020-29,0.478799935840809,Epidemic intelligence subnational data
Norway,Vestfold Og Telemark,NOCSR38,2020-30,1.43639980752243,Epidemic intelligence subnational data
Norway,Vestfold Og Telemark,NOCSR38,2020-31,3.11219958296526,Epidemic intelligence subnational data
Norway,Vestfold Og Telemark,NOCSR38,2020-32,5.02739932632849,Epidemic intelligence subnational data
Norway,Vestfold Og Telemark,NOCSR38,2020-33,7.66079897345294,Epidemic intelligence subnational data
Norway,Vestfold Og Telemark,NOCSR38,2020-34,5.98499919801011,Epidemic intelligence subnational data
Norway,Vestfold Og Telemark,NOCSR38,2020-35,3.59099951880606,Epidemic intelligence subnational data
Norway,Vestfold Og Telemark,NOCSR38,2020-36,3.59099951880606,Epidemic intelligence subnational data
Norway,Vestfold Og Telemark,NOCSR38,2020-37,5.5061992621693,Epidemic intelligence subnational data
Norway,Vestfold Og Telemark,NOCSR38,2020-38,7.90019894137334,Epidemic intelligence subnational data
Norway,Vestfold Og Telemark,NOCSR38,2020-39,8.85779881305496,Epidemic intelligence subnational data
Norway,Vestfold Og Telemark,NOCSR38,2020-40,10.7729985564182,Epidemic intelligence subnational data
Norway,Vestfold Og Telemark,NOCSR38,2020-41,16.0397978506671,Epidemic intelligence subnational data
Norway,Vestfold Og Telemark,NOCSR38,2020-42,19.3913974015528,Epidemic intelligence subnational data
Norway,Vestfold Og Telemark,NOCSR38,2020-43,21.5459971128364,Epidemic intelligence subnational data
Norway,Vestfold Og Telemark,NOCSR38,2020-44,30.1643959579709,Epidemic intelligence subnational data
Norway,Vestfold Og Telemark,NOCSR38,2020-45,53.864992782091,Epidemic intelligence subnational data
Norway,Vestfold Og Telemark,NOCSR38,2020-46,77.0867896703702,Epidemic intelligence subnational data
Norway,Vestfold Og Telemark,NOCSR38,2020-47,75.6503898628478,Epidemic intelligence subnational data
Norway,Vestfold Og Telemark,NOCSR38,2020-48,61.7651917234643,Epidemic intelligence subnational data
Norway,Vestfold Og Telemark,NOCSR38,2020-49,55.7801925254542,Epidemic intelligence subnational data
Norway,Vestfold Og Telemark,NOCSR38,2020-50,73.0169902157233,Epidemic intelligence subnational data
Norway,Vestfold Og Telemark,NOCSR38,2020-51,116.108984441396,Epidemic intelligence subnational data
Norway,Vestfold Og Telemark,NOCSR38,2020-52,135.500381842949,Epidemic intelligence subnational data
Norway,Vestfold Og Telemark,NOCSR38,2020-53,120.657583831884,Epidemic intelligence subnational data
Norway,Vestfold Og Telemark,NOCSR38,2021-01,128.557782773257,Epidemic intelligence subnational data
Norway,Vestfold Og Telemark,NOCSR38,2021-02,109.166385371704,Epidemic intelligence subnational data
Norway,Vestfold Og Telemark,NOCSR38,2021-03,82.8323889004599,Epidemic intelligence subnational data
Norway,Vestfold Og Telemark,NOCSR38,2021-04,69.4259906969173,Epidemic intelligence subnational data
Norway,Vestfold Og Telemark,NOCSR38,2021-05,47.8799935840809,Epidemic intelligence subnational data
Norway,Vestfold Og Telemark,NOCSR38,2021-06,49.0769934236829,Epidemic intelligence subnational data
Norway,Vestfold Og Telemark,NOCSR38,2021-07,49.7951933274441,Epidemic intelligence subnational data
Norway,Vestfold Og Telemark,NOCSR38,2021-08,65.5955912101908,Epidemic intelligence subnational data
Norway,Vestfold Og Telemark,NOCSR38,2021-09,131.191182420382,Epidemic intelligence subnational data
Norway,Vestfold Og Telemark,NOCSR38,2021-10,217.135770903807,Epidemic intelligence subnational data
Norway,Vestfold Og Telemark,NOCSR38,2021-11,241.315167663768,Epidemic intelligence subnational data
Norway,Vestfold Og Telemark,NOCSR38,2021-12,181.704575651587,Epidemic intelligence subnational data
Norway,Vestfold Og Telemark,NOCSR38,2021-13,120.896983799804,Epidemic intelligence subnational data
Norway,Vestfold Og Telemark,NOCSR38,2021-14,107.251185628341,Epidemic intelligence subnational data
Norway,Vestfold Og Telemark,NOCSR38,2021-15,95.2811872323209,Epidemic intelligence subnational data
Norway,Vestfold Og Telemark,NOCSR38,2021-16,82.5929889325395,Epidemic intelligence subnational data
Norway,Vestfold Og Telemark,NOCSR38,2021-17,117.066584313078,Epidemic intelligence subnational data
Norway,Vestfold Og Telemark,NOCSR38,2021-18,210.193171834115,Epidemic intelligence subnational data
Norway,Vestfold Og Telemark,NOCSR38,2021-19,239.399967920404,Epidemic intelligence subnational data
Norway,Vestfold Og Telemark,NOCSR38,2021-20,218.81157067925,Epidemic intelligence subnational data
Norway,Vestfold Og Telemark,NOCSR38,2021-21,191.280574368403,Epidemic intelligence subnational data
Norway,Vestfold Og Telemark,NOCSR38,2021-22,113.954384730113,Epidemic intelligence subnational data
Norway,Vestfold Og Telemark,NOCSR38,2021-23,79.4807893495742,Epidemic intelligence subnational data
Norway,Vestfold Og Telemark,NOCSR38,2021-24,72.7775902478029,Epidemic intelligence subnational data
Norway,Vestfold Og Telemark,NOCSR38,2021-25,51.7103930708073,Epidemic intelligence subnational data
Norway,Vestfold Og Telemark,NOCSR38,2021-26,42.613194289832,Epidemic intelligence subnational data
Norway,Vestfold Og Telemark,NOCSR38,2021-27,44.0495940973544,Epidemic intelligence subnational data
Norway,Vestfold Og Telemark,NOCSR38,2021-28,37.3463949955831,Epidemic intelligence subnational data
Norway,Vestfold Og Telemark,NOCSR38,2021-29,32.3189956692546,Epidemic intelligence subnational data
Norway,Vestfold Og Telemark,NOCSR38,2021-30,46.204193808638,Epidemic intelligence subnational data
Norway,Vestfold Og Telemark,NOCSR38,2021-31,54.8225926537726,Epidemic intelligence subnational data
Norway,Vestfold Og Telemark,NOCSR38,2021-32,74.4533900232457,Epidemic intelligence subnational data
Norway,Vestfold Og Telemark,NOCSR38,2021-33,120.896983799804,Epidemic intelligence subnational data
Norway,Vestfold Og Telemark,NOCSR38,2021-34,153.93417937282,Epidemic intelligence subnational data
Norway,Vestfold Og Telemark,NOCSR38,2021-35,161.834378314193,Epidemic intelligence subnational data
Norway,Vestfold Og Telemark,NOCSR38,2021-36,177.155976261099,Epidemic intelligence subnational data
Norway,Vestfold Og Telemark,NOCSR38,2021-37,139.809581265516,Epidemic intelligence subnational data
Norway,Vestfold Og Telemark,NOCSR38,2021-38,86.1839884513455,Epidemic intelligence subnational data
Norway,Vestfold Og Telemark,NOCSR38,2021-39,74.9321899590865,Epidemic intelligence subnational data
Norway,Vestfold Og Telemark,NOCSR38,2021-40,66.0743911460316,Epidemic intelligence subnational data
Norway,Vestfold Og Telemark,NOCSR38,2021-41,57.455992300897,Epidemic intelligence subnational data
Norway,Vestfold Og Telemark,NOCSR38,2021-42,67.9895908893948,Epidemic intelligence subnational data
Norway,Vestfold Og Telemark,NOCSR38,2021-43,112.27858495467,Epidemic intelligence subnational data
Norway,Vestfold Og Telemark,NOCSR38,2021-44,162.313178250034,Epidemic intelligence subnational data
Norway,Vestfold Og Telemark,NOCSR38,2021-45,211.390171673717,Epidemic intelligence subnational data
Norway,Vestfold Og Telemark,NOCSR38,2021-46,305.474359066436,Epidemic intelligence subnational data
Norway,Vestfold Og Telemark,NOCSR38,2021-47,479.996935680411,Epidemic intelligence subnational data
Norway,Vestfold Og Telemark,NOCSR38,2021-48,745.012700168298,Epidemic intelligence subnational data
Norway,Vestfold Og Telemark,NOCSR38,2021-49,999.494866067688,Epidemic intelligence subnational data
Norway,Vestfold Og Telemark,NOCSR38,2021-50,1157.25944492723,Epidemic intelligence subnational data
Norway,Vestfold Og Telemark,NOCSR38,2021-51,998.058466260166,Epidemic intelligence subnational data
Norway,Vestfold Og Telemark,NOCSR38,2021-52,785.231894778926,Epidemic intelligence subnational data
Norway,Vestfold Og Telemark,NOCSR38,2022-01,1067.48445695708,Epidemic intelligence subnational data
Norway,Vestfold Og Telemark,NOCSR38,2022-02,2001.14433184666,Epidemic intelligence subnational data
Norway,Vestfold Og Telemark,NOCSR38,2022-03,3359.26034985911,Epidemic intelligence subnational data
Norway,Vestfold Og Telemark,NOCSR38,2022-04,3969.2514681203,Epidemic intelligence subnational data
Norway,Agder,NOCSR42,2020-15,,Epidemic intelligence subnational data
Norway,Agder,NOCSR42,2020-16,19.6564060227228,Epidemic intelligence subnational data
Norway,Agder,NOCSR42,2020-17,15.7251248181782,Epidemic intelligence subnational data
Norway,Agder,NOCSR42,2020-18,9.8282030113614,Epidemic intelligence subnational data
Norway,Agder,NOCSR42,2020-19,4.25888797158994,Epidemic intelligence subnational data
Norway,Agder,NOCSR42,2020-20,1.6380338352269,Epidemic intelligence subnational data
Norway,Agder,NOCSR42,2020-21,0.65521353409076,Epidemic intelligence subnational data
Norway,Agder,NOCSR42,2020-22,0,Epidemic intelligence subnational data
Norway,Agder,NOCSR42,2020-23,1.31042706818152,Epidemic intelligence subnational data
Norway,Agder,NOCSR42,2020-24,1.6380338352269,Epidemic intelligence subnational data
Norway,Agder,NOCSR42,2020-25,1.31042706818152,Epidemic intelligence subnational data
Norway,Agder,NOCSR42,2020-26,0.98282030113614,Epidemic intelligence subnational data
Norway,Agder,NOCSR42,2020-27,0.98282030113614,Epidemic intelligence subnational data
Norway,Agder,NOCSR42,2020-28,0.98282030113614,Epidemic intelligence subnational data
Norway,Agder,NOCSR42,2020-29,0.65521353409076,Epidemic intelligence subnational data
Norway,Agder,NOCSR42,2020-30,1.31042706818152,Epidemic intelligence subnational data
Norway,Agder,NOCSR42,2020-31,0.98282030113614,Epidemic intelligence subnational data
Norway,Agder,NOCSR42,2020-32,1.6380338352269,Epidemic intelligence subnational data
Norway,Agder,NOCSR42,2020-33,8.51777594317988,Epidemic intelligence subnational data
Norway,Agder,NOCSR42,2020-34,10.8110233124975,Epidemic intelligence subnational data
Norway,Agder,NOCSR42,2020-35,8.84538271022526,Epidemic intelligence subnational data
Norway,Agder,NOCSR42,2020-36,9.50059624431602,Epidemic intelligence subnational data
Norway,Agder,NOCSR42,2020-37,7.20734887499836,Epidemic intelligence subnational data
Norway,Agder,NOCSR42,2020-38,8.51777594317988,Epidemic intelligence subnational data
Norway,Agder,NOCSR42,2020-39,19.3287992556774,Epidemic intelligence subnational data
Norway,Agder,NOCSR42,2020-40,20.9668330909043,Epidemic intelligence subnational data
Norway,Agder,NOCSR42,2020-41,21.6220466249951,Epidemic intelligence subnational data
Norway,Agder,NOCSR42,2020-42,22.9324736931766,Epidemic intelligence subnational data
Norway,Agder,NOCSR42,2020-43,19.9840127897682,Epidemic intelligence subnational data
Norway,Agder,NOCSR42,2020-44,27.1913616647666,Epidemic intelligence subnational data
Norway,Agder,NOCSR42,2020-45,49.7962285908978,Epidemic intelligence subnational data
Norway,Agder,NOCSR42,2020-46,81.2464782272543,Epidemic intelligence subnational data
Norway,Agder,NOCSR42,2020-47,76.3323767215736,Epidemic intelligence subnational data
Norway,Agder,NOCSR42,2020-48,44.8821270852171,Epidemic intelligence subnational data
Norway,Agder,NOCSR42,2020-49,27.5189684318119,Epidemic intelligence subnational data
Norway,Agder,NOCSR42,2020-50,23.260080460222,Epidemic intelligence subnational data
Norway,Agder,NOCSR42,2020-51,24.2429007613581,Epidemic intelligence subnational data
Norway,Agder,NOCSR42,2020-52,24.2429007613581,Epidemic intelligence subnational data
Norway,Agder,NOCSR42,2020-53,21.9496533920405,Epidemic intelligence subnational data
Norway,Agder,NOCSR42,2021-01,47.5029812215801,Epidemic intelligence subnational data
Norway,Agder,NOCSR42,2021-02,50.4514421249885,Epidemic intelligence subnational data
Norway,Agder,NOCSR42,2021-03,30.7950361022657,Epidemic intelligence subnational data
Norway,Agder,NOCSR42,2021-04,45.2097338522625,Epidemic intelligence subnational data
Norway,Agder,NOCSR42,2021-05,67.1593872443029,Epidemic intelligence subnational data
Norway,Agder,NOCSR42,2021-06,70.4354549147567,Epidemic intelligence subnational data
Norway,Agder,NOCSR42,2021-07,86.4881864999804,Epidemic intelligence subnational data
Norway,Agder,NOCSR42,2021-08,128.749459448834,Epidemic intelligence subnational data
Norway,Agder,NOCSR42,2021-09,136.939628624969,Epidemic intelligence subnational data
Norway,Agder,NOCSR42,2021-10,104.834165454522,Epidemic intelligence subnational data
Norway,Agder,NOCSR42,2021-11,64.2109263408945,Epidemic intelligence subnational data
Norway,Agder,NOCSR42,2021-12,36.6919579090826,Epidemic intelligence subnational data
Norway,Agder,NOCSR42,2021-13,29.1570022670388,Epidemic intelligence subnational data
Norway,Agder,NOCSR42,2021-14,48.4858015227163,Epidemic intelligence subnational data
Norway,Agder,NOCSR42,2021-15,82.8845120624812,Epidemic intelligence subnational data
Norway,Agder,NOCSR42,2021-16,142.50894366474,Epidemic intelligence subnational data
Norway,Agder,NOCSR42,2021-17,156.923641414737,Epidemic intelligence subnational data
Norway,Agder,NOCSR42,2021-18,137.267235392014,Epidemic intelligence subnational data
Norway,Agder,NOCSR42,2021-19,127.439032380653,Epidemic intelligence subnational data
Norway,Agder,NOCSR42,2021-20,162.165349687463,Epidemic intelligence subnational data
Norway,Agder,NOCSR42,2021-21,228.34191663063,Epidemic intelligence subnational data
Norway,Agder,NOCSR42,2021-22,199.512521130637,Epidemic intelligence subnational data
Norway,Agder,NOCSR42,2021-23,105.816985755658,Epidemic intelligence subnational data
Norway,Agder,NOCSR42,2021-24,60.6072519033953,Epidemic intelligence subnational data
Norway,Agder,NOCSR42,2021-25,103.196131619295,Epidemic intelligence subnational data
Norway,Agder,NOCSR42,2021-26,114.334761698838,Epidemic intelligence subnational data
Norway,Agder,NOCSR42,2021-27,68.4698143124845,Epidemic intelligence subnational data
Norway,Agder,NOCSR42,2021-28,46.1925541533986,Epidemic intelligence subnational data
Norway,Agder,NOCSR42,2021-29,44.8821270852171,Epidemic intelligence subnational data
Norway,Agder,NOCSR42,2021-30,57.6587909999869,Epidemic intelligence subnational data
Norway,Agder,NOCSR42,2021-31,92.7127150738426,Epidemic intelligence subnational data
Norway,Agder,NOCSR42,2021-32,100.575277482932,Epidemic intelligence subnational data
Norway,Agder,NOCSR42,2021-33,119.576469971564,Epidemic intelligence subnational data
Norway,Agder,NOCSR42,2021-34,251.601997090852,Epidemic intelligence subnational data
Norway,Agder,NOCSR42,2021-35,313.192069295383,Epidemic intelligence subnational data
Norway,Agder,NOCSR42,2021-36,230.635163999948,Epidemic intelligence subnational data
Norway,Agder,NOCSR42,2021-37,137.267235392014,Epidemic intelligence subnational data
Norway,Agder,NOCSR42,2021-38,81.901691761345,Epidemic intelligence subnational data
Norway,Agder,NOCSR42,2021-39,63.5557128068037,Epidemic intelligence subnational data
Norway,Agder,NOCSR42,2021-40,45.8649473863532,Epidemic intelligence subnational data
Norway,Agder,NOCSR42,2021-41,41.9336661818087,Epidemic intelligence subnational data
Norway,Agder,NOCSR42,2021-42,69.4526346136206,Epidemic intelligence subnational data
Norway,Agder,NOCSR42,2021-43,116.955615835201,Epidemic intelligence subnational data
Norway,Agder,NOCSR42,2021-44,140.215696295423,Epidemic intelligence subnational data
Norway,Agder,NOCSR42,2021-45,181.494148943141,Epidemic intelligence subnational data
Norway,Agder,NOCSR42,2021-46,258.80934596585,Epidemic intelligence subnational data
Norway,Agder,NOCSR42,2021-47,370.85086029537,Epidemic intelligence subnational data
Norway,Agder,NOCSR42,2021-48,622.125250619177,Epidemic intelligence subnational data
Norway,Agder,NOCSR42,2021-49,959.232613908873,Epidemic intelligence subnational data
Norway,Agder,NOCSR42,2021-50,1270.78664936903,Epidemic intelligence subnational data
Norway,Agder,NOCSR42,2021-51,1272.42468320426,Epidemic intelligence subnational data
Norway,Agder,NOCSR42,2021-52,1243.92289447131,Epidemic intelligence subnational data
Norway,Agder,NOCSR42,2022-01,1586.27196603373,Epidemic intelligence subnational data
Norway,Agder,NOCSR42,2022-02,2182.51628205632,Epidemic intelligence subnational data
Norway,Agder,NOCSR42,2022-03,3299.00014414698,Epidemic intelligence subnational data
Norway,Agder,NOCSR42,2022-04,4621.87626947622,Epidemic intelligence subnational data
Norway,Vestland,NOCSR46,2020-15,,Epidemic intelligence subnational data
Norway,Vestland,NOCSR46,2020-16,33.0112759568927,Epidemic intelligence subnational data
Norway,Vestland,NOCSR46,2020-17,15.4789715013181,Epidemic intelligence subnational data
Norway,Vestland,NOCSR46,2020-18,9.31897263854864,Epidemic intelligence subnational data
Norway,Vestland,NOCSR46,2020-19,5.68615279640256,Epidemic intelligence subnational data
Norway,Vestland,NOCSR46,2020-20,1.42153819910064,Epidemic intelligence subnational data
Norway,Vestland,NOCSR46,2020-21,0.7897434439448,Epidemic intelligence subnational data
Norway,Vestland,NOCSR46,2020-22,0.47384606636688,Epidemic intelligence subnational data
Norway,Vestland,NOCSR46,2020-23,-0.15794868878896,Epidemic intelligence subnational data
Norway,Vestland,NOCSR46,2020-24,0.15794868878896,Epidemic intelligence subnational data
Norway,Vestland,NOCSR46,2020-25,0.7897434439448,Epidemic intelligence subnational data
Norway,Vestland,NOCSR46,2020-26,1.26358951031168,Epidemic intelligence subnational data
Norway,Vestland,NOCSR46,2020-27,1.10564082152272,Epidemic intelligence subnational data
Norway,Vestland,NOCSR46,2020-28,0.47384606636688,Epidemic intelligence subnational data
Norway,Vestland,NOCSR46,2020-29,0.63179475515584,Epidemic intelligence subnational data
Norway,Vestland,NOCSR46,2020-30,1.10564082152272,Epidemic intelligence subnational data
Norway,Vestland,NOCSR46,2020-31,5.37025541882464,Epidemic intelligence subnational data
Norway,Vestland,NOCSR46,2020-32,6.47589624034736,Epidemic intelligence subnational data
Norway,Vestland,NOCSR46,2020-33,5.84410148519152,Epidemic intelligence subnational data
Norway,Vestland,NOCSR46,2020-34,14.8471767461622,Epidemic intelligence subnational data
Norway,Vestland,NOCSR46,2020-35,19.901534787409,Epidemic intelligence subnational data
Norway,Vestland,NOCSR46,2020-36,39.48717219724,Epidemic intelligence subnational data
Norway,Vestland,NOCSR46,2020-37,73.6040889756554,Epidemic intelligence subnational data
Norway,Vestland,NOCSR46,2020-38,65.7066545362074,Epidemic intelligence subnational data
Norway,Vestland,NOCSR46,2020-39,42.9620433505971,Epidemic intelligence subnational data
Norway,Vestland,NOCSR46,2020-40,32.2215325129479,Epidemic intelligence subnational data
Norway,Vestland,NOCSR46,2020-41,32.0635838241589,Epidemic intelligence subnational data
Norway,Vestland,NOCSR46,2020-42,52.5969133667237,Epidemic intelligence subnational data
Norway,Vestland,NOCSR46,2020-43,86.3979327675611,Epidemic intelligence subnational data
Norway,Vestland,NOCSR46,2020-44,124.937412832067,Epidemic intelligence subnational data
Norway,Vestland,NOCSR46,2020-45,182.114838173671,Epidemic intelligence subnational data
Norway,Vestland,NOCSR46,2020-46,232.816367274927,Epidemic intelligence subnational data
Norway,Vestland,NOCSR46,2020-47,185.905606704606,Epidemic intelligence subnational data
Norway,Vestland,NOCSR46,2020-48,96.9804949164215,Epidemic intelligence subnational data
Norway,Vestland,NOCSR46,2020-49,49.1220422133666,Epidemic intelligence subnational data
Norway,Vestland,NOCSR46,2020-50,30.7999943138472,Epidemic intelligence subnational data
Norway,Vestland,NOCSR46,2020-51,36.4861471102498,Epidemic intelligence subnational data
Norway,Vestland,NOCSR46,2020-52,44.5415302384867,Epidemic intelligence subnational data
Norway,Vestland,NOCSR46,2020-53,38.6974287532952,Epidemic intelligence subnational data
Norway,Vestland,NOCSR46,2021-01,49.9117856573114,Epidemic intelligence subnational data
Norway,Vestland,NOCSR46,2021-02,52.1230673003568,Epidemic intelligence subnational data
Norway,Vestland,NOCSR46,2021-03,37.7497366205614,Epidemic intelligence subnational data
Norway,Vestland,NOCSR46,2021-04,39.0133261308731,Epidemic intelligence subnational data
Norway,Vestland,NOCSR46,2021-05,51.8071699227789,Epidemic intelligence subnational data
Norway,Vestland,NOCSR46,2021-06,57.9671687855483,Epidemic intelligence subnational data
Norway,Vestland,NOCSR46,2021-07,39.48717219724,Epidemic intelligence subnational data
Norway,Vestland,NOCSR46,2021-08,28.4307639820128,Epidemic intelligence subnational data
Norway,Vestland,NOCSR46,2021-09,36.6440957990387,Epidemic intelligence subnational data
Norway,Vestland,NOCSR46,2021-10,45.8051197487984,Epidemic intelligence subnational data
Norway,Vestland,NOCSR46,2021-11,68.0758848680418,Epidemic intelligence subnational data
Norway,Vestland,NOCSR46,2021-12,81.9753694814703,Epidemic intelligence subnational data
Norway,Vestland,NOCSR46,2021-13,79.9220365272138,Epidemic intelligence subnational data
Norway,Vestland,NOCSR46,2021-14,101.561006891301,Epidemic intelligence subnational data
Norway,Vestland,NOCSR46,2021-15,108.194851820438,Epidemic intelligence subnational data
Norway,Vestland,NOCSR46,2021-16,85.1343432572495,Epidemic intelligence subnational data
Norway,Vestland,NOCSR46,2021-17,72.8143455317106,Epidemic intelligence subnational data
Norway,Vestland,NOCSR46,2021-18,83.081010302993,Epidemic intelligence subnational data
Norway,Vestland,NOCSR46,2021-19,73.7620376644443,Epidemic intelligence subnational data
Norway,Vestland,NOCSR46,2021-20,49.2799909021555,Epidemic intelligence subnational data
Norway,Vestland,NOCSR46,2021-21,37.2758905541946,Epidemic intelligence subnational data
Norway,Vestland,NOCSR46,2021-22,23.2184572519771,Epidemic intelligence subnational data
Norway,Vestland,NOCSR46,2021-23,15.952817567685,Epidemic intelligence subnational data
Norway,Vestland,NOCSR46,2021-24,14.5312793685843,Epidemic intelligence subnational data
Norway,Vestland,NOCSR46,2021-25,14.2153819910064,Epidemic intelligence subnational data
Norway,Vestland,NOCSR46,2021-26,13.2676898582726,Epidemic intelligence subnational data
Norway,Vestland,NOCSR46,2021-27,18.3220478995194,Epidemic intelligence subnational data
Norway,Vestland,NOCSR46,2021-28,34.7487115335712,Epidemic intelligence subnational data
Norway,Vestland,NOCSR46,2021-29,60.0205017398048,Epidemic intelligence subnational data
Norway,Vestland,NOCSR46,2021-30,109.30049264196,Epidemic intelligence subnational data
Norway,Vestland,NOCSR46,2021-31,190.644067368275,Epidemic intelligence subnational data
Norway,Vestland,NOCSR46,2021-32,230.92098300946,Epidemic intelligence subnational data
Norway,Vestland,NOCSR46,2021-33,207.860474446271,Epidemic intelligence subnational data
Norway,Vestland,NOCSR46,2021-34,213.704575931463,Epidemic intelligence subnational data
Norway,Vestland,NOCSR46,2021-35,202.806116405025,Epidemic intelligence subnational data
Norway,Vestland,NOCSR46,2021-36,142.627665976431,Epidemic intelligence subnational data
Norway,Vestland,NOCSR46,2021-37,89.8728039209183,Epidemic intelligence subnational data
Norway,Vestland,NOCSR46,2021-38,59.388706984649,Epidemic intelligence subnational data
Norway,Vestland,NOCSR46,2021-39,49.4379395909445,Epidemic intelligence subnational data
Norway,Vestland,NOCSR46,2021-40,50.3856317236782,Epidemic intelligence subnational data
Norway,Vestland,NOCSR46,2021-41,61.5999886276944,Epidemic intelligence subnational data
Norway,Vestland,NOCSR46,2021-42,86.871778833928,Epidemic intelligence subnational data
Norway,Vestland,NOCSR46,2021-43,144.207152864321,Epidemic intelligence subnational data
Norway,Vestland,NOCSR46,2021-44,205.965090180804,Epidemic intelligence subnational data
Norway,Vestland,NOCSR46,2021-45,263.300464211196,Epidemic intelligence subnational data
Norway,Vestland,NOCSR46,2021-46,391.396850819043,Epidemic intelligence subnational data
Norway,Vestland,NOCSR46,2021-47,537.499387948831,Epidemic intelligence subnational data
Norway,Vestland,NOCSR46,2021-48,698.133204447203,Epidemic intelligence subnational data
Norway,Vestland,NOCSR46,2021-49,958.590592260198,Epidemic intelligence subnational data
Norway,Vestland,NOCSR46,2021-50,1042.77724338471,Epidemic intelligence subnational data
Norway,Vestland,NOCSR46,2021-51,748.676784859671,Epidemic intelligence subnational data
Norway,Vestland,NOCSR46,2021-52,575.56502194697,Epidemic intelligence subnational data
Norway,Vestland,NOCSR46,2022-01,776.791651464105,Epidemic intelligence subnational data
Norway,Vestland,NOCSR46,2022-02,1215.41516023105,Epidemic intelligence subnational data
Norway,Vestland,NOCSR46,2022-03,2186.95754497194,Epidemic intelligence subnational data
Norway,Vestland,NOCSR46,2022-04,3457.9706436567,Epidemic intelligence subnational data
Norway,Trøndelag,NOCSR50,2020-15,,Epidemic intelligence subnational data
Norway,Trøndelag,NOCSR50,2020-16,9.87900368100268,Epidemic intelligence subnational data
Norway,Trøndelag,NOCSR50,2020-17,13.959461723156,Epidemic intelligence subnational data
Norway,Trøndelag,NOCSR50,2020-18,17.8251588157222,Epidemic intelligence subnational data
Norway,Trøndelag,NOCSR50,2020-19,10.3085255801767,Epidemic intelligence subnational data
Norway,Trøndelag,NOCSR50,2020-20,5.15426279008835,Epidemic intelligence subnational data
Norway,Trøndelag,NOCSR50,2020-21,3.22141424380522,Epidemic intelligence subnational data
Norway,Trøndelag,NOCSR50,2020-22,0.859043798348059,Epidemic intelligence subnational data
Norway,Trøndelag,NOCSR50,2020-23,0.214760949587015,Epidemic intelligence subnational data
Norway,Trøndelag,NOCSR50,2020-24,0.214760949587015,Epidemic intelligence subnational data
Norway,Trøndelag,NOCSR50,2020-25,0.214760949587015,Epidemic intelligence subnational data
Norway,Trøndelag,NOCSR50,2020-26,0.429521899174029,Epidemic intelligence subnational data
Norway,Trøndelag,NOCSR50,2020-27,0.859043798348059,Epidemic intelligence subnational data
Norway,Trøndelag,NOCSR50,2020-28,0.859043798348059,Epidemic intelligence subnational data
Norway,Trøndelag,NOCSR50,2020-29,1.5033266471091,Epidemic intelligence subnational data
Norway,Trøndelag,NOCSR50,2020-30,2.57713139504418,Epidemic intelligence subnational data
Norway,Trøndelag,NOCSR50,2020-31,2.36237044545716,Epidemic intelligence subnational data
Norway,Trøndelag,NOCSR50,2020-32,5.7985456388494,Epidemic intelligence subnational data
Norway,Trøndelag,NOCSR50,2020-33,10.0937646305897,Epidemic intelligence subnational data
Norway,Trøndelag,NOCSR50,2020-34,8.8051989330676,Epidemic intelligence subnational data
Norway,Trøndelag,NOCSR50,2020-35,4.50997994132731,Epidemic intelligence subnational data
Norway,Trøndelag,NOCSR50,2020-36,2.57713139504418,Epidemic intelligence subnational data
Norway,Trøndelag,NOCSR50,2020-37,4.72474089091432,Epidemic intelligence subnational data
Norway,Trøndelag,NOCSR50,2020-38,5.7985456388494,Epidemic intelligence subnational data
Norway,Trøndelag,NOCSR50,2020-39,6.01330658843641,Epidemic intelligence subnational data
Norway,Trøndelag,NOCSR50,2020-40,9.23472083224163,Epidemic intelligence subnational data
Norway,Trøndelag,NOCSR50,2020-41,11.8118522272858,Epidemic intelligence subnational data
Norway,Trøndelag,NOCSR50,2020-42,16.9661150173742,Epidemic intelligence subnational data
Norway,Trøndelag,NOCSR50,2020-43,25.5565530008547,Epidemic intelligence subnational data
Norway,Trøndelag,NOCSR50,2020-44,30.0665329421821,Epidemic intelligence subnational data
Norway,Trøndelag,NOCSR50,2020-45,41.0193413711198,Epidemic intelligence subnational data
Norway,Trøndelag,NOCSR50,2020-46,44.455516564512,Epidemic intelligence subnational data
Norway,Trøndelag,NOCSR50,2020-47,32.4289033876392,Epidemic intelligence subnational data
Norway,Trøndelag,NOCSR50,2020-48,20.6170511603534,Epidemic intelligence subnational data
Norway,Trøndelag,NOCSR50,2020-49,14.818505521504,Epidemic intelligence subnational data
Norway,Trøndelag,NOCSR50,2020-50,49.3950184050134,Epidemic intelligence subnational data
Norway,Trøndelag,NOCSR50,2020-51,95.5686225662215,Epidemic intelligence subnational data
Norway,Trøndelag,NOCSR50,2020-52,142.816031475365,Epidemic intelligence subnational data
Norway,Trøndelag,NOCSR50,2020-53,208.747642998578,Epidemic intelligence subnational data
Norway,Trøndelag,NOCSR50,2021-01,213.68714483908,Epidemic intelligence subnational data
Norway,Trøndelag,NOCSR50,2021-02,134.010832542297,Epidemic intelligence subnational data
Norway,Trøndelag,NOCSR50,2021-03,63.1397191785823,Epidemic intelligence subnational data
Norway,Trøndelag,NOCSR50,2021-04,37.5831661777276,Epidemic intelligence subnational data
Norway,Trøndelag,NOCSR50,2021-05,21.4760949587015,Epidemic intelligence subnational data
Norway,Trøndelag,NOCSR50,2021-06,11.1675693785248,Epidemic intelligence subnational data
Norway,Trøndelag,NOCSR50,2021-07,7.94615513471954,Epidemic intelligence subnational data
Norway,Trøndelag,NOCSR50,2021-08,9.87900368100268,Epidemic intelligence subnational data
Norway,Trøndelag,NOCSR50,2021-09,16.1070712190261,Epidemic intelligence subnational data
Norway,Trøndelag,NOCSR50,2021-10,16.9661150173742,Epidemic intelligence subnational data
Norway,Trøndelag,NOCSR50,2021-11,11.8118522272858,Epidemic intelligence subnational data
Norway,Trøndelag,NOCSR50,2021-12,13.7447007735689,Epidemic intelligence subnational data
Norway,Trøndelag,NOCSR50,2021-13,17.1808759669612,Epidemic intelligence subnational data
Norway,Trøndelag,NOCSR50,2021-14,30.9255767405301,Epidemic intelligence subnational data
Norway,Trøndelag,NOCSR50,2021-15,38.6569709256627,Epidemic intelligence subnational data
Norway,Trøndelag,NOCSR50,2021-16,24.9122701520937,Epidemic intelligence subnational data
Norway,Trøndelag,NOCSR50,2021-17,15.8923102694391,Epidemic intelligence subnational data
Norway,Trøndelag,NOCSR50,2021-18,13.3151788743949,Epidemic intelligence subnational data
Norway,Trøndelag,NOCSR50,2021-19,22.1203778074625,Epidemic intelligence subnational data
Norway,Trøndelag,NOCSR50,2021-20,73.663005708346,Epidemic intelligence subnational data
Norway,Trøndelag,NOCSR50,2021-21,120.266131768728,Epidemic intelligence subnational data
Norway,Trøndelag,NOCSR50,2021-22,103.514777700941,Epidemic intelligence subnational data
Norway,Trøndelag,NOCSR50,2021-23,63.1397191785823,Epidemic intelligence subnational data
Norway,Trøndelag,NOCSR50,2021-24,47.8916917579043,Epidemic intelligence subnational data
Norway,Trøndelag,NOCSR50,2021-25,49.8245403041874,Epidemic intelligence subnational data
Norway,Trøndelag,NOCSR50,2021-26,58.629739237255,Epidemic intelligence subnational data
Norway,Trøndelag,NOCSR50,2021-27,57.985456388494,Epidemic intelligence subnational data
Norway,Trøndelag,NOCSR50,2021-28,34.1469909843353,Epidemic intelligence subnational data
Norway,Trøndelag,NOCSR50,2021-29,23.1941825553976,Epidemic intelligence subnational data
Norway,Trøndelag,NOCSR50,2021-30,33.9322300347483,Epidemic intelligence subnational data
Norway,Trøndelag,NOCSR50,2021-31,56.0526078422108,Epidemic intelligence subnational data
Norway,Trøndelag,NOCSR50,2021-32,70.2268305149538,Epidemic intelligence subnational data
Norway,Trøndelag,NOCSR50,2021-33,79.0320294480214,Epidemic intelligence subnational data
Norway,Trøndelag,NOCSR50,2021-34,162.144516938196,Epidemic intelligence subnational data
Norway,Trøndelag,NOCSR50,2021-35,279.83351731188,Epidemic intelligence subnational data
Norway,Trøndelag,NOCSR50,2021-36,275.967820219314,Epidemic intelligence subnational data
Norway,Trøndelag,NOCSR50,2021-37,208.747642998578,Epidemic intelligence subnational data
Norway,Trøndelag,NOCSR50,2021-38,154.627883702651,Epidemic intelligence subnational data
Norway,Trøndelag,NOCSR50,2021-39,114.682347079466,Epidemic intelligence subnational data
Norway,Trøndelag,NOCSR50,2021-40,108.024757642268,Epidemic intelligence subnational data
Norway,Trøndelag,NOCSR50,2021-41,107.595235743094,Epidemic intelligence subnational data
Norway,Trøndelag,NOCSR50,2021-42,138.950334382799,Epidemic intelligence subnational data
Norway,Trøndelag,NOCSR50,2021-43,262.867402294506,Epidemic intelligence subnational data
Norway,Trøndelag,NOCSR50,2021-44,457.440822620341,Epidemic intelligence subnational data
Norway,Trøndelag,NOCSR50,2021-45,601.330658843641,Epidemic intelligence subnational data
Norway,Trøndelag,NOCSR50,2021-46,613.786793919688,Epidemic intelligence subnational data
Norway,Trøndelag,NOCSR50,2021-47,568.901755456002,Epidemic intelligence subnational data
Norway,Trøndelag,NOCSR50,2021-48,572.552691598981,Epidemic intelligence subnational data
Norway,Trøndelag,NOCSR50,2021-49,597.679722700662,Epidemic intelligence subnational data
Norway,Trøndelag,NOCSR50,2021-50,580.713607683288,Epidemic intelligence subnational data
Norway,Trøndelag,NOCSR50,2021-51,498.889685890635,Epidemic intelligence subnational data
Norway,Trøndelag,NOCSR50,2021-52,483.641658469957,Epidemic intelligence subnational data
Norway,Trøndelag,NOCSR50,2022-01,850.453360364578,Epidemic intelligence subnational data
Norway,Trøndelag,NOCSR50,2022-02,1777.79114068131,Epidemic intelligence subnational data
Norway,Trøndelag,NOCSR50,2022-03,3246.32651395731,Epidemic intelligence subnational data
Norway,Trøndelag,NOCSR50,2022-04,4391.86141905445,Epidemic intelligence subnational data
Norway,Troms Og Finnmark,NOCSR54,2020-15,,Epidemic intelligence subnational data
Norway,Troms Og Finnmark,NOCSR54,2020-16,17.1901475896957,Epidemic intelligence subnational data
Norway,Troms Og Finnmark,NOCSR54,2020-17,12.6879660781088,Epidemic intelligence subnational data
Norway,Troms Og Finnmark,NOCSR54,2020-18,8.18578456652178,Epidemic intelligence subnational data
Norway,Troms Og Finnmark,NOCSR54,2020-19,6.95791688154351,Epidemic intelligence subnational data
Norway,Troms Og Finnmark,NOCSR54,2020-20,2.04644614163045,Epidemic intelligence subnational data
Norway,Troms Og Finnmark,NOCSR54,2020-21,0.409289228326089,Epidemic intelligence subnational data
Norway,Troms Og Finnmark,NOCSR54,2020-22,0,Epidemic intelligence subnational data
Norway,Troms Og Finnmark,NOCSR54,2020-23,0,Epidemic intelligence subnational data
Norway,Troms Og Finnmark,NOCSR54,2020-24,0.409289228326089,Epidemic intelligence subnational data
Norway,Troms Og Finnmark,NOCSR54,2020-25,0.409289228326089,Epidemic intelligence subnational data
Norway,Troms Og Finnmark,NOCSR54,2020-26,0,Epidemic intelligence subnational data
Norway,Troms Og Finnmark,NOCSR54,2020-27,0.818578456652178,Epidemic intelligence subnational data
Norway,Troms Og Finnmark,NOCSR54,2020-28,1.63715691330436,Epidemic intelligence subnational data
Norway,Troms Og Finnmark,NOCSR54,2020-29,1.22786768497827,Epidemic intelligence subnational data
Norway,Troms Og Finnmark,NOCSR54,2020-30,0.409289228326089,Epidemic intelligence subnational data
Norway,Troms Og Finnmark,NOCSR54,2020-31,13.5065445347609,Epidemic intelligence subnational data
Norway,Troms Og Finnmark,NOCSR54,2020-32,17.1901475896957,Epidemic intelligence subnational data
Norway,Troms Og Finnmark,NOCSR54,2020-33,10.6415199364783,Epidemic intelligence subnational data
Norway,Troms Og Finnmark,NOCSR54,2020-34,8.18578456652178,Epidemic intelligence subnational data
Norway,Troms Og Finnmark,NOCSR54,2020-35,2.45573536995653,Epidemic intelligence subnational data
Norway,Troms Og Finnmark,NOCSR54,2020-36,2.86502459828262,Epidemic intelligence subnational data
Norway,Troms Og Finnmark,NOCSR54,2020-37,4.09289228326089,Epidemic intelligence subnational data
Norway,Troms Og Finnmark,NOCSR54,2020-38,3.27431382660871,Epidemic intelligence subnational data
Norway,Troms Og Finnmark,NOCSR54,2020-39,2.86502459828262,Epidemic intelligence subnational data
Norway,Troms Og Finnmark,NOCSR54,2020-40,5.73004919656525,Epidemic intelligence subnational data
Norway,Troms Og Finnmark,NOCSR54,2020-41,23.7387752429132,Epidemic intelligence subnational data
Norway,Troms Og Finnmark,NOCSR54,2020-42,34.7895844077176,Epidemic intelligence subnational data
Norway,Troms Og Finnmark,NOCSR54,2020-43,38.0638982343263,Epidemic intelligence subnational data
Norway,Troms Og Finnmark,NOCSR54,2020-44,54.4354673673698,Epidemic intelligence subnational data
Norway,Troms Og Finnmark,NOCSR54,2020-45,83.0857133501961,Epidemic intelligence subnational data
Norway,Troms Og Finnmark,NOCSR54,2020-46,85.1321594918265,Epidemic intelligence subnational data
Norway,Troms Og Finnmark,NOCSR54,2020-47,57.3004919656525,Epidemic intelligence subnational data
Norway,Troms Og Finnmark,NOCSR54,2020-48,32.333849037761,Epidemic intelligence subnational data
Norway,Troms Og Finnmark,NOCSR54,2020-49,14.3251229914131,Epidemic intelligence subnational data
Norway,Troms Og Finnmark,NOCSR54,2020-50,20.8737506446305,Epidemic intelligence subnational data
Norway,Troms Og Finnmark,NOCSR54,2020-51,31.5152705811089,Epidemic intelligence subnational data
Norway,Troms Og Finnmark,NOCSR54,2020-52,34.7895844077176,Epidemic intelligence subnational data
Norway,Troms Og Finnmark,NOCSR54,2020-53,32.7431382660871,Epidemic intelligence subnational data
Norway,Troms Og Finnmark,NOCSR54,2021-01,60.9840950205873,Epidemic intelligence subnational data
Norway,Troms Og Finnmark,NOCSR54,2021-02,69.5791688154351,Epidemic intelligence subnational data
Norway,Troms Og Finnmark,NOCSR54,2021-03,25.3759321562175,Epidemic intelligence subnational data
Norway,Troms Og Finnmark,NOCSR54,2021-04,6.95791688154351,Epidemic intelligence subnational data
Norway,Troms Og Finnmark,NOCSR54,2021-05,6.13933842489133,Epidemic intelligence subnational data
Norway,Troms Og Finnmark,NOCSR54,2021-06,4.09289228326089,Epidemic intelligence subnational data
Norway,Troms Og Finnmark,NOCSR54,2021-07,4.50218151158698,Epidemic intelligence subnational data
Norway,Troms Og Finnmark,NOCSR54,2021-08,30.2874028961306,Epidemic intelligence subnational data
Norway,Troms Og Finnmark,NOCSR54,2021-09,60.9840950205873,Epidemic intelligence subnational data
Norway,Troms Og Finnmark,NOCSR54,2021-10,48.7054181708046,Epidemic intelligence subnational data
Norway,Troms Og Finnmark,NOCSR54,2021-11,33.1524274944132,Epidemic intelligence subnational data
Norway,Troms Og Finnmark,NOCSR54,2021-12,25.3759321562175,Epidemic intelligence subnational data
Norway,Troms Og Finnmark,NOCSR54,2021-13,22.920196786261,Epidemic intelligence subnational data
Norway,Troms Og Finnmark,NOCSR54,2021-14,19.2365937313262,Epidemic intelligence subnational data
Norway,Troms Og Finnmark,NOCSR54,2021-15,8.59507379484787,Epidemic intelligence subnational data
Norway,Troms Og Finnmark,NOCSR54,2021-16,9.82294147982614,Epidemic intelligence subnational data
Norway,Troms Og Finnmark,NOCSR54,2021-17,11.0508091648044,Epidemic intelligence subnational data
Norway,Troms Og Finnmark,NOCSR54,2021-18,11.0508091648044,Epidemic intelligence subnational data
Norway,Troms Og Finnmark,NOCSR54,2021-19,16.3715691330436,Epidemic intelligence subnational data
Norway,Troms Og Finnmark,NOCSR54,2021-20,87.1786056334569,Epidemic intelligence subnational data
Norway,Troms Og Finnmark,NOCSR54,2021-21,155.120617535588,Epidemic intelligence subnational data
Norway,Troms Og Finnmark,NOCSR54,2021-22,137.930469945892,Epidemic intelligence subnational data
Norway,Troms Og Finnmark,NOCSR54,2021-23,83.4950025785221,Epidemic intelligence subnational data
Norway,Troms Og Finnmark,NOCSR54,2021-24,48.2961289424785,Epidemic intelligence subnational data
Norway,Troms Og Finnmark,NOCSR54,2021-25,47.4775504858263,Epidemic intelligence subnational data
Norway,Troms Og Finnmark,NOCSR54,2021-26,56.4819135090003,Epidemic intelligence subnational data
Norway,Troms Og Finnmark,NOCSR54,2021-27,50.3425750841089,Epidemic intelligence subnational data
Norway,Troms Og Finnmark,NOCSR54,2021-28,47.8868397141524,Epidemic intelligence subnational data
Norway,Troms Og Finnmark,NOCSR54,2021-29,74.0813503270221,Epidemic intelligence subnational data
Norway,Troms Og Finnmark,NOCSR54,2021-30,78.174242610283,Epidemic intelligence subnational data
Norway,Troms Og Finnmark,NOCSR54,2021-31,86.3600271768048,Epidemic intelligence subnational data
Norway,Troms Og Finnmark,NOCSR54,2021-32,86.7693164051309,Epidemic intelligence subnational data
Norway,Troms Og Finnmark,NOCSR54,2021-33,74.8999287836743,Epidemic intelligence subnational data
Norway,Troms Og Finnmark,NOCSR54,2021-34,94.5458117433265,Epidemic intelligence subnational data
Norway,Troms Og Finnmark,NOCSR54,2021-35,114.191694702979,Epidemic intelligence subnational data
Norway,Troms Og Finnmark,NOCSR54,2021-36,125.651793096109,Epidemic intelligence subnational data
Norway,Troms Og Finnmark,NOCSR54,2021-37,160.850666732153,Epidemic intelligence subnational data
Norway,Troms Og Finnmark,NOCSR54,2021-38,177.222235865197,Epidemic intelligence subnational data
Norway,Troms Og Finnmark,NOCSR54,2021-39,140.795494544175,Epidemic intelligence subnational data
Norway,Troms Og Finnmark,NOCSR54,2021-40,128.926106922718,Epidemic intelligence subnational data
Norway,Troms Og Finnmark,NOCSR54,2021-41,181.724417376784,Epidemic intelligence subnational data
Norway,Troms Og Finnmark,NOCSR54,2021-42,273.814493750153,Epidemic intelligence subnational data
Norway,Troms Og Finnmark,NOCSR54,2021-43,397.419840704632,Epidemic intelligence subnational data
Norway,Troms Og Finnmark,NOCSR54,2021-44,634.807593133764,Epidemic intelligence subnational data
Norway,Troms Og Finnmark,NOCSR54,2021-45,862.372404083069,Epidemic intelligence subnational data
Norway,Troms Og Finnmark,NOCSR54,2021-46,865.646717909678,Epidemic intelligence subnational data
Norway,Troms Og Finnmark,NOCSR54,2021-47,718.711884940612,Epidemic intelligence subnational data
Norway,Troms Og Finnmark,NOCSR54,2021-48,667.141442171525,Epidemic intelligence subnational data
Norway,Troms Og Finnmark,NOCSR54,2021-49,724.441934137177,Epidemic intelligence subnational data
Norway,Troms Og Finnmark,NOCSR54,2021-50,699.06600198096,Epidemic intelligence subnational data
Norway,Troms Og Finnmark,NOCSR54,2021-51,546.401119815329,Epidemic intelligence subnational data
Norway,Troms Og Finnmark,NOCSR54,2021-52,447.762415788741,Epidemic intelligence subnational data
Norway,Troms Og Finnmark,NOCSR54,2022-01,660.183525289981,Epidemic intelligence subnational data
Norway,Troms Og Finnmark,NOCSR54,2022-02,1015.44657547703,Epidemic intelligence subnational data
Norway,Troms Og Finnmark,NOCSR54,2022-03,1616.69245188805,Epidemic intelligence subnational data
Norway,Troms Og Finnmark,NOCSR54,2022-04,2350.95732750506,Epidemic intelligence subnational data
Poland,Malopolskie,PL21,2020-14,,Epidemic intelligence subnational data
Poland,Malopolskie,PL21,2020-15,11.4770180868315,Epidemic intelligence subnational data
Poland,Malopolskie,PL21,2020-16,11.8328946166557,Epidemic intelligence subnational data
Poland,Malopolskie,PL21,2020-17,8.95622600057652,Epidemic intelligence subnational data
Poland,Malopolskie,PL21,2020-18,8.36309845086947,Epidemic intelligence subnational data
Poland,Malopolskie,PL21,2020-19,6.19818289443872,Epidemic intelligence subnational data
Poland,Malopolskie,PL21,2020-20,4.09258009297867,Epidemic intelligence subnational data
Poland,Malopolskie,PL21,2020-21,3.20288876841809,Epidemic intelligence subnational data
Poland,Malopolskie,PL21,2020-22,2.81735586110851,Epidemic intelligence subnational data
Poland,Malopolskie,PL21,2020-23,7.47340712630888,Epidemic intelligence subnational data
Poland,Malopolskie,PL21,2020-24,8.54103671578158,Epidemic intelligence subnational data
Poland,Malopolskie,PL21,2020-25,5.69402447718772,Epidemic intelligence subnational data
Poland,Malopolskie,PL21,2020-26,6.93959233157254,Epidemic intelligence subnational data
Poland,Malopolskie,PL21,2020-27,7.71065814619171,Epidemic intelligence subnational data
Poland,Malopolskie,PL21,2020-28,12.1591147689946,Epidemic intelligence subnational data
Poland,Malopolskie,PL21,2020-29,22.5981596438388,Epidemic intelligence subnational data
Poland,Malopolskie,PL21,2020-30,34.1641468631263,Epidemic intelligence subnational data
Poland,Malopolskie,PL21,2020-31,40.866488174816,Epidemic intelligence subnational data
Poland,Malopolskie,PL21,2020-32,42.6755272014225,Epidemic intelligence subnational data
Poland,Malopolskie,PL21,2020-33,53.7966687584298,Epidemic intelligence subnational data
Poland,Malopolskie,PL21,2020-34,59.0755039508226,Epidemic intelligence subnational data
Poland,Malopolskie,PL21,2020-35,52.96629018884,Epidemic intelligence subnational data
Poland,Malopolskie,PL21,2020-36,49.3482121356269,Epidemic intelligence subnational data
Poland,Malopolskie,PL21,2020-37,43.0907164862175,Epidemic intelligence subnational data
Poland,Malopolskie,PL21,2020-38,39.1464182806656,Epidemic intelligence subnational data
Poland,Malopolskie,PL21,2020-39,63.4349914411695,Epidemic intelligence subnational data
Poland,Malopolskie,PL21,2020-40,89.0581015885142,Epidemic intelligence subnational data
Poland,Malopolskie,PL21,2020-41,179.717647561237,Epidemic intelligence subnational data
Poland,Malopolskie,PL21,2020-42,423.137193961013,Epidemic intelligence subnational data
Poland,Malopolskie,PL21,2020-43,605.40528998599,Epidemic intelligence subnational data
Poland,Malopolskie,PL21,2020-44,576.905511222566,Epidemic intelligence subnational data
Poland,Malopolskie,PL21,2020-45,856.624463664413,Epidemic intelligence subnational data
Poland,Malopolskie,PL21,2020-46,973.23333993682,Epidemic intelligence subnational data
Poland,Malopolskie,PL21,2020-47,734.44018842476,Epidemic intelligence subnational data
Poland,Malopolskie,PL21,2020-48,526.756576894835,Epidemic intelligence subnational data
Poland,Malopolskie,PL21,2020-49,287.044077680729,Epidemic intelligence subnational data
Poland,Malopolskie,PL21,2020-50,218.241281914711,Epidemic intelligence subnational data
Poland,Malopolskie,PL21,2020-51,172.985649872062,Epidemic intelligence subnational data
Poland,Malopolskie,PL21,2020-52,126.92929563731,Epidemic intelligence subnational data
Poland,Malopolskie,PL21,2020-53,121.294583915093,Epidemic intelligence subnational data
Poland,Malopolskie,PL21,2021-01,146.235597380274,Epidemic intelligence subnational data
Poland,Malopolskie,PL21,2021-02,143.299616009224,Epidemic intelligence subnational data
Poland,Malopolskie,PL21,2021-03,115.511590305449,Epidemic intelligence subnational data
Poland,Malopolskie,PL21,2021-04,103.055911761601,Epidemic intelligence subnational data
Poland,Malopolskie,PL21,2021-05,104.212510483529,Epidemic intelligence subnational data
Poland,Malopolskie,PL21,2021-06,108.245777821537,Epidemic intelligence subnational data
Poland,Malopolskie,PL21,2021-07,140.749167545484,Epidemic intelligence subnational data
Poland,Malopolskie,PL21,2021-08,207.564986019984,Epidemic intelligence subnational data
Poland,Malopolskie,PL21,2021-09,313.764473795032,Epidemic intelligence subnational data
Poland,Malopolskie,PL21,2021-10,455.25505077765,Epidemic intelligence subnational data
Poland,Malopolskie,PL21,2021-11,633.015377424854,Epidemic intelligence subnational data
Poland,Malopolskie,PL21,2021-12,657.363263340328,Epidemic intelligence subnational data
Poland,Malopolskie,PL21,2021-13,940.848575722815,Epidemic intelligence subnational data
Poland,Malopolskie,PL21,2021-14,1011.28247225053,Epidemic intelligence subnational data
Poland,Malopolskie,PL21,2021-15,635.417544001167,Epidemic intelligence subnational data
Poland,Malopolskie,PL21,2021-16,445.379477075027,Epidemic intelligence subnational data
Poland,Malopolskie,PL21,2021-17,275.656028726354,Epidemic intelligence subnational data
Poland,Malopolskie,PL21,2021-18,171.888363905104,Epidemic intelligence subnational data
Poland,Malopolskie,PL21,2021-19,109.906534960717,Epidemic intelligence subnational data
Poland,Malopolskie,PL21,2021-20,72.1539664218632,Epidemic intelligence subnational data
Poland,Malopolskie,PL21,2021-21,40.7478626648746,Epidemic intelligence subnational data
Poland,Malopolskie,PL21,2021-22,20.7594642397469,Epidemic intelligence subnational data
Poland,Malopolskie,PL21,2021-23,12.781898696187,Epidemic intelligence subnational data
Poland,Malopolskie,PL21,2021-24,8.48172396081088,Epidemic intelligence subnational data
Poland,Malopolskie,PL21,2021-25,5.10089692748067,Epidemic intelligence subnational data
Poland,Malopolskie,PL21,2021-26,3.46979616578627,Epidemic intelligence subnational data
Poland,Malopolskie,PL21,2021-27,2.66907397368174,Epidemic intelligence subnational data
Poland,Malopolskie,PL21,2021-28,2.96563774853527,Epidemic intelligence subnational data
Poland,Malopolskie,PL21,2021-29,4.56708213274432,Epidemic intelligence subnational data
Poland,Malopolskie,PL21,2021-30,7.41409437133818,Epidemic intelligence subnational data
Poland,Malopolskie,PL21,2021-31,10.1128247225053,Epidemic intelligence subnational data
Poland,Malopolskie,PL21,2021-32,10.0238555900492,Epidemic intelligence subnational data
Poland,Malopolskie,PL21,2021-33,9.16382064297399,Epidemic intelligence subnational data
Poland,Malopolskie,PL21,2021-34,10.4390448748442,Epidemic intelligence subnational data
Poland,Malopolskie,PL21,2021-35,13.8198719081744,Epidemic intelligence subnational data
Poland,Malopolskie,PL21,2021-36,16.6668841467682,Epidemic intelligence subnational data
Poland,Malopolskie,PL21,2021-37,19.8104601602156,Epidemic intelligence subnational data
Poland,Malopolskie,PL21,2021-38,23.3988818359433,Epidemic intelligence subnational data
Poland,Malopolskie,PL21,2021-39,28.3811532534826,Epidemic intelligence subnational data
Poland,Malopolskie,PL21,2021-40,35.8545603797914,Epidemic intelligence subnational data
Poland,Malopolskie,PL21,2021-41,45.9970414797821,Epidemic intelligence subnational data
Poland,Malopolskie,PL21,2021-42,73.3698778987626,Epidemic intelligence subnational data
Poland,Malopolskie,PL21,2021-43,123.133279319185,Epidemic intelligence subnational data
Poland,Malopolskie,PL21,2021-44,221.740734457982,Epidemic intelligence subnational data
Poland,Malopolskie,PL21,2021-45,346.594083671317,Epidemic intelligence subnational data
Poland,Malopolskie,PL21,2021-46,514.360211105958,Epidemic intelligence subnational data
Poland,Malopolskie,PL21,2021-47,707.393572158118,Epidemic intelligence subnational data
Poland,Malopolskie,PL21,2021-48,816.499384926731,Epidemic intelligence subnational data
Poland,Malopolskie,PL21,2021-49,829.637160152742,Epidemic intelligence subnational data
Poland,Malopolskie,PL21,2021-50,749.683566452231,Epidemic intelligence subnational data
Poland,Malopolskie,PL21,2021-51,585.713455335716,Epidemic intelligence subnational data
Poland,Malopolskie,PL21,2021-52,491.376518554809,Epidemic intelligence subnational data
Poland,Malopolskie,PL21,2022-01,574.295750003855,Epidemic intelligence subnational data
Poland,Malopolskie,PL21,2022-02,751.611230988779,Epidemic intelligence subnational data
Poland,Malopolskie,PL21,2022-03,1129.87832581445,Epidemic intelligence subnational data
Poland,Malopolskie,PL21,2022-04,1497.55809387786,Epidemic intelligence subnational data
Poland,Slaskie,PL22,2020-14,,Epidemic intelligence subnational data
Poland,Slaskie,PL22,2020-15,17.5400964370143,Epidemic intelligence subnational data
Poland,Slaskie,PL22,2020-16,23.30486698574,Epidemic intelligence subnational data
Poland,Slaskie,PL22,2020-17,24.39972650856,Epidemic intelligence subnational data
Poland,Slaskie,PL22,2020-18,30.2762174167572,Epidemic intelligence subnational data
Poland,Slaskie,PL22,2020-19,42.5207688148257,Epidemic intelligence subnational data
Poland,Slaskie,PL22,2020-20,61.6472943563343,Epidemic intelligence subnational data
Poland,Slaskie,PL22,2020-21,79.0309822900886,Epidemic intelligence subnational data
Poland,Slaskie,PL22,2020-22,63.97107783334,Epidemic intelligence subnational data
Poland,Slaskie,PL22,2020-23,57.6923936310458,Epidemic intelligence subnational data
Poland,Slaskie,PL22,2020-24,60.0832093237343,Epidemic intelligence subnational data
Poland,Slaskie,PL22,2020-25,44.2859504944743,Epidemic intelligence subnational data
Poland,Slaskie,PL22,2020-26,35.9516116779057,Epidemic intelligence subnational data
Poland,Slaskie,PL22,2020-27,29.4718308285629,Epidemic intelligence subnational data
Poland,Slaskie,PL22,2020-28,26.2989726195743,Epidemic intelligence subnational data
Poland,Slaskie,PL22,2020-29,28.3322831619543,Epidemic intelligence subnational data
Poland,Slaskie,PL22,2020-30,39.0574376712115,Epidemic intelligence subnational data
Poland,Slaskie,PL22,2020-31,54.0949980560658,Epidemic intelligence subnational data
Poland,Slaskie,PL22,2020-32,51.1902687098086,Epidemic intelligence subnational data
Poland,Slaskie,PL22,2020-33,45.2914337297172,Epidemic intelligence subnational data
Poland,Slaskie,PL22,2020-34,43.4145316905972,Epidemic intelligence subnational data
Poland,Slaskie,PL22,2020-35,31.90733466504,Epidemic intelligence subnational data
Poland,Slaskie,PL22,2020-36,21.0928038682057,Epidemic intelligence subnational data
Poland,Slaskie,PL22,2020-37,17.8976015873229,Epidemic intelligence subnational data
Poland,Slaskie,PL22,2020-38,17.2943116461772,Epidemic intelligence subnational data
Poland,Slaskie,PL22,2020-39,28.3993153776372,Epidemic intelligence subnational data
Poland,Slaskie,PL22,2020-40,42.4090484553543,Epidemic intelligence subnational data
Poland,Slaskie,PL22,2020-41,81.1313250481515,Epidemic intelligence subnational data
Poland,Slaskie,PL22,2020-42,202.39260321844,Epidemic intelligence subnational data
Poland,Slaskie,PL22,2020-43,345.774512564072,Epidemic intelligence subnational data
Poland,Slaskie,PL22,2020-44,400.428112417495,Epidemic intelligence subnational data
Poland,Slaskie,PL22,2020-45,858.727371041189,Epidemic intelligence subnational data
Poland,Slaskie,PL22,2020-46,1155.56836615678,Epidemic intelligence subnational data
Poland,Slaskie,PL22,2020-47,858.816747328766,Epidemic intelligence subnational data
Poland,Slaskie,PL22,2020-48,572.231681212658,Epidemic intelligence subnational data
Poland,Slaskie,PL22,2020-49,395.132567378549,Epidemic intelligence subnational data
Poland,Slaskie,PL22,2020-50,476.599053505115,Epidemic intelligence subnational data
Poland,Slaskie,PL22,2020-51,415.286920227195,Epidemic intelligence subnational data
Poland,Slaskie,PL22,2020-52,225.563405772814,Epidemic intelligence subnational data
Poland,Slaskie,PL22,2020-53,213.586983237477,Epidemic intelligence subnational data
Poland,Slaskie,PL22,2021-01,232.936949497929,Epidemic intelligence subnational data
Poland,Slaskie,PL22,2021-02,209.766146943554,Epidemic intelligence subnational data
Poland,Slaskie,PL22,2021-03,158.084308652072,Epidemic intelligence subnational data
Poland,Slaskie,PL22,2021-04,133.684582143512,Epidemic intelligence subnational data
Poland,Slaskie,PL22,2021-05,136.254150411354,Epidemic intelligence subnational data
Poland,Slaskie,PL22,2021-06,147.403842286603,Epidemic intelligence subnational data
Poland,Slaskie,PL22,2021-07,179.154768448383,Epidemic intelligence subnational data
Poland,Slaskie,PL22,2021-08,255.88431133336,Epidemic intelligence subnational data
Poland,Slaskie,PL22,2021-09,375.581504471049,Epidemic intelligence subnational data
Poland,Slaskie,PL22,2021-10,553.574381180929,Epidemic intelligence subnational data
Poland,Slaskie,PL22,2021-11,834.014827526109,Epidemic intelligence subnational data
Poland,Slaskie,PL22,2021-12,888.266234085435,Epidemic intelligence subnational data
Poland,Slaskie,PL22,2021-13,1331.4385560367,Epidemic intelligence subnational data
Poland,Slaskie,PL22,2021-14,1433.57330866548,Epidemic intelligence subnational data
Poland,Slaskie,PL22,2021-15,863.240873563835,Epidemic intelligence subnational data
Poland,Slaskie,PL22,2021-16,621.88020896176,Epidemic intelligence subnational data
Poland,Slaskie,PL22,2021-17,399.243876607097,Epidemic intelligence subnational data
Poland,Slaskie,PL22,2021-18,246.991370719434,Epidemic intelligence subnational data
Poland,Slaskie,PL22,2021-19,154.665665652246,Epidemic intelligence subnational data
Poland,Slaskie,PL22,2021-20,91.4989744071001,Epidemic intelligence subnational data
Poland,Slaskie,PL22,2021-21,48.3078834354457,Epidemic intelligence subnational data
Poland,Slaskie,PL22,2021-22,25.3828656719086,Epidemic intelligence subnational data
Poland,Slaskie,PL22,2021-23,13.8309805025629,Epidemic intelligence subnational data
Poland,Slaskie,PL22,2021-24,9.00466097339715,Epidemic intelligence subnational data
Poland,Slaskie,PL22,2021-25,5.20616875136857,Epidemic intelligence subnational data
Poland,Slaskie,PL22,2021-26,3.59739557498,Epidemic intelligence subnational data
Poland,Slaskie,PL22,2021-27,2.70363269920857,Epidemic intelligence subnational data
Poland,Slaskie,PL22,2021-28,2.41315976458286,Epidemic intelligence subnational data
Poland,Slaskie,PL22,2021-29,3.28457856846,Epidemic intelligence subnational data
Poland,Slaskie,PL22,2021-30,4.29006180370286,Epidemic intelligence subnational data
Poland,Slaskie,PL22,2021-31,4.66991102590572,Epidemic intelligence subnational data
Poland,Slaskie,PL22,2021-32,5.07210432000286,Epidemic intelligence subnational data
Poland,Slaskie,PL22,2021-33,5.74242647683143,Epidemic intelligence subnational data
Poland,Slaskie,PL22,2021-34,6.83728599965143,Epidemic intelligence subnational data
Poland,Slaskie,PL22,2021-35,8.26730660088572,Epidemic intelligence subnational data
Poland,Slaskie,PL22,2021-36,9.04934911718572,Epidemic intelligence subnational data
Poland,Slaskie,PL22,2021-37,10.6134341497857,Epidemic intelligence subnational data
Poland,Slaskie,PL22,2021-38,13.60753978362,Epidemic intelligence subnational data
Poland,Slaskie,PL22,2021-39,16.4228928423,Epidemic intelligence subnational data
Poland,Slaskie,PL22,2021-40,22.0312548877657,Epidemic intelligence subnational data
Poland,Slaskie,PL22,2021-41,32.37656017482,Epidemic intelligence subnational data
Poland,Slaskie,PL22,2021-42,57.3348884807372,Epidemic intelligence subnational data
Poland,Slaskie,PL22,2021-43,108.189996112132,Epidemic intelligence subnational data
Poland,Slaskie,PL22,2021-44,196.739553029186,Epidemic intelligence subnational data
Poland,Slaskie,PL22,2021-45,315.654703650574,Epidemic intelligence subnational data
Poland,Slaskie,PL22,2021-46,526.202893110429,Epidemic intelligence subnational data
Poland,Slaskie,PL22,2021-47,771.004544784223,Epidemic intelligence subnational data
Poland,Slaskie,PL22,2021-48,926.318188521403,Epidemic intelligence subnational data
Poland,Slaskie,PL22,2021-49,967.699409669621,Epidemic intelligence subnational data
Poland,Slaskie,PL22,2021-50,873.407426275735,Epidemic intelligence subnational data
Poland,Slaskie,PL22,2021-51,649.922019189089,Epidemic intelligence subnational data
Poland,Slaskie,PL22,2021-52,470.901315172072,Epidemic intelligence subnational data
Poland,Slaskie,PL22,2022-01,437.00535810844,Epidemic intelligence subnational data
Poland,Slaskie,PL22,2022-02,501.110500373146,Epidemic intelligence subnational data
Poland,Slaskie,PL22,2022-03,1066.19207857963,Epidemic intelligence subnational data
Poland,Slaskie,PL22,2022-04,1970.30025963812,Epidemic intelligence subnational data
Poland,Wielkopolskie,PL41,2020-14,,Epidemic intelligence subnational data
Poland,Wielkopolskie,PL41,2020-15,19.2555018285542,Epidemic intelligence subnational data
Poland,Wielkopolskie,PL41,2020-16,23.6813932936249,Epidemic intelligence subnational data
Poland,Wielkopolskie,PL41,2020-17,17.6460867503467,Epidemic intelligence subnational data
Poland,Wielkopolskie,PL41,2020-18,14.7433916985796,Epidemic intelligence subnational data
Poland,Wielkopolskie,PL41,2020-19,8.79430382020535,Epidemic intelligence subnational data
Poland,Wielkopolskie,PL41,2020-20,5.89160876843822,Epidemic intelligence subnational data
Poland,Wielkopolskie,PL41,2020-21,11.8406966468124,Epidemic intelligence subnational data
Poland,Wielkopolskie,PL41,2020-22,10.7198540030608,Epidemic intelligence subnational data
Poland,Wielkopolskie,PL41,2020-23,5.25933855914241,Epidemic intelligence subnational data
Poland,Wielkopolskie,PL41,2020-24,6.32270209295809,Epidemic intelligence subnational data
Poland,Wielkopolskie,PL41,2020-25,5.77665054856626,Epidemic intelligence subnational data
Poland,Wielkopolskie,PL41,2020-26,10.5761562282208,Epidemic intelligence subnational data
Poland,Wielkopolskie,PL41,2020-27,15.0595268032275,Epidemic intelligence subnational data
Poland,Wielkopolskie,PL41,2020-28,15.6917970125233,Epidemic intelligence subnational data
Poland,Wielkopolskie,PL41,2020-29,13.5938094998599,Epidemic intelligence subnational data
Poland,Wielkopolskie,PL41,2020-30,9.57027180434111,Epidemic intelligence subnational data
Poland,Wielkopolskie,PL41,2020-31,18.4795338444184,Epidemic intelligence subnational data
Poland,Wielkopolskie,PL41,2020-32,24.1412261731127,Epidemic intelligence subnational data
Poland,Wielkopolskie,PL41,2020-33,20.6062609120498,Epidemic intelligence subnational data
Poland,Wielkopolskie,PL41,2020-34,23.7388724035608,Epidemic intelligence subnational data
Poland,Wielkopolskie,PL41,2020-35,25.0321523771204,Epidemic intelligence subnational data
Poland,Wielkopolskie,PL41,2020-36,22.3018946551613,Epidemic intelligence subnational data
Poland,Wielkopolskie,PL41,2020-37,19.973990702754,Epidemic intelligence subnational data
Poland,Wielkopolskie,PL41,2020-38,22.4455924300012,Epidemic intelligence subnational data
Poland,Wielkopolskie,PL41,2020-39,39.890502295572,Epidemic intelligence subnational data
Poland,Wielkopolskie,PL41,2020-40,56.9330583915908,Epidemic intelligence subnational data
Poland,Wielkopolskie,PL41,2020-41,110.187453747279,Epidemic intelligence subnational data
Poland,Wielkopolskie,PL41,2020-42,254.862373456147,Epidemic intelligence subnational data
Poland,Wielkopolskie,PL41,2020-43,456.671528441382,Epidemic intelligence subnational data
Poland,Wielkopolskie,PL41,2020-44,573.411600721363,Epidemic intelligence subnational data
Poland,Wielkopolskie,PL41,2020-45,927.8565321416,Epidemic intelligence subnational data
Poland,Wielkopolskie,PL41,2020-46,1080.77970412628,Epidemic intelligence subnational data
Poland,Wielkopolskie,PL41,2020-47,833.964406061172,Epidemic intelligence subnational data
Poland,Wielkopolskie,PL41,2020-48,705.987167788707,Epidemic intelligence subnational data
Poland,Wielkopolskie,PL41,2020-49,568.066043497316,Epidemic intelligence subnational data
Poland,Wielkopolskie,PL41,2020-50,328.148238624525,Epidemic intelligence subnational data
Poland,Wielkopolskie,PL41,2020-51,289.637234967417,Epidemic intelligence subnational data
Poland,Wielkopolskie,PL41,2020-52,381.919945969637,Epidemic intelligence subnational data
Poland,Wielkopolskie,PL41,2020-53,359.790488644283,Epidemic intelligence subnational data
Poland,Wielkopolskie,PL41,2021-01,405.745037038102,Epidemic intelligence subnational data
Poland,Wielkopolskie,PL41,2021-02,362.808141915922,Epidemic intelligence subnational data
Poland,Wielkopolskie,PL41,2021-03,259.633139580834,Epidemic intelligence subnational data
Poland,Wielkopolskie,PL41,2021-04,216.696244458655,Epidemic intelligence subnational data
Poland,Wielkopolskie,PL41,2021-05,197.641919514876,Epidemic intelligence subnational data
Poland,Wielkopolskie,PL41,2021-06,183.157183811009,Epidemic intelligence subnational data
Poland,Wielkopolskie,PL41,2021-07,206.263786005274,Epidemic intelligence subnational data
Poland,Wielkopolskie,PL41,2021-08,264.863738585008,Epidemic intelligence subnational data
Poland,Wielkopolskie,PL41,2021-09,340.994819695217,Epidemic intelligence subnational data
Poland,Wielkopolskie,PL41,2021-10,469.058276632586,Epidemic intelligence subnational data
Poland,Wielkopolskie,PL41,2021-11,694.606304021382,Epidemic intelligence subnational data
Poland,Wielkopolskie,PL41,2021-12,768.46696028912,Epidemic intelligence subnational data
Poland,Wielkopolskie,PL41,2021-13,1166.4235779309,Epidemic intelligence subnational data
Poland,Wielkopolskie,PL41,2021-14,1235.42724940904,Epidemic intelligence subnational data
Poland,Wielkopolskie,PL41,2021-15,752.688944611693,Epidemic intelligence subnational data
Poland,Wielkopolskie,PL41,2021-16,531.739246017775,Epidemic intelligence subnational data
Poland,Wielkopolskie,PL41,2021-17,332.545390534628,Epidemic intelligence subnational data
Poland,Wielkopolskie,PL41,2021-18,229.399127754507,Epidemic intelligence subnational data
Poland,Wielkopolskie,PL41,2021-19,158.786041198152,Epidemic intelligence subnational data
Poland,Wielkopolskie,PL41,2021-20,98.8065899799542,Epidemic intelligence subnational data
Poland,Wielkopolskie,PL41,2021-21,57.0192770564948,Epidemic intelligence subnational data
Poland,Wielkopolskie,PL41,2021-22,31.4123335800145,Epidemic intelligence subnational data
Poland,Wielkopolskie,PL41,2021-23,17.1000352059548,Epidemic intelligence subnational data
Poland,Wielkopolskie,PL41,2021-24,10.001365128861,Epidemic intelligence subnational data
Poland,Wielkopolskie,PL41,2021-25,6.40892075786207,Epidemic intelligence subnational data
Poland,Wielkopolskie,PL41,2021-26,5.23059900417442,Epidemic intelligence subnational data
Poland,Wielkopolskie,PL41,2021-27,3.99479814055079,Epidemic intelligence subnational data
Poland,Wielkopolskie,PL41,2021-28,3.93731903061481,Epidemic intelligence subnational data
Poland,Wielkopolskie,PL41,2021-29,4.13849591539075,Epidemic intelligence subnational data
Poland,Wielkopolskie,PL41,2021-30,3.19009060144704,Epidemic intelligence subnational data
Poland,Wielkopolskie,PL41,2021-31,2.87395549679913,Epidemic intelligence subnational data
Poland,Wielkopolskie,PL41,2021-32,4.56958923991062,Epidemic intelligence subnational data
Poland,Wielkopolskie,PL41,2021-33,4.82824523462254,Epidemic intelligence subnational data
Poland,Wielkopolskie,PL41,2021-34,4.13849591539075,Epidemic intelligence subnational data
Poland,Wielkopolskie,PL41,2021-35,6.610097642638,Epidemic intelligence subnational data
Poland,Wielkopolskie,PL41,2021-36,10.1738024586689,Epidemic intelligence subnational data
Poland,Wielkopolskie,PL41,2021-37,13.0477579554681,Epidemic intelligence subnational data
Poland,Wielkopolskie,PL41,2021-38,14.3985170389637,Epidemic intelligence subnational data
Poland,Wielkopolskie,PL41,2021-39,17.6748263053147,Epidemic intelligence subnational data
Poland,Wielkopolskie,PL41,2021-40,24.7160172724725,Epidemic intelligence subnational data
Poland,Wielkopolskie,PL41,2021-41,35.8957041550212,Epidemic intelligence subnational data
Poland,Wielkopolskie,PL41,2021-42,64.0604680236527,Epidemic intelligence subnational data
Poland,Wielkopolskie,PL41,2021-43,116.021583405781,Epidemic intelligence subnational data
Poland,Wielkopolskie,PL41,2021-44,205.60277624101,Epidemic intelligence subnational data
Poland,Wielkopolskie,PL41,2021-45,322.486546295831,Epidemic intelligence subnational data
Poland,Wielkopolskie,PL41,2021-46,519.812330706059,Epidemic intelligence subnational data
Poland,Wielkopolskie,PL41,2021-47,742.745058592768,Epidemic intelligence subnational data
Poland,Wielkopolskie,PL41,2021-48,862.071690819868,Epidemic intelligence subnational data
Poland,Wielkopolskie,PL41,2021-49,901.67479756576,Epidemic intelligence subnational data
Poland,Wielkopolskie,PL41,2021-50,826.147247109879,Epidemic intelligence subnational data
Poland,Wielkopolskie,PL41,2021-51,641.035773561046,Epidemic intelligence subnational data
Poland,Wielkopolskie,PL41,2021-52,497.48169649593,Epidemic intelligence subnational data
Poland,Wielkopolskie,PL41,2022-01,450.894877892816,Epidemic intelligence subnational data
Poland,Wielkopolskie,PL41,2022-02,447.129996192009,Epidemic intelligence subnational data
Poland,Wielkopolskie,PL41,2022-03,682.76560737457,Epidemic intelligence subnational data
Poland,Wielkopolskie,PL41,2022-04,1251.26274419641,Epidemic intelligence subnational data
Poland,Zachodniopomorskie,PL42,2020-14,,Epidemic intelligence subnational data
Poland,Zachodniopomorskie,PL42,2020-15,9.51181648774681,Epidemic intelligence subnational data
Poland,Zachodniopomorskie,PL42,2020-16,10.64844864666,Epidemic intelligence subnational data
Poland,Zachodniopomorskie,PL42,2020-17,9.75110746857063,Epidemic intelligence subnational data
Poland,Zachodniopomorskie,PL42,2020-18,9.99039844939444,Epidemic intelligence subnational data
Poland,Zachodniopomorskie,PL42,2020-19,5.80280628497761,Epidemic intelligence subnational data
Poland,Zachodniopomorskie,PL42,2020-20,3.05096000550369,Epidemic intelligence subnational data
Poland,Zachodniopomorskie,PL42,2020-21,2.99113726029774,Epidemic intelligence subnational data
Poland,Zachodniopomorskie,PL42,2020-22,2.33308706303224,Epidemic intelligence subnational data
Poland,Zachodniopomorskie,PL42,2020-23,1.97415059179651,Epidemic intelligence subnational data
Poland,Zachodniopomorskie,PL42,2020-24,2.81166902467987,Epidemic intelligence subnational data
Poland,Zachodniopomorskie,PL42,2020-25,2.33308706303224,Epidemic intelligence subnational data
Poland,Zachodniopomorskie,PL42,2020-26,1.37592313973696,Epidemic intelligence subnational data
Poland,Zachodniopomorskie,PL42,2020-27,1.37592313973696,Epidemic intelligence subnational data
Poland,Zachodniopomorskie,PL42,2020-28,1.8545051013846,Epidemic intelligence subnational data
Poland,Zachodniopomorskie,PL42,2020-29,3.05096000550369,Epidemic intelligence subnational data
Poland,Zachodniopomorskie,PL42,2020-30,4.3670604000347,Epidemic intelligence subnational data
Poland,Zachodniopomorskie,PL42,2020-31,7.17872942471457,Epidemic intelligence subnational data
Poland,Zachodniopomorskie,PL42,2020-32,11.0073851178957,Epidemic intelligence subnational data
Poland,Zachodniopomorskie,PL42,2020-33,12.9217129644862,Epidemic intelligence subnational data
Poland,Zachodniopomorskie,PL42,2020-34,10.528803156248,Epidemic intelligence subnational data
Poland,Zachodniopomorskie,PL42,2020-35,7.35819766033244,Epidemic intelligence subnational data
Poland,Zachodniopomorskie,PL42,2020-36,7.65731138636221,Epidemic intelligence subnational data
Poland,Zachodniopomorskie,PL42,2020-37,9.21270276171703,Epidemic intelligence subnational data
Poland,Zachodniopomorskie,PL42,2020-38,14.2976361042232,Epidemic intelligence subnational data
Poland,Zachodniopomorskie,PL42,2020-39,31.4069412331263,Epidemic intelligence subnational data
Poland,Zachodniopomorskie,PL42,2020-40,48.6358918524412,Epidemic intelligence subnational data
Poland,Zachodniopomorskie,PL42,2020-41,84.3500707403962,Epidemic intelligence subnational data
Poland,Zachodniopomorskie,PL42,2020-42,179.52805836307,Epidemic intelligence subnational data
Poland,Zachodniopomorskie,PL42,2020-43,335.186841388965,Epidemic intelligence subnational data
Poland,Zachodniopomorskie,PL42,2020-44,406.97413563611,Epidemic intelligence subnational data
Poland,Zachodniopomorskie,PL42,2020-45,571.72597593331,Epidemic intelligence subnational data
Poland,Zachodniopomorskie,PL42,2020-46,745.451228011402,Epidemic intelligence subnational data
Poland,Zachodniopomorskie,PL42,2020-47,835.304991310746,Epidemic intelligence subnational data
Poland,Zachodniopomorskie,PL42,2020-48,828.245907376444,Epidemic intelligence subnational data
Poland,Zachodniopomorskie,PL42,2020-49,714.702336975542,Epidemic intelligence subnational data
Poland,Zachodniopomorskie,PL42,2020-50,603.551676382878,Epidemic intelligence subnational data
Poland,Zachodniopomorskie,PL42,2020-51,596.313124212957,Epidemic intelligence subnational data
Poland,Zachodniopomorskie,PL42,2020-52,617.011794054217,Epidemic intelligence subnational data
Poland,Zachodniopomorskie,PL42,2020-53,573.700126525106,Epidemic intelligence subnational data
Poland,Zachodniopomorskie,PL42,2021-01,652.247390980525,Epidemic intelligence subnational data
Poland,Zachodniopomorskie,PL42,2021-02,583.511056738883,Epidemic intelligence subnational data
Poland,Zachodniopomorskie,PL42,2021-03,404.46158033746,Epidemic intelligence subnational data
Poland,Zachodniopomorskie,PL42,2021-04,315.385512725794,Epidemic intelligence subnational data
Poland,Zachodniopomorskie,PL42,2021-05,264.954938517174,Epidemic intelligence subnational data
Poland,Zachodniopomorskie,PL42,2021-06,227.266609037422,Epidemic intelligence subnational data
Poland,Zachodniopomorskie,PL42,2021-07,238.872221607377,Epidemic intelligence subnational data
Poland,Zachodniopomorskie,PL42,2021-08,279.551688347427,Epidemic intelligence subnational data
Poland,Zachodniopomorskie,PL42,2021-09,320.231155087476,Epidemic intelligence subnational data
Poland,Zachodniopomorskie,PL42,2021-10,380.412836764666,Epidemic intelligence subnational data
Poland,Zachodniopomorskie,PL42,2021-11,511.424648765707,Epidemic intelligence subnational data
Poland,Zachodniopomorskie,PL42,2021-12,530.149168015171,Epidemic intelligence subnational data
Poland,Zachodniopomorskie,PL42,2021-13,760.167623332067,Epidemic intelligence subnational data
Poland,Zachodniopomorskie,PL42,2021-14,832.014740324419,Epidemic intelligence subnational data
Poland,Zachodniopomorskie,PL42,2021-15,559.223022185265,Epidemic intelligence subnational data
Poland,Zachodniopomorskie,PL42,2021-16,451.482258069341,Epidemic intelligence subnational data
Poland,Zachodniopomorskie,PL42,2021-17,326.273252353277,Epidemic intelligence subnational data
Poland,Zachodniopomorskie,PL42,2021-18,226.967495311392,Epidemic intelligence subnational data
Poland,Zachodniopomorskie,PL42,2021-19,152.847114001214,Epidemic intelligence subnational data
Poland,Zachodniopomorskie,PL42,2021-20,98.2289476281777,Epidemic intelligence subnational data
Poland,Zachodniopomorskie,PL42,2021-21,59.7030997155429,Epidemic intelligence subnational data
Poland,Zachodniopomorskie,PL42,2021-22,31.3471184879203,Epidemic intelligence subnational data
Poland,Zachodniopomorskie,PL42,2021-23,17.5878870905507,Epidemic intelligence subnational data
Poland,Zachodniopomorskie,PL42,2021-24,11.904726295985,Epidemic intelligence subnational data
Poland,Zachodniopomorskie,PL42,2021-25,6.93943844389075,Epidemic intelligence subnational data
Poland,Zachodniopomorskie,PL42,2021-26,5.26440157812402,Epidemic intelligence subnational data
Poland,Zachodniopomorskie,PL42,2021-27,3.88847843838706,Epidemic intelligence subnational data
Poland,Zachodniopomorskie,PL42,2021-28,2.81166902467987,Epidemic intelligence subnational data
Poland,Zachodniopomorskie,PL42,2021-29,3.11078275070965,Epidemic intelligence subnational data
Poland,Zachodniopomorskie,PL42,2021-30,4.24741490962279,Epidemic intelligence subnational data
Poland,Zachodniopomorskie,PL42,2021-31,5.6831607945657,Epidemic intelligence subnational data
Poland,Zachodniopomorskie,PL42,2021-32,6.70014746306693,Epidemic intelligence subnational data
Poland,Zachodniopomorskie,PL42,2021-33,7.41802040553839,Epidemic intelligence subnational data
Poland,Zachodniopomorskie,PL42,2021-34,9.87075295898254,Epidemic intelligence subnational data
Poland,Zachodniopomorskie,PL42,2021-35,16.5110776768435,Epidemic intelligence subnational data
Poland,Zachodniopomorskie,PL42,2021-36,23.0915796494985,Epidemic intelligence subnational data
Poland,Zachodniopomorskie,PL42,2021-37,29.9711953481833,Epidemic intelligence subnational data
Poland,Zachodniopomorskie,PL42,2021-38,39.5428345811361,Epidemic intelligence subnational data
Poland,Zachodniopomorskie,PL42,2021-39,53.9002934305652,Epidemic intelligence subnational data
Poland,Zachodniopomorskie,PL42,2021-40,73.2230401320886,Epidemic intelligence subnational data
Poland,Zachodniopomorskie,PL42,2021-41,99.186111551473,Epidemic intelligence subnational data
Poland,Zachodniopomorskie,PL42,2021-42,164.572372061582,Epidemic intelligence subnational data
Poland,Zachodniopomorskie,PL42,2021-43,276.321260106305,Epidemic intelligence subnational data
Poland,Zachodniopomorskie,PL42,2021-44,409.78580466079,Epidemic intelligence subnational data
Poland,Zachodniopomorskie,PL42,2021-45,576.870732021022,Epidemic intelligence subnational data
Poland,Zachodniopomorskie,PL42,2021-46,782.122570822653,Epidemic intelligence subnational data
Poland,Zachodniopomorskie,PL42,2021-47,950.224484851385,Epidemic intelligence subnational data
Poland,Zachodniopomorskie,PL42,2021-48,1017.52507320808,Epidemic intelligence subnational data
Poland,Zachodniopomorskie,PL42,2021-49,979.836743728333,Epidemic intelligence subnational data
Poland,Zachodniopomorskie,PL42,2021-50,898.238519267411,Epidemic intelligence subnational data
Poland,Zachodniopomorskie,PL42,2021-51,711.830845205656,Epidemic intelligence subnational data
Poland,Zachodniopomorskie,PL42,2021-52,527.875903697345,Epidemic intelligence subnational data
Poland,Zachodniopomorskie,PL42,2022-01,498.562758546427,Epidemic intelligence subnational data
Poland,Zachodniopomorskie,PL42,2022-02,484.683881658645,Epidemic intelligence subnational data
Poland,Zachodniopomorskie,PL42,2022-03,720.684611496137,Epidemic intelligence subnational data
Poland,Zachodniopomorskie,PL42,2022-04,1318.55312708445,Epidemic intelligence subnational data
Poland,Lubuskie,PL43,2020-15,,Epidemic intelligence subnational data
Poland,Lubuskie,PL43,2020-16,2.49647747028942,Epidemic intelligence subnational data
Poland,Lubuskie,PL43,2020-17,0.798872790492615,Epidemic intelligence subnational data
Poland,Lubuskie,PL43,2020-18,0.599154592869461,Epidemic intelligence subnational data
Poland,Lubuskie,PL43,2020-19,0.499295494057884,Epidemic intelligence subnational data
Poland,Lubuskie,PL43,2020-20,0.199718197623154,Epidemic intelligence subnational data
Poland,Lubuskie,PL43,2020-21,1.89732287741996,Epidemic intelligence subnational data
Poland,Lubuskie,PL43,2020-22,2.79605476672415,Epidemic intelligence subnational data
Poland,Lubuskie,PL43,2020-23,1.79746377860838,Epidemic intelligence subnational data
Poland,Lubuskie,PL43,2020-24,2.19690017385469,Epidemic intelligence subnational data
Poland,Lubuskie,PL43,2020-25,1.59774558098523,Epidemic intelligence subnational data
Poland,Lubuskie,PL43,2020-26,0.898731889304192,Epidemic intelligence subnational data
Poland,Lubuskie,PL43,2020-27,0.699013691681038,Epidemic intelligence subnational data
Poland,Lubuskie,PL43,2020-28,10.5850644740271,Epidemic intelligence subnational data
Poland,Lubuskie,PL43,2020-29,17.9746377860838,Epidemic intelligence subnational data
Poland,Lubuskie,PL43,2020-30,12.282669153824,Epidemic intelligence subnational data
Poland,Lubuskie,PL43,2020-31,11.7833736597661,Epidemic intelligence subnational data
Poland,Lubuskie,PL43,2020-32,17.1757649955912,Epidemic intelligence subnational data
Poland,Lubuskie,PL43,2020-33,16.0773149086639,Epidemic intelligence subnational data
Poland,Lubuskie,PL43,2020-34,8.68774159660719,Epidemic intelligence subnational data
Poland,Lubuskie,PL43,2020-35,9.4866143870998,Epidemic intelligence subnational data
Poland,Lubuskie,PL43,2020-36,12.282669153824,Epidemic intelligence subnational data
Poland,Lubuskie,PL43,2020-37,9.38675528828823,Epidemic intelligence subnational data
Poland,Lubuskie,PL43,2020-38,9.78619168353453,Epidemic intelligence subnational data
Poland,Lubuskie,PL43,2020-39,21.7692835409238,Epidemic intelligence subnational data
Poland,Lubuskie,PL43,2020-40,42.6398351925433,Epidemic intelligence subnational data
Poland,Lubuskie,PL43,2020-41,77.4906606777837,Epidemic intelligence subnational data
Poland,Lubuskie,PL43,2020-42,190.331442334866,Epidemic intelligence subnational data
Poland,Lubuskie,PL43,2020-43,389.650203562773,Epidemic intelligence subnational data
Poland,Lubuskie,PL43,2020-44,440.578343956677,Epidemic intelligence subnational data
Poland,Lubuskie,PL43,2020-45,586.871923715637,Epidemic intelligence subnational data
Poland,Lubuskie,PL43,2020-46,778.401675236242,Epidemic intelligence subnational data
Poland,Lubuskie,PL43,2020-47,752.33845044642,Epidemic intelligence subnational data
Poland,Lubuskie,PL43,2020-48,664.762020788667,Epidemic intelligence subnational data
Poland,Lubuskie,PL43,2020-49,544.232088523094,Epidemic intelligence subnational data
Poland,Lubuskie,PL43,2020-50,726.075507458975,Epidemic intelligence subnational data
Poland,Lubuskie,PL43,2020-51,687.629754416518,Epidemic intelligence subnational data
Poland,Lubuskie,PL43,2020-52,360.291628512169,Epidemic intelligence subnational data
Poland,Lubuskie,PL43,2020-53,325.540662125741,Epidemic intelligence subnational data
Poland,Lubuskie,PL43,2021-01,359.992051215735,Epidemic intelligence subnational data
Poland,Lubuskie,PL43,2021-02,321.646157272089,Epidemic intelligence subnational data
Poland,Lubuskie,PL43,2021-03,255.239856562391,Epidemic intelligence subnational data
Poland,Lubuskie,PL43,2021-04,229.076772673757,Epidemic intelligence subnational data
Poland,Lubuskie,PL43,2021-05,229.076772673757,Epidemic intelligence subnational data
Poland,Lubuskie,PL43,2021-06,249.647747028942,Epidemic intelligence subnational data
Poland,Lubuskie,PL43,2021-07,320.248129888727,Epidemic intelligence subnational data
Poland,Lubuskie,PL43,2021-08,425.000324542071,Epidemic intelligence subnational data
Poland,Lubuskie,PL43,2021-09,545.130820412398,Epidemic intelligence subnational data
Poland,Lubuskie,PL43,2021-10,669.954693926869,Epidemic intelligence subnational data
Poland,Lubuskie,PL43,2021-11,802.168140753397,Epidemic intelligence subnational data
Poland,Lubuskie,PL43,2021-12,740.654935885466,Epidemic intelligence subnational data
Poland,Lubuskie,PL43,2021-13,945.366088449198,Epidemic intelligence subnational data
Poland,Lubuskie,PL43,2021-14,958.74720768995,Epidemic intelligence subnational data
Poland,Lubuskie,PL43,2021-15,568.597708633119,Epidemic intelligence subnational data
Poland,Lubuskie,PL43,2021-16,414.215541870421,Epidemic intelligence subnational data
Poland,Lubuskie,PL43,2021-17,249.048592436073,Epidemic intelligence subnational data
Poland,Lubuskie,PL43,2021-18,157.377939727045,Epidemic intelligence subnational data
Poland,Lubuskie,PL43,2021-19,112.041908866589,Epidemic intelligence subnational data
Poland,Lubuskie,PL43,2021-20,64.8085551287134,Epidemic intelligence subnational data
Poland,Lubuskie,PL43,2021-21,20.6708334539964,Epidemic intelligence subnational data
Poland,Lubuskie,PL43,2021-22,18.6736514777649,Epidemic intelligence subnational data
Poland,Lubuskie,PL43,2021-23,24.3656201100248,Epidemic intelligence subnational data
Poland,Lubuskie,PL43,2021-24,7.28971421324511,Epidemic intelligence subnational data
Poland,Lubuskie,PL43,2021-25,2.99577296434731,Epidemic intelligence subnational data
Poland,Lubuskie,PL43,2021-26,1.89732287741996,Epidemic intelligence subnational data
Poland,Lubuskie,PL43,2021-27,1.69760467979681,Epidemic intelligence subnational data
Poland,Lubuskie,PL43,2021-28,1.69760467979681,Epidemic intelligence subnational data
Poland,Lubuskie,PL43,2021-29,1.89732287741996,Epidemic intelligence subnational data
Poland,Lubuskie,PL43,2021-30,3.39520935959361,Epidemic intelligence subnational data
Poland,Lubuskie,PL43,2021-31,3.99436395246308,Epidemic intelligence subnational data
Poland,Lubuskie,PL43,2021-32,4.49365944652096,Epidemic intelligence subnational data
Poland,Lubuskie,PL43,2021-33,4.79323674295569,Epidemic intelligence subnational data
Poland,Lubuskie,PL43,2021-34,5.29253223701357,Epidemic intelligence subnational data
Poland,Lubuskie,PL43,2021-35,6.99013691681038,Epidemic intelligence subnational data
Poland,Lubuskie,PL43,2021-36,10.0857689799693,Epidemic intelligence subnational data
Poland,Lubuskie,PL43,2021-37,13.9802738336208,Epidemic intelligence subnational data
Poland,Lubuskie,PL43,2021-38,16.3768922050986,Epidemic intelligence subnational data
Poland,Lubuskie,PL43,2021-39,18.174355983707,Epidemic intelligence subnational data
Poland,Lubuskie,PL43,2021-40,26.662379382691,Epidemic intelligence subnational data
Poland,Lubuskie,PL43,2021-41,39.4443440305729,Epidemic intelligence subnational data
Poland,Lubuskie,PL43,2021-42,68.1039053894954,Epidemic intelligence subnational data
Poland,Lubuskie,PL43,2021-43,125.123450810906,Epidemic intelligence subnational data
Poland,Lubuskie,PL43,2021-44,211.201993986485,Epidemic intelligence subnational data
Poland,Lubuskie,PL43,2021-45,321.845875469712,Epidemic intelligence subnational data
Poland,Lubuskie,PL43,2021-46,496.898875686407,Epidemic intelligence subnational data
Poland,Lubuskie,PL43,2021-47,718.78579324573,Epidemic intelligence subnational data
Poland,Lubuskie,PL43,2021-48,865.478809399937,Epidemic intelligence subnational data
Poland,Lubuskie,PL43,2021-49,939.274683421692,Epidemic intelligence subnational data
Poland,Lubuskie,PL43,2021-50,887.547670237295,Epidemic intelligence subnational data
Poland,Lubuskie,PL43,2021-51,638.099641405976,Epidemic intelligence subnational data
Poland,Lubuskie,PL43,2021-52,445.571298897256,Epidemic intelligence subnational data
Poland,Lubuskie,PL43,2022-01,403.930054692828,Epidemic intelligence subnational data
Poland,Lubuskie,PL43,2022-02,367.781060923038,Epidemic intelligence subnational data
Poland,Lubuskie,PL43,2022-03,478.624660603888,Epidemic intelligence subnational data
Poland,Lubuskie,PL43,2022-04,818.644892057307,Epidemic intelligence subnational data
Poland,Dolnoslaskie,PL51,2020-14,,Epidemic intelligence subnational data
Poland,Dolnoslaskie,PL51,2020-15,18.1862036875757,Epidemic intelligence subnational data
Poland,Dolnoslaskie,PL51,2020-16,23.317435822074,Epidemic intelligence subnational data
Poland,Dolnoslaskie,PL51,2020-17,25.6910670135426,Epidemic intelligence subnational data
Poland,Dolnoslaskie,PL51,2020-18,22.6891216831558,Epidemic intelligence subnational data
Poland,Dolnoslaskie,PL51,2020-19,18.5352670980858,Epidemic intelligence subnational data
Poland,Dolnoslaskie,PL51,2020-20,15.8823851782091,Epidemic intelligence subnational data
Poland,Dolnoslaskie,PL51,2020-21,16.2663549297702,Epidemic intelligence subnational data
Poland,Dolnoslaskie,PL51,2020-22,13.8927237383016,Epidemic intelligence subnational data
Poland,Dolnoslaskie,PL51,2020-23,8.34261551119115,Epidemic intelligence subnational data
Poland,Dolnoslaskie,PL51,2020-24,4.85198140609025,Epidemic intelligence subnational data
Poland,Dolnoslaskie,PL51,2020-25,4.57273067768218,Epidemic intelligence subnational data
Poland,Dolnoslaskie,PL51,2020-26,5.09632579344731,Epidemic intelligence subnational data
Poland,Dolnoslaskie,PL51,2020-27,2.96703898933576,Epidemic intelligence subnational data
Poland,Dolnoslaskie,PL51,2020-28,2.3387248504176,Epidemic intelligence subnational data
Poland,Dolnoslaskie,PL51,2020-29,4.95670042924328,Epidemic intelligence subnational data
Poland,Dolnoslaskie,PL51,2020-30,7.92373941857904,Epidemic intelligence subnational data
Poland,Dolnoslaskie,PL51,2020-31,9.80868183533353,Epidemic intelligence subnational data
Poland,Dolnoslaskie,PL51,2020-32,10.8209657258128,Epidemic intelligence subnational data
Poland,Dolnoslaskie,PL51,2020-33,13.1596905762304,Epidemic intelligence subnational data
Poland,Dolnoslaskie,PL51,2020-34,14.2766934898627,Epidemic intelligence subnational data
Poland,Dolnoslaskie,PL51,2020-35,11.9379686394451,Epidemic intelligence subnational data
Poland,Dolnoslaskie,PL51,2020-36,11.9030622983941,Epidemic intelligence subnational data
Poland,Dolnoslaskie,PL51,2020-37,13.7530983740975,Epidemic intelligence subnational data
Poland,Dolnoslaskie,PL51,2020-38,15.9172915192601,Epidemic intelligence subnational data
Poland,Dolnoslaskie,PL51,2020-39,23.5617802094311,Epidemic intelligence subnational data
Poland,Dolnoslaskie,PL51,2020-40,34.1384015478868,Epidemic intelligence subnational data
Poland,Dolnoslaskie,PL51,2020-41,77.1430137227299,Epidemic intelligence subnational data
Poland,Dolnoslaskie,PL51,2020-42,178.964810568523,Epidemic intelligence subnational data
Poland,Dolnoslaskie,PL51,2020-43,296.424648205168,Epidemic intelligence subnational data
Poland,Dolnoslaskie,PL51,2020-44,327.142228330056,Epidemic intelligence subnational data
Poland,Dolnoslaskie,PL51,2020-45,757.502507147946,Epidemic intelligence subnational data
Poland,Dolnoslaskie,PL51,2020-46,1091.87034807556,Epidemic intelligence subnational data
Poland,Dolnoslaskie,PL51,2020-47,897.092965010931,Epidemic intelligence subnational data
Poland,Dolnoslaskie,PL51,2020-48,675.856575429636,Epidemic intelligence subnational data
Poland,Dolnoslaskie,PL51,2020-49,451.967303928464,Epidemic intelligence subnational data
Poland,Dolnoslaskie,PL51,2020-50,275.37612455141,Epidemic intelligence subnational data
Poland,Dolnoslaskie,PL51,2020-51,221.655265673907,Epidemic intelligence subnational data
Poland,Dolnoslaskie,PL51,2020-52,227.938407063089,Epidemic intelligence subnational data
Poland,Dolnoslaskie,PL51,2020-53,208.94935753134,Epidemic intelligence subnational data
Poland,Dolnoslaskie,PL51,2021-01,235.059300637495,Epidemic intelligence subnational data
Poland,Dolnoslaskie,PL51,2021-02,211.0437379944,Epidemic intelligence subnational data
Poland,Dolnoslaskie,PL51,2021-03,176.311928648646,Epidemic intelligence subnational data
Poland,Dolnoslaskie,PL51,2021-04,170.55238237523,Epidemic intelligence subnational data
Poland,Dolnoslaskie,PL51,2021-05,156.101157180112,Epidemic intelligence subnational data
Poland,Dolnoslaskie,PL51,2021-06,145.768880229014,Epidemic intelligence subnational data
Poland,Dolnoslaskie,PL51,2021-07,180.116719823206,Epidemic intelligence subnational data
Poland,Dolnoslaskie,PL51,2021-08,263.822125663526,Epidemic intelligence subnational data
Poland,Dolnoslaskie,PL51,2021-09,371.89215755745,Epidemic intelligence subnational data
Poland,Dolnoslaskie,PL51,2021-10,516.369503167576,Epidemic intelligence subnational data
Poland,Dolnoslaskie,PL51,2021-11,731.916159157556,Epidemic intelligence subnational data
Poland,Dolnoslaskie,PL51,2021-12,757.502507147946,Epidemic intelligence subnational data
Poland,Dolnoslaskie,PL51,2021-13,1174.87762709486,Epidemic intelligence subnational data
Poland,Dolnoslaskie,PL51,2021-14,1292.96577887042,Epidemic intelligence subnational data
Poland,Dolnoslaskie,PL51,2021-15,807.732731920348,Epidemic intelligence subnational data
Poland,Dolnoslaskie,PL51,2021-16,595.781429058621,Epidemic intelligence subnational data
Poland,Dolnoslaskie,PL51,2021-17,389.240609059801,Epidemic intelligence subnational data
Poland,Dolnoslaskie,PL51,2021-18,254.816289672366,Epidemic intelligence subnational data
Poland,Dolnoslaskie,PL51,2021-19,168.108938501659,Epidemic intelligence subnational data
Poland,Dolnoslaskie,PL51,2021-20,104.649210470925,Epidemic intelligence subnational data
Poland,Dolnoslaskie,PL51,2021-21,55.7105203174103,Epidemic intelligence subnational data
Poland,Dolnoslaskie,PL51,2021-22,28.9722630723375,Epidemic intelligence subnational data
Poland,Dolnoslaskie,PL51,2021-23,16.8248563865863,Epidemic intelligence subnational data
Poland,Dolnoslaskie,PL51,2021-24,10.2624642689966,Epidemic intelligence subnational data
Poland,Dolnoslaskie,PL51,2021-25,5.8293589555185,Epidemic intelligence subnational data
Poland,Dolnoslaskie,PL51,2021-26,4.50291799558016,Epidemic intelligence subnational data
Poland,Dolnoslaskie,PL51,2021-27,3.21138337669283,Epidemic intelligence subnational data
Poland,Dolnoslaskie,PL51,2021-28,3.73497849245796,Epidemic intelligence subnational data
Poland,Dolnoslaskie,PL51,2021-29,4.32838629032511,Epidemic intelligence subnational data
Poland,Dolnoslaskie,PL51,2021-30,3.94441653876402,Epidemic intelligence subnational data
Poland,Dolnoslaskie,PL51,2021-31,4.01422922086603,Epidemic intelligence subnational data
Poland,Dolnoslaskie,PL51,2021-32,4.92179408819227,Epidemic intelligence subnational data
Poland,Dolnoslaskie,PL51,2021-33,5.34067018080437,Epidemic intelligence subnational data
Poland,Dolnoslaskie,PL51,2021-34,6.24823504813061,Epidemic intelligence subnational data
Poland,Dolnoslaskie,PL51,2021-35,7.71430137227299,Epidemic intelligence subnational data
Poland,Dolnoslaskie,PL51,2021-36,12.9851588709753,Epidemic intelligence subnational data
Poland,Dolnoslaskie,PL51,2021-37,18.4305480749327,Epidemic intelligence subnational data
Poland,Dolnoslaskie,PL51,2021-38,20.0362397632792,Epidemic intelligence subnational data
Poland,Dolnoslaskie,PL51,2021-39,24.9231275104204,Epidemic intelligence subnational data
Poland,Dolnoslaskie,PL51,2021-40,31.7996766974692,Epidemic intelligence subnational data
Poland,Dolnoslaskie,PL51,2021-41,41.8876092612108,Epidemic intelligence subnational data
Poland,Dolnoslaskie,PL51,2021-42,78.6439863879233,Epidemic intelligence subnational data
Poland,Dolnoslaskie,PL51,2021-43,147.269852894207,Epidemic intelligence subnational data
Poland,Dolnoslaskie,PL51,2021-44,253.838912122937,Epidemic intelligence subnational data
Poland,Dolnoslaskie,PL51,2021-45,373.428036563694,Epidemic intelligence subnational data
Poland,Dolnoslaskie,PL51,2021-46,562.969468470673,Epidemic intelligence subnational data
Poland,Dolnoslaskie,PL51,2021-47,800.995808097503,Epidemic intelligence subnational data
Poland,Dolnoslaskie,PL51,2021-48,942.855178128804,Epidemic intelligence subnational data
Poland,Dolnoslaskie,PL51,2021-49,990.013644888717,Epidemic intelligence subnational data
Poland,Dolnoslaskie,PL51,2021-50,894.824052842615,Epidemic intelligence subnational data
Poland,Dolnoslaskie,PL51,2021-51,662.801603876559,Epidemic intelligence subnational data
Poland,Dolnoslaskie,PL51,2021-52,498.253112162102,Epidemic intelligence subnational data
Poland,Dolnoslaskie,PL51,2022-01,499.055958006276,Epidemic intelligence subnational data
Poland,Dolnoslaskie,PL51,2022-02,558.780707544552,Epidemic intelligence subnational data
Poland,Dolnoslaskie,PL51,2022-03,975.457700670446,Epidemic intelligence subnational data
Poland,Dolnoslaskie,PL51,2022-04,1678.57612846092,Epidemic intelligence subnational data
Poland,Opolskie,PL52,2020-14,,Epidemic intelligence subnational data
Poland,Opolskie,PL52,2020-15,17.829984727769,Epidemic intelligence subnational data
Poland,Opolskie,PL52,2020-16,23.5610512474091,Epidemic intelligence subnational data
Poland,Opolskie,PL52,2020-17,17.7238538662942,Epidemic intelligence subnational data
Poland,Opolskie,PL52,2020-18,14.2215354376253,Epidemic intelligence subnational data
Poland,Opolskie,PL52,2020-19,11.7805256237045,Epidemic intelligence subnational data
Poland,Opolskie,PL52,2020-20,10.7192170089564,Epidemic intelligence subnational data
Poland,Opolskie,PL52,2020-21,11.2498713163305,Epidemic intelligence subnational data
Poland,Opolskie,PL52,2020-22,12.2050490696038,Epidemic intelligence subnational data
Poland,Opolskie,PL52,2020-23,15.2828440523735,Epidemic intelligence subnational data
Poland,Opolskie,PL52,2020-24,15.3889749138483,Epidemic intelligence subnational data
Poland,Opolskie,PL52,2020-25,11.6743947622297,Epidemic intelligence subnational data
Poland,Opolskie,PL52,2020-26,14.5399280220498,Epidemic intelligence subnational data
Poland,Opolskie,PL52,2020-27,12.6295725155031,Epidemic intelligence subnational data
Poland,Opolskie,PL52,2020-28,7.11076771881265,Epidemic intelligence subnational data
Poland,Opolskie,PL52,2020-29,9.33951580978378,Epidemic intelligence subnational data
Poland,Opolskie,PL52,2020-30,14.4337971605749,Epidemic intelligence subnational data
Poland,Opolskie,PL52,2020-31,18.1483773121935,Epidemic intelligence subnational data
Poland,Opolskie,PL52,2020-32,20.3771254031646,Epidemic intelligence subnational data
Poland,Opolskie,PL52,2020-33,24.7284907236321,Epidemic intelligence subnational data
Poland,Opolskie,PL52,2020-34,24.3039672777328,Epidemic intelligence subnational data
Poland,Opolskie,PL52,2020-35,18.6790316195676,Epidemic intelligence subnational data
Poland,Opolskie,PL52,2020-36,17.6177230048194,Epidemic intelligence subnational data
Poland,Opolskie,PL52,2020-37,23.9855746933083,Epidemic intelligence subnational data
Poland,Opolskie,PL52,2020-38,41.0726433907537,Epidemic intelligence subnational data
Poland,Opolskie,PL52,2020-39,52.1102529841345,Epidemic intelligence subnational data
Poland,Opolskie,PL52,2020-40,54.2328702136308,Epidemic intelligence subnational data
Poland,Opolskie,PL52,2020-41,126.189594293556,Epidemic intelligence subnational data
Poland,Opolskie,PL52,2020-42,346.198870130849,Epidemic intelligence subnational data
Poland,Opolskie,PL52,2020-43,552.623395699365,Epidemic intelligence subnational data
Poland,Opolskie,PL52,2020-44,549.545600716596,Epidemic intelligence subnational data
Poland,Opolskie,PL52,2020-45,831.747561378131,Epidemic intelligence subnational data
Poland,Opolskie,PL52,2020-46,1064.9170640383,Epidemic intelligence subnational data
Poland,Opolskie,PL52,2020-47,991.474507897728,Epidemic intelligence subnational data
Poland,Opolskie,PL52,2020-48,878.126747842625,Epidemic intelligence subnational data
Poland,Opolskie,PL52,2020-49,641.348795892311,Epidemic intelligence subnational data
Poland,Opolskie,PL52,2020-50,735.274608297523,Epidemic intelligence subnational data
Poland,Opolskie,PL52,2020-51,610.358584341665,Epidemic intelligence subnational data
Poland,Opolskie,PL52,2020-52,269.041733838658,Epidemic intelligence subnational data
Poland,Opolskie,PL52,2020-53,248.027823266644,Epidemic intelligence subnational data
Poland,Opolskie,PL52,2021-01,262.780013011644,Epidemic intelligence subnational data
Poland,Opolskie,PL52,2021-02,260.339003197723,Epidemic intelligence subnational data
Poland,Opolskie,PL52,2021-03,205.363216953768,Epidemic intelligence subnational data
Poland,Opolskie,PL52,2021-04,157.816591013051,Epidemic intelligence subnational data
Poland,Opolskie,PL52,2021-05,147.628028311469,Epidemic intelligence subnational data
Poland,Opolskie,PL52,2021-06,136.165895272189,Epidemic intelligence subnational data
Poland,Opolskie,PL52,2021-07,147.628028311469,Epidemic intelligence subnational data
Poland,Opolskie,PL52,2021-08,174.585267126072,Epidemic intelligence subnational data
Poland,Opolskie,PL52,2021-09,240.068008656033,Epidemic intelligence subnational data
Poland,Opolskie,PL52,2021-10,349.170534252144,Epidemic intelligence subnational data
Poland,Opolskie,PL52,2021-11,516.008248490554,Epidemic intelligence subnational data
Poland,Opolskie,PL52,2021-12,539.993823183862,Epidemic intelligence subnational data
Poland,Opolskie,PL52,2021-13,844.483264755108,Epidemic intelligence subnational data
Poland,Opolskie,PL52,2021-14,980.118505719923,Epidemic intelligence subnational data
Poland,Opolskie,PL52,2021-15,660.027827511879,Epidemic intelligence subnational data
Poland,Opolskie,PL52,2021-16,502.741890806202,Epidemic intelligence subnational data
Poland,Opolskie,PL52,2021-17,355.113862494733,Epidemic intelligence subnational data
Poland,Opolskie,PL52,2021-18,247.49716895927,Epidemic intelligence subnational data
Poland,Opolskie,PL52,2021-19,172.887173342475,Epidemic intelligence subnational data
Poland,Opolskie,PL52,2021-20,113.560021778053,Epidemic intelligence subnational data
Poland,Opolskie,PL52,2021-21,64.8459563611124,Epidemic intelligence subnational data
Poland,Opolskie,PL52,2021-22,39.9052039145307,Epidemic intelligence subnational data
Poland,Opolskie,PL52,2021-23,21.0139105720135,Epidemic intelligence subnational data
Poland,Opolskie,PL52,2021-24,10.5069552860068,Epidemic intelligence subnational data
Poland,Opolskie,PL52,2021-25,5.83719738111486,Epidemic intelligence subnational data
Poland,Opolskie,PL52,2021-26,4.24523445899263,Epidemic intelligence subnational data
Poland,Opolskie,PL52,2021-27,2.65327153687039,Epidemic intelligence subnational data
Poland,Opolskie,PL52,2021-28,2.0164863680215,Epidemic intelligence subnational data
Poland,Opolskie,PL52,2021-29,2.65327153687039,Epidemic intelligence subnational data
Poland,Opolskie,PL52,2021-30,2.54714067539558,Epidemic intelligence subnational data
Poland,Opolskie,PL52,2021-31,3.92684187456818,Epidemic intelligence subnational data
Poland,Opolskie,PL52,2021-32,6.36785168848894,Epidemic intelligence subnational data
Poland,Opolskie,PL52,2021-33,9.4456466712586,Epidemic intelligence subnational data
Poland,Opolskie,PL52,2021-34,9.02112322535933,Epidemic intelligence subnational data
Poland,Opolskie,PL52,2021-35,9.76403925568304,Epidemic intelligence subnational data
Poland,Opolskie,PL52,2021-36,13.4786194073016,Epidemic intelligence subnational data
Poland,Opolskie,PL52,2021-37,16.3441526671216,Epidemic intelligence subnational data
Poland,Opolskie,PL52,2021-38,16.3441526671216,Epidemic intelligence subnational data
Poland,Opolskie,PL52,2021-39,18.7851624810424,Epidemic intelligence subnational data
Poland,Opolskie,PL52,2021-40,24.7284907236321,Epidemic intelligence subnational data
Poland,Opolskie,PL52,2021-41,35.8722311784877,Epidemic intelligence subnational data
Poland,Opolskie,PL52,2021-42,73.9732104479465,Epidemic intelligence subnational data
Poland,Opolskie,PL52,2021-43,138.606905086109,Epidemic intelligence subnational data
Poland,Opolskie,PL52,2021-44,224.997426326609,Epidemic intelligence subnational data
Poland,Opolskie,PL52,2021-45,353.94642301851,Epidemic intelligence subnational data
Poland,Opolskie,PL52,2021-46,618.106137229327,Epidemic intelligence subnational data
Poland,Opolskie,PL52,2021-47,933.10253408658,Epidemic intelligence subnational data
Poland,Opolskie,PL52,2021-48,1087.20454494801,Epidemic intelligence subnational data
Poland,Opolskie,PL52,2021-49,1125.83617852485,Epidemic intelligence subnational data
Poland,Opolskie,PL52,2021-50,1038.59661039255,Epidemic intelligence subnational data
Poland,Opolskie,PL52,2021-51,781.335402177593,Epidemic intelligence subnational data
Poland,Opolskie,PL52,2021-52,577.458017284472,Epidemic intelligence subnational data
Poland,Opolskie,PL52,2022-01,507.942303018468,Epidemic intelligence subnational data
Poland,Opolskie,PL52,2022-02,498.28439462426,Epidemic intelligence subnational data
Poland,Opolskie,PL52,2022-03,790.038132818528,Epidemic intelligence subnational data
Poland,Opolskie,PL52,2022-04,1514.48739324562,Epidemic intelligence subnational data
Poland,Kujawsko-Pomorskie,PL61,2020-14,,Epidemic intelligence subnational data
Poland,Kujawsko-Pomorskie,PL61,2020-15,13.9933378060007,Epidemic intelligence subnational data
Poland,Kujawsko-Pomorskie,PL61,2020-16,10.2877849375127,Epidemic intelligence subnational data
Poland,Kujawsko-Pomorskie,PL61,2020-17,8.67879487619553,Epidemic intelligence subnational data
Poland,Kujawsko-Pomorskie,PL61,2020-18,5.31454292980513,Epidemic intelligence subnational data
Poland,Kujawsko-Pomorskie,PL61,2020-19,1.95029098341473,Epidemic intelligence subnational data
Poland,Kujawsko-Pomorskie,PL61,2020-20,1.02390276629273,Epidemic intelligence subnational data
Poland,Kujawsko-Pomorskie,PL61,2020-21,0.877630942536626,Epidemic intelligence subnational data
Poland,Kujawsko-Pomorskie,PL61,2020-22,0.585087295024418,Epidemic intelligence subnational data
Poland,Kujawsko-Pomorskie,PL61,2020-23,0.390058196682945,Epidemic intelligence subnational data
Poland,Kujawsko-Pomorskie,PL61,2020-24,1.60899006131715,Epidemic intelligence subnational data
Poland,Kujawsko-Pomorskie,PL61,2020-25,2.38910645468304,Epidemic intelligence subnational data
Poland,Kujawsko-Pomorskie,PL61,2020-26,2.38910645468304,Epidemic intelligence subnational data
Poland,Kujawsko-Pomorskie,PL61,2020-27,1.60899006131715,Epidemic intelligence subnational data
Poland,Kujawsko-Pomorskie,PL61,2020-28,1.51147551214641,Epidemic intelligence subnational data
Poland,Kujawsko-Pomorskie,PL61,2020-29,1.99904825800009,Epidemic intelligence subnational data
Poland,Kujawsko-Pomorskie,PL61,2020-30,2.77916465136598,Epidemic intelligence subnational data
Poland,Kujawsko-Pomorskie,PL61,2020-31,4.92448473312218,Epidemic intelligence subnational data
Poland,Kujawsko-Pomorskie,PL61,2020-32,7.6548921099028,Epidemic intelligence subnational data
Poland,Kujawsko-Pomorskie,PL61,2020-33,10.8728722325371,Epidemic intelligence subnational data
Poland,Kujawsko-Pomorskie,PL61,2020-34,13.8958232568299,Epidemic intelligence subnational data
Poland,Kujawsko-Pomorskie,PL61,2020-35,15.5048133181471,Epidemic intelligence subnational data
Poland,Kujawsko-Pomorskie,PL61,2020-36,14.1883669043421,Epidemic intelligence subnational data
Poland,Kujawsko-Pomorskie,PL61,2020-37,15.6023278673178,Epidemic intelligence subnational data
Poland,Kujawsko-Pomorskie,PL61,2020-38,16.7237451827813,Epidemic intelligence subnational data
Poland,Kujawsko-Pomorskie,PL61,2020-39,48.611002761612,Epidemic intelligence subnational data
Poland,Kujawsko-Pomorskie,PL61,2020-40,89.8596570608335,Epidemic intelligence subnational data
Poland,Kujawsko-Pomorskie,PL61,2020-41,151.440094862153,Epidemic intelligence subnational data
Poland,Kujawsko-Pomorskie,PL61,2020-42,289.37442466416,Epidemic intelligence subnational data
Poland,Kujawsko-Pomorskie,PL61,2020-43,541.449534270513,Epidemic intelligence subnational data
Poland,Kujawsko-Pomorskie,PL61,2020-44,741.549389168864,Epidemic intelligence subnational data
Poland,Kujawsko-Pomorskie,PL61,2020-45,921.512489663458,Epidemic intelligence subnational data
Poland,Kujawsko-Pomorskie,PL61,2020-46,862.85748833726,Epidemic intelligence subnational data
Poland,Kujawsko-Pomorskie,PL61,2020-47,676.702213970324,Epidemic intelligence subnational data
Poland,Kujawsko-Pomorskie,PL61,2020-48,688.74526079291,Epidemic intelligence subnational data
Poland,Kujawsko-Pomorskie,PL61,2020-49,698.252929337057,Epidemic intelligence subnational data
Poland,Kujawsko-Pomorskie,PL61,2020-50,620.095018176712,Epidemic intelligence subnational data
Poland,Kujawsko-Pomorskie,PL61,2020-51,581.137955783003,Epidemic intelligence subnational data
Poland,Kujawsko-Pomorskie,PL61,2020-52,572.75170455432,Epidemic intelligence subnational data
Poland,Kujawsko-Pomorskie,PL61,2020-53,546.32526172905,Epidemic intelligence subnational data
Poland,Kujawsko-Pomorskie,PL61,2021-01,616.291950759053,Epidemic intelligence subnational data
Poland,Kujawsko-Pomorskie,PL61,2021-02,554.760270232319,Epidemic intelligence subnational data
Poland,Kujawsko-Pomorskie,PL61,2021-03,411.950212971775,Epidemic intelligence subnational data
Poland,Kujawsko-Pomorskie,PL61,2021-04,348.760785109138,Epidemic intelligence subnational data
Poland,Kujawsko-Pomorskie,PL61,2021-05,324.284633267284,Epidemic intelligence subnational data
Poland,Kujawsko-Pomorskie,PL61,2021-06,308.63354812538,Epidemic intelligence subnational data
Poland,Kujawsko-Pomorskie,PL61,2021-07,326.332438799869,Epidemic intelligence subnational data
Poland,Kujawsko-Pomorskie,PL61,2021-08,388.10790569953,Epidemic intelligence subnational data
Poland,Kujawsko-Pomorskie,PL61,2021-09,475.529699031095,Epidemic intelligence subnational data
Poland,Kujawsko-Pomorskie,PL61,2021-10,588.110246048711,Epidemic intelligence subnational data
Poland,Kujawsko-Pomorskie,PL61,2021-11,763.782706379792,Epidemic intelligence subnational data
Poland,Kujawsko-Pomorskie,PL61,2021-12,748.32665033623,Epidemic intelligence subnational data
Poland,Kujawsko-Pomorskie,PL61,2021-13,927.412119888287,Epidemic intelligence subnational data
Poland,Kujawsko-Pomorskie,PL61,2021-14,960.615823880923,Epidemic intelligence subnational data
Poland,Kujawsko-Pomorskie,PL61,2021-15,612.683912439736,Epidemic intelligence subnational data
Poland,Kujawsko-Pomorskie,PL61,2021-16,430.282948215874,Epidemic intelligence subnational data
Poland,Kujawsko-Pomorskie,PL61,2021-17,268.311282043281,Epidemic intelligence subnational data
Poland,Kujawsko-Pomorskie,PL61,2021-18,179.036712277472,Epidemic intelligence subnational data
Poland,Kujawsko-Pomorskie,PL61,2021-19,127.061457569469,Epidemic intelligence subnational data
Poland,Kujawsko-Pomorskie,PL61,2021-20,80.0594448691745,Epidemic intelligence subnational data
Poland,Kujawsko-Pomorskie,PL61,2021-21,38.6157614716116,Epidemic intelligence subnational data
Poland,Kujawsko-Pomorskie,PL61,2021-22,20.136754403757,Epidemic intelligence subnational data
Poland,Kujawsko-Pomorskie,PL61,2021-23,11.3604449783908,Epidemic intelligence subnational data
Poland,Kujawsko-Pomorskie,PL61,2021-24,7.60613483531743,Epidemic intelligence subnational data
Poland,Kujawsko-Pomorskie,PL61,2021-25,4.72945563478071,Epidemic intelligence subnational data
Poland,Kujawsko-Pomorskie,PL61,2021-26,2.68165010219525,Epidemic intelligence subnational data
Poland,Kujawsko-Pomorskie,PL61,2021-27,3.41300922097577,Epidemic intelligence subnational data
Poland,Kujawsko-Pomorskie,PL61,2021-28,3.02295102429283,Epidemic intelligence subnational data
Poland,Kujawsko-Pomorskie,PL61,2021-29,2.77916465136598,Epidemic intelligence subnational data
Poland,Kujawsko-Pomorskie,PL61,2021-30,3.07170829887819,Epidemic intelligence subnational data
Poland,Kujawsko-Pomorskie,PL61,2021-31,3.75431014307335,Epidemic intelligence subnational data
Poland,Kujawsko-Pomorskie,PL61,2021-32,5.07075655687829,Epidemic intelligence subnational data
Poland,Kujawsko-Pomorskie,PL61,2021-33,5.6558438519027,Epidemic intelligence subnational data
Poland,Kujawsko-Pomorskie,PL61,2021-34,5.55832930273197,Epidemic intelligence subnational data
Poland,Kujawsko-Pomorskie,PL61,2021-35,7.16731936404912,Epidemic intelligence subnational data
Poland,Kujawsko-Pomorskie,PL61,2021-36,11.3116877038054,Epidemic intelligence subnational data
Poland,Kujawsko-Pomorskie,PL61,2021-37,12.4818622938542,Epidemic intelligence subnational data
Poland,Kujawsko-Pomorskie,PL61,2021-38,15.9923860640008,Epidemic intelligence subnational data
Poland,Kujawsko-Pomorskie,PL61,2021-39,23.1597054280499,Epidemic intelligence subnational data
Poland,Kujawsko-Pomorskie,PL61,2021-40,30.9608693617088,Epidemic intelligence subnational data
Poland,Kujawsko-Pomorskie,PL61,2021-41,45.9293526594168,Epidemic intelligence subnational data
Poland,Kujawsko-Pomorskie,PL61,2021-42,88.4456960978578,Epidemic intelligence subnational data
Poland,Kujawsko-Pomorskie,PL61,2021-43,157.681026009081,Epidemic intelligence subnational data
Poland,Kujawsko-Pomorskie,PL61,2021-44,255.634390651085,Epidemic intelligence subnational data
Poland,Kujawsko-Pomorskie,PL61,2021-45,386.645187461969,Epidemic intelligence subnational data
Poland,Kujawsko-Pomorskie,PL61,2021-46,591.181954347589,Epidemic intelligence subnational data
Poland,Kujawsko-Pomorskie,PL61,2021-47,785.430936295695,Epidemic intelligence subnational data
Poland,Kujawsko-Pomorskie,PL61,2021-48,847.986519588723,Epidemic intelligence subnational data
Poland,Kujawsko-Pomorskie,PL61,2021-49,828.142308832478,Epidemic intelligence subnational data
Poland,Kujawsko-Pomorskie,PL61,2021-50,745.254942037352,Epidemic intelligence subnational data
Poland,Kujawsko-Pomorskie,PL61,2021-51,575.092053734417,Epidemic intelligence subnational data
Poland,Kujawsko-Pomorskie,PL61,2021-52,428.576443605386,Epidemic intelligence subnational data
Poland,Kujawsko-Pomorskie,PL61,2022-01,391.082099449238,Epidemic intelligence subnational data
Poland,Kujawsko-Pomorskie,PL61,2022-02,382.062003650945,Epidemic intelligence subnational data
Poland,Kujawsko-Pomorskie,PL61,2022-03,546.861591749489,Epidemic intelligence subnational data
Poland,Kujawsko-Pomorskie,PL61,2022-04,1028.63222192751,Epidemic intelligence subnational data
Poland,Warminsko-Mazurskie,PL62,2020-14,,Epidemic intelligence subnational data
Poland,Warminsko-Mazurskie,PL62,2020-15,4.86048270311457,Epidemic intelligence subnational data
Poland,Warminsko-Mazurskie,PL62,2020-16,4.64604964268304,Epidemic intelligence subnational data
Poland,Warminsko-Mazurskie,PL62,2020-17,1.50103142302068,Epidemic intelligence subnational data
Poland,Warminsko-Mazurskie,PL62,2020-18,0.500343807673559,Epidemic intelligence subnational data
Poland,Warminsko-Mazurskie,PL62,2020-19,1.28659836258915,Epidemic intelligence subnational data
Poland,Warminsko-Mazurskie,PL62,2020-20,1.64398679664169,Epidemic intelligence subnational data
Poland,Warminsko-Mazurskie,PL62,2020-21,1.07216530215763,Epidemic intelligence subnational data
Poland,Warminsko-Mazurskie,PL62,2020-22,0.285910747242034,Epidemic intelligence subnational data
Poland,Warminsko-Mazurskie,PL62,2020-23,0.142955373621017,Epidemic intelligence subnational data
Poland,Warminsko-Mazurskie,PL62,2020-24,0.929209928536609,Epidemic intelligence subnational data
Poland,Warminsko-Mazurskie,PL62,2020-25,2.28728597793627,Epidemic intelligence subnational data
Poland,Warminsko-Mazurskie,PL62,2020-26,4.14570583500949,Epidemic intelligence subnational data
Poland,Warminsko-Mazurskie,PL62,2020-27,4.43161658225152,Epidemic intelligence subnational data
Poland,Warminsko-Mazurskie,PL62,2020-28,2.5731967251783,Epidemic intelligence subnational data
Poland,Warminsko-Mazurskie,PL62,2020-29,3.50240665371491,Epidemic intelligence subnational data
Poland,Warminsko-Mazurskie,PL62,2020-30,4.43161658225152,Epidemic intelligence subnational data
Poland,Warminsko-Mazurskie,PL62,2020-31,5.57525957121965,Epidemic intelligence subnational data
Poland,Warminsko-Mazurskie,PL62,2020-32,12.8659836258915,Epidemic intelligence subnational data
Poland,Warminsko-Mazurskie,PL62,2020-33,17.8694217026271,Epidemic intelligence subnational data
Poland,Warminsko-Mazurskie,PL62,2020-34,18.2982878234901,Epidemic intelligence subnational data
Poland,Warminsko-Mazurskie,PL62,2020-35,17.8694217026271,Epidemic intelligence subnational data
Poland,Warminsko-Mazurskie,PL62,2020-36,16.4398679664169,Epidemic intelligence subnational data
Poland,Warminsko-Mazurskie,PL62,2020-37,14.9388365433963,Epidemic intelligence subnational data
Poland,Warminsko-Mazurskie,PL62,2020-38,16.3683902796064,Epidemic intelligence subnational data
Poland,Warminsko-Mazurskie,PL62,2020-39,38.0261293831905,Epidemic intelligence subnational data
Poland,Warminsko-Mazurskie,PL62,2020-40,55.8955510858175,Epidemic intelligence subnational data
Poland,Warminsko-Mazurskie,PL62,2020-41,76.909991008107,Epidemic intelligence subnational data
Poland,Warminsko-Mazurskie,PL62,2020-42,171.47497065841,Epidemic intelligence subnational data
Poland,Warminsko-Mazurskie,PL62,2020-43,298.633775494304,Epidemic intelligence subnational data
Poland,Warminsko-Mazurskie,PL62,2020-44,389.553393117271,Epidemic intelligence subnational data
Poland,Warminsko-Mazurskie,PL62,2020-45,597.910850169903,Epidemic intelligence subnational data
Poland,Warminsko-Mazurskie,PL62,2020-46,751.730832186117,Epidemic intelligence subnational data
Poland,Warminsko-Mazurskie,PL62,2020-47,815.203018073848,Epidemic intelligence subnational data
Poland,Warminsko-Mazurskie,PL62,2020-48,880.1762353846,Epidemic intelligence subnational data
Poland,Warminsko-Mazurskie,PL62,2020-49,813.201642843154,Epidemic intelligence subnational data
Poland,Warminsko-Mazurskie,PL62,2020-50,772.888227482027,Epidemic intelligence subnational data
Poland,Warminsko-Mazurskie,PL62,2020-51,725.712954187092,Epidemic intelligence subnational data
Poland,Warminsko-Mazurskie,PL62,2020-52,595.695041878777,Epidemic intelligence subnational data
Poland,Warminsko-Mazurskie,PL62,2020-53,584.973388857201,Epidemic intelligence subnational data
Poland,Warminsko-Mazurskie,PL62,2021-01,648.374097058121,Epidemic intelligence subnational data
Poland,Warminsko-Mazurskie,PL62,2021-02,554.02355046825,Epidemic intelligence subnational data
Poland,Warminsko-Mazurskie,PL62,2021-03,404.492229660667,Epidemic intelligence subnational data
Poland,Warminsko-Mazurskie,PL62,2021-04,342.664030569577,Epidemic intelligence subnational data
Poland,Warminsko-Mazurskie,PL62,2021-05,344.308017366219,Epidemic intelligence subnational data
Poland,Warminsko-Mazurskie,PL62,2021-06,392.483978276501,Epidemic intelligence subnational data
Poland,Warminsko-Mazurskie,PL62,2021-07,514.925255782902,Epidemic intelligence subnational data
Poland,Warminsko-Mazurskie,PL62,2021-08,672.533555200073,Epidemic intelligence subnational data
Poland,Warminsko-Mazurskie,PL62,2021-09,804.123976618219,Epidemic intelligence subnational data
Poland,Warminsko-Mazurskie,PL62,2021-10,877.888949406664,Epidemic intelligence subnational data
Poland,Warminsko-Mazurskie,PL62,2021-11,876.459395670454,Epidemic intelligence subnational data
Poland,Warminsko-Mazurskie,PL62,2021-12,730.787869950638,Epidemic intelligence subnational data
Poland,Warminsko-Mazurskie,PL62,2021-13,772.316405987543,Epidemic intelligence subnational data
Poland,Warminsko-Mazurskie,PL62,2021-14,712.704015187579,Epidemic intelligence subnational data
Poland,Warminsko-Mazurskie,PL62,2021-15,444.448256587741,Epidemic intelligence subnational data
Poland,Warminsko-Mazurskie,PL62,2021-16,317.503884812278,Epidemic intelligence subnational data
Poland,Warminsko-Mazurskie,PL62,2021-17,190.630990723626,Epidemic intelligence subnational data
Poland,Warminsko-Mazurskie,PL62,2021-18,129.160180066589,Epidemic intelligence subnational data
Poland,Warminsko-Mazurskie,PL62,2021-19,92.7780374800399,Epidemic intelligence subnational data
Poland,Warminsko-Mazurskie,PL62,2021-20,61.1134222229847,Epidemic intelligence subnational data
Poland,Warminsko-Mazurskie,PL62,2021-21,34.452245042665,Epidemic intelligence subnational data
Poland,Warminsko-Mazurskie,PL62,2021-22,19.0130646915952,Epidemic intelligence subnational data
Poland,Warminsko-Mazurskie,PL62,2021-23,11.4364298896813,Epidemic intelligence subnational data
Poland,Warminsko-Mazurskie,PL62,2021-24,7.29072405467185,Epidemic intelligence subnational data
Poland,Warminsko-Mazurskie,PL62,2021-25,5.07491576354609,Epidemic intelligence subnational data
Poland,Warminsko-Mazurskie,PL62,2021-26,4.64604964268304,Epidemic intelligence subnational data
Poland,Warminsko-Mazurskie,PL62,2021-27,4.78900501630406,Epidemic intelligence subnational data
Poland,Warminsko-Mazurskie,PL62,2021-28,4.00275046138847,Epidemic intelligence subnational data
Poland,Warminsko-Mazurskie,PL62,2021-29,3.07354053285186,Epidemic intelligence subnational data
Poland,Warminsko-Mazurskie,PL62,2021-30,5.28934882397762,Epidemic intelligence subnational data
Poland,Warminsko-Mazurskie,PL62,2021-31,5.78969263165118,Epidemic intelligence subnational data
Poland,Warminsko-Mazurskie,PL62,2021-32,6.0041256920827,Epidemic intelligence subnational data
Poland,Warminsko-Mazurskie,PL62,2021-33,7.7195901755349,Epidemic intelligence subnational data
Poland,Warminsko-Mazurskie,PL62,2021-34,6.64742487337728,Epidemic intelligence subnational data
Poland,Warminsko-Mazurskie,PL62,2021-35,5.9326480052722,Epidemic intelligence subnational data
Poland,Warminsko-Mazurskie,PL62,2021-36,11.2934745160603,Epidemic intelligence subnational data
Poland,Warminsko-Mazurskie,PL62,2021-37,17.5120332685746,Epidemic intelligence subnational data
Poland,Warminsko-Mazurskie,PL62,2021-38,25.0886680704884,Epidemic intelligence subnational data
Poland,Warminsko-Mazurskie,PL62,2021-39,34.9525888503386,Epidemic intelligence subnational data
Poland,Warminsko-Mazurskie,PL62,2021-40,45.6027641851043,Epidemic intelligence subnational data
Poland,Warminsko-Mazurskie,PL62,2021-41,65.6165164920467,Epidemic intelligence subnational data
Poland,Warminsko-Mazurskie,PL62,2021-42,118.009660924149,Epidemic intelligence subnational data
Poland,Warminsko-Mazurskie,PL62,2021-43,218.435810892914,Epidemic intelligence subnational data
Poland,Warminsko-Mazurskie,PL62,2021-44,359.389809283236,Epidemic intelligence subnational data
Poland,Warminsko-Mazurskie,PL62,2021-45,487.048957926804,Epidemic intelligence subnational data
Poland,Warminsko-Mazurskie,PL62,2021-46,630.147286921442,Epidemic intelligence subnational data
Poland,Warminsko-Mazurskie,PL62,2021-47,761.237364531914,Epidemic intelligence subnational data
Poland,Warminsko-Mazurskie,PL62,2021-48,821.207143765931,Epidemic intelligence subnational data
Poland,Warminsko-Mazurskie,PL62,2021-49,840.434641517957,Epidemic intelligence subnational data
Poland,Warminsko-Mazurskie,PL62,2021-50,754.518461971726,Epidemic intelligence subnational data
Poland,Warminsko-Mazurskie,PL62,2021-51,546.446915666336,Epidemic intelligence subnational data
Poland,Warminsko-Mazurskie,PL62,2021-52,396.057862617027,Epidemic intelligence subnational data
Poland,Warminsko-Mazurskie,PL62,2022-01,377.974007853968,Epidemic intelligence subnational data
Poland,Warminsko-Mazurskie,PL62,2022-02,397.344460979616,Epidemic intelligence subnational data
Poland,Warminsko-Mazurskie,PL62,2022-03,676.178917227409,Epidemic intelligence subnational data
Poland,Warminsko-Mazurskie,PL62,2022-04,1220.12411385538,Epidemic intelligence subnational data
Poland,Pomorskie,PL63,2020-14,,Epidemic intelligence subnational data
Poland,Pomorskie,PL63,2020-15,5.65597428474592,Epidemic intelligence subnational data
Poland,Pomorskie,PL63,2020-16,4.7492913841378,Epidemic intelligence subnational data
Poland,Pomorskie,PL63,2020-17,10.4916164213226,Epidemic intelligence subnational data
Poland,Pomorskie,PL63,2020-18,10.0598626591283,Epidemic intelligence subnational data
Poland,Pomorskie,PL63,2020-19,2.89275020670211,Epidemic intelligence subnational data
Poland,Pomorskie,PL63,2020-20,1.81336580121625,Epidemic intelligence subnational data
Poland,Pomorskie,PL63,2020-21,2.46099644450777,Epidemic intelligence subnational data
Poland,Pomorskie,PL63,2020-22,2.46099644450777,Epidemic intelligence subnational data
Poland,Pomorskie,PL63,2020-23,1.20891053414417,Epidemic intelligence subnational data
Poland,Pomorskie,PL63,2020-24,1.33843666280247,Epidemic intelligence subnational data
Poland,Pomorskie,PL63,2020-25,2.67687332560494,Epidemic intelligence subnational data
Poland,Pomorskie,PL63,2020-26,3.32450396889646,Epidemic intelligence subnational data
Poland,Pomorskie,PL63,2020-27,2.33147031584947,Epidemic intelligence subnational data
Poland,Pomorskie,PL63,2020-28,2.07241805853286,Epidemic intelligence subnational data
Poland,Pomorskie,PL63,2020-29,3.6267316024325,Epidemic intelligence subnational data
Poland,Pomorskie,PL63,2020-30,6.90806019510953,Epidemic intelligence subnational data
Poland,Pomorskie,PL63,2020-31,9.6281088969339,Epidemic intelligence subnational data
Poland,Pomorskie,PL63,2020-32,15.6726615676547,Epidemic intelligence subnational data
Poland,Pomorskie,PL63,2020-33,31.9497784023816,Epidemic intelligence subnational data
Poland,Pomorskie,PL63,2020-34,44.0388837438232,Epidemic intelligence subnational data
Poland,Pomorskie,PL63,2020-35,36.3104914005444,Epidemic intelligence subnational data
Poland,Pomorskie,PL63,2020-36,26.6823825036105,Epidemic intelligence subnational data
Poland,Pomorskie,PL63,2020-37,27.7617669090964,Epidemic intelligence subnational data
Poland,Pomorskie,PL63,2020-38,37.8216295682247,Epidemic intelligence subnational data
Poland,Pomorskie,PL63,2020-39,74.6502254834023,Epidemic intelligence subnational data
Poland,Pomorskie,PL63,2020-40,106.815880766881,Epidemic intelligence subnational data
Poland,Pomorskie,PL63,2020-41,149.602678600341,Epidemic intelligence subnational data
Poland,Pomorskie,PL63,2020-42,260.822447741604,Epidemic intelligence subnational data
Poland,Pomorskie,PL63,2020-43,379.684258473707,Epidemic intelligence subnational data
Poland,Pomorskie,PL63,2020-44,437.927840993725,Epidemic intelligence subnational data
Poland,Pomorskie,PL63,2020-45,678.112458902439,Epidemic intelligence subnational data
Poland,Pomorskie,PL63,2020-46,767.312786171791,Epidemic intelligence subnational data
Poland,Pomorskie,PL63,2020-47,723.964708447478,Epidemic intelligence subnational data
Poland,Pomorskie,PL63,2020-48,731.045470147466,Epidemic intelligence subnational data
Poland,Pomorskie,PL63,2020-49,586.839713574554,Epidemic intelligence subnational data
Poland,Pomorskie,PL63,2020-50,700.779531417642,Epidemic intelligence subnational data
Poland,Pomorskie,PL63,2020-51,680.012175456094,Epidemic intelligence subnational data
Poland,Pomorskie,PL63,2020-52,455.154816105279,Epidemic intelligence subnational data
Poland,Pomorskie,PL63,2020-53,473.806578632075,Epidemic intelligence subnational data
Poland,Pomorskie,PL63,2021-01,535.676892754524,Epidemic intelligence subnational data
Poland,Pomorskie,PL63,2021-02,478.987623778407,Epidemic intelligence subnational data
Poland,Pomorskie,PL63,2021-03,375.582597732861,Epidemic intelligence subnational data
Poland,Pomorskie,PL63,2021-04,318.850153380524,Epidemic intelligence subnational data
Poland,Pomorskie,PL63,2021-05,305.336260623841,Epidemic intelligence subnational data
Poland,Pomorskie,PL63,2021-06,321.699728211007,Epidemic intelligence subnational data
Poland,Pomorskie,PL63,2021-07,374.287336446278,Epidemic intelligence subnational data
Poland,Pomorskie,PL63,2021-08,487.665874398513,Epidemic intelligence subnational data
Poland,Pomorskie,PL63,2021-09,618.573615095839,Epidemic intelligence subnational data
Poland,Pomorskie,PL63,2021-10,727.807316931008,Epidemic intelligence subnational data
Poland,Pomorskie,PL63,2021-11,840.926802625926,Epidemic intelligence subnational data
Poland,Pomorskie,PL63,2021-12,773.961794109583,Epidemic intelligence subnational data
Poland,Pomorskie,PL63,2021-13,948.865243174513,Epidemic intelligence subnational data
Poland,Pomorskie,PL63,2021-14,944.072776414156,Epidemic intelligence subnational data
Poland,Pomorskie,PL63,2021-15,554.976285924612,Epidemic intelligence subnational data
Poland,Pomorskie,PL63,2021-16,373.941933436523,Epidemic intelligence subnational data
Poland,Pomorskie,PL63,2021-17,230.254281378244,Epidemic intelligence subnational data
Poland,Pomorskie,PL63,2021-18,165.145814039337,Epidemic intelligence subnational data
Poland,Pomorskie,PL63,2021-19,126.072098560749,Epidemic intelligence subnational data
Poland,Pomorskie,PL63,2021-20,82.4217932029005,Epidemic intelligence subnational data
Poland,Pomorskie,PL63,2021-21,40.8007305273656,Epidemic intelligence subnational data
Poland,Pomorskie,PL63,2021-22,18.7381132792346,Epidemic intelligence subnational data
Poland,Pomorskie,PL63,2021-23,9.80081040181164,Epidemic intelligence subnational data
Poland,Pomorskie,PL63,2021-24,5.8718511658431,Epidemic intelligence subnational data
Poland,Pomorskie,PL63,2021-25,3.6267316024325,Epidemic intelligence subnational data
Poland,Pomorskie,PL63,2021-26,3.41085472133533,Epidemic intelligence subnational data
Poland,Pomorskie,PL63,2021-27,2.93592558292155,Epidemic intelligence subnational data
Poland,Pomorskie,PL63,2021-28,3.10862708779929,Epidemic intelligence subnational data
Poland,Pomorskie,PL63,2021-29,4.10166074084628,Epidemic intelligence subnational data
Poland,Pomorskie,PL63,2021-30,4.92199288901554,Epidemic intelligence subnational data
Poland,Pomorskie,PL63,2021-31,4.92199288901554,Epidemic intelligence subnational data
Poland,Pomorskie,PL63,2021-32,5.91502654206253,Epidemic intelligence subnational data
Poland,Pomorskie,PL63,2021-33,7.64204159083991,Epidemic intelligence subnational data
Poland,Pomorskie,PL63,2021-34,9.4985827682756,Epidemic intelligence subnational data
Poland,Pomorskie,PL63,2021-35,12.0459299652222,Epidemic intelligence subnational data
Poland,Pomorskie,PL63,2021-36,13.6002435091219,Epidemic intelligence subnational data
Poland,Pomorskie,PL63,2021-37,16.6656952207017,Epidemic intelligence subnational data
Poland,Pomorskie,PL63,2021-38,19.1266916652095,Epidemic intelligence subnational data
Poland,Pomorskie,PL63,2021-39,27.027785513366,Epidemic intelligence subnational data
Poland,Pomorskie,PL63,2021-40,41.6642380517543,Epidemic intelligence subnational data
Poland,Pomorskie,PL63,2021-41,59.711545311478,Epidemic intelligence subnational data
Poland,Pomorskie,PL63,2021-42,98.6989100376273,Epidemic intelligence subnational data
Poland,Pomorskie,PL63,2021-43,173.003732511274,Epidemic intelligence subnational data
Poland,Pomorskie,PL63,2021-44,292.685875391547,Epidemic intelligence subnational data
Poland,Pomorskie,PL63,2021-45,424.716175870578,Epidemic intelligence subnational data
Poland,Pomorskie,PL63,2021-46,575.139186619087,Epidemic intelligence subnational data
Poland,Pomorskie,PL63,2021-47,753.496665781571,Epidemic intelligence subnational data
Poland,Pomorskie,PL63,2021-48,848.180265830791,Epidemic intelligence subnational data
Poland,Pomorskie,PL63,2021-49,852.152400442979,Epidemic intelligence subnational data
Poland,Pomorskie,PL63,2021-50,798.873986188197,Epidemic intelligence subnational data
Poland,Pomorskie,PL63,2021-51,629.842388289111,Epidemic intelligence subnational data
Poland,Pomorskie,PL63,2021-52,491.422132129604,Epidemic intelligence subnational data
Poland,Pomorskie,PL63,2022-01,492.631042663748,Epidemic intelligence subnational data
Poland,Pomorskie,PL63,2022-02,554.976285924612,Epidemic intelligence subnational data
Poland,Pomorskie,PL63,2022-03,988.068484781759,Epidemic intelligence subnational data
Poland,Pomorskie,PL63,2022-04,1845.66098262839,Epidemic intelligence subnational data
Poland,Łódzkie,PL71,2020-14,,Epidemic intelligence subnational data
Poland,Łódzkie,PL71,2020-15,15.1472662254855,Epidemic intelligence subnational data
Poland,Łódzkie,PL71,2020-16,17.357948323259,Epidemic intelligence subnational data
Poland,Łódzkie,PL71,2020-17,13.5916010455708,Epidemic intelligence subnational data
Poland,Łódzkie,PL71,2020-18,13.8372323897678,Epidemic intelligence subnational data
Poland,Łódzkie,PL71,2020-19,11.6265502919943,Epidemic intelligence subnational data
Poland,Łódzkie,PL71,2020-20,6.67298485068685,Epidemic intelligence subnational data
Poland,Łódzkie,PL71,2020-21,8.02395724377069,Epidemic intelligence subnational data
Poland,Łódzkie,PL71,2020-22,14.8197577665561,Epidemic intelligence subnational data
Poland,Łódzkie,PL71,2020-23,30.4992252378018,Epidemic intelligence subnational data
Poland,Łódzkie,PL71,2020-24,37.9909812358122,Epidemic intelligence subnational data
Poland,Łódzkie,PL71,2020-25,32.3005217619136,Epidemic intelligence subnational data
Poland,Łódzkie,PL71,2020-26,24.2765645181429,Epidemic intelligence subnational data
Poland,Łódzkie,PL71,2020-27,15.1063276681193,Epidemic intelligence subnational data
Poland,Łódzkie,PL71,2020-28,14.4922493076267,Epidemic intelligence subnational data
Poland,Łódzkie,PL71,2020-29,16.4982386185693,Epidemic intelligence subnational data
Poland,Łódzkie,PL71,2020-30,16.1707301596399,Epidemic intelligence subnational data
Poland,Łódzkie,PL71,2020-31,18.0539037984841,Epidemic intelligence subnational data
Poland,Łódzkie,PL71,2020-32,19.1592448473708,Epidemic intelligence subnational data
Poland,Łódzkie,PL71,2020-33,24.1946874034106,Epidemic intelligence subnational data
Poland,Łódzkie,PL71,2020-34,31.0723650409283,Epidemic intelligence subnational data
Poland,Łódzkie,PL71,2020-35,24.7268886491709,Epidemic intelligence subnational data
Poland,Łódzkie,PL71,2020-36,17.357948323259,Epidemic intelligence subnational data
Poland,Łódzkie,PL71,2020-37,15.3928975696825,Epidemic intelligence subnational data
Poland,Łódzkie,PL71,2020-38,22.3115137645665,Epidemic intelligence subnational data
Poland,Łódzkie,PL71,2020-39,42.9445466771196,Epidemic intelligence subnational data
Poland,Łódzkie,PL71,2020-40,60.9575119182375,Epidemic intelligence subnational data
Poland,Łódzkie,PL71,2020-41,126.909527835149,Epidemic intelligence subnational data
Poland,Łódzkie,PL71,2020-42,303.395648640738,Epidemic intelligence subnational data
Poland,Łódzkie,PL71,2020-43,515.252683010703,Epidemic intelligence subnational data
Poland,Łódzkie,PL71,2020-44,628.652486915014,Epidemic intelligence subnational data
Poland,Łódzkie,PL71,2020-45,813.653827652767,Epidemic intelligence subnational data
Poland,Łódzkie,PL71,2020-46,837.766637941446,Epidemic intelligence subnational data
Poland,Łódzkie,PL71,2020-47,700.131208076359,Epidemic intelligence subnational data
Poland,Łódzkie,PL71,2020-48,601.38740770914,Epidemic intelligence subnational data
Poland,Łódzkie,PL71,2020-49,473.986617185597,Epidemic intelligence subnational data
Poland,Łódzkie,PL71,2020-50,374.874369802083,Epidemic intelligence subnational data
Poland,Łódzkie,PL71,2020-51,325.74810096267,Epidemic intelligence subnational data
Poland,Łódzkie,PL71,2020-52,327.099073355754,Epidemic intelligence subnational data
Poland,Łódzkie,PL71,2020-53,318.297283522026,Epidemic intelligence subnational data
Poland,Łódzkie,PL71,2021-01,344.17045177745,Epidemic intelligence subnational data
Poland,Łódzkie,PL71,2021-02,291.400651332448,Epidemic intelligence subnational data
Poland,Łódzkie,PL71,2021-03,206.535021912363,Epidemic intelligence subnational data
Poland,Łódzkie,PL71,2021-04,174.725762838843,Epidemic intelligence subnational data
Poland,Łódzkie,PL71,2021-05,160.642899104878,Epidemic intelligence subnational data
Poland,Łódzkie,PL71,2021-06,154.133668483656,Epidemic intelligence subnational data
Poland,Łódzkie,PL71,2021-07,179.106188477024,Epidemic intelligence subnational data
Poland,Łódzkie,PL71,2021-08,240.51402452629,Epidemic intelligence subnational data
Poland,Łódzkie,PL71,2021-09,321.408613881855,Epidemic intelligence subnational data
Poland,Łódzkie,PL71,2021-10,431.65614886897,Epidemic intelligence subnational data
Poland,Łódzkie,PL71,2021-11,602.615564430125,Epidemic intelligence subnational data
Poland,Łódzkie,PL71,2021-12,643.349429009471,Epidemic intelligence subnational data
Poland,Łódzkie,PL71,2021-13,911.988242446324,Epidemic intelligence subnational data
Poland,Łódzkie,PL71,2021-14,1024.44645953121,Epidemic intelligence subnational data
Poland,Łódzkie,PL71,2021-15,721.501135021503,Epidemic intelligence subnational data
Poland,Łódzkie,PL71,2021-16,520.206248452011,Epidemic intelligence subnational data
Poland,Łódzkie,PL71,2021-17,335.655231845285,Epidemic intelligence subnational data
Poland,Łódzkie,PL71,2021-18,231.425664790998,Epidemic intelligence subnational data
Poland,Łódzkie,PL71,2021-19,163.631413792609,Epidemic intelligence subnational data
Poland,Łódzkie,PL71,2021-20,105.498662332638,Epidemic intelligence subnational data
Poland,Łódzkie,PL71,2021-21,57.6824273289434,Epidemic intelligence subnational data
Poland,Łódzkie,PL71,2021-22,31.1542421556607,Epidemic intelligence subnational data
Poland,Łódzkie,PL71,2021-23,18.7089207163429,Epidemic intelligence subnational data
Poland,Łódzkie,PL71,2021-24,12.1996900951207,Epidemic intelligence subnational data
Poland,Łódzkie,PL71,2021-25,7.53269455537656,Epidemic intelligence subnational data
Poland,Łódzkie,PL71,2021-26,5.40388957233536,Epidemic intelligence subnational data
Poland,Łódzkie,PL71,2021-27,3.84822439242064,Epidemic intelligence subnational data
Poland,Łódzkie,PL71,2021-28,3.80728583505446,Epidemic intelligence subnational data
Poland,Łódzkie,PL71,2021-29,3.88916294978681,Epidemic intelligence subnational data
Poland,Łódzkie,PL71,2021-30,3.07039180246327,Epidemic intelligence subnational data
Poland,Łódzkie,PL71,2021-31,3.43883881875887,Epidemic intelligence subnational data
Poland,Łódzkie,PL71,2021-32,4.46230275291329,Epidemic intelligence subnational data
Poland,Łódzkie,PL71,2021-33,5.81327514599713,Epidemic intelligence subnational data
Poland,Łódzkie,PL71,2021-34,7.61457167010892,Epidemic intelligence subnational data
Poland,Łódzkie,PL71,2021-35,10.9715333741354,Epidemic intelligence subnational data
Poland,Łódzkie,PL71,2021-36,16.9895013069634,Epidemic intelligence subnational data
Poland,Łódzkie,PL71,2021-37,22.679960780862,Epidemic intelligence subnational data
Poland,Łódzkie,PL71,2021-38,26.0369224848886,Epidemic intelligence subnational data
Poland,Łódzkie,PL71,2021-39,30.6629794672666,Epidemic intelligence subnational data
Poland,Łódzkie,PL71,2021-40,41.7163899561343,Epidemic intelligence subnational data
Poland,Łódzkie,PL71,2021-41,62.2675457539552,Epidemic intelligence subnational data
Poland,Łódzkie,PL71,2021-42,104.106751382188,Epidemic intelligence subnational data
Poland,Łódzkie,PL71,2021-43,198.183556209663,Epidemic intelligence subnational data
Poland,Łódzkie,PL71,2021-44,350.59780528394,Epidemic intelligence subnational data
Poland,Łódzkie,PL71,2021-45,478.858305512172,Epidemic intelligence subnational data
Poland,Łódzkie,PL71,2021-46,600.323005217619,Epidemic intelligence subnational data
Poland,Łódzkie,PL71,2021-47,728.992891019513,Epidemic intelligence subnational data
Poland,Łódzkie,PL71,2021-48,769.685817041493,Epidemic intelligence subnational data
Poland,Łódzkie,PL71,2021-49,757.322372716908,Epidemic intelligence subnational data
Poland,Łódzkie,PL71,2021-50,696.6923692576,Epidemic intelligence subnational data
Poland,Łódzkie,PL71,2021-51,538.464845037326,Epidemic intelligence subnational data
Poland,Łódzkie,PL71,2021-52,419.251765987018,Epidemic intelligence subnational data
Poland,Łódzkie,PL71,2022-01,400.542845270676,Epidemic intelligence subnational data
Poland,Łódzkie,PL71,2022-02,405.414533597251,Epidemic intelligence subnational data
Poland,Łódzkie,PL71,2022-03,690.346892865842,Epidemic intelligence subnational data
Poland,Łódzkie,PL71,2022-04,1369.84506802965,Epidemic intelligence subnational data
Poland,Świętokrzyskie,PL72,2020-14,,Epidemic intelligence subnational data
Poland,Świętokrzyskie,PL72,2020-15,10.9128831919445,Epidemic intelligence subnational data
Poland,Świętokrzyskie,PL72,2020-16,12.2257112451107,Epidemic intelligence subnational data
Poland,Świętokrzyskie,PL72,2020-17,7.87696831899752,Epidemic intelligence subnational data
Poland,Świętokrzyskie,PL72,2020-18,4.75900169272767,Epidemic intelligence subnational data
Poland,Świętokrzyskie,PL72,2020-19,5.08720870601923,Epidemic intelligence subnational data
Poland,Świętokrzyskie,PL72,2020-20,4.26669117279033,Epidemic intelligence subnational data
Poland,Świętokrzyskie,PL72,2020-21,6.23593325253971,Epidemic intelligence subnational data
Poland,Świętokrzyskie,PL72,2020-22,11.5692972185276,Epidemic intelligence subnational data
Poland,Świętokrzyskie,PL72,2020-23,13.538539298277,Epidemic intelligence subnational data
Poland,Świętokrzyskie,PL72,2020-24,11.7334007251734,Epidemic intelligence subnational data
Poland,Świętokrzyskie,PL72,2020-25,12.4718665050794,Epidemic intelligence subnational data
Poland,Świętokrzyskie,PL72,2020-26,13.6205910515999,Epidemic intelligence subnational data
Poland,Świętokrzyskie,PL72,2020-27,10.0103139053927,Epidemic intelligence subnational data
Poland,Świętokrzyskie,PL72,2020-28,5.25131221266502,Epidemic intelligence subnational data
Poland,Świętokrzyskie,PL72,2020-29,6.81029552579994,Epidemic intelligence subnational data
Poland,Świętokrzyskie,PL72,2020-30,7.79491656567463,Epidemic intelligence subnational data
Poland,Świętokrzyskie,PL72,2020-31,7.2205542924144,Epidemic intelligence subnational data
Poland,Świętokrzyskie,PL72,2020-32,11.2410902052361,Epidemic intelligence subnational data
Poland,Świętokrzyskie,PL72,2020-33,14.7693155981204,Epidemic intelligence subnational data
Poland,Świętokrzyskie,PL72,2020-34,20.1026795641083,Epidemic intelligence subnational data
Poland,Świętokrzyskie,PL72,2020-35,20.4308865773998,Epidemic intelligence subnational data
Poland,Świętokrzyskie,PL72,2020-36,18.789851510942,Epidemic intelligence subnational data
Poland,Świętokrzyskie,PL72,2020-37,19.4462655375251,Epidemic intelligence subnational data
Poland,Świętokrzyskie,PL72,2020-38,19.2821620308794,Epidemic intelligence subnational data
Poland,Świętokrzyskie,PL72,2020-39,35.9386679554262,Epidemic intelligence subnational data
Poland,Świętokrzyskie,PL72,2020-40,65.7234544116356,Epidemic intelligence subnational data
Poland,Świętokrzyskie,PL72,2020-41,136.862324542582,Epidemic intelligence subnational data
Poland,Świętokrzyskie,PL72,2020-42,277.170822724725,Epidemic intelligence subnational data
Poland,Świętokrzyskie,PL72,2020-43,445.376917036652,Epidemic intelligence subnational data
Poland,Świętokrzyskie,PL72,2020-44,477.623256092548,Epidemic intelligence subnational data
Poland,Świętokrzyskie,PL72,2020-45,708.188682929871,Epidemic intelligence subnational data
Poland,Świętokrzyskie,PL72,2020-46,896.989767325843,Epidemic intelligence subnational data
Poland,Świętokrzyskie,PL72,2020-47,796.558421258625,Epidemic intelligence subnational data
Poland,Świętokrzyskie,PL72,2020-48,598.895747503781,Epidemic intelligence subnational data
Poland,Świętokrzyskie,PL72,2020-49,351.755866495233,Epidemic intelligence subnational data
Poland,Świętokrzyskie,PL72,2020-50,153.682933973775,Epidemic intelligence subnational data
Poland,Świętokrzyskie,PL72,2020-51,98.2159487275004,Epidemic intelligence subnational data
Poland,Świętokrzyskie,PL72,2020-52,154.093192740389,Epidemic intelligence subnational data
Poland,Świętokrzyskie,PL72,2020-53,136.698221035936,Epidemic intelligence subnational data
Poland,Świętokrzyskie,PL72,2021-01,159.016297939763,Epidemic intelligence subnational data
Poland,Świętokrzyskie,PL72,2021-02,155.898331313493,Epidemic intelligence subnational data
Poland,Świętokrzyskie,PL72,2021-03,129.14945973023,Epidemic intelligence subnational data
Poland,Świętokrzyskie,PL72,2021-04,109.621142439382,Epidemic intelligence subnational data
Poland,Świętokrzyskie,PL72,2021-05,119.959663358067,Epidemic intelligence subnational data
Poland,Świętokrzyskie,PL72,2021-06,128.328942197001,Epidemic intelligence subnational data
Poland,Świętokrzyskie,PL72,2021-07,139.734135908883,Epidemic intelligence subnational data
Poland,Świętokrzyskie,PL72,2021-08,202.503727200895,Epidemic intelligence subnational data
Poland,Świętokrzyskie,PL72,2021-09,270.524630705571,Epidemic intelligence subnational data
Poland,Świętokrzyskie,PL72,2021-10,361.355921634012,Epidemic intelligence subnational data
Poland,Świętokrzyskie,PL72,2021-11,529.808171205906,Epidemic intelligence subnational data
Poland,Świętokrzyskie,PL72,2021-12,573.131496960393,Epidemic intelligence subnational data
Poland,Świętokrzyskie,PL72,2021-13,847.676663578786,Epidemic intelligence subnational data
Poland,Świętokrzyskie,PL72,2021-14,894.938473492771,Epidemic intelligence subnational data
Poland,Świętokrzyskie,PL72,2021-15,570.50584085406,Epidemic intelligence subnational data
Poland,Świętokrzyskie,PL72,2021-16,433.069154038218,Epidemic intelligence subnational data
Poland,Świętokrzyskie,PL72,2021-17,265.191266739583,Epidemic intelligence subnational data
Poland,Świętokrzyskie,PL72,2021-18,157.949625146565,Epidemic intelligence subnational data
Poland,Świętokrzyskie,PL72,2021-19,104.369830226717,Epidemic intelligence subnational data
Poland,Świętokrzyskie,PL72,2021-20,69.0055245445512,Epidemic intelligence subnational data
Poland,Świętokrzyskie,PL72,2021-21,39.138686335019,Epidemic intelligence subnational data
Poland,Świętokrzyskie,PL72,2021-22,21.0052488506601,Epidemic intelligence subnational data
Poland,Świętokrzyskie,PL72,2021-23,12.7180217650481,Epidemic intelligence subnational data
Poland,Świętokrzyskie,PL72,2021-24,9.9282621520698,Epidemic intelligence subnational data
Poland,Świętokrzyskie,PL72,2021-25,6.89234727912283,Epidemic intelligence subnational data
Poland,Świętokrzyskie,PL72,2021-26,4.75900169272767,Epidemic intelligence subnational data
Poland,Świętokrzyskie,PL72,2021-27,3.36412188623853,Epidemic intelligence subnational data
Poland,Świętokrzyskie,PL72,2021-28,3.52822539288431,Epidemic intelligence subnational data
Poland,Świętokrzyskie,PL72,2021-29,3.36412188623853,Epidemic intelligence subnational data
Poland,Świętokrzyskie,PL72,2021-30,4.10258766614454,Epidemic intelligence subnational data
Poland,Świętokrzyskie,PL72,2021-31,4.84105344605056,Epidemic intelligence subnational data
Poland,Świętokrzyskie,PL72,2021-32,4.84105344605056,Epidemic intelligence subnational data
Poland,Świętokrzyskie,PL72,2021-33,5.66157097927947,Epidemic intelligence subnational data
Poland,Świętokrzyskie,PL72,2021-34,6.48208851250838,Epidemic intelligence subnational data
Poland,Świętokrzyskie,PL72,2021-35,8.1231235789662,Epidemic intelligence subnational data
Poland,Świętokrzyskie,PL72,2021-36,9.43595163213245,Epidemic intelligence subnational data
Poland,Świętokrzyskie,PL72,2021-37,11.1590384519132,Epidemic intelligence subnational data
Poland,Świętokrzyskie,PL72,2021-38,9.9282621520698,Epidemic intelligence subnational data
Poland,Świętokrzyskie,PL72,2021-39,11.8975042318192,Epidemic intelligence subnational data
Poland,Świętokrzyskie,PL72,2021-40,21.4975593705974,Epidemic intelligence subnational data
Poland,Świętokrzyskie,PL72,2021-41,35.5284091888118,Epidemic intelligence subnational data
Poland,Świętokrzyskie,PL72,2021-42,71.2209218842693,Epidemic intelligence subnational data
Poland,Świętokrzyskie,PL72,2021-43,117.662214265026,Epidemic intelligence subnational data
Poland,Świętokrzyskie,PL72,2021-44,187.734411602774,Epidemic intelligence subnational data
Poland,Świętokrzyskie,PL72,2021-45,273.806700838487,Epidemic intelligence subnational data
Poland,Świętokrzyskie,PL72,2021-46,395.981761536271,Epidemic intelligence subnational data
Poland,Świętokrzyskie,PL72,2021-47,519.715805547191,Epidemic intelligence subnational data
Poland,Świętokrzyskie,PL72,2021-48,592.167503731304,Epidemic intelligence subnational data
Poland,Świętokrzyskie,PL72,2021-49,605.459887769612,Epidemic intelligence subnational data
Poland,Świętokrzyskie,PL72,2021-50,535.059483418571,Epidemic intelligence subnational data
Poland,Świętokrzyskie,PL72,2021-51,416.576751620317,Epidemic intelligence subnational data
Poland,Świętokrzyskie,PL72,2021-52,337.889120183665,Epidemic intelligence subnational data
Poland,Świętokrzyskie,PL72,2022-01,332.309600957708,Epidemic intelligence subnational data
Poland,Świętokrzyskie,PL72,2022-02,346.422502529245,Epidemic intelligence subnational data
Poland,Świętokrzyskie,PL72,2022-03,514.546545087849,Epidemic intelligence subnational data
Poland,Świętokrzyskie,PL72,2022-04,862.938289696843,Epidemic intelligence subnational data
Poland,Lubelskie,PL81,2020-15,,Epidemic intelligence subnational data
Poland,Lubelskie,PL81,2020-16,7.565991729126,Epidemic intelligence subnational data
Poland,Lubelskie,PL81,2020-17,4.26185610058363,Epidemic intelligence subnational data
Poland,Lubelskie,PL81,2020-18,2.29852913289904,Epidemic intelligence subnational data
Poland,Lubelskie,PL81,2020-19,1.72389684967428,Epidemic intelligence subnational data
Poland,Lubelskie,PL81,2020-20,1.38869468445984,Epidemic intelligence subnational data
Poland,Lubelskie,PL81,2020-21,3.63933779375681,Epidemic intelligence subnational data
Poland,Lubelskie,PL81,2020-22,4.11819802977745,Epidemic intelligence subnational data
Poland,Lubelskie,PL81,2020-23,2.29852913289904,Epidemic intelligence subnational data
Poland,Lubelskie,PL81,2020-24,2.3464151565011,Epidemic intelligence subnational data
Poland,Lubelskie,PL81,2020-25,4.35762814778776,Epidemic intelligence subnational data
Poland,Lubelskie,PL81,2020-26,5.45900669063522,Epidemic intelligence subnational data
Poland,Lubelskie,PL81,2020-27,5.88998090305379,Epidemic intelligence subnational data
Poland,Lubelskie,PL81,2020-28,8.95468641358584,Epidemic intelligence subnational data
Poland,Lubelskie,PL81,2020-29,7.565991729126,Epidemic intelligence subnational data
Poland,Lubelskie,PL81,2020-30,4.78860236020633,Epidemic intelligence subnational data
Poland,Lubelskie,PL81,2020-31,7.47021968192188,Epidemic intelligence subnational data
Poland,Lubelskie,PL81,2020-32,9.24200255519822,Epidemic intelligence subnational data
Poland,Lubelskie,PL81,2020-33,12.833454325353,Epidemic intelligence subnational data
Poland,Lubelskie,PL81,2020-34,14.6052371986293,Epidemic intelligence subnational data
Poland,Lubelskie,PL81,2020-35,13.647516726588,Epidemic intelligence subnational data
Poland,Lubelskie,PL81,2020-36,14.7967812930376,Epidemic intelligence subnational data
Poland,Lubelskie,PL81,2020-37,15.4192995998644,Epidemic intelligence subnational data
Poland,Lubelskie,PL81,2020-38,20.9740783377037,Epidemic intelligence subnational data
Poland,Lubelskie,PL81,2020-39,36.6806940791805,Epidemic intelligence subnational data
Poland,Lubelskie,PL81,2020-40,58.4688348181193,Epidemic intelligence subnational data
Poland,Lubelskie,PL81,2020-41,110.856144638777,Epidemic intelligence subnational data
Poland,Lubelskie,PL81,2020-42,232.678188682426,Epidemic intelligence subnational data
Poland,Lubelskie,PL81,2020-43,368.051977405459,Epidemic intelligence subnational data
Poland,Lubelskie,PL81,2020-44,571.950665903044,Epidemic intelligence subnational data
Poland,Lubelskie,PL81,2020-45,881.725352584792,Epidemic intelligence subnational data
Poland,Lubelskie,PL81,2020-46,846.050265001255,Epidemic intelligence subnational data
Poland,Lubelskie,PL81,2020-47,659.82151921283,Epidemic intelligence subnational data
Poland,Lubelskie,PL81,2020-48,611.887609587165,Epidemic intelligence subnational data
Poland,Lubelskie,PL81,2020-49,485.27696318331,Epidemic intelligence subnational data
Poland,Lubelskie,PL81,2020-50,359.432493157087,Epidemic intelligence subnational data
Poland,Lubelskie,PL81,2020-51,319.208233331354,Epidemic intelligence subnational data
Poland,Lubelskie,PL81,2020-52,291.099137476943,Epidemic intelligence subnational data
Poland,Lubelskie,PL81,2020-53,252.167800288465,Epidemic intelligence subnational data
Poland,Lubelskie,PL81,2021-01,273.62073886219,Epidemic intelligence subnational data
Poland,Lubelskie,PL81,2021-02,259.494361899581,Epidemic intelligence subnational data
Poland,Lubelskie,PL81,2021-03,210.50695975467,Epidemic intelligence subnational data
Poland,Lubelskie,PL81,2021-04,188.527274921323,Epidemic intelligence subnational data
Poland,Lubelskie,PL81,2021-05,180.673967050585,Epidemic intelligence subnational data
Poland,Lubelskie,PL81,2021-06,170.80944618856,Epidemic intelligence subnational data
Poland,Lubelskie,PL81,2021-07,179.189500318921,Epidemic intelligence subnational data
Poland,Lubelskie,PL81,2021-08,215.008245973264,Epidemic intelligence subnational data
Poland,Lubelskie,PL81,2021-09,251.880484146853,Epidemic intelligence subnational data
Poland,Lubelskie,PL81,2021-10,305.560716604766,Epidemic intelligence subnational data
Poland,Lubelskie,PL81,2021-11,400.183499242443,Epidemic intelligence subnational data
Poland,Lubelskie,PL81,2021-12,408.994527585223,Epidemic intelligence subnational data
Poland,Lubelskie,PL81,2021-13,602.214632819548,Epidemic intelligence subnational data
Poland,Lubelskie,PL81,2021-14,686.73346447719,Epidemic intelligence subnational data
Poland,Lubelskie,PL81,2021-15,500.36106061796,Epidemic intelligence subnational data
Poland,Lubelskie,PL81,2021-16,379.92771125877,Epidemic intelligence subnational data
Poland,Lubelskie,PL81,2021-17,246.086275291003,Epidemic intelligence subnational data
Poland,Lubelskie,PL81,2021-18,175.21496035995,Epidemic intelligence subnational data
Poland,Lubelskie,PL81,2021-19,131.542906834868,Epidemic intelligence subnational data
Poland,Lubelskie,PL81,2021-20,86.8652468141429,Epidemic intelligence subnational data
Poland,Lubelskie,PL81,2021-21,30.263966916504,Epidemic intelligence subnational data
Poland,Lubelskie,PL81,2021-22,29.0189303028504,Epidemic intelligence subnational data
Poland,Lubelskie,PL81,2021-23,37.82995864563,Epidemic intelligence subnational data
Poland,Lubelskie,PL81,2021-24,15.6108436942726,Epidemic intelligence subnational data
Poland,Lubelskie,PL81,2021-25,10.9658994048725,Epidemic intelligence subnational data
Poland,Lubelskie,PL81,2021-26,5.79420885584966,Epidemic intelligence subnational data
Poland,Lubelskie,PL81,2021-27,3.3999076757465,Epidemic intelligence subnational data
Poland,Lubelskie,PL81,2021-28,4.40551417138983,Epidemic intelligence subnational data
Poland,Lubelskie,PL81,2021-29,5.36323464343109,Epidemic intelligence subnational data
Poland,Lubelskie,PL81,2021-30,6.79981535149299,Epidemic intelligence subnational data
Poland,Lubelskie,PL81,2021-31,7.61387775272807,Epidemic intelligence subnational data
Poland,Lubelskie,PL81,2021-32,8.18851003595283,Epidemic intelligence subnational data
Poland,Lubelskie,PL81,2021-33,7.90119389434045,Epidemic intelligence subnational data
Poland,Lubelskie,PL81,2021-34,6.56038523348267,Epidemic intelligence subnational data
Poland,Lubelskie,PL81,2021-35,12.1630499949241,Epidemic intelligence subnational data
Poland,Lubelskie,PL81,2021-36,28.5400700668297,Epidemic intelligence subnational data
Poland,Lubelskie,PL81,2021-37,53.3450302926985,Epidemic intelligence subnational data
Poland,Lubelskie,PL81,2021-38,75.0852850080353,Epidemic intelligence subnational data
Poland,Lubelskie,PL81,2021-39,113.7293060549,Epidemic intelligence subnational data
Poland,Lubelskie,PL81,2021-40,191.400436337447,Epidemic intelligence subnational data
Poland,Lubelskie,PL81,2021-41,313.366138451902,Epidemic intelligence subnational data
Poland,Lubelskie,PL81,2021-42,556.53136630318,Epidemic intelligence subnational data
Poland,Lubelskie,PL81,2021-43,819.47352190211,Epidemic intelligence subnational data
Poland,Lubelskie,PL81,2021-44,955.278284837561,Epidemic intelligence subnational data
Poland,Lubelskie,PL81,2021-45,970.122952154201,Epidemic intelligence subnational data
Poland,Lubelskie,PL81,2021-46,954.943082672347,Epidemic intelligence subnational data
Poland,Lubelskie,PL81,2021-47,877.846584673025,Epidemic intelligence subnational data
Poland,Lubelskie,PL81,2021-48,688.505247350466,Epidemic intelligence subnational data
Poland,Lubelskie,PL81,2021-49,514.822639745783,Epidemic intelligence subnational data
Poland,Lubelskie,PL81,2021-50,398.220172274759,Epidemic intelligence subnational data
Poland,Lubelskie,PL81,2021-51,299.766507748916,Epidemic intelligence subnational data
Poland,Lubelskie,PL81,2021-52,259.015501663561,Epidemic intelligence subnational data
Poland,Lubelskie,PL81,2022-01,304.315679991112,Epidemic intelligence subnational data
Poland,Lubelskie,PL81,2022-02,380.406571494791,Epidemic intelligence subnational data
Poland,Lubelskie,PL81,2022-03,707.132910531669,Epidemic intelligence subnational data
Poland,Lubelskie,PL81,2022-04,1383.71453800522,Epidemic intelligence subnational data
Poland,Podkarpackie,PL82,2020-14,,Epidemic intelligence subnational data
Poland,Podkarpackie,PL82,2020-15,7.81981983710788,Epidemic intelligence subnational data
Poland,Podkarpackie,PL82,2020-16,5.85287128912369,Epidemic intelligence subnational data
Poland,Podkarpackie,PL82,2020-17,4.07782016045503,Epidemic intelligence subnational data
Poland,Podkarpackie,PL82,2020-18,4.55756370874385,Epidemic intelligence subnational data
Poland,Podkarpackie,PL82,2020-19,2.06289725764196,Epidemic intelligence subnational data
Poland,Podkarpackie,PL82,2020-20,0.383794838631061,Epidemic intelligence subnational data
Poland,Podkarpackie,PL82,2020-21,0.335820483802179,Epidemic intelligence subnational data
Poland,Podkarpackie,PL82,2020-22,0.623666612775475,Epidemic intelligence subnational data
Poland,Podkarpackie,PL82,2020-23,1.3912562900376,Epidemic intelligence subnational data
Poland,Podkarpackie,PL82,2020-24,4.7014867732305,Epidemic intelligence subnational data
Poland,Podkarpackie,PL82,2020-25,7.57994806296346,Epidemic intelligence subnational data
Poland,Podkarpackie,PL82,2020-26,8.82728128851441,Epidemic intelligence subnational data
Poland,Podkarpackie,PL82,2020-27,10.8422041913275,Epidemic intelligence subnational data
Poland,Podkarpackie,PL82,2020-28,14.8720499969536,Epidemic intelligence subnational data
Poland,Podkarpackie,PL82,2020-29,15.8795114483602,Epidemic intelligence subnational data
Poland,Podkarpackie,PL82,2020-30,12.0415630620496,Epidemic intelligence subnational data
Poland,Podkarpackie,PL82,2020-31,16.5511524159645,Epidemic intelligence subnational data
Poland,Podkarpackie,PL82,2020-32,20.6289725764196,Epidemic intelligence subnational data
Poland,Podkarpackie,PL82,2020-33,23.1716133823503,Epidemic intelligence subnational data
Poland,Podkarpackie,PL82,2020-34,27.2494335428054,Epidemic intelligence subnational data
Poland,Podkarpackie,PL82,2020-35,24.514895317559,Epidemic intelligence subnational data
Poland,Podkarpackie,PL82,2020-36,26.6257669300299,Epidemic intelligence subnational data
Poland,Podkarpackie,PL82,2020-37,26.4818438655432,Epidemic intelligence subnational data
Poland,Podkarpackie,PL82,2020-38,25.76222854311,Epidemic intelligence subnational data
Poland,Podkarpackie,PL82,2020-39,41.8336374107857,Epidemic intelligence subnational data
Poland,Podkarpackie,PL82,2020-40,69.6107888567088,Epidemic intelligence subnational data
Poland,Podkarpackie,PL82,2020-41,145.746089970146,Epidemic intelligence subnational data
Poland,Podkarpackie,PL82,2020-42,330.303432996857,Epidemic intelligence subnational data
Poland,Podkarpackie,PL82,2020-43,512.126237798323,Epidemic intelligence subnational data
Poland,Podkarpackie,PL82,2020-44,586.054718589631,Epidemic intelligence subnational data
Poland,Podkarpackie,PL82,2020-45,863.87420740369,Epidemic intelligence subnational data
Poland,Podkarpackie,PL82,2020-46,880.569282884142,Epidemic intelligence subnational data
Poland,Podkarpackie,PL82,2020-47,575.740232301421,Epidemic intelligence subnational data
Poland,Podkarpackie,PL82,2020-48,457.675345067541,Epidemic intelligence subnational data
Poland,Podkarpackie,PL82,2020-49,314.567844612984,Epidemic intelligence subnational data
Poland,Podkarpackie,PL82,2020-50,136.96678303646,Epidemic intelligence subnational data
Poland,Podkarpackie,PL82,2020-51,105.20776013974,Epidemic intelligence subnational data
Poland,Podkarpackie,PL82,2020-52,141.668269809691,Epidemic intelligence subnational data
Poland,Podkarpackie,PL82,2020-53,124.637373845437,Epidemic intelligence subnational data
Poland,Podkarpackie,PL82,2021-01,194.91980366975,Epidemic intelligence subnational data
Poland,Podkarpackie,PL82,2021-02,190.602111735151,Epidemic intelligence subnational data
Poland,Podkarpackie,PL82,2021-03,120.031835781864,Epidemic intelligence subnational data
Poland,Podkarpackie,PL82,2021-04,118.016912879051,Epidemic intelligence subnational data
Poland,Podkarpackie,PL82,2021-05,129.003040134866,Epidemic intelligence subnational data
Poland,Podkarpackie,PL82,2021-06,158.651191419115,Epidemic intelligence subnational data
Poland,Podkarpackie,PL82,2021-07,221.497596244951,Epidemic intelligence subnational data
Poland,Podkarpackie,PL82,2021-08,322.051843966289,Epidemic intelligence subnational data
Poland,Podkarpackie,PL82,2021-09,436.66257765249,Epidemic intelligence subnational data
Poland,Podkarpackie,PL82,2021-10,548.202952629642,Epidemic intelligence subnational data
Poland,Podkarpackie,PL82,2021-11,695.292324534997,Epidemic intelligence subnational data
Poland,Podkarpackie,PL82,2021-12,666.507711637667,Epidemic intelligence subnational data
Poland,Podkarpackie,PL82,2021-13,804.242084351389,Epidemic intelligence subnational data
Poland,Podkarpackie,PL82,2021-14,792.488367418313,Epidemic intelligence subnational data
Poland,Podkarpackie,PL82,2021-15,453.453601842599,Epidemic intelligence subnational data
Poland,Podkarpackie,PL82,2021-16,294.898359133142,Epidemic intelligence subnational data
Poland,Podkarpackie,PL82,2021-17,157.451832548393,Epidemic intelligence subnational data
Poland,Podkarpackie,PL82,2021-18,89.9998896589839,Epidemic intelligence subnational data
Poland,Podkarpackie,PL82,2021-19,57.9050462784614,Epidemic intelligence subnational data
Poland,Podkarpackie,PL82,2021-20,34.5415354767955,Epidemic intelligence subnational data
Poland,Podkarpackie,PL82,2021-21,18.7579727380931,Epidemic intelligence subnational data
Poland,Podkarpackie,PL82,2021-22,11.2259990299586,Epidemic intelligence subnational data
Poland,Podkarpackie,PL82,2021-23,9.88271709474983,Epidemic intelligence subnational data
Poland,Podkarpackie,PL82,2021-24,8.01171725642341,Epidemic intelligence subnational data
Poland,Podkarpackie,PL82,2021-25,4.31769193459944,Epidemic intelligence subnational data
Poland,Podkarpackie,PL82,2021-26,2.87846128973296,Epidemic intelligence subnational data
Poland,Podkarpackie,PL82,2021-27,1.43923064486648,Epidemic intelligence subnational data
Poland,Podkarpackie,PL82,2021-28,2.30276903178637,Epidemic intelligence subnational data
Poland,Podkarpackie,PL82,2021-29,2.83048693490408,Epidemic intelligence subnational data
Poland,Podkarpackie,PL82,2021-30,4.22174322494168,Epidemic intelligence subnational data
Poland,Podkarpackie,PL82,2021-31,5.90084564395257,Epidemic intelligence subnational data
Poland,Podkarpackie,PL82,2021-32,7.10020451467464,Epidemic intelligence subnational data
Poland,Podkarpackie,PL82,2021-33,9.35499919163212,Epidemic intelligence subnational data
Poland,Podkarpackie,PL82,2021-34,10.9861272558141,Epidemic intelligence subnational data
Poland,Podkarpackie,PL82,2021-35,13.7206654810605,Epidemic intelligence subnational data
Poland,Podkarpackie,PL82,2021-36,18.9018958025798,Epidemic intelligence subnational data
Poland,Podkarpackie,PL82,2021-37,26.4338695107144,Epidemic intelligence subnational data
Poland,Podkarpackie,PL82,2021-38,32.9583817674424,Epidemic intelligence subnational data
Poland,Podkarpackie,PL82,2021-39,39.5308683789993,Epidemic intelligence subnational data
Poland,Podkarpackie,PL82,2021-40,48.6939701513159,Epidemic intelligence subnational data
Poland,Podkarpackie,PL82,2021-41,65.1011995027938,Epidemic intelligence subnational data
Poland,Podkarpackie,PL82,2021-42,124.205604651977,Epidemic intelligence subnational data
Poland,Podkarpackie,PL82,2021-43,201.540264636136,Epidemic intelligence subnational data
Poland,Podkarpackie,PL82,2021-44,292.595590101355,Epidemic intelligence subnational data
Poland,Podkarpackie,PL82,2021-45,398.810811692502,Epidemic intelligence subnational data
Poland,Podkarpackie,PL82,2021-46,513.277622314216,Epidemic intelligence subnational data
Poland,Podkarpackie,PL82,2021-47,610.56961390719,Epidemic intelligence subnational data
Poland,Podkarpackie,PL82,2021-48,609.418229391297,Epidemic intelligence subnational data
Poland,Podkarpackie,PL82,2021-49,549.690157629338,Epidemic intelligence subnational data
Poland,Podkarpackie,PL82,2021-50,470.820318290655,Epidemic intelligence subnational data
Poland,Podkarpackie,PL82,2021-51,348.197867348031,Epidemic intelligence subnational data
Poland,Podkarpackie,PL82,2021-52,283.720334458012,Epidemic intelligence subnational data
Poland,Podkarpackie,PL82,2022-01,337.49958622119,Epidemic intelligence subnational data
Poland,Podkarpackie,PL82,2022-02,476.289394741147,Epidemic intelligence subnational data
Poland,Podkarpackie,PL82,2022-03,914.199305619188,Epidemic intelligence subnational data
Poland,Podkarpackie,PL82,2022-04,1387.89808519958,Epidemic intelligence subnational data
Poland,Podlaskie,PL84,2020-15,,Epidemic intelligence subnational data
Poland,Podlaskie,PL84,2020-16,21.0546646957644,Epidemic intelligence subnational data
Poland,Podlaskie,PL84,2020-17,9.39629664108496,Epidemic intelligence subnational data
Poland,Podlaskie,PL84,2020-18,4.00212634712878,Epidemic intelligence subnational data
Poland,Podlaskie,PL84,2020-19,1.47904669350411,Epidemic intelligence subnational data
Poland,Podlaskie,PL84,2020-20,1.04403296012055,Epidemic intelligence subnational data
Poland,Podlaskie,PL84,2020-21,4.1761318404822,Epidemic intelligence subnational data
Poland,Podlaskie,PL84,2020-22,6.26419776072331,Epidemic intelligence subnational data
Poland,Podlaskie,PL84,2020-23,9.30929389440825,Epidemic intelligence subnational data
Poland,Podlaskie,PL84,2020-24,14.3554532016576,Epidemic intelligence subnational data
Poland,Podlaskie,PL84,2020-25,17.1395410953124,Epidemic intelligence subnational data
Poland,Podlaskie,PL84,2020-26,19.1406042688768,Epidemic intelligence subnational data
Poland,Podlaskie,PL84,2020-27,12.7024010148,Epidemic intelligence subnational data
Poland,Podlaskie,PL84,2020-28,4.8721538138959,Epidemic intelligence subnational data
Poland,Podlaskie,PL84,2020-29,3.4801098670685,Epidemic intelligence subnational data
Poland,Podlaskie,PL84,2020-30,5.04615930724933,Epidemic intelligence subnational data
Poland,Podlaskie,PL84,2020-31,8.78727741434797,Epidemic intelligence subnational data
Poland,Podlaskie,PL84,2020-32,5.30716754727947,Epidemic intelligence subnational data
Poland,Podlaskie,PL84,2020-33,12.3543900280932,Epidemic intelligence subnational data
Poland,Podlaskie,PL84,2020-34,19.3146097622302,Epidemic intelligence subnational data
Poland,Podlaskie,PL84,2020-35,12.5283955214466,Epidemic intelligence subnational data
Poland,Podlaskie,PL84,2020-36,12.7894037614768,Epidemic intelligence subnational data
Poland,Podlaskie,PL84,2020-37,17.4005493353425,Epidemic intelligence subnational data
Poland,Podlaskie,PL84,2020-38,20.3586427223507,Epidemic intelligence subnational data
Poland,Podlaskie,PL84,2020-39,47.4164969388084,Epidemic intelligence subnational data
Poland,Podlaskie,PL84,2020-40,80.6515461693126,Epidemic intelligence subnational data
Poland,Podlaskie,PL84,2020-41,120.846815133954,Epidemic intelligence subnational data
Poland,Podlaskie,PL84,2020-42,213.330734851299,Epidemic intelligence subnational data
Poland,Podlaskie,PL84,2020-43,300.507487021365,Epidemic intelligence subnational data
Poland,Podlaskie,PL84,2020-44,426.922477942629,Epidemic intelligence subnational data
Poland,Podlaskie,PL84,2020-45,723.601844110219,Epidemic intelligence subnational data
Poland,Podlaskie,PL84,2020-46,801.817313372583,Epidemic intelligence subnational data
Poland,Podlaskie,PL84,2020-47,730.127050110972,Epidemic intelligence subnational data
Poland,Podlaskie,PL84,2020-48,646.778418794681,Epidemic intelligence subnational data
Poland,Podlaskie,PL84,2020-49,441.71294487767,Epidemic intelligence subnational data
Poland,Podlaskie,PL84,2020-50,558.644636411172,Epidemic intelligence subnational data
Poland,Podlaskie,PL84,2020-51,518.1883592065,Epidemic intelligence subnational data
Poland,Podlaskie,PL84,2020-52,261.704262003551,Epidemic intelligence subnational data
Poland,Podlaskie,PL84,2020-53,267.098432297508,Epidemic intelligence subnational data
Poland,Podlaskie,PL84,2021-01,313.644901769549,Epidemic intelligence subnational data
Poland,Podlaskie,PL84,2021-02,291.37219862031,Epidemic intelligence subnational data
Poland,Podlaskie,PL84,2021-03,249.088863735428,Epidemic intelligence subnational data
Poland,Podlaskie,PL84,2021-04,249.610880215488,Epidemic intelligence subnational data
Poland,Podlaskie,PL84,2021-05,246.478781335127,Epidemic intelligence subnational data
Poland,Podlaskie,PL84,2021-06,251.176929655669,Epidemic intelligence subnational data
Poland,Podlaskie,PL84,2021-07,282.845929445993,Epidemic intelligence subnational data
Poland,Podlaskie,PL84,2021-08,329.566404411387,Epidemic intelligence subnational data
Poland,Podlaskie,PL84,2021-09,388.728272151552,Epidemic intelligence subnational data
Poland,Podlaskie,PL84,2021-10,439.972889944136,Epidemic intelligence subnational data
Poland,Podlaskie,PL84,2021-11,486.867370402884,Epidemic intelligence subnational data
Poland,Podlaskie,PL84,2021-12,445.715071224799,Epidemic intelligence subnational data
Poland,Podlaskie,PL84,2021-13,540.461062355739,Epidemic intelligence subnational data
Poland,Podlaskie,PL84,2021-14,568.388944038963,Epidemic intelligence subnational data
Poland,Podlaskie,PL84,2021-15,411.696997274204,Epidemic intelligence subnational data
Poland,Podlaskie,PL84,2021-16,291.633206860341,Epidemic intelligence subnational data
Poland,Podlaskie,PL84,2021-17,160.607070365211,Epidemic intelligence subnational data
Poland,Podlaskie,PL84,2021-18,113.27757617308,Epidemic intelligence subnational data
Poland,Podlaskie,PL84,2021-19,90.5698592904578,Epidemic intelligence subnational data
Poland,Podlaskie,PL84,2021-20,69.0801808613098,Epidemic intelligence subnational data
Poland,Podlaskie,PL84,2021-21,43.8493843250631,Epidemic intelligence subnational data
Poland,Podlaskie,PL84,2021-22,23.4907416027124,Epidemic intelligence subnational data
Poland,Podlaskie,PL84,2021-23,12.5283955214466,Epidemic intelligence subnational data
Poland,Podlaskie,PL84,2021-24,8.52626917431783,Epidemic intelligence subnational data
Poland,Podlaskie,PL84,2021-25,6.00318952069317,Epidemic intelligence subnational data
Poland,Podlaskie,PL84,2021-26,3.30610437371508,Epidemic intelligence subnational data
Poland,Podlaskie,PL84,2021-27,4.26313458715892,Epidemic intelligence subnational data
Poland,Podlaskie,PL84,2021-28,6.17719501404659,Epidemic intelligence subnational data
Poland,Podlaskie,PL84,2021-29,5.56817578730961,Epidemic intelligence subnational data
Poland,Podlaskie,PL84,2021-30,5.74218128066303,Epidemic intelligence subnational data
Poland,Podlaskie,PL84,2021-31,8.2652609342877,Epidemic intelligence subnational data
Poland,Podlaskie,PL84,2021-32,10.7013378412357,Epidemic intelligence subnational data
Poland,Podlaskie,PL84,2021-33,11.9193762947096,Epidemic intelligence subnational data
Poland,Podlaskie,PL84,2021-34,12.7024010148,Epidemic intelligence subnational data
Poland,Podlaskie,PL84,2021-35,16.356516375222,Epidemic intelligence subnational data
Poland,Podlaskie,PL84,2021-36,25.1437937895699,Epidemic intelligence subnational data
Poland,Podlaskie,PL84,2021-37,35.7581288841289,Epidemic intelligence subnational data
Poland,Podlaskie,PL84,2021-38,49.0695491256659,Epidemic intelligence subnational data
Poland,Podlaskie,PL84,2021-39,78.0414637690112,Epidemic intelligence subnational data
Poland,Podlaskie,PL84,2021-40,154.168867111135,Epidemic intelligence subnational data
Poland,Podlaskie,PL84,2021-41,267.185435044184,Epidemic intelligence subnational data
Poland,Podlaskie,PL84,2021-42,449.804200318604,Epidemic intelligence subnational data
Poland,Podlaskie,PL84,2021-43,682.01453119875,Epidemic intelligence subnational data
Poland,Podlaskie,PL84,2021-44,835.661381829824,Epidemic intelligence subnational data
Poland,Podlaskie,PL84,2021-45,857.064057512296,Epidemic intelligence subnational data
Poland,Podlaskie,PL84,2021-46,854.453975111994,Epidemic intelligence subnational data
Poland,Podlaskie,PL84,2021-47,797.467176038748,Epidemic intelligence subnational data
Poland,Podlaskie,PL84,2021-48,638.60016060707,Epidemic intelligence subnational data
Poland,Podlaskie,PL84,2021-49,478.080092988536,Epidemic intelligence subnational data
Poland,Podlaskie,PL84,2021-50,342.007797186157,Epidemic intelligence subnational data
Poland,Podlaskie,PL84,2021-51,234.298396800387,Epidemic intelligence subnational data
Poland,Podlaskie,PL84,2021-52,189.143971275173,Epidemic intelligence subnational data
Poland,Podlaskie,PL84,2022-01,219.072916131962,Epidemic intelligence subnational data
Poland,Podlaskie,PL84,2022-02,260.573226296754,Epidemic intelligence subnational data
Poland,Podlaskie,PL84,2022-03,462.767609573434,Epidemic intelligence subnational data
Poland,Podlaskie,PL84,2022-04,940.673697068616,Epidemic intelligence subnational data
Poland,Mazowiecki Regionalny,PL92X,2020-14,,Epidemic intelligence subnational data
Poland,Mazowiecki Regionalny,PL92X,2020-15,24.7383469096861,Epidemic intelligence subnational data
Poland,Mazowiecki Regionalny,PL92X,2020-16,20.2962245119288,Epidemic intelligence subnational data
Poland,Mazowiecki Regionalny,PL92X,2020-17,11.1331854236679,Epidemic intelligence subnational data
Poland,Mazowiecki Regionalny,PL92X,2020-18,10.6313556967246,Epidemic intelligence subnational data
Poland,Mazowiecki Regionalny,PL92X,2020-19,7.75048133834643,Epidemic intelligence subnational data
Poland,Mazowiecki Regionalny,PL92X,2020-20,6.9140984601076,Epidemic intelligence subnational data
Poland,Mazowiecki Regionalny,PL92X,2020-21,10.2410436868798,Epidemic intelligence subnational data
Poland,Mazowiecki Regionalny,PL92X,2020-22,12.2111900222868,Epidemic intelligence subnational data
Poland,Mazowiecki Regionalny,PL92X,2020-23,12.5271568873993,Epidemic intelligence subnational data
Poland,Mazowiecki Regionalny,PL92X,2020-24,14.6831660846371,Epidemic intelligence subnational data
Poland,Mazowiecki Regionalny,PL92X,2020-25,14.2370952162431,Epidemic intelligence subnational data
Poland,Mazowiecki Regionalny,PL92X,2020-26,11.0216677065694,Epidemic intelligence subnational data
Poland,Mazowiecki Regionalny,PL92X,2020-27,7.71330876598026,Epidemic intelligence subnational data
Poland,Mazowiecki Regionalny,PL92X,2020-28,8.47534649948674,Epidemic intelligence subnational data
Poland,Mazowiecki Regionalny,PL92X,2020-29,11.0588402789356,Epidemic intelligence subnational data
Poland,Mazowiecki Regionalny,PL92X,2020-30,13.4750574827366,Epidemic intelligence subnational data
Poland,Mazowiecki Regionalny,PL92X,2020-31,17.8800073081277,Epidemic intelligence subnational data
Poland,Mazowiecki Regionalny,PL92X,2020-32,19.9430850744502,Epidemic intelligence subnational data
Poland,Mazowiecki Regionalny,PL92X,2020-33,26.0208006563189,Epidemic intelligence subnational data
Poland,Mazowiecki Regionalny,PL92X,2020-34,29.2548144521757,Epidemic intelligence subnational data
Poland,Mazowiecki Regionalny,PL92X,2020-35,23.9391366038134,Epidemic intelligence subnational data
Poland,Mazowiecki Regionalny,PL92X,2020-36,22.303543419702,Epidemic intelligence subnational data
Poland,Mazowiecki Regionalny,PL92X,2020-37,21.1140211039845,Epidemic intelligence subnational data
Poland,Mazowiecki Regionalny,PL92X,2020-38,23.418720590687,Epidemic intelligence subnational data
Poland,Mazowiecki Regionalny,PL92X,2020-39,39.8675838627172,Epidemic intelligence subnational data
Poland,Mazowiecki Regionalny,PL92X,2020-40,56.0934117005504,Epidemic intelligence subnational data
Poland,Mazowiecki Regionalny,PL92X,2020-41,102.168815148418,Epidemic intelligence subnational data
Poland,Mazowiecki Regionalny,PL92X,2020-42,249.297856573719,Epidemic intelligence subnational data
Poland,Mazowiecki Regionalny,PL92X,2020-43,462.46397280752,Epidemic intelligence subnational data
Poland,Mazowiecki Regionalny,PL92X,2020-44,534.615935770256,Epidemic intelligence subnational data
Poland,Mazowiecki Regionalny,PL92X,2020-45,627.380090110033,Epidemic intelligence subnational data
Poland,Mazowiecki Regionalny,PL92X,2020-46,594.333673276508,Epidemic intelligence subnational data
Poland,Mazowiecki Regionalny,PL92X,2020-47,575.226971080296,Epidemic intelligence subnational data
Poland,Mazowiecki Regionalny,PL92X,2020-48,587.308057099302,Epidemic intelligence subnational data
Poland,Mazowiecki Regionalny,PL92X,2020-49,410.849856077093,Epidemic intelligence subnational data
Poland,Mazowiecki Regionalny,PL92X,2020-50,406.07318052804,Epidemic intelligence subnational data
Poland,Mazowiecki Regionalny,PL92X,2020-51,374.699529450993,Epidemic intelligence subnational data
Poland,Mazowiecki Regionalny,PL92X,2020-52,283.143483713116,Epidemic intelligence subnational data
Poland,Mazowiecki Regionalny,PL92X,2020-53,289.946064456125,Epidemic intelligence subnational data
Poland,Mazowiecki Regionalny,PL92X,2021-01,320.539091513483,Epidemic intelligence subnational data
Poland,Mazowiecki Regionalny,PL92X,2021-02,281.60082195992,Epidemic intelligence subnational data
Poland,Mazowiecki Regionalny,PL92X,2021-03,220.451940417571,Epidemic intelligence subnational data
Poland,Mazowiecki Regionalny,PL92X,2021-04,209.021374414973,Epidemic intelligence subnational data
Poland,Mazowiecki Regionalny,PL92X,2021-05,218.221586075601,Epidemic intelligence subnational data
Poland,Mazowiecki Regionalny,PL92X,2021-06,230.469948670253,Epidemic intelligence subnational data
Poland,Mazowiecki Regionalny,PL92X,2021-07,285.671218634016,Epidemic intelligence subnational data
Poland,Mazowiecki Regionalny,PL92X,2021-08,401.798334705931,Epidemic intelligence subnational data
Poland,Mazowiecki Regionalny,PL92X,2021-09,543.277145131573,Epidemic intelligence subnational data
Poland,Mazowiecki Regionalny,PL92X,2021-10,700.9260245365,Epidemic intelligence subnational data
Poland,Mazowiecki Regionalny,PL92X,2021-11,887.681028104138,Epidemic intelligence subnational data
Poland,Mazowiecki Regionalny,PL92X,2021-12,832.331067850911,Epidemic intelligence subnational data
Poland,Mazowiecki Regionalny,PL92X,2021-13,1078.35773805641,Epidemic intelligence subnational data
Poland,Mazowiecki Regionalny,PL92X,2021-14,1111.72012175504,Epidemic intelligence subnational data
Poland,Mazowiecki Regionalny,PL92X,2021-15,644.609577401752,Epidemic intelligence subnational data
Poland,Mazowiecki Regionalny,PL92X,2021-16,430.755768579177,Epidemic intelligence subnational data
Poland,Mazowiecki Regionalny,PL92X,2021-17,259.018484247472,Epidemic intelligence subnational data
Poland,Mazowiecki Regionalny,PL92X,2021-18,169.990173430495,Epidemic intelligence subnational data
Poland,Mazowiecki Regionalny,PL92X,2021-19,117.316638387632,Epidemic intelligence subnational data
Poland,Mazowiecki Regionalny,PL92X,2021-20,74.1406955843259,Epidemic intelligence subnational data
Poland,Mazowiecki Regionalny,PL92X,2021-21,40.8898296027869,Epidemic intelligence subnational data
Poland,Mazowiecki Regionalny,PL92X,2021-22,22.7867868604622,Epidemic intelligence subnational data
Poland,Mazowiecki Regionalny,PL92X,2021-23,14.9247878050172,Epidemic intelligence subnational data
Poland,Mazowiecki Regionalny,PL92X,2021-24,10.5198379796261,Epidemic intelligence subnational data
Poland,Mazowiecki Regionalny,PL92X,2021-25,5.27850527599613,Epidemic intelligence subnational data
Poland,Mazowiecki Regionalny,PL92X,2021-26,4.12615553264486,Epidemic intelligence subnational data
Poland,Mazowiecki Regionalny,PL92X,2021-27,3.73584352280008,Epidemic intelligence subnational data
Poland,Mazowiecki Regionalny,PL92X,2021-28,3.43846294387072,Epidemic intelligence subnational data
Poland,Mazowiecki Regionalny,PL92X,2021-29,3.71725723661699,Epidemic intelligence subnational data
Poland,Mazowiecki Regionalny,PL92X,2021-30,4.08898296027869,Epidemic intelligence subnational data
Poland,Mazowiecki Regionalny,PL92X,2021-31,5.24133270362996,Epidemic intelligence subnational data
Poland,Mazowiecki Regionalny,PL92X,2021-32,6.96985731865686,Epidemic intelligence subnational data
Poland,Mazowiecki Regionalny,PL92X,2021-33,7.60179104888175,Epidemic intelligence subnational data
Poland,Mazowiecki Regionalny,PL92X,2021-34,9.05152137116237,Epidemic intelligence subnational data
Poland,Mazowiecki Regionalny,PL92X,2021-35,11.2075305684002,Epidemic intelligence subnational data
Poland,Mazowiecki Regionalny,PL92X,2021-36,13.9583009234968,Epidemic intelligence subnational data
Poland,Mazowiecki Regionalny,PL92X,2021-37,20.9095719559706,Epidemic intelligence subnational data
Poland,Mazowiecki Regionalny,PL92X,2021-38,29.7380578929359,Epidemic intelligence subnational data
Poland,Mazowiecki Regionalny,PL92X,2021-39,43.5662548131511,Epidemic intelligence subnational data
Poland,Mazowiecki Regionalny,PL92X,2021-40,67.5239777031476,Epidemic intelligence subnational data
Poland,Mazowiecki Regionalny,PL92X,2021-41,101.982952286587,Epidemic intelligence subnational data
Poland,Mazowiecki Regionalny,PL92X,2021-42,189.635877926016,Epidemic intelligence subnational data
Poland,Mazowiecki Regionalny,PL92X,2021-43,344.998644130423,Epidemic intelligence subnational data
Poland,Mazowiecki Regionalny,PL92X,2021-44,553.090704236242,Epidemic intelligence subnational data
Poland,Mazowiecki Regionalny,PL92X,2021-45,764.06363870044,Epidemic intelligence subnational data
Poland,Mazowiecki Regionalny,PL92X,2021-46,969.219065589331,Epidemic intelligence subnational data
Poland,Mazowiecki Regionalny,PL92X,2021-47,1087.63229486177,Epidemic intelligence subnational data
Poland,Mazowiecki Regionalny,PL92X,2021-48,1025.96299730629,Epidemic intelligence subnational data
Poland,Mazowiecki Regionalny,PL92X,2021-49,894.873920856991,Epidemic intelligence subnational data
Poland,Mazowiecki Regionalny,PL92X,2021-50,752.707417842575,Epidemic intelligence subnational data
Poland,Mazowiecki Regionalny,PL92X,2021-51,567.95973318271,Epidemic intelligence subnational data
Poland,Mazowiecki Regionalny,PL92X,2021-52,437.52117674982,Epidemic intelligence subnational data
Poland,Mazowiecki Regionalny,PL92X,2022-01,467.872582086798,Epidemic intelligence subnational data
Poland,Mazowiecki Regionalny,PL92X,2022-02,597.920826509843,Epidemic intelligence subnational data
Poland,Mazowiecki Regionalny,PL92X,2022-03,1079.28705236556,Epidemic intelligence subnational data
Poland,Mazowiecki Regionalny,PL92X,2022-04,1737.98503469409,Epidemic intelligence subnational data
Portugal,Alentejo,PTCSR01,2020-15,,Epidemic intelligence subnational data
Portugal,Alentejo,PTCSR01,2020-16,19.4990250487476,Epidemic intelligence subnational data
Portugal,Alentejo,PTCSR01,2020-17,9.85665002464163,Epidemic intelligence subnational data
Portugal,Alentejo,PTCSR01,2020-18,10.0709250251773,Epidemic intelligence subnational data
Portugal,Alentejo,PTCSR01,2020-19,7.92817501982044,Epidemic intelligence subnational data
Portugal,Alentejo,PTCSR01,2020-20,5.35687501339219,Epidemic intelligence subnational data
Portugal,Alentejo,PTCSR01,2020-21,3.428400008571,Epidemic intelligence subnational data
Portugal,Alentejo,PTCSR01,2020-22,3.21412500803531,Epidemic intelligence subnational data
Portugal,Alentejo,PTCSR01,2020-23,4.07122501017806,Epidemic intelligence subnational data
Portugal,Alentejo,PTCSR01,2020-24,5.78542501446356,Epidemic intelligence subnational data
Portugal,Alentejo,PTCSR01,2020-25,26.5701000664253,Epidemic intelligence subnational data
Portugal,Alentejo,PTCSR01,2020-26,42.2121751055304,Epidemic intelligence subnational data
Portugal,Alentejo,PTCSR01,2020-27,31.4984250787461,Epidemic intelligence subnational data
Portugal,Alentejo,PTCSR01,2020-28,21.8560500546401,Epidemic intelligence subnational data
Portugal,Alentejo,PTCSR01,2020-29,19.7133000492833,Epidemic intelligence subnational data
Portugal,Alentejo,PTCSR01,2020-30,23.7845250594613,Epidemic intelligence subnational data
Portugal,Alentejo,PTCSR01,2020-31,23.5702500589256,Epidemic intelligence subnational data
Portugal,Alentejo,PTCSR01,2020-32,15.6420750391052,Epidemic intelligence subnational data
Portugal,Alentejo,PTCSR01,2020-33,20.9989500524974,Epidemic intelligence subnational data
Portugal,Alentejo,PTCSR01,2020-34,27.427200068568,Epidemic intelligence subnational data
Portugal,Alentejo,PTCSR01,2020-35,22.0703250551758,Epidemic intelligence subnational data
Portugal,Alentejo,PTCSR01,2020-36,21.4275000535688,Epidemic intelligence subnational data
Portugal,Alentejo,PTCSR01,2020-37,48.8547001221368,Epidemic intelligence subnational data
Portugal,Alentejo,PTCSR01,2020-38,75.8533501896334,Epidemic intelligence subnational data
Portugal,Alentejo,PTCSR01,2020-39,69.4251001735628,Epidemic intelligence subnational data
Portugal,Alentejo,PTCSR01,2020-40,50.3546251258866,Epidemic intelligence subnational data
Portugal,Alentejo,PTCSR01,2020-41,38.1409500953524,Epidemic intelligence subnational data
Portugal,Alentejo,PTCSR01,2020-42,112.708650281772,Epidemic intelligence subnational data
Portugal,Alentejo,PTCSR01,2020-43,165.206025413015,Epidemic intelligence subnational data
Portugal,Alentejo,PTCSR01,2020-44,170.991450427479,Epidemic intelligence subnational data
Portugal,Alentejo,PTCSR01,2020-45,246.844800617112,Epidemic intelligence subnational data
Portugal,Alentejo,PTCSR01,2020-46,298.485075746213,Epidemic intelligence subnational data
Portugal,Alentejo,PTCSR01,2020-47,350.768175876921,Epidemic intelligence subnational data
Portugal,Alentejo,PTCSR01,2020-48,397.265850993165,Epidemic intelligence subnational data
Portugal,Alentejo,PTCSR01,2020-49,367.053075917633,Epidemic intelligence subnational data
Portugal,Alentejo,PTCSR01,2020-50,395.980200989951,Epidemic intelligence subnational data
Portugal,Alentejo,PTCSR01,2020-51,476.333326190833,Epidemic intelligence subnational data
Portugal,Alentejo,PTCSR01,2020-52,501.403501253509,Epidemic intelligence subnational data
Portugal,Alentejo,PTCSR01,2020-53,619.897576549744,Epidemic intelligence subnational data
Portugal,Alentejo,PTCSR01,2021-01,1060.66125265165,Epidemic intelligence subnational data
Portugal,Alentejo,PTCSR01,2021-02,1369.64580342412,Epidemic intelligence subnational data
Portugal,Alentejo,PTCSR01,2021-03,1518.99547879749,Epidemic intelligence subnational data
Portugal,Alentejo,PTCSR01,2021-04,1470.78360367696,Epidemic intelligence subnational data
Portugal,Alentejo,PTCSR01,2021-05,988.664852471662,Epidemic intelligence subnational data
Portugal,Alentejo,PTCSR01,2021-06,528.18787632047,Epidemic intelligence subnational data
Portugal,Alentejo,PTCSR01,2021-07,244.702050611755,Epidemic intelligence subnational data
Portugal,Alentejo,PTCSR01,2021-08,147.206925368017,Epidemic intelligence subnational data
Portugal,Alentejo,PTCSR01,2021-09,110.994450277486,Epidemic intelligence subnational data
Portugal,Alentejo,PTCSR01,2021-10,62.3540251558851,Epidemic intelligence subnational data
Portugal,Alentejo,PTCSR01,2021-11,53.7830251344576,Epidemic intelligence subnational data
Portugal,Alentejo,PTCSR01,2021-12,64.9253251623133,Epidemic intelligence subnational data
Portugal,Alentejo,PTCSR01,2021-13,55.7115001392788,Epidemic intelligence subnational data
Portugal,Alentejo,PTCSR01,2021-14,70.7107501767769,Epidemic intelligence subnational data
Portugal,Alentejo,PTCSR01,2021-15,85.2814502132036,Epidemic intelligence subnational data
Portugal,Alentejo,PTCSR01,2021-16,70.2822001757055,Epidemic intelligence subnational data
Portugal,Alentejo,PTCSR01,2021-17,48.6404251216011,Epidemic intelligence subnational data
Portugal,Alentejo,PTCSR01,2021-18,30.4270500760676,Epidemic intelligence subnational data
Portugal,Alentejo,PTCSR01,2021-19,40.0694251001736,Epidemic intelligence subnational data
Portugal,Alentejo,PTCSR01,2021-20,46.0691251151728,Epidemic intelligence subnational data
Portugal,Alentejo,PTCSR01,2021-21,44.3549251108873,Epidemic intelligence subnational data
Portugal,Alentejo,PTCSR01,2021-22,44.1406501103516,Epidemic intelligence subnational data
Portugal,Alentejo,PTCSR01,2021-23,53.3544751333862,Epidemic intelligence subnational data
Portugal,Alentejo,PTCSR01,2021-24,77.9961001949903,Epidemic intelligence subnational data
Portugal,Alentejo,PTCSR01,2021-25,99.6378752490947,Epidemic intelligence subnational data
Portugal,Alentejo,PTCSR01,2021-26,140.13585035034,Epidemic intelligence subnational data
Portugal,Alentejo,PTCSR01,2021-27,198.204375495511,Epidemic intelligence subnational data
Portugal,Alentejo,PTCSR01,2021-28,247.91617561979,Epidemic intelligence subnational data
Portugal,Alentejo,PTCSR01,2021-29,292.699650731749,Epidemic intelligence subnational data
Portugal,Alentejo,PTCSR01,2021-30,305.55615076389,Epidemic intelligence subnational data
Portugal,Alentejo,PTCSR01,2021-31,314.984250787461,Epidemic intelligence subnational data
Portugal,Alentejo,PTCSR01,2021-32,327.840750819602,Epidemic intelligence subnational data
Portugal,Alentejo,PTCSR01,2021-33,322.912425807281,Epidemic intelligence subnational data
Portugal,Alentejo,PTCSR01,2021-34,376.052625940132,Epidemic intelligence subnational data
Portugal,Alentejo,PTCSR01,2021-35,330.197775825494,Epidemic intelligence subnational data
Portugal,Alentejo,PTCSR01,2021-36,202.061325505153,Epidemic intelligence subnational data
Portugal,Alentejo,PTCSR01,2021-37,154.920825387302,Epidemic intelligence subnational data
Portugal,Alentejo,PTCSR01,2021-38,130.064925325162,Epidemic intelligence subnational data
Portugal,Alentejo,PTCSR01,2021-39,129.850650324627,Epidemic intelligence subnational data
Portugal,Alentejo,PTCSR01,2021-40,161.563350403908,Epidemic intelligence subnational data
Portugal,Alentejo,PTCSR01,2021-41,158.99205039748,Epidemic intelligence subnational data
Portugal,Alentejo,PTCSR01,2021-42,113.137200282843,Epidemic intelligence subnational data
Portugal,Alentejo,PTCSR01,2021-43,88.2813002207033,Epidemic intelligence subnational data
Portugal,Alentejo,PTCSR01,2021-44,78.6389251965973,Epidemic intelligence subnational data
Portugal,Alentejo,PTCSR01,2021-45,132.850500332126,Epidemic intelligence subnational data
Portugal,Alentejo,PTCSR01,2021-46,238.059525595149,Epidemic intelligence subnational data
Portugal,Alentejo,PTCSR01,2021-47,309.198825772997,Epidemic intelligence subnational data
Portugal,Alentejo,PTCSR01,2021-48,326.555100816388,Epidemic intelligence subnational data
Portugal,Alentejo,PTCSR01,2021-49,308.55600077139,Epidemic intelligence subnational data
Portugal,Alentejo,PTCSR01,2021-50,331.269150828173,Epidemic intelligence subnational data
Portugal,Alentejo,PTCSR01,2021-51,482.547301206368,Epidemic intelligence subnational data
Portugal,Alentejo,PTCSR01,2021-52,1173.58417793396,Epidemic intelligence subnational data
Portugal,Alentejo,PTCSR01,2022-01,2270.45790567615,Epidemic intelligence subnational data
Portugal,Alentejo,PTCSR01,2022-02,2870.85645717714,Epidemic intelligence subnational data
Portugal,Alentejo,PTCSR01,2022-03,3775.73978443935,Epidemic intelligence subnational data
Portugal,Alentejo,PTCSR01,2022-04,5124.38663781097,Epidemic intelligence subnational data
Portugal,Algarve,PTCSR02,2020-15,,Epidemic intelligence subnational data
Portugal,Algarve,PTCSR02,2020-16,25.5470956145673,Epidemic intelligence subnational data
Portugal,Algarve,PTCSR02,2020-17,7.98346737955229,Epidemic intelligence subnational data
Portugal,Algarve,PTCSR02,2020-18,6.61487297162904,Epidemic intelligence subnational data
Portugal,Algarve,PTCSR02,2020-19,4.56198135974417,Epidemic intelligence subnational data
Portugal,Algarve,PTCSR02,2020-20,3.19338695182092,Epidemic intelligence subnational data
Portugal,Algarve,PTCSR02,2020-21,2.96528788383371,Epidemic intelligence subnational data
Portugal,Algarve,PTCSR02,2020-22,3.64958508779533,Epidemic intelligence subnational data
Portugal,Algarve,PTCSR02,2020-23,5.93057576766741,Epidemic intelligence subnational data
Portugal,Algarve,PTCSR02,2020-24,7.98346737955229,Epidemic intelligence subnational data
Portugal,Algarve,PTCSR02,2020-25,33.5305629941196,Epidemic intelligence subnational data
Portugal,Algarve,PTCSR02,2020-26,48.1289033453009,Epidemic intelligence subnational data
Portugal,Algarve,PTCSR02,2020-27,28.9685816343754,Epidemic intelligence subnational data
Portugal,Algarve,PTCSR02,2020-28,24.4066002746313,Epidemic intelligence subnational data
Portugal,Algarve,PTCSR02,2020-29,29.4247797703499,Epidemic intelligence subnational data
Portugal,Algarve,PTCSR02,2020-30,29.1966807023627,Epidemic intelligence subnational data
Portugal,Algarve,PTCSR02,2020-31,24.8627984106057,Epidemic intelligence subnational data
Portugal,Algarve,PTCSR02,2020-32,18.4760245069639,Epidemic intelligence subnational data
Portugal,Algarve,PTCSR02,2020-33,18.7041235749511,Epidemic intelligence subnational data
Portugal,Algarve,PTCSR02,2020-34,23.9504021386569,Epidemic intelligence subnational data
Portugal,Algarve,PTCSR02,2020-35,29.4247797703499,Epidemic intelligence subnational data
Portugal,Algarve,PTCSR02,2020-36,30.1090769743115,Epidemic intelligence subnational data
Portugal,Algarve,PTCSR02,2020-37,33.5305629941196,Epidemic intelligence subnational data
Portugal,Algarve,PTCSR02,2020-38,57.2528660647893,Epidemic intelligence subnational data
Portugal,Algarve,PTCSR02,2020-39,82.7999616793566,Epidemic intelligence subnational data
Portugal,Algarve,PTCSR02,2020-40,95.5735094866402,Epidemic intelligence subnational data
Portugal,Algarve,PTCSR02,2020-41,91.9239243988449,Epidemic intelligence subnational data
Portugal,Algarve,PTCSR02,2020-42,96.9421038945635,Epidemic intelligence subnational data
Portugal,Algarve,PTCSR02,2020-43,114.277633061591,Epidemic intelligence subnational data
Portugal,Algarve,PTCSR02,2020-44,156.247861571238,Epidemic intelligence subnational data
Portugal,Algarve,PTCSR02,2020-45,222.396591287528,Epidemic intelligence subnational data
Portugal,Algarve,PTCSR02,2020-46,278.737061080368,Epidemic intelligence subnational data
Portugal,Algarve,PTCSR02,2020-47,297.44118465532,Epidemic intelligence subnational data
Portugal,Algarve,PTCSR02,2020-48,257.751946825545,Epidemic intelligence subnational data
Portugal,Algarve,PTCSR02,2020-49,207.342052800372,Epidemic intelligence subnational data
Portugal,Algarve,PTCSR02,2020-50,200.499080760756,Epidemic intelligence subnational data
Portugal,Algarve,PTCSR02,2020-51,207.342052800372,Epidemic intelligence subnational data
Portugal,Algarve,PTCSR02,2020-52,225.133780103375,Epidemic intelligence subnational data
Portugal,Algarve,PTCSR02,2020-53,390.733703462088,Epidemic intelligence subnational data
Portugal,Algarve,PTCSR02,2021-01,743.374862570312,Epidemic intelligence subnational data
Portugal,Algarve,PTCSR02,2021-02,995.196233628189,Epidemic intelligence subnational data
Portugal,Algarve,PTCSR02,2021-03,1117.22923500135,Epidemic intelligence subnational data
Portugal,Algarve,PTCSR02,2021-04,1082.10197853132,Epidemic intelligence subnational data
Portugal,Algarve,PTCSR02,2021-05,786.713685487881,Epidemic intelligence subnational data
Portugal,Algarve,PTCSR02,2021-06,445.933677914992,Epidemic intelligence subnational data
Portugal,Algarve,PTCSR02,2021-07,236.082535366761,Epidemic intelligence subnational data
Portugal,Algarve,PTCSR02,2021-08,162.406536406892,Epidemic intelligence subnational data
Portugal,Algarve,PTCSR02,2021-09,100.363589914372,Epidemic intelligence subnational data
Portugal,Algarve,PTCSR02,2021-10,48.8132005492625,Epidemic intelligence subnational data
Portugal,Algarve,PTCSR02,2021-11,49.9536958891986,Epidemic intelligence subnational data
Portugal,Algarve,PTCSR02,2021-12,71.166909212009,Epidemic intelligence subnational data
Portugal,Algarve,PTCSR02,2021-13,82.3437635433822,Epidemic intelligence subnational data
Portugal,Algarve,PTCSR02,2021-14,121.120605101208,Epidemic intelligence subnational data
Portugal,Algarve,PTCSR02,2021-15,127.963577140824,Epidemic intelligence subnational data
Portugal,Algarve,PTCSR02,2021-16,93.7487169427426,Epidemic intelligence subnational data
Portugal,Algarve,PTCSR02,2021-17,70.7107110760345,Epidemic intelligence subnational data
Portugal,Algarve,PTCSR02,2021-18,61.5867483565462,Epidemic intelligence subnational data
Portugal,Algarve,PTCSR02,2021-19,73.9040980278555,Epidemic intelligence subnational data
Portugal,Algarve,PTCSR02,2021-20,71.3950082799962,Epidemic intelligence subnational data
Portugal,Algarve,PTCSR02,2021-21,59.5338567446613,Epidemic intelligence subnational data
Portugal,Algarve,PTCSR02,2021-22,67.0611259882392,Epidemic intelligence subnational data
Portugal,Algarve,PTCSR02,2021-23,83.7123579513054,Epidemic intelligence subnational data
Portugal,Algarve,PTCSR02,2021-24,159.669347591046,Epidemic intelligence subnational data
Portugal,Algarve,PTCSR02,2021-25,319.794893318066,Epidemic intelligence subnational data
Portugal,Algarve,PTCSR02,2021-26,574.35345319179,Epidemic intelligence subnational data
Portugal,Algarve,PTCSR02,2021-27,795.837648207369,Epidemic intelligence subnational data
Portugal,Algarve,PTCSR02,2021-28,934.065683407618,Epidemic intelligence subnational data
Portugal,Algarve,PTCSR02,2021-29,938.399565699375,Epidemic intelligence subnational data
Portugal,Algarve,PTCSR02,2021-30,812.94507830641,Epidemic intelligence subnational data
Portugal,Algarve,PTCSR02,2021-31,721.249252975552,Epidemic intelligence subnational data
Portugal,Algarve,PTCSR02,2021-32,735.619494258747,Epidemic intelligence subnational data
Portugal,Algarve,PTCSR02,2021-33,750.217834609928,Epidemic intelligence subnational data
Portugal,Algarve,PTCSR02,2021-34,671.295557086354,Epidemic intelligence subnational data
Portugal,Algarve,PTCSR02,2021-35,582.336920571343,Epidemic intelligence subnational data
Portugal,Algarve,PTCSR02,2021-36,453.46094715857,Epidemic intelligence subnational data
Portugal,Algarve,PTCSR02,2021-37,303.827958558961,Epidemic intelligence subnational data
Portugal,Algarve,PTCSR02,2021-38,226.274275443311,Epidemic intelligence subnational data
Portugal,Algarve,PTCSR02,2021-39,184.075947865677,Epidemic intelligence subnational data
Portugal,Algarve,PTCSR02,2021-40,144.158610967916,Epidemic intelligence subnational data
Portugal,Algarve,PTCSR02,2021-41,130.472666888683,Epidemic intelligence subnational data
Portugal,Algarve,PTCSR02,2021-42,124.99828925699,Epidemic intelligence subnational data
Portugal,Algarve,PTCSR02,2021-43,156.247861571238,Epidemic intelligence subnational data
Portugal,Algarve,PTCSR02,2021-44,195.937099401012,Epidemic intelligence subnational data
Portugal,Algarve,PTCSR02,2021-45,298.809779063243,Epidemic intelligence subnational data
Portugal,Algarve,PTCSR02,2021-46,503.642742115756,Epidemic intelligence subnational data
Portugal,Algarve,PTCSR02,2021-47,683.612906757663,Epidemic intelligence subnational data
Portugal,Algarve,PTCSR02,2021-48,768.693859116892,Epidemic intelligence subnational data
Portugal,Algarve,PTCSR02,2021-49,914.677262628705,Epidemic intelligence subnational data
Portugal,Algarve,PTCSR02,2021-50,983.335082092855,Epidemic intelligence subnational data
Portugal,Algarve,PTCSR02,2021-51,919.695442124424,Epidemic intelligence subnational data
Portugal,Algarve,PTCSR02,2021-52,1344.18780764862,Epidemic intelligence subnational data
Portugal,Algarve,PTCSR02,2022-01,2314.97744100218,Epidemic intelligence subnational data
Portugal,Algarve,PTCSR02,2022-02,3157.11920001095,Epidemic intelligence subnational data
Portugal,Algarve,PTCSR02,2022-03,4506.55328622327,Epidemic intelligence subnational data
Portugal,Algarve,PTCSR02,2022-04,6218.66489053526,Epidemic intelligence subnational data
Portugal,Regiao Autonoma Dos Acores,PTCSR03,2020-15,,Epidemic intelligence subnational data
Portugal,Regiao Autonoma Dos Acores,PTCSR03,2020-16,16.4747359923557,Epidemic intelligence subnational data
Portugal,Regiao Autonoma Dos Acores,PTCSR03,2020-17,8.64923639598676,Epidemic intelligence subnational data
Portugal,Regiao Autonoma Dos Acores,PTCSR03,2020-18,10.2967099952223,Epidemic intelligence subnational data
Portugal,Regiao Autonoma Dos Acores,PTCSR03,2020-19,5.7661575973245,Epidemic intelligence subnational data
Portugal,Regiao Autonoma Dos Acores,PTCSR03,2020-20,1.23560519942668,Epidemic intelligence subnational data
Portugal,Regiao Autonoma Dos Acores,PTCSR03,2020-21,0,Epidemic intelligence subnational data
Portugal,Regiao Autonoma Dos Acores,PTCSR03,2020-22,0.823736799617786,Epidemic intelligence subnational data
Portugal,Regiao Autonoma Dos Acores,PTCSR03,2020-23,2.88307879866225,Epidemic intelligence subnational data
Portugal,Regiao Autonoma Dos Acores,PTCSR03,2020-24,2.47121039885336,Epidemic intelligence subnational data
Portugal,Regiao Autonoma Dos Acores,PTCSR03,2020-25,0.823736799617786,Epidemic intelligence subnational data
Portugal,Regiao Autonoma Dos Acores,PTCSR03,2020-26,2.88307879866225,Epidemic intelligence subnational data
Portugal,Regiao Autonoma Dos Acores,PTCSR03,2020-27,2.88307879866225,Epidemic intelligence subnational data
Portugal,Regiao Autonoma Dos Acores,PTCSR03,2020-28,0.823736799617786,Epidemic intelligence subnational data
Portugal,Regiao Autonoma Dos Acores,PTCSR03,2020-29,3.29494719847114,Epidemic intelligence subnational data
Portugal,Regiao Autonoma Dos Acores,PTCSR03,2020-30,6.1780259971334,Epidemic intelligence subnational data
Portugal,Regiao Autonoma Dos Acores,PTCSR03,2020-31,4.11868399808893,Epidemic intelligence subnational data
Portugal,Regiao Autonoma Dos Acores,PTCSR03,2020-32,6.58989439694229,Epidemic intelligence subnational data
Portugal,Regiao Autonoma Dos Acores,PTCSR03,2020-33,7.41363119656008,Epidemic intelligence subnational data
Portugal,Regiao Autonoma Dos Acores,PTCSR03,2020-34,8.64923639598676,Epidemic intelligence subnational data
Portugal,Regiao Autonoma Dos Acores,PTCSR03,2020-35,10.7085783950312,Epidemic intelligence subnational data
Portugal,Regiao Autonoma Dos Acores,PTCSR03,2020-36,9.47297319560454,Epidemic intelligence subnational data
Portugal,Regiao Autonoma Dos Acores,PTCSR03,2020-37,11.1204467948401,Epidemic intelligence subnational data
Portugal,Regiao Autonoma Dos Acores,PTCSR03,2020-38,11.1204467948401,Epidemic intelligence subnational data
Portugal,Regiao Autonoma Dos Acores,PTCSR03,2020-39,11.9441835944579,Epidemic intelligence subnational data
Portugal,Regiao Autonoma Dos Acores,PTCSR03,2020-40,13.1797887938846,Epidemic intelligence subnational data
Portugal,Regiao Autonoma Dos Acores,PTCSR03,2020-41,12.7679203940757,Epidemic intelligence subnational data
Portugal,Regiao Autonoma Dos Acores,PTCSR03,2020-42,17.2984727919735,Epidemic intelligence subnational data
Portugal,Regiao Autonoma Dos Acores,PTCSR03,2020-43,19.7696831908269,Epidemic intelligence subnational data
Portugal,Regiao Autonoma Dos Acores,PTCSR03,2020-44,21.0052883902536,Epidemic intelligence subnational data
Portugal,Regiao Autonoma Dos Acores,PTCSR03,2020-45,50.6598131764939,Epidemic intelligence subnational data
Portugal,Regiao Autonoma Dos Acores,PTCSR03,2020-46,96.7890739550899,Epidemic intelligence subnational data
Portugal,Regiao Autonoma Dos Acores,PTCSR03,2020-47,139.623387535215,Epidemic intelligence subnational data
Portugal,Regiao Autonoma Dos Acores,PTCSR03,2020-48,168.042307122028,Epidemic intelligence subnational data
Portugal,Regiao Autonoma Dos Acores,PTCSR03,2020-49,157.333728726997,Epidemic intelligence subnational data
Portugal,Regiao Autonoma Dos Acores,PTCSR03,2020-50,154.450649928335,Epidemic intelligence subnational data
Portugal,Regiao Autonoma Dos Acores,PTCSR03,2020-51,160.216807525659,Epidemic intelligence subnational data
Portugal,Regiao Autonoma Dos Acores,PTCSR03,2020-52,133.85722993789,Epidemic intelligence subnational data
Portugal,Regiao Autonoma Dos Acores,PTCSR03,2020-53,179.986490716486,Epidemic intelligence subnational data
Portugal,Regiao Autonoma Dos Acores,PTCSR03,2021-01,343.086377040808,Epidemic intelligence subnational data
Portugal,Regiao Autonoma Dos Acores,PTCSR03,2021-02,408.985321010231,Epidemic intelligence subnational data
Portugal,Regiao Autonoma Dos Acores,PTCSR03,2021-03,290.36722186527,Epidemic intelligence subnational data
Portugal,Regiao Autonoma Dos Acores,PTCSR03,2021-04,214.583436300433,Epidemic intelligence subnational data
Portugal,Regiao Autonoma Dos Acores,PTCSR03,2021-05,149.508229130628,Epidemic intelligence subnational data
Portugal,Regiao Autonoma Dos Acores,PTCSR03,2021-06,57.2497075734361,Epidemic intelligence subnational data
Portugal,Regiao Autonoma Dos Acores,PTCSR03,2021-07,38.7156295820359,Epidemic intelligence subnational data
Portugal,Regiao Autonoma Dos Acores,PTCSR03,2021-08,38.3037611822271,Epidemic intelligence subnational data
Portugal,Regiao Autonoma Dos Acores,PTCSR03,2021-09,37.4800243826093,Epidemic intelligence subnational data
Portugal,Regiao Autonoma Dos Acores,PTCSR03,2021-10,49.4242079770672,Epidemic intelligence subnational data
Portugal,Regiao Autonoma Dos Acores,PTCSR03,2021-11,64.6633387699962,Epidemic intelligence subnational data
Portugal,Regiao Autonoma Dos Acores,PTCSR03,2021-12,65.8989439694229,Epidemic intelligence subnational data
Portugal,Regiao Autonoma Dos Acores,PTCSR03,2021-13,49.8360763768761,Epidemic intelligence subnational data
Portugal,Regiao Autonoma Dos Acores,PTCSR03,2021-14,135.504703537126,Epidemic intelligence subnational data
Portugal,Regiao Autonoma Dos Acores,PTCSR03,2021-15,192.754411110562,Epidemic intelligence subnational data
Portugal,Regiao Autonoma Dos Acores,PTCSR03,2021-16,129.738545939801,Epidemic intelligence subnational data
Portugal,Regiao Autonoma Dos Acores,PTCSR03,2021-17,92.6703899570009,Epidemic intelligence subnational data
Portugal,Regiao Autonoma Dos Acores,PTCSR03,2021-18,90.1991795581476,Epidemic intelligence subnational data
Portugal,Regiao Autonoma Dos Acores,PTCSR03,2021-19,114.911283546681,Epidemic intelligence subnational data
Portugal,Regiao Autonoma Dos Acores,PTCSR03,2021-20,135.092835137317,Epidemic intelligence subnational data
Portugal,Regiao Autonoma Dos Acores,PTCSR03,2021-21,152.39130792929,Epidemic intelligence subnational data
Portugal,Regiao Autonoma Dos Acores,PTCSR03,2021-22,145.801413532348,Epidemic intelligence subnational data
Portugal,Regiao Autonoma Dos Acores,PTCSR03,2021-23,152.803176329099,Epidemic intelligence subnational data
Portugal,Regiao Autonoma Dos Acores,PTCSR03,2021-24,161.040544325277,Epidemic intelligence subnational data
Portugal,Regiao Autonoma Dos Acores,PTCSR03,2021-25,122.73678314305,Epidemic intelligence subnational data
Portugal,Regiao Autonoma Dos Acores,PTCSR03,2021-26,144.565808332922,Epidemic intelligence subnational data
Portugal,Regiao Autonoma Dos Acores,PTCSR03,2021-27,203.051121105784,Epidemic intelligence subnational data
Portugal,Regiao Autonoma Dos Acores,PTCSR03,2021-28,212.11222590158,Epidemic intelligence subnational data
Portugal,Regiao Autonoma Dos Acores,PTCSR03,2021-29,263.595775877692,Epidemic intelligence subnational data
Portugal,Regiao Autonoma Dos Acores,PTCSR03,2021-30,303.958879058963,Epidemic intelligence subnational data
Portugal,Regiao Autonoma Dos Acores,PTCSR03,2021-31,275.128091072341,Epidemic intelligence subnational data
Portugal,Regiao Autonoma Dos Acores,PTCSR03,2021-32,264.419512677309,Epidemic intelligence subnational data
Portugal,Regiao Autonoma Dos Acores,PTCSR03,2021-33,217.878383498904,Epidemic intelligence subnational data
Portugal,Regiao Autonoma Dos Acores,PTCSR03,2021-34,126.031730341521,Epidemic intelligence subnational data
Portugal,Regiao Autonoma Dos Acores,PTCSR03,2021-35,66.3108123692318,Epidemic intelligence subnational data
Portugal,Regiao Autonoma Dos Acores,PTCSR03,2021-36,52.7191551755383,Epidemic intelligence subnational data
Portugal,Regiao Autonoma Dos Acores,PTCSR03,2021-37,61.3683915715251,Epidemic intelligence subnational data
Portugal,Regiao Autonoma Dos Acores,PTCSR03,2021-38,60.1327863720984,Epidemic intelligence subnational data
Portugal,Regiao Autonoma Dos Acores,PTCSR03,2021-39,67.5464175686585,Epidemic intelligence subnational data
Portugal,Regiao Autonoma Dos Acores,PTCSR03,2021-40,91.4347847575743,Epidemic intelligence subnational data
Portugal,Regiao Autonoma Dos Acores,PTCSR03,2021-41,98.0246791545166,Epidemic intelligence subnational data
Portugal,Regiao Autonoma Dos Acores,PTCSR03,2021-42,90.1991795581476,Epidemic intelligence subnational data
Portugal,Regiao Autonoma Dos Acores,PTCSR03,2021-43,97.2009423548988,Epidemic intelligence subnational data
Portugal,Regiao Autonoma Dos Acores,PTCSR03,2021-44,92.6703899570009,Epidemic intelligence subnational data
Portugal,Regiao Autonoma Dos Acores,PTCSR03,2021-45,107.085783950312,Epidemic intelligence subnational data
Portugal,Regiao Autonoma Dos Acores,PTCSR03,2021-46,159.804939125851,Epidemic intelligence subnational data
Portugal,Regiao Autonoma Dos Acores,PTCSR03,2021-47,176.691543518015,Epidemic intelligence subnational data
Portugal,Regiao Autonoma Dos Acores,PTCSR03,2021-48,166.394833522793,Epidemic intelligence subnational data
Portugal,Regiao Autonoma Dos Acores,PTCSR03,2021-49,157.745597126806,Epidemic intelligence subnational data
Portugal,Regiao Autonoma Dos Acores,PTCSR03,2021-50,197.28496350846,Epidemic intelligence subnational data
Portugal,Regiao Autonoma Dos Acores,PTCSR03,2021-51,337.732087843292,Epidemic intelligence subnational data
Portugal,Regiao Autonoma Dos Acores,PTCSR03,2021-52,886.340796388738,Epidemic intelligence subnational data
Portugal,Regiao Autonoma Dos Acores,PTCSR03,2022-01,1573.74915566978,Epidemic intelligence subnational data
Portugal,Regiao Autonoma Dos Acores,PTCSR03,2022-02,2192.78736058255,Epidemic intelligence subnational data
Portugal,Regiao Autonoma Dos Acores,PTCSR03,2022-03,3818.43193462825,Epidemic intelligence subnational data
Portugal,Regiao Autonoma Dos Acores,PTCSR03,2022-04,6122.01189475939,Epidemic intelligence subnational data
Portugal,Centro,PTCSR04,2020-15,,Epidemic intelligence subnational data
Portugal,Centro,PTCSR04,2020-16,94.3411088503715,Epidemic intelligence subnational data
Portugal,Centro,PTCSR04,2020-17,39.99045076509,Epidemic intelligence subnational data
Portugal,Centro,PTCSR04,2020-18,30.659345586569,Epidemic intelligence subnational data
Portugal,Centro,PTCSR04,2020-19,15.996180306036,Epidemic intelligence subnational data
Portugal,Centro,PTCSR04,2020-20,8.42223129749623,Epidemic intelligence subnational data
Portugal,Centro,PTCSR04,2020-21,8.3010481133596,Epidemic intelligence subnational data
Portugal,Centro,PTCSR04,2020-22,6.60448353544669,Epidemic intelligence subnational data
Portugal,Centro,PTCSR04,2020-23,8.90696403404278,Epidemic intelligence subnational data
Portugal,Centro,PTCSR04,2020-24,9.14933040231605,Epidemic intelligence subnational data
Portugal,Centro,PTCSR04,2020-25,10.7247117960923,Epidemic intelligence subnational data
Portugal,Centro,PTCSR04,2020-26,12.4818679660736,Epidemic intelligence subnational data
Portugal,Centro,PTCSR04,2020-27,11.9365436374587,Epidemic intelligence subnational data
Portugal,Centro,PTCSR04,2020-28,11.3306277167755,Epidemic intelligence subnational data
Portugal,Centro,PTCSR04,2020-29,9.45228836265764,Epidemic intelligence subnational data
Portugal,Centro,PTCSR04,2020-30,7.57394900853978,Epidemic intelligence subnational data
Portugal,Centro,PTCSR04,2020-31,6.54389194337837,Epidemic intelligence subnational data
Portugal,Centro,PTCSR04,2020-32,6.3015255751051,Epidemic intelligence subnational data
Portugal,Centro,PTCSR04,2020-33,7.75572378474473,Epidemic intelligence subnational data
Portugal,Centro,PTCSR04,2020-34,9.14933040231605,Epidemic intelligence subnational data
Portugal,Centro,PTCSR04,2020-35,13.7542913995082,Epidemic intelligence subnational data
Portugal,Centro,PTCSR04,2020-36,19.8134506063401,Epidemic intelligence subnational data
Portugal,Centro,PTCSR04,2020-37,30.2957960341591,Epidemic intelligence subnational data
Portugal,Centro,PTCSR04,2020-38,41.3840573826613,Epidemic intelligence subnational data
Portugal,Centro,PTCSR04,2020-39,45.2013276829654,Epidemic intelligence subnational data
Portugal,Centro,PTCSR04,2020-40,49.4427391277477,Epidemic intelligence subnational data
Portugal,Centro,PTCSR04,2020-41,66.6507512751501,Epidemic intelligence subnational data
Portugal,Centro,PTCSR04,2020-42,123.788622595574,Epidemic intelligence subnational data
Portugal,Centro,PTCSR04,2020-43,190.439373870724,Epidemic intelligence subnational data
Portugal,Centro,PTCSR04,2020-44,290.597275559654,Epidemic intelligence subnational data
Portugal,Centro,PTCSR04,2020-45,388.210330381715,Epidemic intelligence subnational data
Portugal,Centro,PTCSR04,2020-46,467.221766438802,Epidemic intelligence subnational data
Portugal,Centro,PTCSR04,2020-47,531.812403583629,Epidemic intelligence subnational data
Portugal,Centro,PTCSR04,2020-48,522.481298405108,Epidemic intelligence subnational data
Portugal,Centro,PTCSR04,2020-49,463.586270914703,Epidemic intelligence subnational data
Portugal,Centro,PTCSR04,2020-50,435.95650493155,Epidemic intelligence subnational data
Portugal,Centro,PTCSR04,2020-51,490.125388240626,Epidemic intelligence subnational data
Portugal,Centro,PTCSR04,2020-52,469.221288977056,Epidemic intelligence subnational data
Portugal,Centro,PTCSR04,2020-53,584.587680275134,Epidemic intelligence subnational data
Portugal,Centro,PTCSR04,2021-01,1048.47690915018,Epidemic intelligence subnational data
Portugal,Centro,PTCSR04,2021-02,1434.62712540157,Epidemic intelligence subnational data
Portugal,Centro,PTCSR04,2021-03,1723.10369523883,Epidemic intelligence subnational data
Portugal,Centro,PTCSR04,2021-04,1728.43575534085,Epidemic intelligence subnational data
Portugal,Centro,PTCSR04,2021-05,1153.96687094112,Epidemic intelligence subnational data
Portugal,Centro,PTCSR04,2021-06,563.50180623536,Epidemic intelligence subnational data
Portugal,Centro,PTCSR04,2021-07,281.690311525611,Epidemic intelligence subnational data
Portugal,Centro,PTCSR04,2021-08,156.932223456944,Epidemic intelligence subnational data
Portugal,Centro,PTCSR04,2021-09,96.7647725331042,Epidemic intelligence subnational data
Portugal,Centro,PTCSR04,2021-10,76.163631229876,Epidemic intelligence subnational data
Portugal,Centro,PTCSR04,2021-11,63.015255751051,Epidemic intelligence subnational data
Portugal,Centro,PTCSR04,2021-12,48.5944568387912,Epidemic intelligence subnational data
Portugal,Centro,PTCSR04,2021-13,37.9909282268355,Epidemic intelligence subnational data
Portugal,Centro,PTCSR04,2021-14,46.3525679322635,Epidemic intelligence subnational data
Portugal,Centro,PTCSR04,2021-15,50.5333877849774,Epidemic intelligence subnational data
Portugal,Centro,PTCSR04,2021-16,40.3540003175,Epidemic intelligence subnational data
Portugal,Centro,PTCSR04,2021-17,38.0515198189039,Epidemic intelligence subnational data
Portugal,Centro,PTCSR04,2021-18,35.2643065837612,Epidemic intelligence subnational data
Portugal,Centro,PTCSR04,2021-19,31.1440783231156,Epidemic intelligence subnational data
Portugal,Centro,PTCSR04,2021-20,30.1140212579542,Epidemic intelligence subnational data
Portugal,Centro,PTCSR04,2021-21,33.8101083741216,Epidemic intelligence subnational data
Portugal,Centro,PTCSR04,2021-22,36.8396879775375,Epidemic intelligence subnational data
Portugal,Centro,PTCSR04,2021-23,40.4751835016366,Epidemic intelligence subnational data
Portugal,Centro,PTCSR04,2021-24,51.6846280342755,Epidemic intelligence subnational data
Portugal,Centro,PTCSR04,2021-25,73.5581927709383,Epidemic intelligence subnational data
Portugal,Centro,PTCSR04,2021-26,123.788622595574,Epidemic intelligence subnational data
Portugal,Centro,PTCSR04,2021-27,178.381647049129,Epidemic intelligence subnational data
Portugal,Centro,PTCSR04,2021-28,212.252347015319,Epidemic intelligence subnational data
Portugal,Centro,PTCSR04,2021-29,220.613986720747,Epidemic intelligence subnational data
Portugal,Centro,PTCSR04,2021-30,216.372575275964,Epidemic intelligence subnational data
Portugal,Centro,PTCSR04,2021-31,214.433644329778,Epidemic intelligence subnational data
Portugal,Centro,PTCSR04,2021-32,209.525725372244,Epidemic intelligence subnational data
Portugal,Centro,PTCSR04,2021-33,237.276674539534,Epidemic intelligence subnational data
Portugal,Centro,PTCSR04,2021-34,267.390695797488,Epidemic intelligence subnational data
Portugal,Centro,PTCSR04,2021-35,240.851578471565,Epidemic intelligence subnational data
Portugal,Centro,PTCSR04,2021-36,181.59300142875,Epidemic intelligence subnational data
Portugal,Centro,PTCSR04,2021-37,130.877838867567,Epidemic intelligence subnational data
Portugal,Centro,PTCSR04,2021-38,93.5534181534834,Epidemic intelligence subnational data
Portugal,Centro,PTCSR04,2021-39,77.1330967029691,Epidemic intelligence subnational data
Portugal,Centro,PTCSR04,2021-40,78.6478865046771,Epidemic intelligence subnational data
Portugal,Centro,PTCSR04,2021-41,94.4622920345081,Epidemic intelligence subnational data
Portugal,Centro,PTCSR04,2021-42,117.184139060128,Epidemic intelligence subnational data
Portugal,Centro,PTCSR04,2021-43,137.361139218877,Epidemic intelligence subnational data
Portugal,Centro,PTCSR04,2021-44,174.443193564688,Epidemic intelligence subnational data
Portugal,Centro,PTCSR04,2021-45,249.637359321471,Epidemic intelligence subnational data
Portugal,Centro,PTCSR04,2021-46,341.736579265315,Epidemic intelligence subnational data
Portugal,Centro,PTCSR04,2021-47,473.826249974249,Epidemic intelligence subnational data
Portugal,Centro,PTCSR04,2021-48,638.211239255596,Epidemic intelligence subnational data
Portugal,Centro,PTCSR04,2021-49,735.945477261793,Epidemic intelligence subnational data
Portugal,Centro,PTCSR04,2021-50,727.462654372229,Epidemic intelligence subnational data
Portugal,Centro,PTCSR04,2021-51,784.903483652994,Epidemic intelligence subnational data
Portugal,Centro,PTCSR04,2021-52,1425.53838659132,Epidemic intelligence subnational data
Portugal,Centro,PTCSR04,2022-01,2530.30488477297,Epidemic intelligence subnational data
Portugal,Centro,PTCSR04,2022-02,3234.98510052751,Epidemic intelligence subnational data
Portugal,Centro,PTCSR04,2022-03,4766.9223227908,Epidemic intelligence subnational data
Portugal,Centro,PTCSR04,2022-04,6943.91763421341,Epidemic intelligence subnational data
Portugal,Area Metropolitana De Lisboa,PTCSR05,2020-15,,Epidemic intelligence subnational data
Portugal,Area Metropolitana De Lisboa,PTCSR05,2020-16,54.2109557293524,Epidemic intelligence subnational data
Portugal,Area Metropolitana De Lisboa,PTCSR05,2020-17,40.5765737913978,Epidemic intelligence subnational data
Portugal,Area Metropolitana De Lisboa,PTCSR05,2020-18,47.4890149335943,Epidemic intelligence subnational data
Portugal,Area Metropolitana De Lisboa,PTCSR05,2020-19,51.734451225652,Epidemic intelligence subnational data
Portugal,Area Metropolitana De Lisboa,PTCSR05,2020-20,50.3193057949661,Epidemic intelligence subnational data
Portugal,Area Metropolitana De Lisboa,PTCSR05,2020-21,62.1575416093578,Epidemic intelligence subnational data
Portugal,Area Metropolitana De Lisboa,PTCSR05,2020-22,81.724648622111,Epidemic intelligence subnational data
Portugal,Area Metropolitana De Lisboa,PTCSR05,2020-23,104.230903837058,Epidemic intelligence subnational data
Portugal,Area Metropolitana De Lisboa,PTCSR05,2020-24,105.346691580483,Epidemic intelligence subnational data
Portugal,Area Metropolitana De Lisboa,PTCSR05,2020-25,98.4342504382869,Epidemic intelligence subnational data
Portugal,Area Metropolitana De Lisboa,PTCSR05,2020-26,103.441688116099,Epidemic intelligence subnational data
Portugal,Area Metropolitana De Lisboa,PTCSR05,2020-27,100.801897601165,Epidemic intelligence subnational data
Portugal,Area Metropolitana De Lisboa,PTCSR05,2020-28,104.58469019473,Epidemic intelligence subnational data
Portugal,Area Metropolitana De Lisboa,PTCSR05,2020-29,96.365960962669,Epidemic intelligence subnational data
Portugal,Area Metropolitana De Lisboa,PTCSR05,2020-30,71.0022005511447,Epidemic intelligence subnational data
Portugal,Area Metropolitana De Lisboa,PTCSR05,2020-31,54.0748840533249,Epidemic intelligence subnational data
Portugal,Area Metropolitana De Lisboa,PTCSR05,2020-32,45.284653781949,Epidemic intelligence subnational data
Portugal,Area Metropolitana De Lisboa,PTCSR05,2020-33,45.3935111227709,Epidemic intelligence subnational data
Portugal,Area Metropolitana De Lisboa,PTCSR05,2020-34,44.9308674242775,Epidemic intelligence subnational data
Portugal,Area Metropolitana De Lisboa,PTCSR05,2020-35,52.115451918529,Epidemic intelligence subnational data
Portugal,Area Metropolitana De Lisboa,PTCSR05,2020-36,63.7087587160712,Epidemic intelligence subnational data
Portugal,Area Metropolitana De Lisboa,PTCSR05,2020-37,88.6370897643075,Epidemic intelligence subnational data
Portugal,Area Metropolitana De Lisboa,PTCSR05,2020-38,118.872216177616,Epidemic intelligence subnational data
Portugal,Area Metropolitana De Lisboa,PTCSR05,2020-39,135.990033021874,Epidemic intelligence subnational data
Portugal,Area Metropolitana De Lisboa,PTCSR05,2020-40,138.520966195986,Epidemic intelligence subnational data
Portugal,Area Metropolitana De Lisboa,PTCSR05,2020-41,154.903995989696,Epidemic intelligence subnational data
Portugal,Area Metropolitana De Lisboa,PTCSR05,2020-42,214.040746391243,Epidemic intelligence subnational data
Portugal,Area Metropolitana De Lisboa,PTCSR05,2020-43,282.675299779509,Epidemic intelligence subnational data
Portugal,Area Metropolitana De Lisboa,PTCSR05,2020-44,356.344505180793,Epidemic intelligence subnational data
Portugal,Area Metropolitana De Lisboa,PTCSR05,2020-45,425.686631284402,Epidemic intelligence subnational data
Portugal,Area Metropolitana De Lisboa,PTCSR05,2020-46,520.310874793919,Epidemic intelligence subnational data
Portugal,Area Metropolitana De Lisboa,PTCSR05,2020-47,544.830990814073,Epidemic intelligence subnational data
Portugal,Area Metropolitana De Lisboa,PTCSR05,2020-48,482.074733830195,Epidemic intelligence subnational data
Portugal,Area Metropolitana De Lisboa,PTCSR05,2020-49,438.232439814137,Epidemic intelligence subnational data
Portugal,Area Metropolitana De Lisboa,PTCSR05,2020-50,417.685616733986,Epidemic intelligence subnational data
Portugal,Area Metropolitana De Lisboa,PTCSR05,2020-51,416.297685638506,Epidemic intelligence subnational data
Portugal,Area Metropolitana De Lisboa,PTCSR05,2020-52,380.320334496837,Epidemic intelligence subnational data
Portugal,Area Metropolitana De Lisboa,PTCSR05,2020-53,504.063916676237,Epidemic intelligence subnational data
Portugal,Area Metropolitana De Lisboa,PTCSR05,2021-01,890.099261566229,Epidemic intelligence subnational data
Portugal,Area Metropolitana De Lisboa,PTCSR05,2021-02,1272.24295652183,Epidemic intelligence subnational data
Portugal,Area Metropolitana De Lisboa,PTCSR05,2021-03,1675.17840357444,Epidemic intelligence subnational data
Portugal,Area Metropolitana De Lisboa,PTCSR05,2021-04,2141.79539500791,Epidemic intelligence subnational data
Portugal,Area Metropolitana De Lisboa,PTCSR05,2021-05,1756.87583786135,Epidemic intelligence subnational data
Portugal,Area Metropolitana De Lisboa,PTCSR05,2021-06,838.28316733496,Epidemic intelligence subnational data
Portugal,Area Metropolitana De Lisboa,PTCSR05,2021-07,396.703364290547,Epidemic intelligence subnational data
Portugal,Area Metropolitana De Lisboa,PTCSR05,2021-08,233.009138029475,Epidemic intelligence subnational data
Portugal,Area Metropolitana De Lisboa,PTCSR05,2021-09,155.012853330518,Epidemic intelligence subnational data
Portugal,Area Metropolitana De Lisboa,PTCSR05,2021-10,103.387259445688,Epidemic intelligence subnational data
Portugal,Area Metropolitana De Lisboa,PTCSR05,2021-11,79.0304294367667,Epidemic intelligence subnational data
Portugal,Area Metropolitana De Lisboa,PTCSR05,2021-12,67.4915513096355,Epidemic intelligence subnational data
Portugal,Area Metropolitana De Lisboa,PTCSR05,2021-13,62.9467573303173,Epidemic intelligence subnational data
Portugal,Area Metropolitana De Lisboa,PTCSR05,2021-14,71.4104155792272,Epidemic intelligence subnational data
Portugal,Area Metropolitana De Lisboa,PTCSR05,2021-15,70.1585561597743,Epidemic intelligence subnational data
Portugal,Area Metropolitana De Lisboa,PTCSR05,2021-16,57.7760336412726,Epidemic intelligence subnational data
Portugal,Area Metropolitana De Lisboa,PTCSR05,2021-17,50.2376627893496,Epidemic intelligence subnational data
Portugal,Area Metropolitana De Lisboa,PTCSR05,2021-18,40.0322870872878,Epidemic intelligence subnational data
Portugal,Area Metropolitana De Lisboa,PTCSR05,2021-19,42.0189335572892,Epidemic intelligence subnational data
Portugal,Area Metropolitana De Lisboa,PTCSR05,2021-20,59.2456077423695,Epidemic intelligence subnational data
Portugal,Area Metropolitana De Lisboa,PTCSR05,2021-21,84.0650814497838,Epidemic intelligence subnational data
Portugal,Area Metropolitana De Lisboa,PTCSR05,2021-22,105.18340556925,Epidemic intelligence subnational data
Portugal,Area Metropolitana De Lisboa,PTCSR05,2021-23,141.514543068591,Epidemic intelligence subnational data
Portugal,Area Metropolitana De Lisboa,PTCSR05,2021-24,223.42969203714,Epidemic intelligence subnational data
Portugal,Area Metropolitana De Lisboa,PTCSR05,2021-25,308.202346202267,Epidemic intelligence subnational data
Portugal,Area Metropolitana De Lisboa,PTCSR05,2021-26,389.682065807528,Epidemic intelligence subnational data
Portugal,Area Metropolitana De Lisboa,PTCSR05,2021-27,472.332001826626,Epidemic intelligence subnational data
Portugal,Area Metropolitana De Lisboa,PTCSR05,2021-28,510.949143483228,Epidemic intelligence subnational data
Portugal,Area Metropolitana De Lisboa,PTCSR05,2021-29,499.627980037741,Epidemic intelligence subnational data
Portugal,Area Metropolitana De Lisboa,PTCSR05,2021-30,415.154683559875,Epidemic intelligence subnational data
Portugal,Area Metropolitana De Lisboa,PTCSR05,2021-31,343.472124628592,Epidemic intelligence subnational data
Portugal,Area Metropolitana De Lisboa,PTCSR05,2021-32,333.21232025612,Epidemic intelligence subnational data
Portugal,Area Metropolitana De Lisboa,PTCSR05,2021-33,310.488350359529,Epidemic intelligence subnational data
Portugal,Area Metropolitana De Lisboa,PTCSR05,2021-34,275.381857944436,Epidemic intelligence subnational data
Portugal,Area Metropolitana De Lisboa,PTCSR05,2021-35,233.063566699886,Epidemic intelligence subnational data
Portugal,Area Metropolitana De Lisboa,PTCSR05,2021-36,181.6556874967,Epidemic intelligence subnational data
Portugal,Area Metropolitana De Lisboa,PTCSR05,2021-37,136.262176373929,Epidemic intelligence subnational data
Portugal,Area Metropolitana De Lisboa,PTCSR05,2021-38,105.591620597333,Epidemic intelligence subnational data
Portugal,Area Metropolitana De Lisboa,PTCSR05,2021-39,85.6707272269082,Epidemic intelligence subnational data
Portugal,Area Metropolitana De Lisboa,PTCSR05,2021-40,74.6489214686815,Epidemic intelligence subnational data
Portugal,Area Metropolitana De Lisboa,PTCSR05,2021-41,79.8468594929316,Epidemic intelligence subnational data
Portugal,Area Metropolitana De Lisboa,PTCSR05,2021-42,96.42038963308,Epidemic intelligence subnational data
Portugal,Area Metropolitana De Lisboa,PTCSR05,2021-43,116.885569707615,Epidemic intelligence subnational data
Portugal,Area Metropolitana De Lisboa,PTCSR05,2021-44,133.595171523791,Epidemic intelligence subnational data
Portugal,Area Metropolitana De Lisboa,PTCSR05,2021-45,165.163800362168,Epidemic intelligence subnational data
Portugal,Area Metropolitana De Lisboa,PTCSR05,2021-46,240.003222177288,Epidemic intelligence subnational data
Portugal,Area Metropolitana De Lisboa,PTCSR05,2021-47,324.884733683237,Epidemic intelligence subnational data
Portugal,Area Metropolitana De Lisboa,PTCSR05,2021-48,389.682065807528,Epidemic intelligence subnational data
Portugal,Area Metropolitana De Lisboa,PTCSR05,2021-49,450.96874869031,Epidemic intelligence subnational data
Portugal,Area Metropolitana De Lisboa,PTCSR05,2021-50,562.411451356825,Epidemic intelligence subnational data
Portugal,Area Metropolitana De Lisboa,PTCSR05,2021-51,1092.43784381911,Epidemic intelligence subnational data
Portugal,Area Metropolitana De Lisboa,PTCSR05,2021-52,2654.56789894991,Epidemic intelligence subnational data
Portugal,Area Metropolitana De Lisboa,PTCSR05,2022-01,4463.61361740019,Epidemic intelligence subnational data
Portugal,Area Metropolitana De Lisboa,PTCSR05,2022-02,5065.10485411211,Epidemic intelligence subnational data
Portugal,Area Metropolitana De Lisboa,PTCSR05,2022-03,5350.80094509943,Epidemic intelligence subnational data
Portugal,Area Metropolitana De Lisboa,PTCSR05,2022-04,5857.80400997786,Epidemic intelligence subnational data
Portugal,Regiao Autonoma Da Madeira,PTCSR06,2020-15,,Epidemic intelligence subnational data
Portugal,Regiao Autonoma Da Madeira,PTCSR06,2020-16,12.9791468374146,Epidemic intelligence subnational data
Portugal,Regiao Autonoma Da Madeira,PTCSR06,2020-17,10.6193019578846,Epidemic intelligence subnational data
Portugal,Regiao Autonoma Da Madeira,PTCSR06,2020-18,0.393307479921653,Epidemic intelligence subnational data
Portugal,Regiao Autonoma Da Madeira,PTCSR06,2020-19,1.57322991968661,Epidemic intelligence subnational data
Portugal,Regiao Autonoma Da Madeira,PTCSR06,2020-20,1.57322991968661,Epidemic intelligence subnational data
Portugal,Regiao Autonoma Da Madeira,PTCSR06,2020-21,0,Epidemic intelligence subnational data
Portugal,Regiao Autonoma Da Madeira,PTCSR06,2020-22,0.393307479921653,Epidemic intelligence subnational data
Portugal,Regiao Autonoma Da Madeira,PTCSR06,2020-23,0,Epidemic intelligence subnational data
Portugal,Regiao Autonoma Da Madeira,PTCSR06,2020-24,-0.393307479921653,Epidemic intelligence subnational data
Portugal,Regiao Autonoma Da Madeira,PTCSR06,2020-25,0.786614959843306,Epidemic intelligence subnational data
Portugal,Regiao Autonoma Da Madeira,PTCSR06,2020-26,1.17992243976496,Epidemic intelligence subnational data
Portugal,Regiao Autonoma Da Madeira,PTCSR06,2020-27,1.17992243976496,Epidemic intelligence subnational data
Portugal,Regiao Autonoma Da Madeira,PTCSR06,2020-28,2.35984487952992,Epidemic intelligence subnational data
Portugal,Regiao Autonoma Da Madeira,PTCSR06,2020-29,2.75315235945157,Epidemic intelligence subnational data
Portugal,Regiao Autonoma Da Madeira,PTCSR06,2020-30,2.35984487952992,Epidemic intelligence subnational data
Portugal,Regiao Autonoma Da Madeira,PTCSR06,2020-31,5.8996121988248,Epidemic intelligence subnational data
Portugal,Regiao Autonoma Da Madeira,PTCSR06,2020-32,7.07953463858976,Epidemic intelligence subnational data
Portugal,Regiao Autonoma Da Madeira,PTCSR06,2020-33,6.6862271586681,Epidemic intelligence subnational data
Portugal,Regiao Autonoma Da Madeira,PTCSR06,2020-34,7.07953463858976,Epidemic intelligence subnational data
Portugal,Regiao Autonoma Da Madeira,PTCSR06,2020-35,10.225994477963,Epidemic intelligence subnational data
Portugal,Regiao Autonoma Da Madeira,PTCSR06,2020-36,12.5858393574929,Epidemic intelligence subnational data
Portugal,Regiao Autonoma Da Madeira,PTCSR06,2020-37,12.5858393574929,Epidemic intelligence subnational data
Portugal,Regiao Autonoma Da Madeira,PTCSR06,2020-38,13.7657617972579,Epidemic intelligence subnational data
Portugal,Regiao Autonoma Da Madeira,PTCSR06,2020-39,11.7992243976496,Epidemic intelligence subnational data
Portugal,Regiao Autonoma Da Madeira,PTCSR06,2020-40,16.9122216366311,Epidemic intelligence subnational data
Portugal,Regiao Autonoma Da Madeira,PTCSR06,2020-41,29.498060994124,Epidemic intelligence subnational data
Portugal,Regiao Autonoma Da Madeira,PTCSR06,2020-42,36.9709031126354,Epidemic intelligence subnational data
Portugal,Regiao Autonoma Da Madeira,PTCSR06,2020-43,44.4437452311468,Epidemic intelligence subnational data
Portugal,Regiao Autonoma Da Madeira,PTCSR06,2020-44,52.3098948295799,Epidemic intelligence subnational data
Portugal,Regiao Autonoma Da Madeira,PTCSR06,2020-45,58.2095070284047,Epidemic intelligence subnational data
Portugal,Regiao Autonoma Da Madeira,PTCSR06,2020-46,84.9544156630771,Epidemic intelligence subnational data
Portugal,Regiao Autonoma Da Madeira,PTCSR06,2020-47,91.6406428217452,Epidemic intelligence subnational data
Portugal,Regiao Autonoma Da Madeira,PTCSR06,2020-48,78.6614959843306,Epidemic intelligence subnational data
Portugal,Regiao Autonoma Da Madeira,PTCSR06,2020-49,70.7953463858976,Epidemic intelligence subnational data
Portugal,Regiao Autonoma Da Madeira,PTCSR06,2020-50,71.5819613457409,Epidemic intelligence subnational data
Portugal,Regiao Autonoma Da Madeira,PTCSR06,2020-51,111.69932429775,Epidemic intelligence subnational data
Portugal,Regiao Autonoma Da Madeira,PTCSR06,2020-52,157.322991968661,Epidemic intelligence subnational data
Portugal,Regiao Autonoma Da Madeira,PTCSR06,2020-53,196.260432480905,Epidemic intelligence subnational data
Portugal,Regiao Autonoma Da Madeira,PTCSR06,2021-01,261.549474147899,Epidemic intelligence subnational data
Portugal,Regiao Autonoma Da Madeira,PTCSR06,2021-02,389.374405122437,Epidemic intelligence subnational data
Portugal,Regiao Autonoma Da Madeira,PTCSR06,2021-03,478.655203064652,Epidemic intelligence subnational data
Portugal,Regiao Autonoma Da Madeira,PTCSR06,2021-04,537.6513250529,Epidemic intelligence subnational data
Portugal,Regiao Autonoma Da Madeira,PTCSR06,2021-05,656.430183989239,Epidemic intelligence subnational data
Portugal,Regiao Autonoma Da Madeira,PTCSR06,2021-06,543.944244731646,Epidemic intelligence subnational data
Portugal,Regiao Autonoma Da Madeira,PTCSR06,2021-07,363.809418927529,Epidemic intelligence subnational data
Portugal,Regiao Autonoma Da Madeira,PTCSR06,2021-08,385.44133032322,Epidemic intelligence subnational data
Portugal,Regiao Autonoma Da Madeira,PTCSR06,2021-09,617.492743476995,Epidemic intelligence subnational data
Portugal,Regiao Autonoma Da Madeira,PTCSR06,2021-10,663.903026107751,Epidemic intelligence subnational data
Portugal,Regiao Autonoma Da Madeira,PTCSR06,2021-11,330.378283134189,Epidemic intelligence subnational data
Portugal,Regiao Autonoma Da Madeira,PTCSR06,2021-12,155.749762048975,Epidemic intelligence subnational data
Portugal,Regiao Autonoma Da Madeira,PTCSR06,2021-13,122.711933735556,Epidemic intelligence subnational data
Portugal,Regiao Autonoma Da Madeira,PTCSR06,2021-14,119.565473896183,Epidemic intelligence subnational data
Portugal,Regiao Autonoma Da Madeira,PTCSR06,2021-15,125.858393574929,Epidemic intelligence subnational data
Portugal,Regiao Autonoma Da Madeira,PTCSR06,2021-16,109.732786898141,Epidemic intelligence subnational data
Portugal,Regiao Autonoma Da Madeira,PTCSR06,2021-17,101.473329819787,Epidemic intelligence subnational data
Portugal,Regiao Autonoma Da Madeira,PTCSR06,2021-18,77.8748810244873,Epidemic intelligence subnational data
Portugal,Regiao Autonoma Da Madeira,PTCSR06,2021-19,97.9335625004916,Epidemic intelligence subnational data
Portugal,Regiao Autonoma Da Madeira,PTCSR06,2021-20,114.845784137123,Epidemic intelligence subnational data
Portugal,Regiao Autonoma Da Madeira,PTCSR06,2021-21,85.3477231429987,Epidemic intelligence subnational data
Portugal,Regiao Autonoma Da Madeira,PTCSR06,2021-22,49.1634349902067,Epidemic intelligence subnational data
Portugal,Regiao Autonoma Da Madeira,PTCSR06,2021-23,27.9248310744374,Epidemic intelligence subnational data
Portugal,Regiao Autonoma Da Madeira,PTCSR06,2021-24,35.0043657130271,Epidemic intelligence subnational data
Portugal,Regiao Autonoma Da Madeira,PTCSR06,2021-25,42.4772078315385,Epidemic intelligence subnational data
Portugal,Regiao Autonoma Da Madeira,PTCSR06,2021-26,54.6697397091098,Epidemic intelligence subnational data
Portugal,Regiao Autonoma Da Madeira,PTCSR06,2021-27,75.1217286650358,Epidemic intelligence subnational data
Portugal,Regiao Autonoma Da Madeira,PTCSR06,2021-28,103.439867219395,Epidemic intelligence subnational data
Portugal,Regiao Autonoma Da Madeira,PTCSR06,2021-29,151.030072289915,Epidemic intelligence subnational data
Portugal,Regiao Autonoma Da Madeira,PTCSR06,2021-30,162.435989207643,Epidemic intelligence subnational data
Portugal,Regiao Autonoma Da Madeira,PTCSR06,2021-31,164.009219127329,Epidemic intelligence subnational data
Portugal,Regiao Autonoma Da Madeira,PTCSR06,2021-32,195.08051004114,Epidemic intelligence subnational data
Portugal,Regiao Autonoma Da Madeira,PTCSR06,2021-33,236.771102912835,Epidemic intelligence subnational data
Portugal,Regiao Autonoma Da Madeira,PTCSR06,2021-34,209.23957931832,Epidemic intelligence subnational data
Portugal,Regiao Autonoma Da Madeira,PTCSR06,2021-35,143.557230171403,Epidemic intelligence subnational data
Portugal,Regiao Autonoma Da Madeira,PTCSR06,2021-36,125.071778615086,Epidemic intelligence subnational data
Portugal,Regiao Autonoma Da Madeira,PTCSR06,2021-37,104.226482179238,Epidemic intelligence subnational data
Portugal,Regiao Autonoma Da Madeira,PTCSR06,2021-38,79.4481109441739,Epidemic intelligence subnational data
Portugal,Regiao Autonoma Da Madeira,PTCSR06,2021-39,80.6280333839389,Epidemic intelligence subnational data
Portugal,Regiao Autonoma Da Madeira,PTCSR06,2021-40,73.5484987453491,Epidemic intelligence subnational data
Portugal,Regiao Autonoma Da Madeira,PTCSR06,2021-41,50.3433574299716,Epidemic intelligence subnational data
Portugal,Regiao Autonoma Da Madeira,PTCSR06,2021-42,62.9291967874645,Epidemic intelligence subnational data
Portugal,Regiao Autonoma Da Madeira,PTCSR06,2021-43,110.519401857985,Epidemic intelligence subnational data
Portugal,Regiao Autonoma Da Madeira,PTCSR06,2021-44,182.101363203725,Epidemic intelligence subnational data
Portugal,Regiao Autonoma Da Madeira,PTCSR06,2021-45,254.46993950931,Epidemic intelligence subnational data
Portugal,Regiao Autonoma Da Madeira,PTCSR06,2021-46,325.658593375129,Epidemic intelligence subnational data
Portugal,Regiao Autonoma Da Madeira,PTCSR06,2021-47,454.270139309509,Epidemic intelligence subnational data
Portugal,Regiao Autonoma Da Madeira,PTCSR06,2021-48,558.496621488747,Epidemic intelligence subnational data
Portugal,Regiao Autonoma Da Madeira,PTCSR06,2021-49,590.747834842323,Epidemic intelligence subnational data
Portugal,Regiao Autonoma Da Madeira,PTCSR06,2021-50,788.188189762993,Epidemic intelligence subnational data
Portugal,Regiao Autonoma Da Madeira,PTCSR06,2021-51,1229.08587475517,Epidemic intelligence subnational data
Portugal,Regiao Autonoma Da Madeira,PTCSR06,2021-52,2626.11404343688,Epidemic intelligence subnational data
Portugal,Regiao Autonoma Da Madeira,PTCSR06,2022-01,5502.37164410393,Epidemic intelligence subnational data
Portugal,Regiao Autonoma Da Madeira,PTCSR06,2022-02,8744.79850857804,Epidemic intelligence subnational data
Portugal,Regiao Autonoma Da Madeira,PTCSR06,2022-03,9424.04052640273,Epidemic intelligence subnational data
Portugal,Regiao Autonoma Da Madeira,PTCSR06,2022-04,7002.44637252511,Epidemic intelligence subnational data
Portugal,Norte,PTCSR07,2020-15,,Epidemic intelligence subnational data
Portugal,Norte,PTCSR07,2020-16,175.855706413998,Epidemic intelligence subnational data
Portugal,Norte,PTCSR07,2020-17,110.708396437493,Epidemic intelligence subnational data
Portugal,Norte,PTCSR07,2020-18,68.6498535236289,Epidemic intelligence subnational data
Portugal,Norte,PTCSR07,2020-19,37.8554906573153,Epidemic intelligence subnational data
Portugal,Norte,PTCSR07,2020-20,34.0727436264215,Epidemic intelligence subnational data
Portugal,Norte,PTCSR07,2020-21,18.0451043547824,Epidemic intelligence subnational data
Portugal,Norte,PTCSR07,2020-22,8.88245043550626,Epidemic intelligence subnational data
Portugal,Norte,PTCSR07,2020-23,7.56549406178767,Epidemic intelligence subnational data
Portugal,Norte,PTCSR07,2020-24,9.86316262870096,Epidemic intelligence subnational data
Portugal,Norte,PTCSR07,2020-25,10.1433661124709,Epidemic intelligence subnational data
Portugal,Norte,PTCSR07,2020-26,10.6477323832567,Epidemic intelligence subnational data
Portugal,Norte,PTCSR07,2020-27,13.8420520982337,Epidemic intelligence subnational data
Portugal,Norte,PTCSR07,2020-28,18.5774909739453,Epidemic intelligence subnational data
Portugal,Norte,PTCSR07,2020-29,15.3831712589683,Epidemic intelligence subnational data
Portugal,Norte,PTCSR07,2020-30,10.2274271576019,Epidemic intelligence subnational data
Portugal,Norte,PTCSR07,2020-31,12.4410346793842,Epidemic intelligence subnational data
Portugal,Norte,PTCSR07,2020-32,16.223781710278,Epidemic intelligence subnational data
Portugal,Norte,PTCSR07,2020-33,21.1833833730055,Epidemic intelligence subnational data
Portugal,Norte,PTCSR07,2020-34,25.0221711006533,Epidemic intelligence subnational data
Portugal,Norte,PTCSR07,2020-35,38.3598569281012,Epidemic intelligence subnational data
Portugal,Norte,PTCSR07,2020-36,56.8252665085385,Epidemic intelligence subnational data
Portugal,Norte,PTCSR07,2020-37,72.4886412512767,Epidemic intelligence subnational data
Portugal,Norte,PTCSR07,2020-38,85.4620625498237,Epidemic intelligence subnational data
Portugal,Norte,PTCSR07,2020-39,89.8612572450113,Epidemic intelligence subnational data
Portugal,Norte,PTCSR07,2020-40,112.473678385243,Epidemic intelligence subnational data
Portugal,Norte,PTCSR07,2020-41,194.040912510665,Epidemic intelligence subnational data
Portugal,Norte,PTCSR07,2020-42,348.264909977626,Epidemic intelligence subnational data
Portugal,Norte,PTCSR07,2020-43,570.158048775021,Epidemic intelligence subnational data
Portugal,Norte,PTCSR07,2020-44,732.732110058324,Epidemic intelligence subnational data
Portugal,Norte,PTCSR07,2020-45,967.850853289659,Epidemic intelligence subnational data
Portugal,Norte,PTCSR07,2020-46,1298.26680135114,Epidemic intelligence subnational data
Portugal,Norte,PTCSR07,2020-47,1375.01453555572,Epidemic intelligence subnational data
Portugal,Norte,PTCSR07,2020-48,1189.74399208705,Epidemic intelligence subnational data
Portugal,Norte,PTCSR07,2020-49,933.946231753499,Epidemic intelligence subnational data
Portugal,Norte,PTCSR07,2020-50,757.950423597617,Epidemic intelligence subnational data
Portugal,Norte,PTCSR07,2020-51,671.311506415959,Epidemic intelligence subnational data
Portugal,Norte,PTCSR07,2020-52,559.202092559617,Epidemic intelligence subnational data
Portugal,Norte,PTCSR07,2020-53,607.78937664532,Epidemic intelligence subnational data
Portugal,Norte,PTCSR07,2021-01,922.121644738409,Epidemic intelligence subnational data
Portugal,Norte,PTCSR07,2021-02,1168.89685289457,Epidemic intelligence subnational data
Portugal,Norte,PTCSR07,2021-03,1398.71975028266,Epidemic intelligence subnational data
Portugal,Norte,PTCSR07,2021-04,1375.65900356839,Epidemic intelligence subnational data
Portugal,Norte,PTCSR07,2021-05,871.685017659825,Epidemic intelligence subnational data
Portugal,Norte,PTCSR07,2021-06,411.702978703134,Epidemic intelligence subnational data
Portugal,Norte,PTCSR07,2021-07,201.298182740306,Epidemic intelligence subnational data
Portugal,Norte,PTCSR07,2021-08,119.730948614884,Epidemic intelligence subnational data
Portugal,Norte,PTCSR07,2021-09,84.6774927952679,Epidemic intelligence subnational data
Portugal,Norte,PTCSR07,2021-10,61.3085222488571,Epidemic intelligence subnational data
Portugal,Norte,PTCSR07,2021-11,53.4628247032995,Epidemic intelligence subnational data
Portugal,Norte,PTCSR07,2021-12,49.0356096597349,Epidemic intelligence subnational data
Portugal,Norte,PTCSR07,2021-13,43.7958045132375,Epidemic intelligence subnational data
Portugal,Norte,PTCSR07,2021-14,60.6920745845633,Epidemic intelligence subnational data
Portugal,Norte,PTCSR07,2021-15,76.4114900240555,Epidemic intelligence subnational data
Portugal,Norte,PTCSR07,2021-16,77.0839783851033,Epidemic intelligence subnational data
Portugal,Norte,PTCSR07,2021-17,71.7881325418519,Epidemic intelligence subnational data
Portugal,Norte,PTCSR07,2021-18,62.2051733969208,Epidemic intelligence subnational data
Portugal,Norte,PTCSR07,2021-19,56.2368391926217,Epidemic intelligence subnational data
Portugal,Norte,PTCSR07,2021-20,53.3227229614146,Epidemic intelligence subnational data
Portugal,Norte,PTCSR07,2021-21,56.3209002377527,Epidemic intelligence subnational data
Portugal,Norte,PTCSR07,2021-22,59.3190775140907,Epidemic intelligence subnational data
Portugal,Norte,PTCSR07,2021-23,57.5257752179633,Epidemic intelligence subnational data
Portugal,Norte,PTCSR07,2021-24,60.6640542361863,Epidemic intelligence subnational data
Portugal,Norte,PTCSR07,2021-25,71.8721935869829,Epidemic intelligence subnational data
Portugal,Norte,PTCSR07,2021-26,132.844471655316,Epidemic intelligence subnational data
Portugal,Norte,PTCSR07,2021-27,249.633283690616,Epidemic intelligence subnational data
Portugal,Norte,PTCSR07,2021-28,382.785979178079,Epidemic intelligence subnational data
Portugal,Norte,PTCSR07,2021-29,459.785896518051,Epidemic intelligence subnational data
Portugal,Norte,PTCSR07,2021-30,409.657493271614,Epidemic intelligence subnational data
Portugal,Norte,PTCSR07,2021-31,322.654311561056,Epidemic intelligence subnational data
Portugal,Norte,PTCSR07,2021-32,301.162704355903,Epidemic intelligence subnational data
Portugal,Norte,PTCSR07,2021-33,314.752573318744,Epidemic intelligence subnational data
Portugal,Norte,PTCSR07,2021-34,321.701619716238,Epidemic intelligence subnational data
Portugal,Norte,PTCSR07,2021-35,280.343585511799,Epidemic intelligence subnational data
Portugal,Norte,PTCSR07,2021-36,195.413909581138,Epidemic intelligence subnational data
Portugal,Norte,PTCSR07,2021-37,139.373212827155,Epidemic intelligence subnational data
Portugal,Norte,PTCSR07,2021-38,105.412550594242,Epidemic intelligence subnational data
Portugal,Norte,PTCSR07,2021-39,78.008649881544,Epidemic intelligence subnational data
Portugal,Norte,PTCSR07,2021-40,73.6374755347333,Epidemic intelligence subnational data
Portugal,Norte,PTCSR07,2021-41,73.3292517025864,Epidemic intelligence subnational data
Portugal,Norte,PTCSR07,2021-42,71.9282342837369,Epidemic intelligence subnational data
Portugal,Norte,PTCSR07,2021-43,80.3903794935882,Epidemic intelligence subnational data
Portugal,Norte,PTCSR07,2021-44,92.0468444184167,Epidemic intelligence subnational data
Portugal,Norte,PTCSR07,2021-45,120.319375930801,Epidemic intelligence subnational data
Portugal,Norte,PTCSR07,2021-46,186.027092874846,Epidemic intelligence subnational data
Portugal,Norte,PTCSR07,2021-47,282.949477910859,Epidemic intelligence subnational data
Portugal,Norte,PTCSR07,2021-48,383.178264055357,Epidemic intelligence subnational data
Portugal,Norte,PTCSR07,2021-49,454.153806494276,Epidemic intelligence subnational data
Portugal,Norte,PTCSR07,2021-50,499.854994697149,Epidemic intelligence subnational data
Portugal,Norte,PTCSR07,2021-51,733.908964690158,Epidemic intelligence subnational data
Portugal,Norte,PTCSR07,2021-52,1833.84774022895,Epidemic intelligence subnational data
Portugal,Norte,PTCSR07,2022-01,3631.60527174834,Epidemic intelligence subnational data
Portugal,Norte,PTCSR07,2022-02,4988.04231633012,Epidemic intelligence subnational data
Portugal,Norte,PTCSR07,2022-03,6966.55911522948,Epidemic intelligence subnational data
Portugal,Norte,PTCSR07,2022-04,8944.54352750968,Epidemic intelligence subnational data
Romania,Bihor,RO111,2020-15,,Epidemic intelligence subnational data
Romania,Bihor,RO111,2020-16,49.6248681281607,Epidemic intelligence subnational data
Romania,Bihor,RO111,2020-17,44.805186691253,Epidemic intelligence subnational data
Romania,Bihor,RO111,2020-18,25.3479542237368,Epidemic intelligence subnational data
Romania,Bihor,RO111,2020-19,7.14026879541881,Epidemic intelligence subnational data
Romania,Bihor,RO111,2020-20,6.96176207553333,Epidemic intelligence subnational data
Romania,Bihor,RO111,2020-21,11.4244300726701,Epidemic intelligence subnational data
Romania,Bihor,RO111,2020-22,19.1002190277453,Epidemic intelligence subnational data
Romania,Bihor,RO111,2020-23,16.6011249493487,Epidemic intelligence subnational data
Romania,Bihor,RO111,2020-24,6.24773519599145,Epidemic intelligence subnational data
Romania,Bihor,RO111,2020-25,3.39162767782393,Epidemic intelligence subnational data
Romania,Bihor,RO111,2020-26,2.14208063862564,Epidemic intelligence subnational data
Romania,Bihor,RO111,2020-27,5.71221503633504,Epidemic intelligence subnational data
Romania,Bihor,RO111,2020-28,7.85429567496068,Epidemic intelligence subnational data
Romania,Bihor,RO111,2020-29,5.71221503633504,Epidemic intelligence subnational data
Romania,Bihor,RO111,2020-30,24.4554206243094,Epidemic intelligence subnational data
Romania,Bihor,RO111,2020-31,56.7651369235795,Epidemic intelligence subnational data
Romania,Bihor,RO111,2020-32,94.9655749790701,Epidemic intelligence subnational data
Romania,Bihor,RO111,2020-33,134.237053353874,Epidemic intelligence subnational data
Romania,Bihor,RO111,2020-34,130.309905516393,Epidemic intelligence subnational data
Romania,Bihor,RO111,2020-35,106.211498331855,Epidemic intelligence subnational data
Romania,Bihor,RO111,2020-36,116.386381365327,Epidemic intelligence subnational data
Romania,Bihor,RO111,2020-37,125.490224079486,Epidemic intelligence subnational data
Romania,Bihor,RO111,2020-38,94.6085615392992,Epidemic intelligence subnational data
Romania,Bihor,RO111,2020-39,88.8963465029641,Epidemic intelligence subnational data
Romania,Bihor,RO111,2020-40,89.9673868222769,Epidemic intelligence subnational data
Romania,Bihor,RO111,2020-41,99.4282429762069,Epidemic intelligence subnational data
Romania,Bihor,RO111,2020-42,195.821871714361,Epidemic intelligence subnational data
Romania,Bihor,RO111,2020-43,316.849427796709,Epidemic intelligence subnational data
Romania,Bihor,RO111,2020-44,421.097352209824,Epidemic intelligence subnational data
Romania,Bihor,RO111,2020-45,594.605883938501,Epidemic intelligence subnational data
Romania,Bihor,RO111,2020-46,716.347466900392,Epidemic intelligence subnational data
Romania,Bihor,RO111,2020-47,645.48029910586,Epidemic intelligence subnational data
Romania,Bihor,RO111,2020-48,518.562021267291,Epidemic intelligence subnational data
Romania,Bihor,RO111,2020-49,415.385137173489,Epidemic intelligence subnational data
Romania,Bihor,RO111,2020-50,338.270234182966,Epidemic intelligence subnational data
Romania,Bihor,RO111,2020-51,313.993320278542,Epidemic intelligence subnational data
Romania,Bihor,RO111,2020-52,254.015062397024,Epidemic intelligence subnational data
Romania,Bihor,RO111,2020-53,187.610562599629,Epidemic intelligence subnational data
Romania,Bihor,RO111,2021-01,235.093350089164,Epidemic intelligence subnational data
Romania,Bihor,RO111,2021-02,233.308282890309,Epidemic intelligence subnational data
Romania,Bihor,RO111,2021-03,169.759890611082,Epidemic intelligence subnational data
Romania,Bihor,RO111,2021-04,148.874604384482,Epidemic intelligence subnational data
Romania,Bihor,RO111,2021-05,120.849049362463,Epidemic intelligence subnational data
Romania,Bihor,RO111,2021-06,93.7160279398718,Epidemic intelligence subnational data
Romania,Bihor,RO111,2021-07,99.0712295364359,Epidemic intelligence subnational data
Romania,Bihor,RO111,2021-08,142.26985574872,Epidemic intelligence subnational data
Romania,Bihor,RO111,2021-09,202.069606910352,Epidemic intelligence subnational data
Romania,Bihor,RO111,2021-10,252.765515357826,Epidemic intelligence subnational data
Romania,Bihor,RO111,2021-11,300.248302847361,Epidemic intelligence subnational data
Romania,Bihor,RO111,2021-12,336.485166984111,Epidemic intelligence subnational data
Romania,Bihor,RO111,2021-13,368.43786984361,Epidemic intelligence subnational data
Romania,Bihor,RO111,2021-14,356.299412891398,Epidemic intelligence subnational data
Romania,Bihor,RO111,2021-15,307.210064922894,Epidemic intelligence subnational data
Romania,Bihor,RO111,2021-16,247.945833920918,Epidemic intelligence subnational data
Romania,Bihor,RO111,2021-17,159.942021017381,Epidemic intelligence subnational data
Romania,Bihor,RO111,2021-18,118.706968723838,Epidemic intelligence subnational data
Romania,Bihor,RO111,2021-19,88.7178397830786,Epidemic intelligence subnational data
Romania,Bihor,RO111,2021-20,54.9800697247248,Epidemic intelligence subnational data
Romania,Bihor,RO111,2021-21,38.5574514952615,Epidemic intelligence subnational data
Romania,Bihor,RO111,2021-22,20.8852862266,Epidemic intelligence subnational data
Romania,Bihor,RO111,2021-23,12.6739771118684,Epidemic intelligence subnational data
Romania,Bihor,RO111,2021-24,6.06922847610598,Epidemic intelligence subnational data
Romania,Bihor,RO111,2021-25,2.49909407839658,Epidemic intelligence subnational data
Romania,Bihor,RO111,2021-26,0.35701343977094,Epidemic intelligence subnational data
Romania,Bihor,RO111,2021-27,0.35701343977094,Epidemic intelligence subnational data
Romania,Bihor,RO111,2021-28,0.71402687954188,Epidemic intelligence subnational data
Romania,Bihor,RO111,2021-29,1.42805375908376,Epidemic intelligence subnational data
Romania,Bihor,RO111,2021-30,3.74864111759487,Epidemic intelligence subnational data
Romania,Bihor,RO111,2021-31,5.53370831644957,Epidemic intelligence subnational data
Romania,Bihor,RO111,2021-32,8.56832255450257,Epidemic intelligence subnational data
Romania,Bihor,RO111,2021-33,12.4954703919829,Epidemic intelligence subnational data
Romania,Bihor,RO111,2021-34,18.5646988680889,Epidemic intelligence subnational data
Romania,Bihor,RO111,2021-35,40.8780388537727,Epidemic intelligence subnational data
Romania,Bihor,RO111,2021-36,81.7560777075453,Epidemic intelligence subnational data
Romania,Bihor,RO111,2021-37,154.051299261161,Epidemic intelligence subnational data
Romania,Bihor,RO111,2021-38,269.902160466831,Epidemic intelligence subnational data
Romania,Bihor,RO111,2021-39,431.09372852341,Epidemic intelligence subnational data
Romania,Bihor,RO111,2021-40,578.89729258858,Epidemic intelligence subnational data
Romania,Bihor,RO111,2021-41,907.171150457959,Epidemic intelligence subnational data
Romania,Bihor,RO111,2021-42,1183.85656628044,Epidemic intelligence subnational data
Romania,Bihor,RO111,2021-43,1185.10611331964,Epidemic intelligence subnational data
Romania,Bihor,RO111,2021-44,1008.38446063302,Epidemic intelligence subnational data
Romania,Bihor,RO111,2021-45,659.403823256927,Epidemic intelligence subnational data
Romania,Bihor,RO111,2021-46,399.676545823568,Epidemic intelligence subnational data
Romania,Bihor,RO111,2021-47,256.15714303565,Epidemic intelligence subnational data
Romania,Bihor,RO111,2021-48,168.688850291769,Epidemic intelligence subnational data
Romania,Bihor,RO111,2021-49,118.706968723838,Epidemic intelligence subnational data
Romania,Bihor,RO111,2021-50,91.3954405813607,Epidemic intelligence subnational data
Romania,Bihor,RO111,2021-51,84.7906919455983,Epidemic intelligence subnational data
Romania,Bihor,RO111,2021-52,129.417371916966,Epidemic intelligence subnational data
Romania,Bihor,RO111,2022-01,375.9351520788,Epidemic intelligence subnational data
Romania,Bihor,RO111,2022-02,809.527974680607,Epidemic intelligence subnational data
Romania,Bihor,RO111,2022-03,1362.54179288579,Epidemic intelligence subnational data
Romania,Bihor,RO111,2022-04,2088.70712937989,Epidemic intelligence subnational data
Romania,Bistrita-Nasaud,RO112,2020-15,,Epidemic intelligence subnational data
Romania,Bistrita-Nasaud,RO112,2020-16,23.3940017779441,Epidemic intelligence subnational data
Romania,Bistrita-Nasaud,RO112,2020-17,29.5124330121757,Epidemic intelligence subnational data
Romania,Bistrita-Nasaud,RO112,2020-18,36.7105874053893,Epidemic intelligence subnational data
Romania,Bistrita-Nasaud,RO112,2020-19,34.9110488070859,Epidemic intelligence subnational data
Romania,Bistrita-Nasaud,RO112,2020-20,23.7539094976048,Epidemic intelligence subnational data
Romania,Bistrita-Nasaud,RO112,2020-21,17.995385983034,Epidemic intelligence subnational data
Romania,Bistrita-Nasaud,RO112,2020-22,12.5967701881238,Epidemic intelligence subnational data
Romania,Bistrita-Nasaud,RO112,2020-23,16.1958473847306,Epidemic intelligence subnational data
Romania,Bistrita-Nasaud,RO112,2020-24,33.8313256481038,Epidemic intelligence subnational data
Romania,Bistrita-Nasaud,RO112,2020-25,33.8313256481038,Epidemic intelligence subnational data
Romania,Bistrita-Nasaud,RO112,2020-26,36.3506796857286,Epidemic intelligence subnational data
Romania,Bistrita-Nasaud,RO112,2020-27,43.5488340789422,Epidemic intelligence subnational data
Romania,Bistrita-Nasaud,RO112,2020-28,38.5101260036927,Epidemic intelligence subnational data
Romania,Bistrita-Nasaud,RO112,2020-29,46.4280958362276,Epidemic intelligence subnational data
Romania,Bistrita-Nasaud,RO112,2020-30,66.5829281372256,Epidemic intelligence subnational data
Romania,Bistrita-Nasaud,RO112,2020-31,69.462189894511,Epidemic intelligence subnational data
Romania,Bistrita-Nasaud,RO112,2020-32,54.3460656687625,Epidemic intelligence subnational data
Romania,Bistrita-Nasaud,RO112,2020-33,51.8267116311378,Epidemic intelligence subnational data
Romania,Bistrita-Nasaud,RO112,2020-34,47.5078189952096,Epidemic intelligence subnational data
Romania,Bistrita-Nasaud,RO112,2020-35,40.6695723216567,Epidemic intelligence subnational data
Romania,Bistrita-Nasaud,RO112,2020-36,54.7059733884232,Epidemic intelligence subnational data
Romania,Bistrita-Nasaud,RO112,2020-37,65.1432972585829,Epidemic intelligence subnational data
Romania,Bistrita-Nasaud,RO112,2020-38,50.7469884721557,Epidemic intelligence subnational data
Romania,Bistrita-Nasaud,RO112,2020-39,60.8244046226548,Epidemic intelligence subnational data
Romania,Bistrita-Nasaud,RO112,2020-40,73.4211748107785,Epidemic intelligence subnational data
Romania,Bistrita-Nasaud,RO112,2020-41,92.4962839527945,Epidemic intelligence subnational data
Romania,Bistrita-Nasaud,RO112,2020-42,160.878750688324,Epidemic intelligence subnational data
Romania,Bistrita-Nasaud,RO112,2020-43,246.536787967565,Epidemic intelligence subnational data
Romania,Bistrita-Nasaud,RO112,2020-44,328.955655769861,Epidemic intelligence subnational data
Romania,Bistrita-Nasaud,RO112,2020-45,472.198928194811,Epidemic intelligence subnational data
Romania,Bistrita-Nasaud,RO112,2020-46,617.241739218065,Epidemic intelligence subnational data
Romania,Bistrita-Nasaud,RO112,2020-47,587.729306205889,Epidemic intelligence subnational data
Romania,Bistrita-Nasaud,RO112,2020-48,417.133047086727,Epidemic intelligence subnational data
Romania,Bistrita-Nasaud,RO112,2020-49,314.559346983433,Epidemic intelligence subnational data
Romania,Bistrita-Nasaud,RO112,2020-50,270.29069746517,Epidemic intelligence subnational data
Romania,Bistrita-Nasaud,RO112,2020-51,259.85337359501,Epidemic intelligence subnational data
Romania,Bistrita-Nasaud,RO112,2020-52,227.82158654521,Epidemic intelligence subnational data
Romania,Bistrita-Nasaud,RO112,2020-53,188.591645102196,Epidemic intelligence subnational data
Romania,Bistrita-Nasaud,RO112,2021-01,195.429891775749,Epidemic intelligence subnational data
Romania,Bistrita-Nasaud,RO112,2021-02,152.960780855789,Epidemic intelligence subnational data
Romania,Bistrita-Nasaud,RO112,2021-03,122.368624684631,Epidemic intelligence subnational data
Romania,Bistrita-Nasaud,RO112,2021-04,120.569086086328,Epidemic intelligence subnational data
Romania,Bistrita-Nasaud,RO112,2021-05,106.532685019561,Epidemic intelligence subnational data
Romania,Bistrita-Nasaud,RO112,2021-06,89.6170221955091,Epidemic intelligence subnational data
Romania,Bistrita-Nasaud,RO112,2021-07,91.7764685134732,Epidemic intelligence subnational data
Romania,Bistrita-Nasaud,RO112,2021-08,122.728532404292,Epidemic intelligence subnational data
Romania,Bistrita-Nasaud,RO112,2021-09,150.081519098503,Epidemic intelligence subnational data
Romania,Bistrita-Nasaud,RO112,2021-10,174.91515175509,Epidemic intelligence subnational data
Romania,Bistrita-Nasaud,RO112,2021-11,243.65752621028,Epidemic intelligence subnational data
Romania,Bistrita-Nasaud,RO112,2021-12,283.967190812276,Epidemic intelligence subnational data
Romania,Bistrita-Nasaud,RO112,2021-13,300.163038197006,Epidemic intelligence subnational data
Romania,Bistrita-Nasaud,RO112,2021-14,308.440915749202,Epidemic intelligence subnational data
Romania,Bistrita-Nasaud,RO112,2021-15,248.336326565869,Epidemic intelligence subnational data
Romania,Bistrita-Nasaud,RO112,2021-16,176.354782633733,Epidemic intelligence subnational data
Romania,Bistrita-Nasaud,RO112,2021-17,123.808255563274,Epidemic intelligence subnational data
Romania,Bistrita-Nasaud,RO112,2021-18,86.0179449989023,Epidemic intelligence subnational data
Romania,Bistrita-Nasaud,RO112,2021-19,66.5829281372256,Epidemic intelligence subnational data
Romania,Bistrita-Nasaud,RO112,2021-20,39.9497568823354,Epidemic intelligence subnational data
Romania,Bistrita-Nasaud,RO112,2021-21,16.9156628240519,Epidemic intelligence subnational data
Romania,Bistrita-Nasaud,RO112,2021-22,8.6377852718563,Epidemic intelligence subnational data
Romania,Bistrita-Nasaud,RO112,2021-23,5.39861579491019,Epidemic intelligence subnational data
Romania,Bistrita-Nasaud,RO112,2021-24,3.23916947694611,Epidemic intelligence subnational data
Romania,Bistrita-Nasaud,RO112,2021-25,3.23916947694611,Epidemic intelligence subnational data
Romania,Bistrita-Nasaud,RO112,2021-26,2.15944631796407,Epidemic intelligence subnational data
Romania,Bistrita-Nasaud,RO112,2021-27,2.15944631796407,Epidemic intelligence subnational data
Romania,Bistrita-Nasaud,RO112,2021-28,5.39861579491019,Epidemic intelligence subnational data
Romania,Bistrita-Nasaud,RO112,2021-29,6.8382466735529,Epidemic intelligence subnational data
Romania,Bistrita-Nasaud,RO112,2021-30,8.6377852718563,Epidemic intelligence subnational data
Romania,Bistrita-Nasaud,RO112,2021-31,17.995385983034,Epidemic intelligence subnational data
Romania,Bistrita-Nasaud,RO112,2021-32,41.3893877609781,Epidemic intelligence subnational data
Romania,Bistrita-Nasaud,RO112,2021-33,61.9041277816368,Epidemic intelligence subnational data
Romania,Bistrita-Nasaud,RO112,2021-34,99.3345306263474,Epidemic intelligence subnational data
Romania,Bistrita-Nasaud,RO112,2021-35,159.07921209002,Epidemic intelligence subnational data
Romania,Bistrita-Nasaud,RO112,2021-36,237.899002695709,Epidemic intelligence subnational data
Romania,Bistrita-Nasaud,RO112,2021-37,363.866704576947,Epidemic intelligence subnational data
Romania,Bistrita-Nasaud,RO112,2021-38,480.476805747007,Epidemic intelligence subnational data
Romania,Bistrita-Nasaud,RO112,2021-39,580.531151812675,Epidemic intelligence subnational data
Romania,Bistrita-Nasaud,RO112,2021-40,605.724692188923,Epidemic intelligence subnational data
Romania,Bistrita-Nasaud,RO112,2021-41,619.761093255689,Epidemic intelligence subnational data
Romania,Bistrita-Nasaud,RO112,2021-42,623.720078171957,Epidemic intelligence subnational data
Romania,Bistrita-Nasaud,RO112,2021-43,497.392468571058,Epidemic intelligence subnational data
Romania,Bistrita-Nasaud,RO112,2021-44,370.704951250499,Epidemic intelligence subnational data
Romania,Bistrita-Nasaud,RO112,2021-45,257.334019557386,Epidemic intelligence subnational data
Romania,Bistrita-Nasaud,RO112,2021-46,145.762626462575,Epidemic intelligence subnational data
Romania,Bistrita-Nasaud,RO112,2021-47,88.537299036527,Epidemic intelligence subnational data
Romania,Bistrita-Nasaud,RO112,2021-48,62.2640355012975,Epidemic intelligence subnational data
Romania,Bistrita-Nasaud,RO112,2021-49,42.8290186396208,Epidemic intelligence subnational data
Romania,Bistrita-Nasaud,RO112,2021-50,53.9861579491019,Epidemic intelligence subnational data
Romania,Bistrita-Nasaud,RO112,2021-51,52.1866193507985,Epidemic intelligence subnational data
Romania,Bistrita-Nasaud,RO112,2021-52,68.0225590158683,Epidemic intelligence subnational data
Romania,Bistrita-Nasaud,RO112,2022-01,269.210974306188,Epidemic intelligence subnational data
Romania,Bistrita-Nasaud,RO112,2022-02,653.952326623454,Epidemic intelligence subnational data
Romania,Bistrita-Nasaud,RO112,2022-03,1031.13561682785,Epidemic intelligence subnational data
Romania,Bistrita-Nasaud,RO112,2022-04,1093.7595600488,Epidemic intelligence subnational data
Romania,Cluj,RO113,2020-15,,Epidemic intelligence subnational data
Romania,Cluj,RO113,2020-16,18.6024225427539,Epidemic intelligence subnational data
Romania,Cluj,RO113,2020-17,17.1931481076968,Epidemic intelligence subnational data
Romania,Cluj,RO113,2020-18,26.2125044920623,Epidemic intelligence subnational data
Romania,Cluj,RO113,2020-19,26.6352868225794,Epidemic intelligence subnational data
Romania,Cluj,RO113,2020-20,11.2741954804569,Epidemic intelligence subnational data
Romania,Cluj,RO113,2020-21,3.38225864413707,Epidemic intelligence subnational data
Romania,Cluj,RO113,2020-22,4.65060563568847,Epidemic intelligence subnational data
Romania,Cluj,RO113,2020-23,6.90544473177984,Epidemic intelligence subnational data
Romania,Cluj,RO113,2020-24,7.18729961879127,Epidemic intelligence subnational data
Romania,Cluj,RO113,2020-25,9.58306615838835,Epidemic intelligence subnational data
Romania,Cluj,RO113,2020-26,10.0058484889055,Epidemic intelligence subnational data
Romania,Cluj,RO113,2020-27,8.03286427982553,Epidemic intelligence subnational data
Romania,Cluj,RO113,2020-28,15.2201638986168,Epidemic intelligence subnational data
Romania,Cluj,RO113,2020-29,26.7762142660851,Epidemic intelligence subnational data
Romania,Cluj,RO113,2020-30,48.3381131224589,Epidemic intelligence subnational data
Romania,Cluj,RO113,2020-31,55.2435578542387,Epidemic intelligence subnational data
Romania,Cluj,RO113,2020-32,48.760895452976,Epidemic intelligence subnational data
Romania,Cluj,RO113,2020-33,57.9211792808473,Epidemic intelligence subnational data
Romania,Cluj,RO113,2020-34,61.5852928119957,Epidemic intelligence subnational data
Romania,Cluj,RO113,2020-35,50.5929522185503,Epidemic intelligence subnational data
Romania,Cluj,RO113,2020-36,57.2165420633187,Epidemic intelligence subnational data
Romania,Cluj,RO113,2020-37,77.6510213716468,Epidemic intelligence subnational data
Romania,Cluj,RO113,2020-38,81.5969897898067,Epidemic intelligence subnational data
Romania,Cluj,RO113,2020-39,110.06433337796,Epidemic intelligence subnational data
Romania,Cluj,RO113,2020-40,133.74014388692,Epidemic intelligence subnational data
Romania,Cluj,RO113,2020-41,179.118780695759,Epidemic intelligence subnational data
Romania,Cluj,RO113,2020-42,347.386148241578,Epidemic intelligence subnational data
Romania,Cluj,RO113,2020-43,504.802102637457,Epidemic intelligence subnational data
Romania,Cluj,RO113,2020-44,546.234771028136,Epidemic intelligence subnational data
Romania,Cluj,RO113,2020-45,692.235602500053,Epidemic intelligence subnational data
Romania,Cluj,RO113,2020-46,882.628578676269,Epidemic intelligence subnational data
Romania,Cluj,RO113,2020-47,889.674950851554,Epidemic intelligence subnational data
Romania,Cluj,RO113,2020-48,768.195494549631,Epidemic intelligence subnational data
Romania,Cluj,RO113,2020-49,678.142858149482,Epidemic intelligence subnational data
Romania,Cluj,RO113,2020-50,570.897073641636,Epidemic intelligence subnational data
Romania,Cluj,RO113,2020-51,508.466216168606,Epidemic intelligence subnational data
Romania,Cluj,RO113,2020-52,435.04301810213,Epidemic intelligence subnational data
Romania,Cluj,RO113,2020-53,381.067807239443,Epidemic intelligence subnational data
Romania,Cluj,RO113,2021-01,454.209150418907,Epidemic intelligence subnational data
Romania,Cluj,RO113,2021-02,437.438784641727,Epidemic intelligence subnational data
Romania,Cluj,RO113,2021-03,355.137157634392,Epidemic intelligence subnational data
Romania,Cluj,RO113,2021-04,289.464968960731,Epidemic intelligence subnational data
Romania,Cluj,RO113,2021-05,303.698640754807,Epidemic intelligence subnational data
Romania,Cluj,RO113,2021-06,311.16779526061,Epidemic intelligence subnational data
Romania,Cluj,RO113,2021-07,288.478476856191,Epidemic intelligence subnational data
Romania,Cluj,RO113,2021-08,365.002078679792,Epidemic intelligence subnational data
Romania,Cluj,RO113,2021-09,440.96197072937,Epidemic intelligence subnational data
Romania,Cluj,RO113,2021-10,465.765200786375,Epidemic intelligence subnational data
Romania,Cluj,RO113,2021-11,535.806140208714,Epidemic intelligence subnational data
Romania,Cluj,RO113,2021-12,629.663817583517,Epidemic intelligence subnational data
Romania,Cluj,RO113,2021-13,712.106372034358,Epidemic intelligence subnational data
Romania,Cluj,RO113,2021-14,717.038832557058,Epidemic intelligence subnational data
Romania,Cluj,RO113,2021-15,551.449086437847,Epidemic intelligence subnational data
Romania,Cluj,RO113,2021-16,334.702678326064,Epidemic intelligence subnational data
Romania,Cluj,RO113,2021-17,200.398824665121,Epidemic intelligence subnational data
Romania,Cluj,RO113,2021-18,146.846396132951,Epidemic intelligence subnational data
Romania,Cluj,RO113,2021-19,122.606875849969,Epidemic intelligence subnational data
Romania,Cluj,RO113,2021-20,73.8459803969926,Epidemic intelligence subnational data
Romania,Cluj,RO113,2021-21,35.3727883199335,Epidemic intelligence subnational data
Romania,Cluj,RO113,2021-22,19.025204873271,Epidemic intelligence subnational data
Romania,Cluj,RO113,2021-23,13.669962020054,Epidemic intelligence subnational data
Romania,Cluj,RO113,2021-24,8.73750149735409,Epidemic intelligence subnational data
Romania,Cluj,RO113,2021-25,7.32822706229698,Epidemic intelligence subnational data
Romania,Cluj,RO113,2021-26,8.31471916683695,Epidemic intelligence subnational data
Romania,Cluj,RO113,2021-27,7.89193683631982,Epidemic intelligence subnational data
Romania,Cluj,RO113,2021-28,7.6100819493084,Epidemic intelligence subnational data
Romania,Cluj,RO113,2021-29,9.16028382787122,Epidemic intelligence subnational data
Romania,Cluj,RO113,2021-30,15.0792364551111,Epidemic intelligence subnational data
Romania,Cluj,RO113,2021-31,24.0985928394766,Epidemic intelligence subnational data
Romania,Cluj,RO113,2021-32,31.5677473452793,Epidemic intelligence subnational data
Romania,Cluj,RO113,2021-33,54.5389206367102,Epidemic intelligence subnational data
Romania,Cluj,RO113,2021-34,88.6433619650923,Epidemic intelligence subnational data
Romania,Cluj,RO113,2021-35,123.029658180486,Epidemic intelligence subnational data
Romania,Cluj,RO113,2021-36,188.983701741159,Epidemic intelligence subnational data
Romania,Cluj,RO113,2021-37,316.945820444344,Epidemic intelligence subnational data
Romania,Cluj,RO113,2021-38,509.170853386134,Epidemic intelligence subnational data
Romania,Cluj,RO113,2021-39,747.901942684809,Epidemic intelligence subnational data
Romania,Cluj,RO113,2021-40,845.282806147255,Epidemic intelligence subnational data
Romania,Cluj,RO113,2021-41,983.391700782852,Epidemic intelligence subnational data
Romania,Cluj,RO113,2021-42,1115.58164279121,Epidemic intelligence subnational data
Romania,Cluj,RO113,2021-43,993.820331602275,Epidemic intelligence subnational data
Romania,Cluj,RO113,2021-44,860.221115158861,Epidemic intelligence subnational data
Romania,Cluj,RO113,2021-45,661.936202146325,Epidemic intelligence subnational data
Romania,Cluj,RO113,2021-46,410.521642932136,Epidemic intelligence subnational data
Romania,Cluj,RO113,2021-47,272.694603183551,Epidemic intelligence subnational data
Romania,Cluj,RO113,2021-48,189.829266402193,Epidemic intelligence subnational data
Romania,Cluj,RO113,2021-49,135.572200652494,Epidemic intelligence subnational data
Romania,Cluj,RO113,2021-50,174.327247616565,Epidemic intelligence subnational data
Romania,Cluj,RO113,2021-51,153.329058534214,Epidemic intelligence subnational data
Romania,Cluj,RO113,2021-52,148.255670568008,Epidemic intelligence subnational data
Romania,Cluj,RO113,2022-01,522.277105632165,Epidemic intelligence subnational data
Romania,Cluj,RO113,2022-02,1077.24937815766,Epidemic intelligence subnational data
Romania,Cluj,RO113,2022-03,1701.83980777497,Epidemic intelligence subnational data
Romania,Cluj,RO113,2022-04,2486.38288577126,Epidemic intelligence subnational data
Romania,Maramures,RO114,2020-15,,Epidemic intelligence subnational data
Romania,Maramures,RO114,2020-16,5.23290801419862,Epidemic intelligence subnational data
Romania,Maramures,RO114,2020-17,3.70664317672403,Epidemic intelligence subnational data
Romania,Maramures,RO114,2020-18,0.436075667849885,Epidemic intelligence subnational data
Romania,Maramures,RO114,2020-19,-0.218037833924943,Epidemic intelligence subnational data
Romania,Maramures,RO114,2020-20,3.70664317672403,Epidemic intelligence subnational data
Romania,Maramures,RO114,2020-21,5.45094584812357,Epidemic intelligence subnational data
Romania,Maramures,RO114,2020-22,3.48860534279908,Epidemic intelligence subnational data
Romania,Maramures,RO114,2020-23,2.83449184102426,Epidemic intelligence subnational data
Romania,Maramures,RO114,2020-24,4.79683234634874,Epidemic intelligence subnational data
Romania,Maramures,RO114,2020-25,8.72151335699771,Epidemic intelligence subnational data
Romania,Maramures,RO114,2020-26,16.5708753782956,Epidemic intelligence subnational data
Romania,Maramures,RO114,2020-27,14.6085348729712,Epidemic intelligence subnational data
Romania,Maramures,RO114,2020-28,8.93955119092265,Epidemic intelligence subnational data
Romania,Maramures,RO114,2020-29,14.8265727068961,Epidemic intelligence subnational data
Romania,Maramures,RO114,2020-30,32.0515615869666,Epidemic intelligence subnational data
Romania,Maramures,RO114,2020-31,47.5322477956375,Epidemic intelligence subnational data
Romania,Maramures,RO114,2020-32,57.125912488335,Epidemic intelligence subnational data
Romania,Maramures,RO114,2020-33,81.9822255557784,Epidemic intelligence subnational data
Romania,Maramures,RO114,2020-34,88.3053227396018,Epidemic intelligence subnational data
Romania,Maramures,RO114,2020-35,67.5917285167322,Epidemic intelligence subnational data
Romania,Maramures,RO114,2020-36,73.6967878666306,Epidemic intelligence subnational data
Romania,Maramures,RO114,2020-37,98.5531009340741,Epidemic intelligence subnational data
Romania,Maramures,RO114,2020-38,90.4857010788512,Epidemic intelligence subnational data
Romania,Maramures,RO114,2020-39,94.1923442555752,Epidemic intelligence subnational data
Romania,Maramures,RO114,2020-40,100.297403605474,Epidemic intelligence subnational data
Romania,Maramures,RO114,2020-41,122.101186997968,Epidemic intelligence subnational data
Romania,Maramures,RO114,2020-42,210.40650973757,Epidemic intelligence subnational data
Romania,Maramures,RO114,2020-43,303.290626989595,Epidemic intelligence subnational data
Romania,Maramures,RO114,2020-44,354.747555795882,Epidemic intelligence subnational data
Romania,Maramures,RO114,2020-45,430.624722001762,Epidemic intelligence subnational data
Romania,Maramures,RO114,2020-46,462.458245754803,Epidemic intelligence subnational data
Romania,Maramures,RO114,2020-47,392.904176732747,Epidemic intelligence subnational data
Romania,Maramures,RO114,2020-48,363.905144820729,Epidemic intelligence subnational data
Romania,Maramures,RO114,2020-49,289.118167784474,Epidemic intelligence subnational data
Romania,Maramures,RO114,2020-50,186.858423673676,Epidemic intelligence subnational data
Romania,Maramures,RO114,2020-51,202.993223384122,Epidemic intelligence subnational data
Romania,Maramures,RO114,2020-52,203.647336885896,Epidemic intelligence subnational data
Romania,Maramures,RO114,2020-53,202.339109882347,Epidemic intelligence subnational data
Romania,Maramures,RO114,2021-01,278.652351756077,Epidemic intelligence subnational data
Romania,Maramures,RO114,2021-02,307.651383668094,Epidemic intelligence subnational data
Romania,Maramures,RO114,2021-03,290.426394788024,Epidemic intelligence subnational data
Romania,Maramures,RO114,2021-04,323.132069876765,Epidemic intelligence subnational data
Romania,Maramures,RO114,2021-05,352.131101788782,Epidemic intelligence subnational data
Romania,Maramures,RO114,2021-06,349.078572113833,Epidemic intelligence subnational data
Romania,Maramures,RO114,2021-07,363.905144820729,Epidemic intelligence subnational data
Romania,Maramures,RO114,2021-08,354.529517961957,Epidemic intelligence subnational data
Romania,Maramures,RO114,2021-09,314.410556519767,Epidemic intelligence subnational data
Romania,Maramures,RO114,2021-10,279.088427423927,Epidemic intelligence subnational data
Romania,Maramures,RO114,2021-11,238.969465981737,Epidemic intelligence subnational data
Romania,Maramures,RO114,2021-12,186.204310171901,Epidemic intelligence subnational data
Romania,Maramures,RO114,2021-13,148.047689235036,Epidemic intelligence subnational data
Romania,Maramures,RO114,2021-14,119.702770824794,Epidemic intelligence subnational data
Romania,Maramures,RO114,2021-15,81.9822255557784,Epidemic intelligence subnational data
Romania,Maramures,RO114,2021-16,56.0357233187103,Epidemic intelligence subnational data
Romania,Maramures,RO114,2021-17,46.8781342938627,Epidemic intelligence subnational data
Romania,Maramures,RO114,2021-18,39.0287722725647,Epidemic intelligence subnational data
Romania,Maramures,RO114,2021-19,32.2695994208915,Epidemic intelligence subnational data
Romania,Maramures,RO114,2021-20,23.7661238978188,Epidemic intelligence subnational data
Romania,Maramures,RO114,2021-21,13.9544213711963,Epidemic intelligence subnational data
Romania,Maramures,RO114,2021-22,7.19524851952311,Epidemic intelligence subnational data
Romania,Maramures,RO114,2021-23,7.41328635344805,Epidemic intelligence subnational data
Romania,Maramures,RO114,2021-24,6.97721068559817,Epidemic intelligence subnational data
Romania,Maramures,RO114,2021-25,4.79683234634874,Epidemic intelligence subnational data
Romania,Maramures,RO114,2021-26,3.48860534279908,Epidemic intelligence subnational data
Romania,Maramures,RO114,2021-27,2.18037833924943,Epidemic intelligence subnational data
Romania,Maramures,RO114,2021-28,4.36075667849885,Epidemic intelligence subnational data
Romania,Maramures,RO114,2021-29,5.88702151597345,Epidemic intelligence subnational data
Romania,Maramures,RO114,2021-30,5.66898368204851,Epidemic intelligence subnational data
Romania,Maramures,RO114,2021-31,7.63132418737299,Epidemic intelligence subnational data
Romania,Maramures,RO114,2021-32,13.3003078694215,Epidemic intelligence subnational data
Romania,Maramures,RO114,2021-33,18.96929155147,Epidemic intelligence subnational data
Romania,Maramures,RO114,2021-34,43.8256046189135,Epidemic intelligence subnational data
Romania,Maramures,RO114,2021-35,107.492652124997,Epidemic intelligence subnational data
Romania,Maramures,RO114,2021-36,215.857455585693,Epidemic intelligence subnational data
Romania,Maramures,RO114,2021-37,344.499777601409,Epidemic intelligence subnational data
Romania,Maramures,RO114,2021-38,427.572192326813,Epidemic intelligence subnational data
Romania,Maramures,RO114,2021-39,514.35125022894,Epidemic intelligence subnational data
Romania,Maramures,RO114,2021-40,504.975623370167,Epidemic intelligence subnational data
Romania,Maramures,RO114,2021-41,490.149050663271,Epidemic intelligence subnational data
Romania,Maramures,RO114,2021-42,493.419618172145,Epidemic intelligence subnational data
Romania,Maramures,RO114,2021-43,425.173776153638,Epidemic intelligence subnational data
Romania,Maramures,RO114,2021-44,354.747555795882,Epidemic intelligence subnational data
Romania,Maramures,RO114,2021-45,249.871357677984,Epidemic intelligence subnational data
Romania,Maramures,RO114,2021-46,174.430267139954,Epidemic intelligence subnational data
Romania,Maramures,RO114,2021-47,126.461943676467,Epidemic intelligence subnational data
Romania,Maramures,RO114,2021-48,93.5382307538004,Epidemic intelligence subnational data
Romania,Maramures,RO114,2021-49,74.3509013684055,Epidemic intelligence subnational data
Romania,Maramures,RO114,2021-50,64.757236675708,Epidemic intelligence subnational data
Romania,Maramures,RO114,2021-51,57.3439503222599,Epidemic intelligence subnational data
Romania,Maramures,RO114,2021-52,94.6284199234251,Epidemic intelligence subnational data
Romania,Maramures,RO114,2022-01,305.68904316277,Epidemic intelligence subnational data
Romania,Maramures,RO114,2022-02,714.073906104187,Epidemic intelligence subnational data
Romania,Maramures,RO114,2022-03,1241.50742636862,Epidemic intelligence subnational data
Romania,Maramures,RO114,2022-04,1722.71692584097,Epidemic intelligence subnational data
Romania,Satu Mare,RO115,2020-15,,Epidemic intelligence subnational data
Romania,Satu Mare,RO115,2020-16,6.944088014806,Epidemic intelligence subnational data
Romania,Satu Mare,RO115,2020-17,4.83066992334331,Epidemic intelligence subnational data
Romania,Satu Mare,RO115,2020-18,1.50958435104478,Epidemic intelligence subnational data
Romania,Satu Mare,RO115,2020-19,-0.301916870208957,Epidemic intelligence subnational data
Romania,Satu Mare,RO115,2020-20,1.50958435104478,Epidemic intelligence subnational data
Romania,Satu Mare,RO115,2020-21,2.1134180914627,Epidemic intelligence subnational data
Romania,Satu Mare,RO115,2020-22,0.90575061062687,Epidemic intelligence subnational data
Romania,Satu Mare,RO115,2020-23,0.301916870208957,Epidemic intelligence subnational data
Romania,Satu Mare,RO115,2020-24,1.50958435104478,Epidemic intelligence subnational data
Romania,Satu Mare,RO115,2020-25,4.22683618292539,Epidemic intelligence subnational data
Romania,Satu Mare,RO115,2020-26,3.32108557229852,Epidemic intelligence subnational data
Romania,Satu Mare,RO115,2020-27,1.50958435104478,Epidemic intelligence subnational data
Romania,Satu Mare,RO115,2020-28,1.50958435104478,Epidemic intelligence subnational data
Romania,Satu Mare,RO115,2020-29,1.20766748083583,Epidemic intelligence subnational data
Romania,Satu Mare,RO115,2020-30,4.22683618292539,Epidemic intelligence subnational data
Romania,Satu Mare,RO115,2020-31,8.15175549564183,Epidemic intelligence subnational data
Romania,Satu Mare,RO115,2020-32,11.4728410679403,Epidemic intelligence subnational data
Romania,Satu Mare,RO115,2020-33,27.4744351890151,Epidemic intelligence subnational data
Romania,Satu Mare,RO115,2020-34,39.2491931271644,Epidemic intelligence subnational data
Romania,Satu Mare,RO115,2020-35,32.0031882421494,Epidemic intelligence subnational data
Romania,Satu Mare,RO115,2020-36,37.7396087761196,Epidemic intelligence subnational data
Romania,Satu Mare,RO115,2020-37,47.7028654930152,Epidemic intelligence subnational data
Romania,Satu Mare,RO115,2020-38,48.3066992334331,Epidemic intelligence subnational data
Romania,Satu Mare,RO115,2020-39,71.8562151097317,Epidemic intelligence subnational data
Romania,Satu Mare,RO115,2020-40,75.1773006820302,Epidemic intelligence subnational data
Romania,Satu Mare,RO115,2020-41,73.6677163309854,Epidemic intelligence subnational data
Romania,Satu Mare,RO115,2020-42,140.089427776956,Epidemic intelligence subnational data
Romania,Satu Mare,RO115,2020-43,186.886542659344,Epidemic intelligence subnational data
Romania,Satu Mare,RO115,2020-44,210.134141665434,Epidemic intelligence subnational data
Romania,Satu Mare,RO115,2020-45,381.622923944121,Epidemic intelligence subnational data
Romania,Satu Mare,RO115,2020-46,625.571755072958,Epidemic intelligence subnational data
Romania,Satu Mare,RO115,2020-47,623.156420111287,Epidemic intelligence subnational data
Romania,Satu Mare,RO115,2020-48,484.878493555584,Epidemic intelligence subnational data
Romania,Satu Mare,RO115,2020-49,376.18842028036,Epidemic intelligence subnational data
Romania,Satu Mare,RO115,2020-50,237.004743114031,Epidemic intelligence subnational data
Romania,Satu Mare,RO115,2020-51,171.790699148896,Epidemic intelligence subnational data
Romania,Satu Mare,RO115,2020-52,140.693261517374,Epidemic intelligence subnational data
Romania,Satu Mare,RO115,2020-53,128.918503579225,Epidemic intelligence subnational data
Romania,Satu Mare,RO115,2021-01,164.242777393672,Epidemic intelligence subnational data
Romania,Satu Mare,RO115,2021-02,206.511139222926,Epidemic intelligence subnational data
Romania,Satu Mare,RO115,2021-03,219.191647771703,Epidemic intelligence subnational data
Romania,Satu Mare,RO115,2021-04,202.58621991021,Epidemic intelligence subnational data
Romania,Satu Mare,RO115,2021-05,211.643726016479,Epidemic intelligence subnational data
Romania,Satu Mare,RO115,2021-06,207.114972963344,Epidemic intelligence subnational data
Romania,Satu Mare,RO115,2021-07,211.945642886688,Epidemic intelligence subnational data
Romania,Satu Mare,RO115,2021-08,235.193241892777,Epidemic intelligence subnational data
Romania,Satu Mare,RO115,2021-09,257.53509028824,Epidemic intelligence subnational data
Romania,Satu Mare,RO115,2021-10,277.159686851822,Epidemic intelligence subnational data
Romania,Satu Mare,RO115,2021-11,274.140518149733,Epidemic intelligence subnational data
Romania,Satu Mare,RO115,2021-12,259.950425249912,Epidemic intelligence subnational data
Romania,Satu Mare,RO115,2021-13,225.229985175882,Epidemic intelligence subnational data
Romania,Satu Mare,RO115,2021-14,188.09421014018,Epidemic intelligence subnational data
Romania,Satu Mare,RO115,2021-15,162.12935930221,Epidemic intelligence subnational data
Romania,Satu Mare,RO115,2021-16,116.539911900657,Epidemic intelligence subnational data
Romania,Satu Mare,RO115,2021-17,64.0063764842988,Epidemic intelligence subnational data
Romania,Satu Mare,RO115,2021-18,42.8721955696719,Epidemic intelligence subnational data
Romania,Satu Mare,RO115,2021-19,33.5127725931942,Epidemic intelligence subnational data
Romania,Satu Mare,RO115,2021-20,19.0207628231643,Epidemic intelligence subnational data
Romania,Satu Mare,RO115,2021-21,10.8690073275224,Epidemic intelligence subnational data
Romania,Satu Mare,RO115,2021-22,7.54792175522392,Epidemic intelligence subnational data
Romania,Satu Mare,RO115,2021-23,6.34025427438809,Epidemic intelligence subnational data
Romania,Satu Mare,RO115,2021-24,4.22683618292539,Epidemic intelligence subnational data
Romania,Satu Mare,RO115,2021-25,4.52875305313435,Epidemic intelligence subnational data
Romania,Satu Mare,RO115,2021-26,4.52875305313435,Epidemic intelligence subnational data
Romania,Satu Mare,RO115,2021-27,5.13258679355226,Epidemic intelligence subnational data
Romania,Satu Mare,RO115,2021-28,9.0575061062687,Epidemic intelligence subnational data
Romania,Satu Mare,RO115,2021-29,11.7747579381493,Epidemic intelligence subnational data
Romania,Satu Mare,RO115,2021-30,12.6805085487762,Epidemic intelligence subnational data
Romania,Satu Mare,RO115,2021-31,11.1709241977314,Epidemic intelligence subnational data
Romania,Satu Mare,RO115,2021-32,15.6996772508658,Epidemic intelligence subnational data
Romania,Satu Mare,RO115,2021-33,31.7012713719405,Epidemic intelligence subnational data
Romania,Satu Mare,RO115,2021-34,82.7252224372541,Epidemic intelligence subnational data
Romania,Satu Mare,RO115,2021-35,208.32264044418,Epidemic intelligence subnational data
Romania,Satu Mare,RO115,2021-36,323.956801734211,Epidemic intelligence subnational data
Romania,Satu Mare,RO115,2021-37,389.774679439763,Epidemic intelligence subnational data
Romania,Satu Mare,RO115,2021-38,416.64528088836,Epidemic intelligence subnational data
Romania,Satu Mare,RO115,2021-39,405.776273560838,Epidemic intelligence subnational data
Romania,Satu Mare,RO115,2021-40,388.868928829136,Epidemic intelligence subnational data
Romania,Satu Mare,RO115,2021-41,408.493525392718,Epidemic intelligence subnational data
Romania,Satu Mare,RO115,2021-42,415.739530277733,Epidemic intelligence subnational data
Romania,Satu Mare,RO115,2021-43,420.570200201077,Epidemic intelligence subnational data
Romania,Satu Mare,RO115,2021-44,395.209183103524,Epidemic intelligence subnational data
Romania,Satu Mare,RO115,2021-45,272.329016928479,Epidemic intelligence subnational data
Romania,Satu Mare,RO115,2021-46,167.86577983618,Epidemic intelligence subnational data
Romania,Satu Mare,RO115,2021-47,109.595823885851,Epidemic intelligence subnational data
Romania,Satu Mare,RO115,2021-48,78.8003031245377,Epidemic intelligence subnational data
Romania,Satu Mare,RO115,2021-49,67.9312957970153,Epidemic intelligence subnational data
Romania,Satu Mare,RO115,2021-50,76.988801903284,Epidemic intelligence subnational data
Romania,Satu Mare,RO115,2021-51,58.5718728205376,Epidemic intelligence subnational data
Romania,Satu Mare,RO115,2021-52,64.0063764842988,Epidemic intelligence subnational data
Romania,Satu Mare,RO115,2022-01,288.934444789972,Epidemic intelligence subnational data
Romania,Satu Mare,RO115,2022-02,645.498268506749,Epidemic intelligence subnational data
Romania,Satu Mare,RO115,2022-03,1049.76495771654,Epidemic intelligence subnational data
Romania,Satu Mare,RO115,2022-04,1301.2617106006,Epidemic intelligence subnational data
Romania,Salaj,RO116,2020-15,,Epidemic intelligence subnational data
Romania,Salaj,RO116,2020-16,7.62126141402979,Epidemic intelligence subnational data
Romania,Salaj,RO116,2020-17,6.1922748988992,Epidemic intelligence subnational data
Romania,Salaj,RO116,2020-18,8.57391909078351,Epidemic intelligence subnational data
Romania,Salaj,RO116,2020-19,9.52657676753724,Epidemic intelligence subnational data
Romania,Salaj,RO116,2020-20,15.2425228280596,Epidemic intelligence subnational data
Romania,Salaj,RO116,2020-21,16.1951805048133,Epidemic intelligence subnational data
Romania,Salaj,RO116,2020-22,7.62126141402979,Epidemic intelligence subnational data
Romania,Salaj,RO116,2020-23,7.14493257565293,Epidemic intelligence subnational data
Romania,Salaj,RO116,2020-24,6.66860373727607,Epidemic intelligence subnational data
Romania,Salaj,RO116,2020-25,6.1922748988992,Epidemic intelligence subnational data
Romania,Salaj,RO116,2020-26,5.23961722214548,Epidemic intelligence subnational data
Romania,Salaj,RO116,2020-27,3.8106307070149,Epidemic intelligence subnational data
Romania,Salaj,RO116,2020-28,2.38164419188431,Epidemic intelligence subnational data
Romania,Salaj,RO116,2020-29,5.23961722214548,Epidemic intelligence subnational data
Romania,Salaj,RO116,2020-30,20.9584688885819,Epidemic intelligence subnational data
Romania,Salaj,RO116,2020-31,30.0087168177423,Epidemic intelligence subnational data
Romania,Salaj,RO116,2020-32,31.9140321712497,Epidemic intelligence subnational data
Romania,Salaj,RO116,2020-33,42.8695954539176,Epidemic intelligence subnational data
Romania,Salaj,RO116,2020-34,49.0618703528168,Epidemic intelligence subnational data
Romania,Salaj,RO116,2020-35,46.2038973225556,Epidemic intelligence subnational data
Romania,Salaj,RO116,2020-36,54.3014875749623,Epidemic intelligence subnational data
Romania,Salaj,RO116,2020-37,70.0203392413987,Epidemic intelligence subnational data
Romania,Salaj,RO116,2020-38,70.9729969181524,Epidemic intelligence subnational data
Romania,Salaj,RO116,2020-39,95.2657676753724,Epidemic intelligence subnational data
Romania,Salaj,RO116,2020-40,120.034867270969,Epidemic intelligence subnational data
Romania,Salaj,RO116,2020-41,210.537346562573,Epidemic intelligence subnational data
Romania,Salaj,RO116,2020-42,390.11331863065,Epidemic intelligence subnational data
Romania,Salaj,RO116,2020-43,534.440956658839,Epidemic intelligence subnational data
Romania,Salaj,RO116,2020-44,671.623662111375,Epidemic intelligence subnational data
Romania,Salaj,RO116,2020-45,829.764836452493,Epidemic intelligence subnational data
Romania,Salaj,RO116,2020-46,778.797650746169,Epidemic intelligence subnational data
Romania,Salaj,RO116,2020-47,556.352083224175,Epidemic intelligence subnational data
Romania,Salaj,RO116,2020-48,397.73458004468,Epidemic intelligence subnational data
Romania,Salaj,RO116,2020-49,238.640748026808,Epidemic intelligence subnational data
Romania,Salaj,RO116,2020-50,153.37788595735,Epidemic intelligence subnational data
Romania,Salaj,RO116,2020-51,155.283201310857,Epidemic intelligence subnational data
Romania,Salaj,RO116,2020-52,113.366263533693,Epidemic intelligence subnational data
Romania,Salaj,RO116,2020-53,118.605880755839,Epidemic intelligence subnational data
Romania,Salaj,RO116,2021-01,204.345071663674,Epidemic intelligence subnational data
Romania,Salaj,RO116,2021-02,223.874554037125,Epidemic intelligence subnational data
Romania,Salaj,RO116,2021-03,224.350882875502,Epidemic intelligence subnational data
Romania,Salaj,RO116,2021-04,226.256198229009,Epidemic intelligence subnational data
Romania,Salaj,RO116,2021-05,190.531535350745,Epidemic intelligence subnational data
Romania,Salaj,RO116,2021-06,177.67065671457,Epidemic intelligence subnational data
Romania,Salaj,RO116,2021-07,181.004958583208,Epidemic intelligence subnational data
Romania,Salaj,RO116,2021-08,233.877459643039,Epidemic intelligence subnational data
Romania,Salaj,RO116,2021-09,314.377033328729,Epidemic intelligence subnational data
Romania,Salaj,RO116,2021-10,378.681426509605,Epidemic intelligence subnational data
Romania,Salaj,RO116,2021-11,392.971291660911,Epidemic intelligence subnational data
Romania,Salaj,RO116,2021-12,352.007011560501,Epidemic intelligence subnational data
Romania,Salaj,RO116,2021-13,307.232100753076,Epidemic intelligence subnational data
Romania,Salaj,RO116,2021-14,283.415658834233,Epidemic intelligence subnational data
Romania,Salaj,RO116,2021-15,244.35669408733,Epidemic intelligence subnational data
Romania,Salaj,RO116,2021-16,182.910273936715,Epidemic intelligence subnational data
Romania,Salaj,RO116,2021-17,135.753718937406,Epidemic intelligence subnational data
Romania,Salaj,RO116,2021-18,110.508290503432,Epidemic intelligence subnational data
Romania,Salaj,RO116,2021-19,78.1179294938054,Epidemic intelligence subnational data
Romania,Salaj,RO116,2021-20,34.2956763631341,Epidemic intelligence subnational data
Romania,Salaj,RO116,2021-21,18.1004958583207,Epidemic intelligence subnational data
Romania,Salaj,RO116,2021-22,13.813536312929,Epidemic intelligence subnational data
Romania,Salaj,RO116,2021-23,10.0029056059141,Epidemic intelligence subnational data
Romania,Salaj,RO116,2021-24,4.76328838376862,Epidemic intelligence subnational data
Romania,Salaj,RO116,2021-25,1.90531535350745,Epidemic intelligence subnational data
Romania,Salaj,RO116,2021-26,2.38164419188431,Epidemic intelligence subnational data
Romania,Salaj,RO116,2021-27,1.90531535350745,Epidemic intelligence subnational data
Romania,Salaj,RO116,2021-28,0.952657676753724,Epidemic intelligence subnational data
Romania,Salaj,RO116,2021-29,2.38164419188431,Epidemic intelligence subnational data
Romania,Salaj,RO116,2021-30,3.8106307070149,Epidemic intelligence subnational data
Romania,Salaj,RO116,2021-31,2.85797303026117,Epidemic intelligence subnational data
Romania,Salaj,RO116,2021-32,2.38164419188431,Epidemic intelligence subnational data
Romania,Salaj,RO116,2021-33,10.0029056059141,Epidemic intelligence subnational data
Romania,Salaj,RO116,2021-34,21.9111265653357,Epidemic intelligence subnational data
Romania,Salaj,RO116,2021-35,57.1594606052234,Epidemic intelligence subnational data
Romania,Salaj,RO116,2021-36,130.037772876883,Epidemic intelligence subnational data
Romania,Salaj,RO116,2021-37,236.259103834924,Epidemic intelligence subnational data
Romania,Salaj,RO116,2021-38,416.311404741377,Epidemic intelligence subnational data
Romania,Salaj,RO116,2021-39,688.295171454565,Epidemic intelligence subnational data
Romania,Salaj,RO116,2021-40,765.936772109994,Epidemic intelligence subnational data
Romania,Salaj,RO116,2021-41,798.803461957997,Epidemic intelligence subnational data
Romania,Salaj,RO116,2021-42,928.841234834881,Epidemic intelligence subnational data
Romania,Salaj,RO116,2021-43,841.196728573538,Epidemic intelligence subnational data
Romania,Salaj,RO116,2021-44,652.570508576301,Epidemic intelligence subnational data
Romania,Salaj,RO116,2021-45,431.07759873106,Epidemic intelligence subnational data
Romania,Salaj,RO116,2021-46,214.347977269588,Epidemic intelligence subnational data
Romania,Salaj,RO116,2021-47,126.703471008245,Epidemic intelligence subnational data
Romania,Salaj,RO116,2021-48,90.9788081299806,Epidemic intelligence subnational data
Romania,Salaj,RO116,2021-49,61.922748988992,Epidemic intelligence subnational data
Romania,Salaj,RO116,2021-50,50.0145280295705,Epidemic intelligence subnational data
Romania,Salaj,RO116,2021-51,39.5352935852795,Epidemic intelligence subnational data
Romania,Salaj,RO116,2021-52,68.5913527262681,Epidemic intelligence subnational data
Romania,Salaj,RO116,2022-01,206.726715855558,Epidemic intelligence subnational data
Romania,Salaj,RO116,2022-02,538.251587365854,Epidemic intelligence subnational data
Romania,Salaj,RO116,2022-03,1066.97659796417,Epidemic intelligence subnational data
Romania,Salaj,RO116,2022-04,1648.57410962232,Epidemic intelligence subnational data
Romania,Alba,RO121,2020-15,,Epidemic intelligence subnational data
Romania,Alba,RO121,2020-16,23.7743107765554,Epidemic intelligence subnational data
Romania,Alba,RO121,2020-17,11.7327767468715,Epidemic intelligence subnational data
Romania,Alba,RO121,2020-18,16.67289327187,Epidemic intelligence subnational data
Romania,Alba,RO121,2020-19,24.3918253421803,Epidemic intelligence subnational data
Romania,Alba,RO121,2020-20,17.5991651203073,Epidemic intelligence subnational data
Romania,Alba,RO121,2020-21,30.8757282812408,Epidemic intelligence subnational data
Romania,Alba,RO121,2020-22,36.7421166546766,Epidemic intelligence subnational data
Romania,Alba,RO121,2020-23,16.0553787062452,Epidemic intelligence subnational data
Romania,Alba,RO121,2020-24,7.4101747874978,Epidemic intelligence subnational data
Romania,Alba,RO121,2020-25,7.4101747874978,Epidemic intelligence subnational data
Romania,Alba,RO121,2020-26,10.1889903328095,Epidemic intelligence subnational data
Romania,Alba,RO121,2020-27,13.2765631609336,Epidemic intelligence subnational data
Romania,Alba,RO121,2020-28,16.0553787062452,Epidemic intelligence subnational data
Romania,Alba,RO121,2020-29,37.050873937489,Epidemic intelligence subnational data
Romania,Alba,RO121,2020-30,61.7514565624817,Epidemic intelligence subnational data
Romania,Alba,RO121,2020-31,54.6500390577963,Epidemic intelligence subnational data
Romania,Alba,RO121,2020-32,39.5209321999883,Epidemic intelligence subnational data
Romania,Alba,RO121,2020-33,55.2675536234211,Epidemic intelligence subnational data
Romania,Alba,RO121,2020-34,63.6040002593561,Epidemic intelligence subnational data
Romania,Alba,RO121,2020-35,57.1200973202955,Epidemic intelligence subnational data
Romania,Alba,RO121,2020-36,67.6178449359174,Epidemic intelligence subnational data
Romania,Alba,RO121,2020-37,87.9958256015364,Epidemic intelligence subnational data
Romania,Alba,RO121,2020-38,90.4658838640357,Epidemic intelligence subnational data
Romania,Alba,RO121,2020-39,128.13427236715,Epidemic intelligence subnational data
Romania,Alba,RO121,2020-40,169.816505546825,Epidemic intelligence subnational data
Romania,Alba,RO121,2020-41,278.19031181398,Epidemic intelligence subnational data
Romania,Alba,RO121,2020-42,508.832002074849,Epidemic intelligence subnational data
Romania,Alba,RO121,2020-43,535.076371113904,Epidemic intelligence subnational data
Romania,Alba,RO121,2020-44,553.910565365461,Epidemic intelligence subnational data
Romania,Alba,RO121,2020-45,705.510391226353,Epidemic intelligence subnational data
Romania,Alba,RO121,2020-46,775.907051707582,Epidemic intelligence subnational data
Romania,Alba,RO121,2020-47,747.192624406028,Epidemic intelligence subnational data
Romania,Alba,RO121,2020-48,608.251847140444,Epidemic intelligence subnational data
Romania,Alba,RO121,2020-49,464.06219606705,Epidemic intelligence subnational data
Romania,Alba,RO121,2020-50,377.918914162388,Epidemic intelligence subnational data
Romania,Alba,RO121,2020-51,338.3979819624,Epidemic intelligence subnational data
Romania,Alba,RO121,2020-52,265.840020501484,Epidemic intelligence subnational data
Romania,Alba,RO121,2020-53,225.084059170246,Epidemic intelligence subnational data
Romania,Alba,RO121,2021-01,238.051865048367,Epidemic intelligence subnational data
Romania,Alba,RO121,2021-02,236.508078634305,Epidemic intelligence subnational data
Romania,Alba,RO121,2021-03,213.351282423374,Epidemic intelligence subnational data
Romania,Alba,RO121,2021-04,205.632350353064,Epidemic intelligence subnational data
Romania,Alba,RO121,2021-05,244.535767987427,Epidemic intelligence subnational data
Romania,Alba,RO121,2021-06,255.033515603049,Epidemic intelligence subnational data
Romania,Alba,RO121,2021-07,267.383806915546,Epidemic intelligence subnational data
Romania,Alba,RO121,2021-08,277.881554531168,Epidemic intelligence subnational data
Romania,Alba,RO121,2021-09,292.393146823351,Epidemic intelligence subnational data
Romania,Alba,RO121,2021-10,357.849690779581,Epidemic intelligence subnational data
Romania,Alba,RO121,2021-11,404.163283201443,Epidemic intelligence subnational data
Romania,Alba,RO121,2021-12,424.850021149874,Epidemic intelligence subnational data
Romania,Alba,RO121,2021-13,441.831671704556,Epidemic intelligence subnational data
Romania,Alba,RO121,2021-14,412.80848712019,Epidemic intelligence subnational data
Romania,Alba,RO121,2021-15,327.282719781153,Epidemic intelligence subnational data
Romania,Alba,RO121,2021-16,251.3284282093,Epidemic intelligence subnational data
Romania,Alba,RO121,2021-17,194.517088171817,Epidemic intelligence subnational data
Romania,Alba,RO121,2021-18,163.641359890576,Epidemic intelligence subnational data
Romania,Alba,RO121,2021-19,130.295573346836,Epidemic intelligence subnational data
Romania,Alba,RO121,2021-20,82.1294372281006,Epidemic intelligence subnational data
Romania,Alba,RO121,2021-21,50.0186798156102,Epidemic intelligence subnational data
Romania,Alba,RO121,2021-22,27.7881554531168,Epidemic intelligence subnational data
Romania,Alba,RO121,2021-23,21.921767079681,Epidemic intelligence subnational data
Romania,Alba,RO121,2021-24,11.7327767468715,Epidemic intelligence subnational data
Romania,Alba,RO121,2021-25,4.63135924218613,Epidemic intelligence subnational data
Romania,Alba,RO121,2021-26,3.08757282812408,Epidemic intelligence subnational data
Romania,Alba,RO121,2021-27,1.23502913124963,Epidemic intelligence subnational data
Romania,Alba,RO121,2021-28,2.16130097968686,Epidemic intelligence subnational data
Romania,Alba,RO121,2021-29,3.08757282812408,Epidemic intelligence subnational data
Romania,Alba,RO121,2021-30,4.94011652499853,Epidemic intelligence subnational data
Romania,Alba,RO121,2021-31,7.71893207031021,Epidemic intelligence subnational data
Romania,Alba,RO121,2021-32,7.71893207031021,Epidemic intelligence subnational data
Romania,Alba,RO121,2021-33,12.3502913124963,Epidemic intelligence subnational data
Romania,Alba,RO121,2021-34,30.5669709984284,Epidemic intelligence subnational data
Romania,Alba,RO121,2021-35,48.4748934015481,Epidemic intelligence subnational data
Romania,Alba,RO121,2021-36,96.3322722374714,Epidemic intelligence subnational data
Romania,Alba,RO121,2021-37,197.913418282754,Epidemic intelligence subnational data
Romania,Alba,RO121,2021-38,322.651360538967,Epidemic intelligence subnational data
Romania,Alba,RO121,2021-39,570.583458637331,Epidemic intelligence subnational data
Romania,Alba,RO121,2021-40,742.561265163842,Epidemic intelligence subnational data
Romania,Alba,RO121,2021-41,1019.82530512939,Epidemic intelligence subnational data
Romania,Alba,RO121,2021-42,1298.63313150899,Epidemic intelligence subnational data
Romania,Alba,RO121,2021-43,1155.67850956684,Epidemic intelligence subnational data
Romania,Alba,RO121,2021-44,879.340741449739,Epidemic intelligence subnational data
Romania,Alba,RO121,2021-45,581.081206252953,Epidemic intelligence subnational data
Romania,Alba,RO121,2021-46,330.370292609277,Epidemic intelligence subnational data
Romania,Alba,RO121,2021-47,214.586311554624,Epidemic intelligence subnational data
Romania,Alba,RO121,2021-48,160.24502977964,Epidemic intelligence subnational data
Romania,Alba,RO121,2021-49,110.535107246842,Epidemic intelligence subnational data
Romania,Alba,RO121,2021-50,88.9220974499736,Epidemic intelligence subnational data
Romania,Alba,RO121,2021-51,65.4565439562306,Epidemic intelligence subnational data
Romania,Alba,RO121,2021-52,72.2492041781036,Epidemic intelligence subnational data
Romania,Alba,RO121,2022-01,188.650699798382,Epidemic intelligence subnational data
Romania,Alba,RO121,2022-02,442.140428987369,Epidemic intelligence subnational data
Romania,Alba,RO121,2022-03,957.456334001278,Epidemic intelligence subnational data
Romania,Alba,RO121,2022-04,1763.31284214166,Epidemic intelligence subnational data
Romania,Brasov,RO122,2020-15,,Epidemic intelligence subnational data
Romania,Brasov,RO122,2020-16,33.7837837837838,Epidemic intelligence subnational data
Romania,Brasov,RO122,2020-17,28.7252493134846,Epidemic intelligence subnational data
Romania,Brasov,RO122,2020-18,30.8931926578985,Epidemic intelligence subnational data
Romania,Brasov,RO122,2020-19,26.9186298598063,Epidemic intelligence subnational data
Romania,Brasov,RO122,2020-20,20.0534759358289,Epidemic intelligence subnational data
Romania,Brasov,RO122,2020-21,21.4987714987715,Epidemic intelligence subnational data
Romania,Brasov,RO122,2020-22,22.7634051163463,Epidemic intelligence subnational data
Romania,Brasov,RO122,2020-23,34.8677554559908,Epidemic intelligence subnational data
Romania,Brasov,RO122,2020-24,53.2952738835092,Epidemic intelligence subnational data
Romania,Brasov,RO122,2020-25,64.1349906055788,Epidemic intelligence subnational data
Romania,Brasov,RO122,2020-26,80.5752276340512,Epidemic intelligence subnational data
Romania,Brasov,RO122,2020-27,89.9696487931782,Epidemic intelligence subnational data
Romania,Brasov,RO122,2020-28,104.603266367972,Epidemic intelligence subnational data
Romania,Brasov,RO122,2020-29,123.030784795491,Epidemic intelligence subnational data
Romania,Brasov,RO122,2020-30,154.827287180228,Epidemic intelligence subnational data
Romania,Brasov,RO122,2020-31,162.234426940309,Epidemic intelligence subnational data
Romania,Brasov,RO122,2020-32,140.374331550802,Epidemic intelligence subnational data
Romania,Brasov,RO122,2020-33,127.727995375054,Epidemic intelligence subnational data
Romania,Brasov,RO122,2020-34,112.733053909525,Epidemic intelligence subnational data
Romania,Brasov,RO122,2020-35,103.699956641133,Epidemic intelligence subnational data
Romania,Brasov,RO122,2020-36,112.371730018789,Epidemic intelligence subnational data
Romania,Brasov,RO122,2020-37,117.24960254372,Epidemic intelligence subnational data
Romania,Brasov,RO122,2020-38,109.661800838271,Epidemic intelligence subnational data
Romania,Brasov,RO122,2020-39,146.155513802573,Epidemic intelligence subnational data
Romania,Brasov,RO122,2020-40,161.873103049574,Epidemic intelligence subnational data
Romania,Brasov,RO122,2020-41,180.300621477092,Epidemic intelligence subnational data
Romania,Brasov,RO122,2020-42,295.743604567134,Epidemic intelligence subnational data
Romania,Brasov,RO122,2020-43,369.815002167943,Epidemic intelligence subnational data
Romania,Brasov,RO122,2020-44,364.395143806909,Epidemic intelligence subnational data
Romania,Brasov,RO122,2020-45,561.136002312473,Epidemic intelligence subnational data
Romania,Brasov,RO122,2020-46,823.276485041191,Epidemic intelligence subnational data
Romania,Brasov,RO122,2020-47,921.375921375921,Epidemic intelligence subnational data
Romania,Brasov,RO122,2020-48,824.17979476803,Epidemic intelligence subnational data
Romania,Brasov,RO122,2020-49,647.85373608903,Epidemic intelligence subnational data
Romania,Brasov,RO122,2020-50,569.446451799393,Epidemic intelligence subnational data
Romania,Brasov,RO122,2020-51,556.258129787542,Epidemic intelligence subnational data
Romania,Brasov,RO122,2020-52,441.176470588235,Epidemic intelligence subnational data
Romania,Brasov,RO122,2020-53,305.318687671629,Epidemic intelligence subnational data
Romania,Brasov,RO122,2021-01,334.585922821217,Epidemic intelligence subnational data
Romania,Brasov,RO122,2021-02,314.35178494002,Epidemic intelligence subnational data
Romania,Brasov,RO122,2021-03,274.244833068362,Epidemic intelligence subnational data
Romania,Brasov,RO122,2021-04,279.48402948403,Epidemic intelligence subnational data
Romania,Brasov,RO122,2021-05,264.669749963868,Epidemic intelligence subnational data
Romania,Brasov,RO122,2021-06,278.038733921087,Epidemic intelligence subnational data
Romania,Brasov,RO122,2021-07,300.26015320133,Epidemic intelligence subnational data
Romania,Brasov,RO122,2021-08,351.568145685793,Epidemic intelligence subnational data
Romania,Brasov,RO122,2021-09,422.929614106085,Epidemic intelligence subnational data
Romania,Brasov,RO122,2021-10,517.596473478826,Epidemic intelligence subnational data
Romania,Brasov,RO122,2021-11,597.268391386038,Epidemic intelligence subnational data
Romania,Brasov,RO122,2021-12,602.14626391097,Epidemic intelligence subnational data
Romania,Brasov,RO122,2021-13,575.769619887267,Epidemic intelligence subnational data
Romania,Brasov,RO122,2021-14,479.476803006215,Epidemic intelligence subnational data
Romania,Brasov,RO122,2021-15,348.135568723804,Epidemic intelligence subnational data
Romania,Brasov,RO122,2021-16,233.957219251337,Epidemic intelligence subnational data
Romania,Brasov,RO122,2021-17,152.298019945079,Epidemic intelligence subnational data
Romania,Brasov,RO122,2021-18,116.707616707617,Epidemic intelligence subnational data
Romania,Brasov,RO122,2021-19,87.2597196126608,Epidemic intelligence subnational data
Romania,Brasov,RO122,2021-20,53.475935828877,Epidemic intelligence subnational data
Romania,Brasov,RO122,2021-21,37.5776846365082,Epidemic intelligence subnational data
Romania,Brasov,RO122,2021-22,22.7634051163463,Epidemic intelligence subnational data
Romania,Brasov,RO122,2021-23,9.7557450498627,Epidemic intelligence subnational data
Romania,Brasov,RO122,2021-24,3.97456279809221,Epidemic intelligence subnational data
Romania,Brasov,RO122,2021-25,1.62595750831045,Epidemic intelligence subnational data
Romania,Brasov,RO122,2021-26,1.98728139904611,Epidemic intelligence subnational data
Romania,Brasov,RO122,2021-27,1.26463361757479,Epidemic intelligence subnational data
Romania,Brasov,RO122,2021-28,1.08397167220697,Epidemic intelligence subnational data
Romania,Brasov,RO122,2021-29,2.16794334441393,Epidemic intelligence subnational data
Romania,Brasov,RO122,2021-30,4.15522474346004,Epidemic intelligence subnational data
Romania,Brasov,RO122,2021-31,8.12978754155225,Epidemic intelligence subnational data
Romania,Brasov,RO122,2021-32,12.2850122850123,Epidemic intelligence subnational data
Romania,Brasov,RO122,2021-33,27.6412776412776,Epidemic intelligence subnational data
Romania,Brasov,RO122,2021-34,45.1654863419569,Epidemic intelligence subnational data
Romania,Brasov,RO122,2021-35,59.6184419713832,Epidemic intelligence subnational data
Romania,Brasov,RO122,2021-36,96.8348027171557,Epidemic intelligence subnational data
Romania,Brasov,RO122,2021-37,181.745917040035,Epidemic intelligence subnational data
Romania,Brasov,RO122,2021-38,330.069374187021,Epidemic intelligence subnational data
Romania,Brasov,RO122,2021-39,541.082526376644,Epidemic intelligence subnational data
Romania,Brasov,RO122,2021-40,716.86659921954,Epidemic intelligence subnational data
Romania,Brasov,RO122,2021-41,1042.96141060847,Epidemic intelligence subnational data
Romania,Brasov,RO122,2021-42,1239.70226911403,Epidemic intelligence subnational data
Romania,Brasov,RO122,2021-43,1167.07616707617,Epidemic intelligence subnational data
Romania,Brasov,RO122,2021-44,987.136869489811,Epidemic intelligence subnational data
Romania,Brasov,RO122,2021-45,689.767307414366,Epidemic intelligence subnational data
Romania,Brasov,RO122,2021-46,466.649804885099,Epidemic intelligence subnational data
Romania,Brasov,RO122,2021-47,287.071831189478,Epidemic intelligence subnational data
Romania,Brasov,RO122,2021-48,188.972394854748,Epidemic intelligence subnational data
Romania,Brasov,RO122,2021-49,145.252204075734,Epidemic intelligence subnational data
Romania,Brasov,RO122,2021-50,169.822228645758,Epidemic intelligence subnational data
Romania,Brasov,RO122,2021-51,134.954473189767,Epidemic intelligence subnational data
Romania,Brasov,RO122,2021-52,108.397167220697,Epidemic intelligence subnational data
Romania,Brasov,RO122,2022-01,411.005925711808,Epidemic intelligence subnational data
Romania,Brasov,RO122,2022-02,835.0195114901,Epidemic intelligence subnational data
Romania,Brasov,RO122,2022-03,1344.12487353664,Epidemic intelligence subnational data
Romania,Brasov,RO122,2022-04,2252.49313484608,Epidemic intelligence subnational data
Romania,Covasna,RO123,2020-15,,Epidemic intelligence subnational data
Romania,Covasna,RO123,2020-16,55.0936840799107,Epidemic intelligence subnational data
Romania,Covasna,RO123,2020-17,27.2986722918476,Epidemic intelligence subnational data
Romania,Covasna,RO123,2020-18,18.3645613599702,Epidemic intelligence subnational data
Romania,Covasna,RO123,2020-19,21.8389378334781,Epidemic intelligence subnational data
Romania,Covasna,RO123,2020-20,11.9121479091699,Epidemic intelligence subnational data
Romania,Covasna,RO123,2020-21,3.97071596972329,Epidemic intelligence subnational data
Romania,Covasna,RO123,2020-22,0.496339496215411,Epidemic intelligence subnational data
Romania,Covasna,RO123,2020-23,-3.47437647350788,Epidemic intelligence subnational data
Romania,Covasna,RO123,2020-24,8.9341109318774,Epidemic intelligence subnational data
Romania,Covasna,RO123,2020-25,22.8316168259089,Epidemic intelligence subnational data
Romania,Covasna,RO123,2020-26,18.8609008561856,Epidemic intelligence subnational data
Romania,Covasna,RO123,2020-27,16.3792033751086,Epidemic intelligence subnational data
Romania,Covasna,RO123,2020-28,22.3352773296935,Epidemic intelligence subnational data
Romania,Covasna,RO123,2020-29,36.7291227199404,Epidemic intelligence subnational data
Romania,Covasna,RO123,2020-30,35.7364437275096,Epidemic intelligence subnational data
Romania,Covasna,RO123,2020-31,46.1595731480333,Epidemic intelligence subnational data
Romania,Covasna,RO123,2020-32,66.0131529966497,Epidemic intelligence subnational data
Romania,Covasna,RO123,2020-33,81.3996773793275,Epidemic intelligence subnational data
Romania,Covasna,RO123,2020-34,85.3703933490508,Epidemic intelligence subnational data
Romania,Covasna,RO123,2020-35,68.9911899739422,Epidemic intelligence subnational data
Romania,Covasna,RO123,2020-36,96.2898622657898,Epidemic intelligence subnational data
Romania,Covasna,RO123,2020-37,107.705670678744,Epidemic intelligence subnational data
Romania,Covasna,RO123,2020-38,90.3337883112049,Epidemic intelligence subnational data
Romania,Covasna,RO123,2020-39,121.10683707656,Epidemic intelligence subnational data
Romania,Covasna,RO123,2020-40,128.055590023576,Epidemic intelligence subnational data
Romania,Covasna,RO123,2020-41,140.960416925177,Epidemic intelligence subnational data
Romania,Covasna,RO123,2020-42,218.389378334781,Epidemic intelligence subnational data
Romania,Covasna,RO123,2020-43,262.563593497953,Epidemic intelligence subnational data
Romania,Covasna,RO123,2020-44,283.906191835215,Epidemic intelligence subnational data
Romania,Covasna,RO123,2020-45,410.472763370145,Epidemic intelligence subnational data
Romania,Covasna,RO123,2020-46,498.821193696488,Epidemic intelligence subnational data
Romania,Covasna,RO123,2020-47,478.967613847872,Epidemic intelligence subnational data
Romania,Covasna,RO123,2020-48,420.895892790669,Epidemic intelligence subnational data
Romania,Covasna,RO123,2020-49,306.737808661124,Epidemic intelligence subnational data
Romania,Covasna,RO123,2020-50,229.30884725152,Epidemic intelligence subnational data
Romania,Covasna,RO123,2020-51,198.039458989949,Epidemic intelligence subnational data
Romania,Covasna,RO123,2020-52,142.449435413823,Epidemic intelligence subnational data
Romania,Covasna,RO123,2020-53,107.209331182529,Epidemic intelligence subnational data
Romania,Covasna,RO123,2021-01,155.850601811639,Epidemic intelligence subnational data
Romania,Covasna,RO123,2021-02,154.857922819208,Epidemic intelligence subnational data
Romania,Covasna,RO123,2021-03,101.749596724159,Epidemic intelligence subnational data
Romania,Covasna,RO123,2021-04,98.7715597468669,Epidemic intelligence subnational data
Romania,Covasna,RO123,2021-05,96.7862017620052,Epidemic intelligence subnational data
Romania,Covasna,RO123,2021-06,89.3411093187741,Epidemic intelligence subnational data
Romania,Covasna,RO123,2021-07,94.3045042809282,Epidemic intelligence subnational data
Romania,Covasna,RO123,2021-08,108.20201017496,Epidemic intelligence subnational data
Romania,Covasna,RO123,2021-09,129.544608512222,Epidemic intelligence subnational data
Romania,Covasna,RO123,2021-10,156.346941307855,Epidemic intelligence subnational data
Romania,Covasna,RO123,2021-11,203.995532944534,Epidemic intelligence subnational data
Romania,Covasna,RO123,2021-12,311.701203623278,Epidemic intelligence subnational data
Romania,Covasna,RO123,2021-13,341.977912892418,Epidemic intelligence subnational data
Romania,Covasna,RO123,2021-14,340.488894403772,Epidemic intelligence subnational data
Romania,Covasna,RO123,2021-15,338.503536418911,Epidemic intelligence subnational data
Romania,Covasna,RO123,2021-16,258.592877528229,Epidemic intelligence subnational data
Romania,Covasna,RO123,2021-17,185.134632088348,Epidemic intelligence subnational data
Romania,Covasna,RO123,2021-18,107.705670678744,Epidemic intelligence subnational data
Romania,Covasna,RO123,2021-19,95.297183273359,Epidemic intelligence subnational data
Romania,Covasna,RO123,2021-20,79.9106588906812,Epidemic intelligence subnational data
Romania,Covasna,RO123,2021-21,29.2840302767093,Epidemic intelligence subnational data
Romania,Covasna,RO123,2021-22,13.4011663978161,Epidemic intelligence subnational data
Romania,Covasna,RO123,2021-23,11.4158084129545,Epidemic intelligence subnational data
Romania,Covasna,RO123,2021-24,9.92678992430823,Epidemic intelligence subnational data
Romania,Covasna,RO123,2021-25,2.97803697729247,Epidemic intelligence subnational data
Romania,Covasna,RO123,2021-26,0.992678992430823,Epidemic intelligence subnational data
Romania,Covasna,RO123,2021-27,0.496339496215411,Epidemic intelligence subnational data
Romania,Covasna,RO123,2021-28,0.496339496215411,Epidemic intelligence subnational data
Romania,Covasna,RO123,2021-29,0.992678992430823,Epidemic intelligence subnational data
Romania,Covasna,RO123,2021-30,0.992678992430823,Epidemic intelligence subnational data
Romania,Covasna,RO123,2021-31,0.992678992430823,Epidemic intelligence subnational data
Romania,Covasna,RO123,2021-32,2.97803697729247,Epidemic intelligence subnational data
Romania,Covasna,RO123,2021-33,6.45241345080035,Epidemic intelligence subnational data
Romania,Covasna,RO123,2021-34,8.43777143566199,Epidemic intelligence subnational data
Romania,Covasna,RO123,2021-35,14.3938453902469,Epidemic intelligence subnational data
Romania,Covasna,RO123,2021-36,30.7730487653555,Epidemic intelligence subnational data
Romania,Covasna,RO123,2021-37,88.3484303263432,Epidemic intelligence subnational data
Romania,Covasna,RO123,2021-38,162.799354758655,Epidemic intelligence subnational data
Romania,Covasna,RO123,2021-39,221.367415312074,Epidemic intelligence subnational data
Romania,Covasna,RO123,2021-40,273.979401910907,Epidemic intelligence subnational data
Romania,Covasna,RO123,2021-41,471.026181908425,Epidemic intelligence subnational data
Romania,Covasna,RO123,2021-42,683.459486288621,Epidemic intelligence subnational data
Romania,Covasna,RO123,2021-43,642.263308102742,Epidemic intelligence subnational data
Romania,Covasna,RO123,2021-44,492.368780245688,Epidemic intelligence subnational data
Romania,Covasna,RO123,2021-45,426.355627249038,Epidemic intelligence subnational data
Romania,Covasna,RO123,2021-46,361.831492741035,Epidemic intelligence subnational data
Romania,Covasna,RO123,2021-47,259.58555652066,Epidemic intelligence subnational data
Romania,Covasna,RO123,2021-48,193.076064027795,Epidemic intelligence subnational data
Romania,Covasna,RO123,2021-49,120.11415808413,Epidemic intelligence subnational data
Romania,Covasna,RO123,2021-50,93.3118252884973,Epidemic intelligence subnational data
Romania,Covasna,RO123,2021-51,85.3703933490508,Epidemic intelligence subnational data
Romania,Covasna,RO123,2021-52,78.9179798982504,Epidemic intelligence subnational data
Romania,Covasna,RO123,2022-01,124.084874053853,Epidemic intelligence subnational data
Romania,Covasna,RO123,2022-02,195.557761508872,Epidemic intelligence subnational data
Romania,Covasna,RO123,2022-03,314.182901104355,Epidemic intelligence subnational data
Romania,Covasna,RO123,2022-04,678.992430822683,Epidemic intelligence subnational data
Romania,Harghita,RO124,2020-15,,Epidemic intelligence subnational data
Romania,Harghita,RO124,2020-16,5.30741545453038,Epidemic intelligence subnational data
Romania,Harghita,RO124,2020-17,4.97570198862223,Epidemic intelligence subnational data
Romania,Harghita,RO124,2020-18,0.663426931816297,Epidemic intelligence subnational data
Romania,Harghita,RO124,2020-19,0.663426931816297,Epidemic intelligence subnational data
Romania,Harghita,RO124,2020-20,15.590532897683,Epidemic intelligence subnational data
Romania,Harghita,RO124,2020-21,31.8444927271823,Epidemic intelligence subnational data
Romania,Harghita,RO124,2020-22,23.8833695453867,Epidemic intelligence subnational data
Romania,Harghita,RO124,2020-23,17.91252715904,Epidemic intelligence subnational data
Romania,Harghita,RO124,2020-24,26.5370772726519,Epidemic intelligence subnational data
Romania,Harghita,RO124,2020-25,35.4933408521719,Epidemic intelligence subnational data
Romania,Harghita,RO124,2020-26,33.8347735226312,Epidemic intelligence subnational data
Romania,Harghita,RO124,2020-27,22.224802215846,Epidemic intelligence subnational data
Romania,Harghita,RO124,2020-28,22.224802215846,Epidemic intelligence subnational data
Romania,Harghita,RO124,2020-29,25.2102234090193,Epidemic intelligence subnational data
Romania,Harghita,RO124,2020-30,37.4836216476208,Epidemic intelligence subnational data
Romania,Harghita,RO124,2020-31,45.1130313635082,Epidemic intelligence subnational data
Romania,Harghita,RO124,2020-32,35.82505431808,Epidemic intelligence subnational data
Romania,Harghita,RO124,2020-33,27.2005042044682,Epidemic intelligence subnational data
Romania,Harghita,RO124,2020-34,22.8882291476623,Epidemic intelligence subnational data
Romania,Harghita,RO124,2020-35,24.8785099431111,Epidemic intelligence subnational data
Romania,Harghita,RO124,2020-36,38.1470485794371,Epidemic intelligence subnational data
Romania,Harghita,RO124,2020-37,41.7958967044267,Epidemic intelligence subnational data
Romania,Harghita,RO124,2020-38,33.1713465908149,Epidemic intelligence subnational data
Romania,Harghita,RO124,2020-39,51.7473006816712,Epidemic intelligence subnational data
Romania,Harghita,RO124,2020-40,79.9429452838638,Epidemic intelligence subnational data
Romania,Harghita,RO124,2020-41,158.890750170003,Epidemic intelligence subnational data
Romania,Harghita,RO124,2020-42,345.977144942199,Epidemic intelligence subnational data
Romania,Harghita,RO124,2020-43,426.583517157879,Epidemic intelligence subnational data
Romania,Harghita,RO124,2020-44,347.63571227174,Epidemic intelligence subnational data
Romania,Harghita,RO124,2020-45,317.11807340819,Epidemic intelligence subnational data
Romania,Harghita,RO124,2020-46,289.585855737814,Epidemic intelligence subnational data
Romania,Harghita,RO124,2020-47,227.55543761299,Epidemic intelligence subnational data
Romania,Harghita,RO124,2020-48,194.715804488083,Epidemic intelligence subnational data
Romania,Harghita,RO124,2020-49,151.593053920024,Epidemic intelligence subnational data
Romania,Harghita,RO124,2020-50,105.484882158791,Epidemic intelligence subnational data
Romania,Harghita,RO124,2020-51,104.821455226975,Epidemic intelligence subnational data
Romania,Harghita,RO124,2020-52,93.874910852006,Epidemic intelligence subnational data
Romania,Harghita,RO124,2020-53,61.6987046589156,Epidemic intelligence subnational data
Romania,Harghita,RO124,2021-01,67.6695470452623,Epidemic intelligence subnational data
Romania,Harghita,RO124,2021-02,83.9235068747616,Epidemic intelligence subnational data
Romania,Harghita,RO124,2021-03,78.9478048861394,Epidemic intelligence subnational data
Romania,Harghita,RO124,2021-04,68.9964009088949,Epidemic intelligence subnational data
Romania,Harghita,RO124,2021-05,67.006120113446,Epidemic intelligence subnational data
Romania,Harghita,RO124,2021-06,66.6744066475379,Epidemic intelligence subnational data
Romania,Harghita,RO124,2021-07,67.3378335793542,Epidemic intelligence subnational data
Romania,Harghita,RO124,2021-08,81.2697991474964,Epidemic intelligence subnational data
Romania,Harghita,RO124,2021-09,90.5577761929246,Epidemic intelligence subnational data
Romania,Harghita,RO124,2021-10,97.8554724429038,Epidemic intelligence subnational data
Romania,Harghita,RO124,2021-11,119.416847726934,Epidemic intelligence subnational data
Romania,Harghita,RO124,2021-12,136.334234488249,Epidemic intelligence subnational data
Romania,Harghita,RO124,2021-13,142.636790340504,Epidemic intelligence subnational data
Romania,Harghita,RO124,2021-14,152.588194317748,Epidemic intelligence subnational data
Romania,Harghita,RO124,2021-15,158.227323238187,Epidemic intelligence subnational data
Romania,Harghita,RO124,2021-16,142.636790340504,Epidemic intelligence subnational data
Romania,Harghita,RO124,2021-17,106.148309090608,Epidemic intelligence subnational data
Romania,Harghita,RO124,2021-18,90.2260627270164,Epidemic intelligence subnational data
Romania,Harghita,RO124,2021-19,69.3281143748031,Epidemic intelligence subnational data
Romania,Harghita,RO124,2021-20,28.8590715340089,Epidemic intelligence subnational data
Romania,Harghita,RO124,2021-21,17.2491002272237,Epidemic intelligence subnational data
Romania,Harghita,RO124,2021-22,13.2685386363259,Epidemic intelligence subnational data
Romania,Harghita,RO124,2021-23,7.96112318179557,Epidemic intelligence subnational data
Romania,Harghita,RO124,2021-24,5.63912892043853,Epidemic intelligence subnational data
Romania,Harghita,RO124,2021-25,2.32199426135704,Epidemic intelligence subnational data
Romania,Harghita,RO124,2021-26,0.995140397724446,Epidemic intelligence subnational data
Romania,Harghita,RO124,2021-27,1.32685386363259,Epidemic intelligence subnational data
Romania,Harghita,RO124,2021-28,1.65856732954074,Epidemic intelligence subnational data
Romania,Harghita,RO124,2021-29,1.65856732954074,Epidemic intelligence subnational data
Romania,Harghita,RO124,2021-30,2.32199426135704,Epidemic intelligence subnational data
Romania,Harghita,RO124,2021-31,2.32199426135704,Epidemic intelligence subnational data
Romania,Harghita,RO124,2021-32,2.32199426135704,Epidemic intelligence subnational data
Romania,Harghita,RO124,2021-33,9.61969051133631,Epidemic intelligence subnational data
Romania,Harghita,RO124,2021-34,19.5710944885808,Epidemic intelligence subnational data
Romania,Harghita,RO124,2021-35,21.2296618181215,Epidemic intelligence subnational data
Romania,Harghita,RO124,2021-36,44.1178909657838,Epidemic intelligence subnational data
Romania,Harghita,RO124,2021-37,85.2503607383942,Epidemic intelligence subnational data
Romania,Harghita,RO124,2021-38,129.699965170086,Epidemic intelligence subnational data
Romania,Harghita,RO124,2021-39,219.594314431194,Epidemic intelligence subnational data
Romania,Harghita,RO124,2021-40,306.834955965037,Epidemic intelligence subnational data
Romania,Harghita,RO124,2021-41,510.175310566732,Epidemic intelligence subnational data
Romania,Harghita,RO124,2021-42,664.75378567993,Epidemic intelligence subnational data
Romania,Harghita,RO124,2021-43,591.113396248321,Epidemic intelligence subnational data
Romania,Harghita,RO124,2021-44,472.691688919112,Epidemic intelligence subnational data
Romania,Harghita,RO124,2021-45,311.147231021843,Epidemic intelligence subnational data
Romania,Harghita,RO124,2021-46,178.130131192676,Epidemic intelligence subnational data
Romania,Harghita,RO124,2021-47,102.16774749971,Epidemic intelligence subnational data
Romania,Harghita,RO124,2021-48,61.0352777270993,Epidemic intelligence subnational data
Romania,Harghita,RO124,2021-49,52.0790141475793,Epidemic intelligence subnational data
Romania,Harghita,RO124,2021-50,54.4010084089364,Epidemic intelligence subnational data
Romania,Harghita,RO124,2021-51,48.7618794884978,Epidemic intelligence subnational data
Romania,Harghita,RO124,2021-52,65.3475527839053,Epidemic intelligence subnational data
Romania,Harghita,RO124,2022-01,213.29175857894,Epidemic intelligence subnational data
Romania,Harghita,RO124,2022-02,462.740284941867,Epidemic intelligence subnational data
Romania,Harghita,RO124,2022-03,712.520524770703,Epidemic intelligence subnational data
Romania,Harghita,RO124,2022-04,1002.76980744033,Epidemic intelligence subnational data
Romania,Mures,RO125,2020-15,,Epidemic intelligence subnational data
Romania,Mures,RO125,2020-16,39.1983285382587,Epidemic intelligence subnational data
Romania,Mures,RO125,2020-17,33.7593260138113,Epidemic intelligence subnational data
Romania,Mures,RO125,2020-18,41.8240538948885,Epidemic intelligence subnational data
Romania,Mures,RO125,2020-19,34.6970850697505,Epidemic intelligence subnational data
Romania,Mures,RO125,2020-20,22.8813209649166,Epidemic intelligence subnational data
Romania,Mures,RO125,2020-21,10.8780050488948,Epidemic intelligence subnational data
Romania,Mures,RO125,2020-22,4.68879527969602,Epidemic intelligence subnational data
Romania,Mures,RO125,2020-23,4.31369165732034,Epidemic intelligence subnational data
Romania,Mures,RO125,2020-24,3.75103622375681,Epidemic intelligence subnational data
Romania,Mures,RO125,2020-25,6.18920976919874,Epidemic intelligence subnational data
Romania,Mures,RO125,2020-26,6.75186520276226,Epidemic intelligence subnational data
Romania,Mures,RO125,2020-27,8.43983150345283,Epidemic intelligence subnational data
Romania,Mures,RO125,2020-28,15.5668003285908,Epidemic intelligence subnational data
Romania,Mures,RO125,2020-29,19.5053883635354,Epidemic intelligence subnational data
Romania,Mures,RO125,2020-30,24.0066318320436,Epidemic intelligence subnational data
Romania,Mures,RO125,2020-31,26.8199089998612,Epidemic intelligence subnational data
Romania,Mures,RO125,2020-32,27.1950126222369,Epidemic intelligence subnational data
Romania,Mures,RO125,2020-33,38.823224915883,Epidemic intelligence subnational data
Romania,Mures,RO125,2020-34,41.0738466501371,Epidemic intelligence subnational data
Romania,Mures,RO125,2020-35,34.8846368809384,Epidemic intelligence subnational data
Romania,Mures,RO125,2020-36,40.5111912165736,Epidemic intelligence subnational data
Romania,Mures,RO125,2020-37,37.8854658599438,Epidemic intelligence subnational data
Romania,Mures,RO125,2020-38,26.8199089998612,Epidemic intelligence subnational data
Romania,Mures,RO125,2020-39,47.6381600417115,Epidemic intelligence subnational data
Romania,Mures,RO125,2020-40,73.8954136080092,Epidemic intelligence subnational data
Romania,Mures,RO125,2020-41,140.476306579693,Epidemic intelligence subnational data
Romania,Mures,RO125,2020-42,277.014025124441,Epidemic intelligence subnational data
Romania,Mures,RO125,2020-43,373.040552452615,Epidemic intelligence subnational data
Romania,Mures,RO125,2020-44,412.613984613249,Epidemic intelligence subnational data
Romania,Mures,RO125,2020-45,529.271211172086,Epidemic intelligence subnational data
Romania,Mures,RO125,2020-46,683.626351779679,Epidemic intelligence subnational data
Romania,Mures,RO125,2020-47,676.874486576917,Epidemic intelligence subnational data
Romania,Mures,RO125,2020-48,516.705239822501,Epidemic intelligence subnational data
Romania,Mures,RO125,2020-49,375.103622375681,Epidemic intelligence subnational data
Romania,Mures,RO125,2020-50,303.833934124302,Epidemic intelligence subnational data
Romania,Mures,RO125,2020-51,268.949297243364,Epidemic intelligence subnational data
Romania,Mures,RO125,2020-52,201.243093404553,Epidemic intelligence subnational data
Romania,Mures,RO125,2020-53,153.042277929278,Epidemic intelligence subnational data
Romania,Mures,RO125,2021-01,167.858871013117,Epidemic intelligence subnational data
Romania,Mures,RO125,2021-02,151.1667598174,Epidemic intelligence subnational data
Romania,Mures,RO125,2021-03,129.223197908422,Epidemic intelligence subnational data
Romania,Mures,RO125,2021-04,130.536060586737,Epidemic intelligence subnational data
Romania,Mures,RO125,2021-05,133.349337754555,Epidemic intelligence subnational data
Romania,Mures,RO125,2021-06,121.721125460909,Epidemic intelligence subnational data
Romania,Mures,RO125,2021-07,114.219053013395,Epidemic intelligence subnational data
Romania,Mures,RO125,2021-08,109.530257733699,Epidemic intelligence subnational data
Romania,Mures,RO125,2021-09,126.222368929417,Epidemic intelligence subnational data
Romania,Mures,RO125,2021-10,156.793314153035,Epidemic intelligence subnational data
Romania,Mures,RO125,2021-11,206.119440495437,Epidemic intelligence subnational data
Romania,Mures,RO125,2021-12,267.448882753861,Epidemic intelligence subnational data
Romania,Mures,RO125,2021-13,294.081239942534,Epidemic intelligence subnational data
Romania,Mures,RO125,2021-14,304.02148593549,Epidemic intelligence subnational data
Romania,Mures,RO125,2021-15,273.63809252306,Epidemic intelligence subnational data
Romania,Mures,RO125,2021-16,208.932717663255,Epidemic intelligence subnational data
Romania,Mures,RO125,2021-17,160.544350376792,Epidemic intelligence subnational data
Romania,Mures,RO125,2021-18,119.095400104279,Epidemic intelligence subnational data
Romania,Mures,RO125,2021-19,70.5194810066281,Epidemic intelligence subnational data
Romania,Mures,RO125,2021-20,39.0107767270709,Epidemic intelligence subnational data
Romania,Mures,RO125,2021-21,24.0066318320436,Epidemic intelligence subnational data
Romania,Mures,RO125,2021-22,13.5037304055245,Epidemic intelligence subnational data
Romania,Mures,RO125,2021-23,9.94024599295555,Epidemic intelligence subnational data
Romania,Mures,RO125,2021-24,6.75186520276226,Epidemic intelligence subnational data
Romania,Mures,RO125,2021-25,5.0638989020717,Epidemic intelligence subnational data
Romania,Mures,RO125,2021-26,3.18838079019329,Epidemic intelligence subnational data
Romania,Mures,RO125,2021-27,0.937759055939203,Epidemic intelligence subnational data
Romania,Mures,RO125,2021-28,1.12531086712704,Epidemic intelligence subnational data
Romania,Mures,RO125,2021-29,1.50041448950273,Epidemic intelligence subnational data
Romania,Mures,RO125,2021-30,4.31369165732034,Epidemic intelligence subnational data
Romania,Mures,RO125,2021-31,6.0016579580109,Epidemic intelligence subnational data
Romania,Mures,RO125,2021-32,6.75186520276226,Epidemic intelligence subnational data
Romania,Mures,RO125,2021-33,12.0033159160218,Epidemic intelligence subnational data
Romania,Mures,RO125,2021-34,18.5676293075962,Epidemic intelligence subnational data
Romania,Mures,RO125,2021-35,36.3850513704411,Epidemic intelligence subnational data
Romania,Mures,RO125,2021-36,64.1427194262415,Epidemic intelligence subnational data
Romania,Mures,RO125,2021-37,116.094571125273,Epidemic intelligence subnational data
Romania,Mures,RO125,2021-38,203.306163327619,Epidemic intelligence subnational data
Romania,Mures,RO125,2021-39,328.403221389909,Epidemic intelligence subnational data
Romania,Mures,RO125,2021-40,428.18078494184,Epidemic intelligence subnational data
Romania,Mures,RO125,2021-41,650.054577577056,Epidemic intelligence subnational data
Romania,Mures,RO125,2021-42,963.453654071937,Epidemic intelligence subnational data
Romania,Mures,RO125,2021-43,998.338290952876,Epidemic intelligence subnational data
Romania,Mures,RO125,2021-44,772.901013905091,Epidemic intelligence subnational data
Romania,Mures,RO125,2021-45,509.765822808551,Epidemic intelligence subnational data
Romania,Mures,RO125,2021-46,321.838907998335,Epidemic intelligence subnational data
Romania,Mures,RO125,2021-47,219.060515467398,Epidemic intelligence subnational data
Romania,Mures,RO125,2021-48,149.103689894333,Epidemic intelligence subnational data
Romania,Mures,RO125,2021-49,97.3393900064893,Epidemic intelligence subnational data
Romania,Mures,RO125,2021-50,94.9012164610474,Epidemic intelligence subnational data
Romania,Mures,RO125,2021-51,72.2074473073187,Epidemic intelligence subnational data
Romania,Mures,RO125,2021-52,68.6439628947497,Epidemic intelligence subnational data
Romania,Mures,RO125,2022-01,153.417381551654,Epidemic intelligence subnational data
Romania,Mures,RO125,2022-02,333.842223914356,Epidemic intelligence subnational data
Romania,Mures,RO125,2022-03,656.056235535067,Epidemic intelligence subnational data
Romania,Mures,RO125,2022-04,1205.20793869306,Epidemic intelligence subnational data
Romania,Sibiu,RO126,2020-15,,Epidemic intelligence subnational data
Romania,Sibiu,RO126,2020-16,30.6503098671571,Epidemic intelligence subnational data
Romania,Sibiu,RO126,2020-17,40.3687008006459,Epidemic intelligence subnational data
Romania,Sibiu,RO126,2020-18,44.3557329784875,Epidemic intelligence subnational data
Romania,Sibiu,RO126,2020-19,35.3849105783439,Epidemic intelligence subnational data
Romania,Sibiu,RO126,2020-20,21.4302979558984,Epidemic intelligence subnational data
Romania,Sibiu,RO126,2020-21,16.6956972447116,Epidemic intelligence subnational data
Romania,Sibiu,RO126,2020-22,11.7119070224096,Epidemic intelligence subnational data
Romania,Sibiu,RO126,2020-23,6.72811680010765,Epidemic intelligence subnational data
Romania,Sibiu,RO126,2020-24,12.9578545779851,Epidemic intelligence subnational data
Romania,Sibiu,RO126,2020-25,19.6859713780928,Epidemic intelligence subnational data
Romania,Sibiu,RO126,2020-26,23.9221930670494,Epidemic intelligence subnational data
Romania,Sibiu,RO126,2020-27,19.6859713780928,Epidemic intelligence subnational data
Romania,Sibiu,RO126,2020-28,13.2070440891002,Epidemic intelligence subnational data
Romania,Sibiu,RO126,2020-29,25.6665196448551,Epidemic intelligence subnational data
Romania,Sibiu,RO126,2020-30,43.6081644451422,Epidemic intelligence subnational data
Romania,Sibiu,RO126,2020-31,43.8573539562573,Epidemic intelligence subnational data
Romania,Sibiu,RO126,2020-32,53.8249344008612,Epidemic intelligence subnational data
Romania,Sibiu,RO126,2020-33,68.527115556652,Epidemic intelligence subnational data
Romania,Sibiu,RO126,2020-34,64.2908938676953,Epidemic intelligence subnational data
Romania,Sibiu,RO126,2020-35,61.0514302231991,Epidemic intelligence subnational data
Romania,Sibiu,RO126,2020-36,67.7795470233067,Epidemic intelligence subnational data
Romania,Sibiu,RO126,2020-37,89.4590344903202,Epidemic intelligence subnational data
Romania,Sibiu,RO126,2020-38,87.9638974236297,Epidemic intelligence subnational data
Romania,Sibiu,RO126,2020-39,88.96065546809,Epidemic intelligence subnational data
Romania,Sibiu,RO126,2020-40,114.627175112945,Epidemic intelligence subnational data
Romania,Sibiu,RO126,2020-41,204.335399114381,Epidemic intelligence subnational data
Romania,Sibiu,RO126,2020-42,340.392872183224,Epidemic intelligence subnational data
Romania,Sibiu,RO126,2020-43,409.418366762106,Epidemic intelligence subnational data
Romania,Sibiu,RO126,2020-44,541.239618141993,Epidemic intelligence subnational data
Romania,Sibiu,RO126,2020-45,914.52550579241,Epidemic intelligence subnational data
Romania,Sibiu,RO126,2020-46,1191.6242421524,Epidemic intelligence subnational data
Romania,Sibiu,RO126,2020-47,1085.9678894396,Epidemic intelligence subnational data
Romania,Sibiu,RO126,2020-48,852.477317524751,Epidemic intelligence subnational data
Romania,Sibiu,RO126,2020-49,609.0191651653,Epidemic intelligence subnational data
Romania,Sibiu,RO126,2020-50,402.441060450884,Epidemic intelligence subnational data
Romania,Sibiu,RO126,2020-51,321.454469338477,Epidemic intelligence subnational data
Romania,Sibiu,RO126,2020-52,245.950047470602,Epidemic intelligence subnational data
Romania,Sibiu,RO126,2020-53,182.655911647367,Epidemic intelligence subnational data
Romania,Sibiu,RO126,2021-01,221.778664892437,Epidemic intelligence subnational data
Romania,Sibiu,RO126,2021-02,211.561894936718,Epidemic intelligence subnational data
Romania,Sibiu,RO126,2021-03,154.497496891361,Epidemic intelligence subnational data
Romania,Sibiu,RO126,2021-04,137.303420624419,Epidemic intelligence subnational data
Romania,Sibiu,RO126,2021-05,150.012085691289,Epidemic intelligence subnational data
Romania,Sibiu,RO126,2021-06,171.691573158303,Epidemic intelligence subnational data
Romania,Sibiu,RO126,2021-07,197.607282314273,Epidemic intelligence subnational data
Romania,Sibiu,RO126,2021-08,234.238140448192,Epidemic intelligence subnational data
Romania,Sibiu,RO126,2021-09,266.134397870925,Epidemic intelligence subnational data
Romania,Sibiu,RO126,2021-10,312.483646938333,Epidemic intelligence subnational data
Romania,Sibiu,RO126,2021-11,369.548044983691,Epidemic intelligence subnational data
Romania,Sibiu,RO126,2021-12,411.162693339912,Epidemic intelligence subnational data
Romania,Sibiu,RO126,2021-13,403.936197517574,Epidemic intelligence subnational data
Romania,Sibiu,RO126,2021-14,373.285887650417,Epidemic intelligence subnational data
Romania,Sibiu,RO126,2021-15,316.969058138405,Epidemic intelligence subnational data
Romania,Sibiu,RO126,2021-16,240.46787822607,Epidemic intelligence subnational data
Romania,Sibiu,RO126,2021-17,174.183468269454,Epidemic intelligence subnational data
Romania,Sibiu,RO126,2021-18,136.805041602189,Epidemic intelligence subnational data
Romania,Sibiu,RO126,2021-19,109.394195379528,Epidemic intelligence subnational data
Romania,Sibiu,RO126,2021-20,72.7633372456087,Epidemic intelligence subnational data
Romania,Sibiu,RO126,2021-21,45.601680534063,Epidemic intelligence subnational data
Romania,Sibiu,RO126,2021-22,23.4238140448192,Epidemic intelligence subnational data
Romania,Sibiu,RO126,2021-23,9.71839093348883,Epidemic intelligence subnational data
Romania,Sibiu,RO126,2021-24,5.23297973341706,Epidemic intelligence subnational data
Romania,Sibiu,RO126,2021-25,4.48541120007177,Epidemic intelligence subnational data
Romania,Sibiu,RO126,2021-26,2.49189511115098,Epidemic intelligence subnational data
Romania,Sibiu,RO126,2021-27,0.498379022230196,Epidemic intelligence subnational data
Romania,Sibiu,RO126,2021-28,3.23946364449628,Epidemic intelligence subnational data
Romania,Sibiu,RO126,2021-29,3.98703217784157,Epidemic intelligence subnational data
Romania,Sibiu,RO126,2021-30,2.49189511115098,Epidemic intelligence subnational data
Romania,Sibiu,RO126,2021-31,6.97730631122275,Epidemic intelligence subnational data
Romania,Sibiu,RO126,2021-32,15.4497496891361,Epidemic intelligence subnational data
Romania,Sibiu,RO126,2021-33,32.3946364449628,Epidemic intelligence subnational data
Romania,Sibiu,RO126,2021-34,63.0449463121198,Epidemic intelligence subnational data
Romania,Sibiu,RO126,2021-35,79.9898330679465,Epidemic intelligence subnational data
Romania,Sibiu,RO126,2021-36,114.128796090715,Epidemic intelligence subnational data
Romania,Sibiu,RO126,2021-37,206.578104714416,Epidemic intelligence subnational data
Romania,Sibiu,RO126,2021-38,284.574421693442,Epidemic intelligence subnational data
Romania,Sibiu,RO126,2021-39,456.51518436286,Epidemic intelligence subnational data
Romania,Sibiu,RO126,2021-40,533.76393280854,Epidemic intelligence subnational data
Romania,Sibiu,RO126,2021-41,917.764969436906,Epidemic intelligence subnational data
Romania,Sibiu,RO126,2021-42,1151.75392037398,Epidemic intelligence subnational data
Romania,Sibiu,RO126,2021-43,1275.10272837596,Epidemic intelligence subnational data
Romania,Sibiu,RO126,2021-44,1256.41351504232,Epidemic intelligence subnational data
Romania,Sibiu,RO126,2021-45,742.833932634108,Epidemic intelligence subnational data
Romania,Sibiu,RO126,2021-46,441.563813695954,Epidemic intelligence subnational data
Romania,Sibiu,RO126,2021-47,256.166817426321,Epidemic intelligence subnational data
Romania,Sibiu,RO126,2021-48,198.853229869848,Epidemic intelligence subnational data
Romania,Sibiu,RO126,2021-49,143.034779380066,Epidemic intelligence subnational data
Romania,Sibiu,RO126,2021-50,128.332598224276,Epidemic intelligence subnational data
Romania,Sibiu,RO126,2021-51,97.1839093348883,Epidemic intelligence subnational data
Romania,Sibiu,RO126,2021-52,95.9379617793128,Epidemic intelligence subnational data
Romania,Sibiu,RO126,2022-01,281.584147560061,Epidemic intelligence subnational data
Romania,Sibiu,RO126,2022-02,633.439737254579,Epidemic intelligence subnational data
Romania,Sibiu,RO126,2022-03,1110.13927201776,Epidemic intelligence subnational data
Romania,Sibiu,RO126,2022-04,2189.12985514614,Epidemic intelligence subnational data
Romania,Bacau,RO211,2020-15,,Epidemic intelligence subnational data
Romania,Bacau,RO211,2020-16,17.0266337829053,Epidemic intelligence subnational data
Romania,Bacau,RO211,2020-17,18.9184819810058,Epidemic intelligence subnational data
Romania,Bacau,RO211,2020-18,34.2252537656379,Epidemic intelligence subnational data
Romania,Bacau,RO211,2020-19,33.8812813659832,Epidemic intelligence subnational data
Romania,Bacau,RO211,2020-20,17.8865647820419,Epidemic intelligence subnational data
Romania,Bacau,RO211,2020-21,18.2305371816965,Epidemic intelligence subnational data
Romania,Bacau,RO211,2020-22,9.9751995899849,Epidemic intelligence subnational data
Romania,Bacau,RO211,2020-23,8.94328239102095,Epidemic intelligence subnational data
Romania,Bacau,RO211,2020-24,10.6631443892942,Epidemic intelligence subnational data
Romania,Bacau,RO211,2020-25,8.94328239102095,Epidemic intelligence subnational data
Romania,Bacau,RO211,2020-26,11.5230753884308,Epidemic intelligence subnational data
Romania,Bacau,RO211,2020-27,15.1347855848047,Epidemic intelligence subnational data
Romania,Bacau,RO211,2020-28,23.218136976689,Epidemic intelligence subnational data
Romania,Bacau,RO211,2020-29,44.8883981549321,Epidemic intelligence subnational data
Romania,Bacau,RO211,2020-30,88.5728929110728,Epidemic intelligence subnational data
Romania,Bacau,RO211,2020-31,106.459457693115,Epidemic intelligence subnational data
Romania,Bacau,RO211,2020-32,98.0321339015757,Epidemic intelligence subnational data
Romania,Bacau,RO211,2020-33,97.6881615019211,Epidemic intelligence subnational data
Romania,Bacau,RO211,2020-34,105.427540494151,Epidemic intelligence subnational data
Romania,Bacau,RO211,2020-35,113.338905686208,Epidemic intelligence subnational data
Romania,Bacau,RO211,2020-36,139.652794259789,Epidemic intelligence subnational data
Romania,Bacau,RO211,2020-37,141.888614857544,Epidemic intelligence subnational data
Romania,Bacau,RO211,2020-38,107.663361091906,Epidemic intelligence subnational data
Romania,Bacau,RO211,2020-39,142.920532056508,Epidemic intelligence subnational data
Romania,Bacau,RO211,2020-40,195.54830920367,Epidemic intelligence subnational data
Romania,Bacau,RO211,2020-41,261.075051337881,Epidemic intelligence subnational data
Romania,Bacau,RO211,2020-42,324.537959074164,Epidemic intelligence subnational data
Romania,Bacau,RO211,2020-43,302.695711696094,Epidemic intelligence subnational data
Romania,Bacau,RO211,2020-44,292.892498305936,Epidemic intelligence subnational data
Romania,Bacau,RO211,2020-45,343.800413454824,Epidemic intelligence subnational data
Romania,Bacau,RO211,2020-46,378.713612019772,Epidemic intelligence subnational data
Romania,Bacau,RO211,2020-47,407.09133499128,Epidemic intelligence subnational data
Romania,Bacau,RO211,2020-48,397.116135401295,Epidemic intelligence subnational data
Romania,Bacau,RO211,2020-49,356.183419842392,Epidemic intelligence subnational data
Romania,Bacau,RO211,2020-50,300.459891098338,Epidemic intelligence subnational data
Romania,Bacau,RO211,2020-51,252.819713746169,Epidemic intelligence subnational data
Romania,Bacau,RO211,2020-52,202.943715796245,Epidemic intelligence subnational data
Romania,Bacau,RO211,2020-53,168.202503431125,Epidemic intelligence subnational data
Romania,Bacau,RO211,2021-01,215.498708383639,Epidemic intelligence subnational data
Romania,Bacau,RO211,2021-02,231.149452567926,Epidemic intelligence subnational data
Romania,Bacau,RO211,2021-03,184.025233815239,Epidemic intelligence subnational data
Romania,Bacau,RO211,2021-04,136.729028862724,Epidemic intelligence subnational data
Romania,Bacau,RO211,2021-05,121.766229477747,Epidemic intelligence subnational data
Romania,Bacau,RO211,2021-06,127.785746471703,Epidemic intelligence subnational data
Romania,Bacau,RO211,2021-07,150.659911048738,Epidemic intelligence subnational data
Romania,Bacau,RO211,2021-08,167.170586232161,Epidemic intelligence subnational data
Romania,Bacau,RO211,2021-09,168.546475830779,Epidemic intelligence subnational data
Romania,Bacau,RO211,2021-10,188.668861210577,Epidemic intelligence subnational data
Romania,Bacau,RO211,2021-11,240.780679758256,Epidemic intelligence subnational data
Romania,Bacau,RO211,2021-12,276.897781721995,Epidemic intelligence subnational data
Romania,Bacau,RO211,2021-13,281.197436717678,Epidemic intelligence subnational data
Romania,Bacau,RO211,2021-14,248.004100151004,Epidemic intelligence subnational data
Romania,Bacau,RO211,2021-15,195.54830920367,Epidemic intelligence subnational data
Romania,Bacau,RO211,2021-16,152.551759246838,Epidemic intelligence subnational data
Romania,Bacau,RO211,2021-17,101.987816497604,Epidemic intelligence subnational data
Romania,Bacau,RO211,2021-18,61.3990733383553,Epidemic intelligence subnational data
Romania,Bacau,RO211,2021-19,35.2571709646018,Epidemic intelligence subnational data
Romania,Bacau,RO211,2021-20,22.0142335778977,Epidemic intelligence subnational data
Romania,Bacau,RO211,2021-21,14.9627993849774,Epidemic intelligence subnational data
Romania,Bacau,RO211,2021-22,9.2872547906756,Epidemic intelligence subnational data
Romania,Bacau,RO211,2021-23,5.3315721946471,Epidemic intelligence subnational data
Romania,Bacau,RO211,2021-24,3.43972399654652,Epidemic intelligence subnational data
Romania,Bacau,RO211,2021-25,5.50355839447443,Epidemic intelligence subnational data
Romania,Bacau,RO211,2021-26,4.6436273953378,Epidemic intelligence subnational data
Romania,Bacau,RO211,2021-27,1.89184819810058,Epidemic intelligence subnational data
Romania,Bacau,RO211,2021-28,2.75177919723721,Epidemic intelligence subnational data
Romania,Bacau,RO211,2021-29,4.98759979499245,Epidemic intelligence subnational data
Romania,Bacau,RO211,2021-30,8.25533759171164,Epidemic intelligence subnational data
Romania,Bacau,RO211,2021-31,15.1347855848047,Epidemic intelligence subnational data
Romania,Bacau,RO211,2021-32,22.186219777725,Epidemic intelligence subnational data
Romania,Bacau,RO211,2021-33,32.8493641670192,Epidemic intelligence subnational data
Romania,Bacau,RO211,2021-34,59.3352389404274,Epidemic intelligence subnational data
Romania,Bacau,RO211,2021-35,91.840630707792,Epidemic intelligence subnational data
Romania,Bacau,RO211,2021-36,132.773346266696,Epidemic intelligence subnational data
Romania,Bacau,RO211,2021-37,203.631660595554,Epidemic intelligence subnational data
Romania,Bacau,RO211,2021-38,310.607076888151,Epidemic intelligence subnational data
Romania,Bacau,RO211,2021-39,429.62152716866,Epidemic intelligence subnational data
Romania,Bacau,RO211,2021-40,481.217387116858,Epidemic intelligence subnational data
Romania,Bacau,RO211,2021-41,608.143202589424,Epidemic intelligence subnational data
Romania,Bacau,RO211,2021-42,755.879348241097,Epidemic intelligence subnational data
Romania,Bacau,RO211,2021-43,719.418273877704,Epidemic intelligence subnational data
Romania,Bacau,RO211,2021-44,540.89659845694,Epidemic intelligence subnational data
Romania,Bacau,RO211,2021-45,325.569876273128,Epidemic intelligence subnational data
Romania,Bacau,RO211,2021-46,188.496875010749,Epidemic intelligence subnational data
Romania,Bacau,RO211,2021-47,113.85486428569,Epidemic intelligence subnational data
Romania,Bacau,RO211,2021-48,69.654410930067,Epidemic intelligence subnational data
Romania,Bacau,RO211,2021-49,45.2323705545867,Epidemic intelligence subnational data
Romania,Bacau,RO211,2021-50,40.4167569594216,Epidemic intelligence subnational data
Romania,Bacau,RO211,2021-51,40.0727845597669,Epidemic intelligence subnational data
Romania,Bacau,RO211,2021-52,73.9540659257501,Epidemic intelligence subnational data
Romania,Bacau,RO211,2022-01,261.591009937363,Epidemic intelligence subnational data
Romania,Bacau,RO211,2022-02,563.254804434492,Epidemic intelligence subnational data
Romania,Bacau,RO211,2022-03,963.638677632507,Epidemic intelligence subnational data
Romania,Bacau,RO211,2022-04,1339.08455185556,Epidemic intelligence subnational data
Romania,Botosani,RO212,2020-15,,Epidemic intelligence subnational data
Romania,Botosani,RO212,2020-16,66.1245691280586,Epidemic intelligence subnational data
Romania,Botosani,RO212,2020-17,57.0955114961149,Epidemic intelligence subnational data
Romania,Botosani,RO212,2020-18,54.9710273474222,Epidemic intelligence subnational data
Romania,Botosani,RO212,2020-19,46.7386512712382,Epidemic intelligence subnational data
Romania,Botosani,RO212,2020-20,34.7884279348421,Epidemic intelligence subnational data
Romania,Botosani,RO212,2020-21,27.6182939330044,Epidemic intelligence subnational data
Romania,Botosani,RO212,2020-22,27.883854451591,Epidemic intelligence subnational data
Romania,Botosani,RO212,2020-23,28.9460965259373,Epidemic intelligence subnational data
Romania,Botosani,RO212,2020-24,33.7261858604957,Epidemic intelligence subnational data
Romania,Botosani,RO212,2020-25,36.9129120835347,Epidemic intelligence subnational data
Romania,Botosani,RO212,2020-26,30.5394596374568,Epidemic intelligence subnational data
Romania,Botosani,RO212,2020-27,20.1825994125801,Epidemic intelligence subnational data
Romania,Botosani,RO212,2020-28,15.4025100780217,Epidemic intelligence subnational data
Romania,Botosani,RO212,2020-29,15.4025100780217,Epidemic intelligence subnational data
Romania,Botosani,RO212,2020-30,20.7137204497533,Epidemic intelligence subnational data
Romania,Botosani,RO212,2020-31,20.9792809683399,Epidemic intelligence subnational data
Romania,Botosani,RO212,2020-32,13.8091469665022,Epidemic intelligence subnational data
Romania,Botosani,RO212,2020-33,16.7303126709546,Epidemic intelligence subnational data
Romania,Botosani,RO212,2020-34,23.9004466727923,Epidemic intelligence subnational data
Romania,Botosani,RO212,2020-35,23.6348861542057,Epidemic intelligence subnational data
Romania,Botosani,RO212,2020-36,25.2282492657252,Epidemic intelligence subnational data
Romania,Botosani,RO212,2020-37,35.3195489720152,Epidemic intelligence subnational data
Romania,Botosani,RO212,2020-38,39.3029567508139,Epidemic intelligence subnational data
Romania,Botosani,RO212,2020-39,52.8465431987296,Epidemic intelligence subnational data
Romania,Botosani,RO212,2020-40,58.6888746076343,Epidemic intelligence subnational data
Romania,Botosani,RO212,2020-41,90.556136838024,Epidemic intelligence subnational data
Romania,Botosani,RO212,2020-42,177.128865897249,Epidemic intelligence subnational data
Romania,Botosani,RO212,2020-43,246.705721766934,Epidemic intelligence subnational data
Romania,Botosani,RO212,2020-44,288.9298442222,Epidemic intelligence subnational data
Romania,Botosani,RO212,2020-45,331.685087714639,Epidemic intelligence subnational data
Romania,Botosani,RO212,2020-46,362.224547352096,Epidemic intelligence subnational data
Romania,Botosani,RO212,2020-47,352.664368682979,Epidemic intelligence subnational data
Romania,Botosani,RO212,2020-48,353.195489720152,Epidemic intelligence subnational data
Romania,Botosani,RO212,2020-49,345.228674162555,Epidemic intelligence subnational data
Romania,Botosani,RO212,2020-50,264.232715993648,Epidemic intelligence subnational data
Romania,Botosani,RO212,2020-51,230.772090651739,Epidemic intelligence subnational data
Romania,Botosani,RO212,2020-52,237.145543097817,Epidemic intelligence subnational data
Romania,Botosani,RO212,2020-53,198.639267902762,Epidemic intelligence subnational data
Romania,Botosani,RO212,2021-01,192.796936493858,Epidemic intelligence subnational data
Romania,Botosani,RO212,2021-02,203.153796718734,Epidemic intelligence subnational data
Romania,Botosani,RO212,2021-03,200.498191532868,Epidemic intelligence subnational data
Romania,Botosani,RO212,2021-04,191.203573382338,Epidemic intelligence subnational data
Romania,Botosani,RO212,2021-05,168.365368783892,Epidemic intelligence subnational data
Romania,Botosani,RO212,2021-06,142.605998480994,Epidemic intelligence subnational data
Romania,Botosani,RO212,2021-07,144.730482629687,Epidemic intelligence subnational data
Romania,Botosani,RO212,2021-08,154.821782335977,Epidemic intelligence subnational data
Romania,Botosani,RO212,2021-09,156.14958492891,Epidemic intelligence subnational data
Romania,Botosani,RO212,2021-10,178.191107971596,Epidemic intelligence subnational data
Romania,Botosani,RO212,2021-11,204.216038793081,Epidemic intelligence subnational data
Romania,Botosani,RO212,2021-12,250.158008508559,Epidemic intelligence subnational data
Romania,Botosani,RO212,2021-13,260.514868733436,Epidemic intelligence subnational data
Romania,Botosani,RO212,2021-14,195.452541679723,Epidemic intelligence subnational data
Romania,Botosani,RO212,2021-15,142.605998480994,Epidemic intelligence subnational data
Romania,Botosani,RO212,2021-16,111.004296769191,Epidemic intelligence subnational data
Romania,Botosani,RO212,2021-17,70.3735374254439,Epidemic intelligence subnational data
Romania,Botosani,RO212,2021-18,52.3154221615564,Epidemic intelligence subnational data
Romania,Botosani,RO212,2021-19,44.348606603959,Epidemic intelligence subnational data
Romania,Botosani,RO212,2021-20,29.4772175631105,Epidemic intelligence subnational data
Romania,Botosani,RO212,2021-21,18.5892363010607,Epidemic intelligence subnational data
Romania,Botosani,RO212,2021-22,11.419102299223,Epidemic intelligence subnational data
Romania,Botosani,RO212,2021-23,7.96681555759742,Epidemic intelligence subnational data
Romania,Botosani,RO212,2021-24,5.31121037173161,Epidemic intelligence subnational data
Romania,Botosani,RO212,2021-25,5.04564985314503,Epidemic intelligence subnational data
Romania,Botosani,RO212,2021-26,3.18672622303897,Epidemic intelligence subnational data
Romania,Botosani,RO212,2021-27,1.59336311151948,Epidemic intelligence subnational data
Romania,Botosani,RO212,2021-28,2.39004466727923,Epidemic intelligence subnational data
Romania,Botosani,RO212,2021-29,2.65560518586581,Epidemic intelligence subnational data
Romania,Botosani,RO212,2021-30,3.98340777879871,Epidemic intelligence subnational data
Romania,Botosani,RO212,2021-31,4.78008933455845,Epidemic intelligence subnational data
Romania,Botosani,RO212,2021-32,7.70125503901084,Epidemic intelligence subnational data
Romania,Botosani,RO212,2021-33,9.29461815053032,Epidemic intelligence subnational data
Romania,Botosani,RO212,2021-34,22.0415230426862,Epidemic intelligence subnational data
Romania,Botosani,RO212,2021-35,66.3901296466452,Epidemic intelligence subnational data
Romania,Botosani,RO212,2021-36,154.290661298803,Epidemic intelligence subnational data
Romania,Botosani,RO212,2021-37,269.809486883966,Epidemic intelligence subnational data
Romania,Botosani,RO212,2021-38,367.004636686655,Epidemic intelligence subnational data
Romania,Botosani,RO212,2021-39,481.195659678884,Epidemic intelligence subnational data
Romania,Botosani,RO212,2021-40,499.519335461358,Epidemic intelligence subnational data
Romania,Botosani,RO212,2021-41,576.797446370053,Epidemic intelligence subnational data
Romania,Botosani,RO212,2021-42,647.170983795497,Epidemic intelligence subnational data
Romania,Botosani,RO212,2021-43,495.270367163973,Epidemic intelligence subnational data
Romania,Botosani,RO212,2021-44,326.108316824321,Epidemic intelligence subnational data
Romania,Botosani,RO212,2021-45,199.435949458522,Epidemic intelligence subnational data
Romania,Botosani,RO212,2021-46,131.983577737531,Epidemic intelligence subnational data
Romania,Botosani,RO212,2021-47,102.240799655834,Epidemic intelligence subnational data
Romania,Botosani,RO212,2021-48,68.2490532767512,Epidemic intelligence subnational data
Romania,Botosani,RO212,2021-49,38.7718357136408,Epidemic intelligence subnational data
Romania,Botosani,RO212,2021-50,56.8299509775283,Epidemic intelligence subnational data
Romania,Botosani,RO212,2021-51,55.5021483845954,Epidemic intelligence subnational data
Romania,Botosani,RO212,2021-52,56.2988299403551,Epidemic intelligence subnational data
Romania,Botosani,RO212,2022-01,194.124739086791,Epidemic intelligence subnational data
Romania,Botosani,RO212,2022-02,503.502743240157,Epidemic intelligence subnational data
Romania,Botosani,RO212,2022-03,965.046924543634,Epidemic intelligence subnational data
Romania,Botosani,RO212,2022-04,1473.32975711835,Epidemic intelligence subnational data
Romania,Iasi,RO213,2020-15,,Epidemic intelligence subnational data
Romania,Iasi,RO213,2020-16,9.20912536016511,Epidemic intelligence subnational data
Romania,Iasi,RO213,2020-17,15.3905930676732,Epidemic intelligence subnational data
Romania,Iasi,RO213,2020-18,15.8952026764494,Epidemic intelligence subnational data
Romania,Iasi,RO213,2020-19,10.3444969799115,Epidemic intelligence subnational data
Romania,Iasi,RO213,2020-20,8.07375374041873,Epidemic intelligence subnational data
Romania,Iasi,RO213,2020-21,23.8428040146741,Epidemic intelligence subnational data
Romania,Iasi,RO213,2020-22,27.1227664717192,Epidemic intelligence subnational data
Romania,Iasi,RO213,2020-23,18.7967079269123,Epidemic intelligence subnational data
Romania,Iasi,RO213,2020-24,20.0582319488528,Epidemic intelligence subnational data
Romania,Iasi,RO213,2020-25,28.5104428958536,Epidemic intelligence subnational data
Romania,Iasi,RO213,2020-26,31.4119481463166,Epidemic intelligence subnational data
Romania,Iasi,RO213,2020-27,17.9136411115541,Epidemic intelligence subnational data
Romania,Iasi,RO213,2020-28,11.6060210018519,Epidemic intelligence subnational data
Romania,Iasi,RO213,2020-29,14.885983458897,Epidemic intelligence subnational data
Romania,Iasi,RO213,2020-30,37.9718730604068,Epidemic intelligence subnational data
Romania,Iasi,RO213,2020-31,54.8762949544085,Epidemic intelligence subnational data
Romania,Iasi,RO213,2020-32,52.7317041171098,Epidemic intelligence subnational data
Romania,Iasi,RO213,2020-33,75.1868317076494,Epidemic intelligence subnational data
Romania,Iasi,RO213,2020-34,102.940360190339,Epidemic intelligence subnational data
Romania,Iasi,RO213,2020-35,112.02333314831,Epidemic intelligence subnational data
Romania,Iasi,RO213,2020-36,114.167923985609,Epidemic intelligence subnational data
Romania,Iasi,RO213,2020-37,108.364913484683,Epidemic intelligence subnational data
Romania,Iasi,RO213,2020-38,101.42653136401,Epidemic intelligence subnational data
Romania,Iasi,RO213,2020-39,137.632270793701,Epidemic intelligence subnational data
Romania,Iasi,RO213,2020-40,181.281001952839,Epidemic intelligence subnational data
Romania,Iasi,RO213,2020-41,239.689564168681,Epidemic intelligence subnational data
Romania,Iasi,RO213,2020-42,338.214590282228,Epidemic intelligence subnational data
Romania,Iasi,RO213,2020-43,383.629455072084,Epidemic intelligence subnational data
Romania,Iasi,RO213,2020-44,359.912803459604,Epidemic intelligence subnational data
Romania,Iasi,RO213,2020-45,429.548929470715,Epidemic intelligence subnational data
Romania,Iasi,RO213,2020-46,534.003118487382,Epidemic intelligence subnational data
Romania,Iasi,RO213,2020-47,595.691643160269,Epidemic intelligence subnational data
Romania,Iasi,RO213,2020-48,599.223910421702,Epidemic intelligence subnational data
Romania,Iasi,RO213,2020-49,529.461632008397,Epidemic intelligence subnational data
Romania,Iasi,RO213,2020-50,446.201046560329,Epidemic intelligence subnational data
Romania,Iasi,RO213,2020-51,424.124376176371,Epidemic intelligence subnational data
Romania,Iasi,RO213,2020-52,362.688156307872,Epidemic intelligence subnational data
Romania,Iasi,RO213,2020-53,273.119950750102,Epidemic intelligence subnational data
Romania,Iasi,RO213,2021-01,313.61487185439,Epidemic intelligence subnational data
Romania,Iasi,RO213,2021-02,282.455228512461,Epidemic intelligence subnational data
Romania,Iasi,RO213,2021-03,198.185423846841,Epidemic intelligence subnational data
Romania,Iasi,RO213,2021-04,172.57648620145,Epidemic intelligence subnational data
Romania,Iasi,RO213,2021-05,159.961245982046,Epidemic intelligence subnational data
Romania,Iasi,RO213,2021-06,138.641490011253,Epidemic intelligence subnational data
Romania,Iasi,RO213,2021-07,138.515337609059,Epidemic intelligence subnational data
Romania,Iasi,RO213,2021-08,165.511951678584,Epidemic intelligence subnational data
Romania,Iasi,RO213,2021-09,197.302357031483,Epidemic intelligence subnational data
Romania,Iasi,RO213,2021-10,238.806497353323,Epidemic intelligence subnational data
Romania,Iasi,RO213,2021-11,290.024372644104,Epidemic intelligence subnational data
Romania,Iasi,RO213,2021-12,324.085521236495,Epidemic intelligence subnational data
Romania,Iasi,RO213,2021-13,316.390224702659,Epidemic intelligence subnational data
Romania,Iasi,RO213,2021-14,259.495491313146,Epidemic intelligence subnational data
Romania,Iasi,RO213,2021-15,197.680814238065,Epidemic intelligence subnational data
Romania,Iasi,RO213,2021-16,143.687586099015,Epidemic intelligence subnational data
Romania,Iasi,RO213,2021-17,85.0267190787847,Epidemic intelligence subnational data
Romania,Iasi,RO213,2021-18,63.7069631079915,Epidemic intelligence subnational data
Romania,Iasi,RO213,2021-19,53.7409233346621,Epidemic intelligence subnational data
Romania,Iasi,RO213,2021-20,34.4396057989736,Epidemic intelligence subnational data
Romania,Iasi,RO213,2021-21,22.3289751883455,Epidemic intelligence subnational data
Romania,Iasi,RO213,2021-22,13.3721546325685,Epidemic intelligence subnational data
Romania,Iasi,RO213,2021-23,7.19068692506043,Epidemic intelligence subnational data
Romania,Iasi,RO213,2021-24,3.53226726143319,Epidemic intelligence subnational data
Romania,Iasi,RO213,2021-25,3.15381005485107,Epidemic intelligence subnational data
Romania,Iasi,RO213,2021-26,4.03687687020936,Epidemic intelligence subnational data
Romania,Iasi,RO213,2021-27,4.41533407679149,Epidemic intelligence subnational data
Romania,Iasi,RO213,2021-28,5.92916290312,Epidemic intelligence subnational data
Romania,Iasi,RO213,2021-29,9.71373496894128,Epidemic intelligence subnational data
Romania,Iasi,RO213,2021-30,13.2460022303745,Epidemic intelligence subnational data
Romania,Iasi,RO213,2021-31,14.1290690457328,Epidemic intelligence subnational data
Romania,Iasi,RO213,2021-32,16.0213550786434,Epidemic intelligence subnational data
Romania,Iasi,RO213,2021-33,24.8520232322264,Epidemic intelligence subnational data
Romania,Iasi,RO213,2021-34,41.377987919646,Epidemic intelligence subnational data
Romania,Iasi,RO213,2021-35,72.1591740549924,Epidemic intelligence subnational data
Romania,Iasi,RO213,2021-36,123.25089694358,Epidemic intelligence subnational data
Romania,Iasi,RO213,2021-37,237.923430537964,Epidemic intelligence subnational data
Romania,Iasi,RO213,2021-38,432.955044329954,Epidemic intelligence subnational data
Romania,Iasi,RO213,2021-39,699.136612959384,Epidemic intelligence subnational data
Romania,Iasi,RO213,2021-40,871.082337149864,Epidemic intelligence subnational data
Romania,Iasi,RO213,2021-41,1139.40849661659,Epidemic intelligence subnational data
Romania,Iasi,RO213,2021-42,1238.6904371433,Epidemic intelligence subnational data
Romania,Iasi,RO213,2021-43,935.924671877602,Epidemic intelligence subnational data
Romania,Iasi,RO213,2021-44,628.365115328526,Epidemic intelligence subnational data
Romania,Iasi,RO213,2021-45,358.398974633275,Epidemic intelligence subnational data
Romania,Iasi,RO213,2021-46,195.157766194184,Epidemic intelligence subnational data
Romania,Iasi,RO213,2021-47,124.764725769908,Epidemic intelligence subnational data
Romania,Iasi,RO213,2021-48,83.2605854480681,Epidemic intelligence subnational data
Romania,Iasi,RO213,2021-49,55.2547521609907,Epidemic intelligence subnational data
Romania,Iasi,RO213,2021-50,44.405645572303,Epidemic intelligence subnational data
Romania,Iasi,RO213,2021-51,49.3255892578706,Epidemic intelligence subnational data
Romania,Iasi,RO213,2021-52,96.6327400806366,Epidemic intelligence subnational data
Romania,Iasi,RO213,2022-01,236.031144505054,Epidemic intelligence subnational data
Romania,Iasi,RO213,2022-02,469.160783759644,Epidemic intelligence subnational data
Romania,Iasi,RO213,2022-03,874.362299606909,Epidemic intelligence subnational data
Romania,Iasi,RO213,2022-04,1545.8715364858,Epidemic intelligence subnational data
Romania,Neamt,RO214,2020-15,,Epidemic intelligence subnational data
Romania,Neamt,RO214,2020-16,42.8773434292752,Epidemic intelligence subnational data
Romania,Neamt,RO214,2020-17,26.6843041554532,Epidemic intelligence subnational data
Romania,Neamt,RO214,2020-18,37.403640012772,Epidemic intelligence subnational data
Romania,Neamt,RO214,2020-19,71.1581444145418,Epidemic intelligence subnational data
Romania,Neamt,RO214,2020-20,65.2282990466633,Epidemic intelligence subnational data
Romania,Neamt,RO214,2020-21,22.8070975687634,Epidemic intelligence subnational data
Romania,Neamt,RO214,2020-22,11.4035487843817,Epidemic intelligence subnational data
Romania,Neamt,RO214,2020-23,9.57898097888063,Epidemic intelligence subnational data
Romania,Neamt,RO214,2020-24,10.2631939059435,Epidemic intelligence subnational data
Romania,Neamt,RO214,2020-25,8.43862610044246,Epidemic intelligence subnational data
Romania,Neamt,RO214,2020-26,8.21055512475483,Epidemic intelligence subnational data
Romania,Neamt,RO214,2020-27,6.61405829494139,Epidemic intelligence subnational data
Romania,Neamt,RO214,2020-28,9.35091000319299,Epidemic intelligence subnational data
Romania,Neamt,RO214,2020-29,20.5263878118871,Epidemic intelligence subnational data
Romania,Neamt,RO214,2020-30,45.1580531861515,Epidemic intelligence subnational data
Romania,Neamt,RO214,2020-31,73.4388541714181,Epidemic intelligence subnational data
Romania,Neamt,RO214,2020-32,43.1054144049628,Epidemic intelligence subnational data
Romania,Neamt,RO214,2020-33,100.579300278247,Epidemic intelligence subnational data
Romania,Neamt,RO214,2020-34,143.684714683209,Epidemic intelligence subnational data
Romania,Neamt,RO214,2020-35,73.6669251471058,Epidemic intelligence subnational data
Romania,Neamt,RO214,2020-36,91.9126032021165,Epidemic intelligence subnational data
Romania,Neamt,RO214,2020-37,119.965333211696,Epidemic intelligence subnational data
Romania,Neamt,RO214,2020-38,106.9652875975,Epidemic intelligence subnational data
Romania,Neamt,RO214,2020-39,122.017971992884,Epidemic intelligence subnational data
Romania,Neamt,RO214,2020-40,181.544496647357,Epidemic intelligence subnational data
Romania,Neamt,RO214,2020-41,247.685079596771,Epidemic intelligence subnational data
Romania,Neamt,RO214,2020-42,302.194042786115,Epidemic intelligence subnational data
Romania,Neamt,RO214,2020-43,330.018701820006,Epidemic intelligence subnational data
Romania,Neamt,RO214,2020-44,329.790630844319,Epidemic intelligence subnational data
Romania,Neamt,RO214,2020-45,369.703051589655,Epidemic intelligence subnational data
Romania,Neamt,RO214,2020-46,379.966245495598,Epidemic intelligence subnational data
Romania,Neamt,RO214,2020-47,343.474889385577,Epidemic intelligence subnational data
Romania,Neamt,RO214,2020-48,288.965926196232,Epidemic intelligence subnational data
Romania,Neamt,RO214,2020-49,222.369201295443,Epidemic intelligence subnational data
Romania,Neamt,RO214,2020-50,181.544496647357,Epidemic intelligence subnational data
Romania,Neamt,RO214,2020-51,168.088309081786,Epidemic intelligence subnational data
Romania,Neamt,RO214,2020-52,153.491766637778,Epidemic intelligence subnational data
Romania,Neamt,RO214,2020-53,142.088217853396,Epidemic intelligence subnational data
Romania,Neamt,RO214,2021-01,189.755051772112,Epidemic intelligence subnational data
Romania,Neamt,RO214,2021-02,187.246271039548,Epidemic intelligence subnational data
Romania,Neamt,RO214,2021-03,168.544451033162,Epidemic intelligence subnational data
Romania,Neamt,RO214,2021-04,175.614651279478,Epidemic intelligence subnational data
Romania,Neamt,RO214,2021-05,159.649682981344,Epidemic intelligence subnational data
Romania,Neamt,RO214,2021-06,142.316288829084,Epidemic intelligence subnational data
Romania,Neamt,RO214,2021-07,131.140811020389,Epidemic intelligence subnational data
Romania,Neamt,RO214,2021-08,152.807553710715,Epidemic intelligence subnational data
Romania,Neamt,RO214,2021-09,198.877890799617,Epidemic intelligence subnational data
Romania,Neamt,RO214,2021-10,243.807873010081,Epidemic intelligence subnational data
Romania,Neamt,RO214,2021-11,262.053551065091,Epidemic intelligence subnational data
Romania,Neamt,RO214,2021-12,273.685170825161,Epidemic intelligence subnational data
Romania,Neamt,RO214,2021-13,275.281667654974,Epidemic intelligence subnational data
Romania,Neamt,RO214,2021-14,246.544724718332,Epidemic intelligence subnational data
Romania,Neamt,RO214,2021-15,217.807781781691,Epidemic intelligence subnational data
Romania,Neamt,RO214,2021-16,170.59708981435,Epidemic intelligence subnational data
Romania,Neamt,RO214,2021-17,114.947771746568,Epidemic intelligence subnational data
Romania,Neamt,RO214,2021-18,90.5441773479907,Epidemic intelligence subnational data
Romania,Neamt,RO214,2021-19,77.5441317337956,Epidemic intelligence subnational data
Romania,Neamt,RO214,2021-20,56.7896729462209,Epidemic intelligence subnational data
Romania,Neamt,RO214,2021-21,37.8597819641473,Epidemic intelligence subnational data
Romania,Neamt,RO214,2021-22,20.0702458605118,Epidemic intelligence subnational data
Romania,Neamt,RO214,2021-23,13.0000456141951,Epidemic intelligence subnational data
Romania,Neamt,RO214,2021-24,9.12283902750536,Epidemic intelligence subnational data
Romania,Neamt,RO214,2021-25,3.87720658668978,Epidemic intelligence subnational data
Romania,Neamt,RO214,2021-26,3.64913561100214,Epidemic intelligence subnational data
Romania,Neamt,RO214,2021-27,2.73685170825161,Epidemic intelligence subnational data
Romania,Neamt,RO214,2021-28,1.59649682981344,Epidemic intelligence subnational data
Romania,Neamt,RO214,2021-29,2.73685170825161,Epidemic intelligence subnational data
Romania,Neamt,RO214,2021-30,4.56141951375268,Epidemic intelligence subnational data
Romania,Neamt,RO214,2021-31,8.66669707613009,Epidemic intelligence subnational data
Romania,Neamt,RO214,2021-32,17.5614651279478,Epidemic intelligence subnational data
Romania,Neamt,RO214,2021-33,36.7194270857091,Epidemic intelligence subnational data
Romania,Neamt,RO214,2021-34,69.3335766090407,Epidemic intelligence subnational data
Romania,Neamt,RO214,2021-35,99.6670163754961,Epidemic intelligence subnational data
Romania,Neamt,RO214,2021-36,121.333759065821,Epidemic intelligence subnational data
Romania,Neamt,RO214,2021-37,182.684851525795,Epidemic intelligence subnational data
Romania,Neamt,RO214,2021-38,280.755371071477,Epidemic intelligence subnational data
Romania,Neamt,RO214,2021-39,445.422615517949,Epidemic intelligence subnational data
Romania,Neamt,RO214,2021-40,583.861697760343,Epidemic intelligence subnational data
Romania,Neamt,RO214,2021-41,780.686949778771,Epidemic intelligence subnational data
Romania,Neamt,RO214,2021-42,862.564430050632,Epidemic intelligence subnational data
Romania,Neamt,RO214,2021-43,719.335857318798,Epidemic intelligence subnational data
Romania,Neamt,RO214,2021-44,532.545728230625,Epidemic intelligence subnational data
Romania,Neamt,RO214,2021-45,316.106372303061,Epidemic intelligence subnational data
Romania,Neamt,RO214,2021-46,185.193632258359,Epidemic intelligence subnational data
Romania,Neamt,RO214,2021-47,107.193358573188,Epidemic intelligence subnational data
Romania,Neamt,RO214,2021-48,78.4564156365461,Epidemic intelligence subnational data
Romania,Neamt,RO214,2021-49,62.2633763627241,Epidemic intelligence subnational data
Romania,Neamt,RO214,2021-50,88.9476805181773,Epidemic intelligence subnational data
Romania,Neamt,RO214,2021-51,86.4388997856133,Epidemic intelligence subnational data
Romania,Neamt,RO214,2021-52,71.6142863659171,Epidemic intelligence subnational data
Romania,Neamt,RO214,2022-01,240.386808374766,Epidemic intelligence subnational data
Romania,Neamt,RO214,2022-02,534.598367011814,Epidemic intelligence subnational data
Romania,Neamt,RO214,2022-03,921.862883729417,Epidemic intelligence subnational data
Romania,Neamt,RO214,2022-04,1378.46097705606,Epidemic intelligence subnational data
Romania,Suceava,RO215,2020-15,,Epidemic intelligence subnational data
Romania,Suceava,RO215,2020-16,151.199241114637,Epidemic intelligence subnational data
Romania,Suceava,RO215,2020-17,155.693486073458,Epidemic intelligence subnational data
Romania,Suceava,RO215,2020-18,106.417300274952,Epidemic intelligence subnational data
Romania,Suceava,RO215,2020-19,88.2798116911362,Epidemic intelligence subnational data
Romania,Suceava,RO215,2020-20,71.105375598497,Epidemic intelligence subnational data
Romania,Suceava,RO215,2020-21,29.2125922323396,Epidemic intelligence subnational data
Romania,Suceava,RO215,2020-22,8.98848991764296,Epidemic intelligence subnational data
Romania,Suceava,RO215,2020-23,30.1756447235157,Epidemic intelligence subnational data
Romania,Suceava,RO215,2020-24,43.9793970970388,Epidemic intelligence subnational data
Romania,Suceava,RO215,2020-25,47.0290633190962,Epidemic intelligence subnational data
Romania,Suceava,RO215,2020-26,35.9539596705719,Epidemic intelligence subnational data
Romania,Suceava,RO215,2020-27,24.3973297764595,Epidemic intelligence subnational data
Romania,Suceava,RO215,2020-28,25.0393647705768,Epidemic intelligence subnational data
Romania,Suceava,RO215,2020-29,30.817679717633,Epidemic intelligence subnational data
Romania,Suceava,RO215,2020-30,45.5844845823322,Epidemic intelligence subnational data
Romania,Suceava,RO215,2020-31,49.5972032955656,Epidemic intelligence subnational data
Romania,Suceava,RO215,2020-32,47.6710983132136,Epidemic intelligence subnational data
Romania,Suceava,RO215,2020-33,63.7219731661474,Epidemic intelligence subnational data
Romania,Suceava,RO215,2020-34,62.5984119264421,Epidemic intelligence subnational data
Romania,Suceava,RO215,2020-35,53.7704307573284,Epidemic intelligence subnational data
Romania,Suceava,RO215,2020-36,72.068428089673,Epidemic intelligence subnational data
Romania,Suceava,RO215,2020-37,103.046616555835,Epidemic intelligence subnational data
Romania,Suceava,RO215,2020-38,102.244072813189,Epidemic intelligence subnational data
Romania,Suceava,RO215,2020-39,94.8606703808391,Epidemic intelligence subnational data
Romania,Suceava,RO215,2020-40,97.1077928602499,Epidemic intelligence subnational data
Romania,Suceava,RO215,2020-41,119.739526402887,Epidemic intelligence subnational data
Romania,Suceava,RO215,2020-42,222.465125461663,Epidemic intelligence subnational data
Romania,Suceava,RO215,2020-43,268.852153786642,Epidemic intelligence subnational data
Romania,Suceava,RO215,2020-44,233.700737858717,Epidemic intelligence subnational data
Romania,Suceava,RO215,2020-45,267.568083798407,Epidemic intelligence subnational data
Romania,Suceava,RO215,2020-46,303.36153472045,Epidemic intelligence subnational data
Romania,Suceava,RO215,2020-47,295.817623539571,Epidemic intelligence subnational data
Romania,Suceava,RO215,2020-48,256.653488898412,Epidemic intelligence subnational data
Romania,Suceava,RO215,2020-49,209.624425579316,Epidemic intelligence subnational data
Romania,Suceava,RO215,2020-50,178.806745861683,Epidemic intelligence subnational data
Romania,Suceava,RO215,2020-51,189.721340761678,Epidemic intelligence subnational data
Romania,Suceava,RO215,2020-52,193.252533229324,Epidemic intelligence subnational data
Romania,Suceava,RO215,2020-53,177.362167124919,Epidemic intelligence subnational data
Romania,Suceava,RO215,2021-01,208.179846842552,Epidemic intelligence subnational data
Romania,Suceava,RO215,2021-02,248.467542723416,Epidemic intelligence subnational data
Romania,Suceava,RO215,2021-03,243.812789016065,Epidemic intelligence subnational data
Romania,Suceava,RO215,2021-04,226.317335426367,Epidemic intelligence subnational data
Romania,Suceava,RO215,2021-05,215.081723029314,Epidemic intelligence subnational data
Romania,Suceava,RO215,2021-06,176.078097136684,Epidemic intelligence subnational data
Romania,Suceava,RO215,2021-07,159.706204786692,Epidemic intelligence subnational data
Romania,Suceava,RO215,2021-08,157.298573558752,Epidemic intelligence subnational data
Romania,Suceava,RO215,2021-09,147.347031149933,Epidemic intelligence subnational data
Romania,Suceava,RO215,2021-10,136.592944998467,Epidemic intelligence subnational data
Romania,Suceava,RO215,2021-11,134.185313770527,Epidemic intelligence subnational data
Romania,Suceava,RO215,2021-12,125.196823852884,Epidemic intelligence subnational data
Romania,Suceava,RO215,2021-13,101.602037819071,Epidemic intelligence subnational data
Romania,Suceava,RO215,2021-14,108.182896508774,Epidemic intelligence subnational data
Romania,Suceava,RO215,2021-15,90.045407924959,Epidemic intelligence subnational data
Romania,Suceava,RO215,2021-16,53.4494132602698,Epidemic intelligence subnational data
Romania,Suceava,RO215,2021-17,42.8558358573334,Epidemic intelligence subnational data
Romania,Suceava,RO215,2021-18,34.5093809338078,Epidemic intelligence subnational data
Romania,Suceava,RO215,2021-19,34.5093809338078,Epidemic intelligence subnational data
Romania,Suceava,RO215,2021-20,25.0393647705768,Epidemic intelligence subnational data
Romania,Suceava,RO215,2021-21,12.6801911338178,Epidemic intelligence subnational data
Romania,Suceava,RO215,2021-22,9.1489986661723,Epidemic intelligence subnational data
Romania,Suceava,RO215,2021-23,6.74136743823222,Epidemic intelligence subnational data
Romania,Suceava,RO215,2021-24,3.21017497058677,Epidemic intelligence subnational data
Romania,Suceava,RO215,2021-25,3.69170121617479,Epidemic intelligence subnational data
Romania,Suceava,RO215,2021-26,2.40763122794008,Epidemic intelligence subnational data
Romania,Suceava,RO215,2021-27,0.481526245588016,Epidemic intelligence subnational data
Romania,Suceava,RO215,2021-28,1.92610498235206,Epidemic intelligence subnational data
Romania,Suceava,RO215,2021-29,3.21017497058677,Epidemic intelligence subnational data
Romania,Suceava,RO215,2021-30,6.25984119264421,Epidemic intelligence subnational data
Romania,Suceava,RO215,2021-31,12.8406998823471,Epidemic intelligence subnational data
Romania,Suceava,RO215,2021-32,25.6813997646942,Epidemic intelligence subnational data
Romania,Suceava,RO215,2021-33,42.3743096117454,Epidemic intelligence subnational data
Romania,Suceava,RO215,2021-34,59.5487457043846,Epidemic intelligence subnational data
Romania,Suceava,RO215,2021-35,103.849160298482,Epidemic intelligence subnational data
Romania,Suceava,RO215,2021-36,181.535394586682,Epidemic intelligence subnational data
Romania,Suceava,RO215,2021-37,276.235556218992,Epidemic intelligence subnational data
Romania,Suceava,RO215,2021-38,417.162237427751,Epidemic intelligence subnational data
Romania,Suceava,RO215,2021-39,539.951430052695,Epidemic intelligence subnational data
Romania,Suceava,RO215,2021-40,505.121031621829,Epidemic intelligence subnational data
Romania,Suceava,RO215,2021-41,547.013814987986,Epidemic intelligence subnational data
Romania,Suceava,RO215,2021-42,553.434164929159,Epidemic intelligence subnational data
Romania,Suceava,RO215,2021-43,398.222205101289,Epidemic intelligence subnational data
Romania,Suceava,RO215,2021-44,290.360326089574,Epidemic intelligence subnational data
Romania,Suceava,RO215,2021-45,179.769798352859,Epidemic intelligence subnational data
Romania,Suceava,RO215,2021-46,98.8733890940726,Epidemic intelligence subnational data
Romania,Suceava,RO215,2021-47,61.3143419382073,Epidemic intelligence subnational data
Romania,Suceava,RO215,2021-48,44.3004145940974,Epidemic intelligence subnational data
Romania,Suceava,RO215,2021-49,34.9909071793958,Epidemic intelligence subnational data
Romania,Suceava,RO215,2021-50,57.6226407220326,Epidemic intelligence subnational data
Romania,Suceava,RO215,2021-51,60.0302719499726,Epidemic intelligence subnational data
Romania,Suceava,RO215,2021-52,117.973930169064,Epidemic intelligence subnational data
Romania,Suceava,RO215,2022-01,511.380872814473,Epidemic intelligence subnational data
Romania,Suceava,RO215,2022-02,956.792649983387,Epidemic intelligence subnational data
Romania,Suceava,RO215,2022-03,1147.31653448771,Epidemic intelligence subnational data
Romania,Suceava,RO215,2022-04,1198.83984276563,Epidemic intelligence subnational data
Romania,Vaslui,RO216,2020-15,,Epidemic intelligence subnational data
Romania,Vaslui,RO216,2020-16,13.7082034189872,Epidemic intelligence subnational data
Romania,Vaslui,RO216,2020-17,16.127298139985,Epidemic intelligence subnational data
Romania,Vaslui,RO216,2020-18,13.7082034189872,Epidemic intelligence subnational data
Romania,Vaslui,RO216,2020-19,6.1821309536609,Epidemic intelligence subnational data
Romania,Vaslui,RO216,2020-20,8.33243737232556,Epidemic intelligence subnational data
Romania,Vaslui,RO216,2020-21,5.91334265132781,Epidemic intelligence subnational data
Romania,Vaslui,RO216,2020-22,3.49424793033007,Epidemic intelligence subnational data
Romania,Vaslui,RO216,2020-23,2.15030641866466,Epidemic intelligence subnational data
Romania,Vaslui,RO216,2020-24,0.537576604666165,Epidemic intelligence subnational data
Romania,Vaslui,RO216,2020-25,1.34394151166541,Epidemic intelligence subnational data
Romania,Vaslui,RO216,2020-26,5.10697774432857,Epidemic intelligence subnational data
Romania,Vaslui,RO216,2020-27,7.52607246532631,Epidemic intelligence subnational data
Romania,Vaslui,RO216,2020-28,13.9769917213203,Epidemic intelligence subnational data
Romania,Vaslui,RO216,2020-29,56.4455434899473,Epidemic intelligence subnational data
Romania,Vaslui,RO216,2020-30,91.388022793248,Epidemic intelligence subnational data
Romania,Vaslui,RO216,2020-31,85.7434684442533,Epidemic intelligence subnational data
Romania,Vaslui,RO216,2020-32,113.697451886894,Epidemic intelligence subnational data
Romania,Vaslui,RO216,2020-33,180.356950865498,Epidemic intelligence subnational data
Romania,Vaslui,RO216,2020-34,167.723900655844,Epidemic intelligence subnational data
Romania,Vaslui,RO216,2020-35,123.911407375551,Epidemic intelligence subnational data
Romania,Vaslui,RO216,2020-36,144.339318352865,Epidemic intelligence subnational data
Romania,Vaslui,RO216,2020-37,142.726588538867,Epidemic intelligence subnational data
Romania,Vaslui,RO216,2020-38,109.665627351898,Epidemic intelligence subnational data
Romania,Vaslui,RO216,2020-39,169.336630469842,Epidemic intelligence subnational data
Romania,Vaslui,RO216,2020-40,216.912159982798,Epidemic intelligence subnational data
Romania,Vaslui,RO216,2020-41,210.192452424471,Epidemic intelligence subnational data
Romania,Vaslui,RO216,2020-42,241.103107192775,Epidemic intelligence subnational data
Romania,Vaslui,RO216,2020-43,249.166756262767,Epidemic intelligence subnational data
Romania,Vaslui,RO216,2020-44,261.799806472422,Epidemic intelligence subnational data
Romania,Vaslui,RO216,2020-45,319.320503171702,Epidemic intelligence subnational data
Romania,Vaslui,RO216,2020-46,327.115363939361,Epidemic intelligence subnational data
Romania,Vaslui,RO216,2020-47,329.534458660359,Epidemic intelligence subnational data
Romania,Vaslui,RO216,2020-48,361.251478335663,Epidemic intelligence subnational data
Romania,Vaslui,RO216,2020-49,365.552091172992,Epidemic intelligence subnational data
Romania,Vaslui,RO216,2020-50,327.384152241694,Epidemic intelligence subnational data
Romania,Vaslui,RO216,2020-51,315.826255241372,Epidemic intelligence subnational data
Romania,Vaslui,RO216,2020-52,294.054402752392,Epidemic intelligence subnational data
Romania,Vaslui,RO216,2020-53,247.822814751102,Epidemic intelligence subnational data
Romania,Vaslui,RO216,2021-01,265.831631007418,Epidemic intelligence subnational data
Romania,Vaslui,RO216,2021-02,244.328566820772,Epidemic intelligence subnational data
Romania,Vaslui,RO216,2021-03,183.582410493495,Epidemic intelligence subnational data
Romania,Vaslui,RO216,2021-04,151.327814213525,Epidemic intelligence subnational data
Romania,Vaslui,RO216,2021-05,138.157187399204,Epidemic intelligence subnational data
Romania,Vaslui,RO216,2021-06,129.555961724546,Epidemic intelligence subnational data
Romania,Vaslui,RO216,2021-07,131.975056445543,Epidemic intelligence subnational data
Romania,Vaslui,RO216,2021-08,140.576282120202,Epidemic intelligence subnational data
Romania,Vaslui,RO216,2021-09,168.799053865176,Epidemic intelligence subnational data
Romania,Vaslui,RO216,2021-10,184.657563702828,Epidemic intelligence subnational data
Romania,Vaslui,RO216,2021-11,201.860015052145,Epidemic intelligence subnational data
Romania,Vaslui,RO216,2021-12,219.062466401462,Epidemic intelligence subnational data
Romania,Vaslui,RO216,2021-13,212.342758843135,Epidemic intelligence subnational data
Romania,Vaslui,RO216,2021-14,188.689388237824,Epidemic intelligence subnational data
Romania,Vaslui,RO216,2021-15,140.845070422535,Epidemic intelligence subnational data
Romania,Vaslui,RO216,2021-16,95.1510590259112,Epidemic intelligence subnational data
Romania,Vaslui,RO216,2021-17,69.0785936996022,Epidemic intelligence subnational data
Romania,Vaslui,RO216,2021-18,50.2634125362864,Epidemic intelligence subnational data
Romania,Vaslui,RO216,2021-19,37.0927857219654,Epidemic intelligence subnational data
Romania,Vaslui,RO216,2021-20,24.1909472099774,Epidemic intelligence subnational data
Romania,Vaslui,RO216,2021-21,15.5897215353188,Epidemic intelligence subnational data
Romania,Vaslui,RO216,2021-22,15.5897215353188,Epidemic intelligence subnational data
Romania,Vaslui,RO216,2021-23,8.87001397699172,Epidemic intelligence subnational data
Romania,Vaslui,RO216,2021-24,3.76303623266316,Epidemic intelligence subnational data
Romania,Vaslui,RO216,2021-25,3.22545962799699,Epidemic intelligence subnational data
Romania,Vaslui,RO216,2021-26,2.41909472099774,Epidemic intelligence subnational data
Romania,Vaslui,RO216,2021-27,2.41909472099774,Epidemic intelligence subnational data
Romania,Vaslui,RO216,2021-28,1.88151811633158,Epidemic intelligence subnational data
Romania,Vaslui,RO216,2021-29,3.22545962799699,Epidemic intelligence subnational data
Romania,Vaslui,RO216,2021-30,4.83818944199549,Epidemic intelligence subnational data
Romania,Vaslui,RO216,2021-31,6.71970755832706,Epidemic intelligence subnational data
Romania,Vaslui,RO216,2021-32,11.5578970003226,Epidemic intelligence subnational data
Romania,Vaslui,RO216,2021-33,21.5030641866466,Epidemic intelligence subnational data
Romania,Vaslui,RO216,2021-34,37.6303623266316,Epidemic intelligence subnational data
Romania,Vaslui,RO216,2021-35,75.7983012579293,Epidemic intelligence subnational data
Romania,Vaslui,RO216,2021-36,138.963552306204,Epidemic intelligence subnational data
Romania,Vaslui,RO216,2021-37,271.476185356413,Epidemic intelligence subnational data
Romania,Vaslui,RO216,2021-38,420.922481453607,Epidemic intelligence subnational data
Romania,Vaslui,RO216,2021-39,592.678206644447,Epidemic intelligence subnational data
Romania,Vaslui,RO216,2021-40,687.829265670358,Epidemic intelligence subnational data
Romania,Vaslui,RO216,2021-41,862.272873884529,Epidemic intelligence subnational data
Romania,Vaslui,RO216,2021-42,930.276314374798,Epidemic intelligence subnational data
Romania,Vaslui,RO216,2021-43,667.401354693044,Epidemic intelligence subnational data
Romania,Vaslui,RO216,2021-44,444.844640361252,Epidemic intelligence subnational data
Romania,Vaslui,RO216,2021-45,274.70164498441,Epidemic intelligence subnational data
Romania,Vaslui,RO216,2021-46,152.402967422858,Epidemic intelligence subnational data
Romania,Vaslui,RO216,2021-47,87.0874099559187,Epidemic intelligence subnational data
Romania,Vaslui,RO216,2021-48,54.0264487689496,Epidemic intelligence subnational data
Romania,Vaslui,RO216,2021-49,35.2112676056338,Epidemic intelligence subnational data
Romania,Vaslui,RO216,2021-50,34.9424793033007,Epidemic intelligence subnational data
Romania,Vaslui,RO216,2021-51,31.7170196753037,Epidemic intelligence subnational data
Romania,Vaslui,RO216,2021-52,34.6736910009676,Epidemic intelligence subnational data
Romania,Vaslui,RO216,2022-01,105.096226212235,Epidemic intelligence subnational data
Romania,Vaslui,RO216,2022-02,243.790990216106,Epidemic intelligence subnational data
Romania,Vaslui,RO216,2022-03,440.006450919256,Epidemic intelligence subnational data
Romania,Vaslui,RO216,2022-04,800.182776045587,Epidemic intelligence subnational data
Romania,Braila,RO221,2020-15,,Epidemic intelligence subnational data
Romania,Braila,RO221,2020-16,1.74876537164762,Epidemic intelligence subnational data
Romania,Braila,RO221,2020-17,2.09851844597714,Epidemic intelligence subnational data
Romania,Braila,RO221,2020-18,1.74876537164762,Epidemic intelligence subnational data
Romania,Braila,RO221,2020-19,-1.04925922298857,Epidemic intelligence subnational data
Romania,Braila,RO221,2020-20,-1.74876537164762,Epidemic intelligence subnational data
Romania,Braila,RO221,2020-21,2.09851844597714,Epidemic intelligence subnational data
Romania,Braila,RO221,2020-22,4.5467899662838,Epidemic intelligence subnational data
Romania,Braila,RO221,2020-23,6.29555533793142,Epidemic intelligence subnational data
Romania,Braila,RO221,2020-24,21.3349375341009,Epidemic intelligence subnational data
Romania,Braila,RO221,2020-25,30.4285174666685,Epidemic intelligence subnational data
Romania,Braila,RO221,2020-26,44.0688873655199,Epidemic intelligence subnational data
Romania,Braila,RO221,2020-27,43.0196281425314,Epidemic intelligence subnational data
Romania,Braila,RO221,2020-28,34.2758012842933,Epidemic intelligence subnational data
Romania,Braila,RO221,2020-29,58.7585164873599,Epidemic intelligence subnational data
Romania,Braila,RO221,2020-30,155.640118076638,Epidemic intelligence subnational data
Romania,Braila,RO221,2020-31,182.571104800011,Epidemic intelligence subnational data
Romania,Braila,RO221,2020-32,128.009625204606,Epidemic intelligence subnational data
Romania,Braila,RO221,2020-33,135.354439765526,Epidemic intelligence subnational data
Romania,Braila,RO221,2020-34,124.162341386981,Epidemic intelligence subnational data
Romania,Braila,RO221,2020-35,137.103205137173,Epidemic intelligence subnational data
Romania,Braila,RO221,2020-36,157.388883448286,Epidemic intelligence subnational data
Romania,Braila,RO221,2020-37,131.157402873571,Epidemic intelligence subnational data
Romania,Braila,RO221,2020-38,100.379132332573,Epidemic intelligence subnational data
Romania,Braila,RO221,2020-39,103.876663075868,Epidemic intelligence subnational data
Romania,Braila,RO221,2020-40,104.925922298857,Epidemic intelligence subnational data
Romania,Braila,RO221,2020-41,130.108143650583,Epidemic intelligence subnational data
Romania,Braila,RO221,2020-42,189.566166286602,Epidemic intelligence subnational data
Romania,Braila,RO221,2020-43,174.177031016103,Epidemic intelligence subnational data
Romania,Braila,RO221,2020-44,158.088389596945,Epidemic intelligence subnational data
Romania,Braila,RO221,2020-45,233.635053652122,Epidemic intelligence subnational data
Romania,Braila,RO221,2020-46,349.403321255194,Epidemic intelligence subnational data
Romania,Braila,RO221,2020-47,403.26529470194,Epidemic intelligence subnational data
Romania,Braila,RO221,2020-48,433.344059094279,Epidemic intelligence subnational data
Romania,Braila,RO221,2020-49,429.496775276655,Epidemic intelligence subnational data
Romania,Braila,RO221,2020-50,429.496775276655,Epidemic intelligence subnational data
Romania,Braila,RO221,2020-51,466.570601155584,Epidemic intelligence subnational data
Romania,Braila,RO221,2020-52,384.728381762476,Epidemic intelligence subnational data
Romania,Braila,RO221,2020-53,259.167028078177,Epidemic intelligence subnational data
Romania,Braila,RO221,2021-01,259.866534226836,Epidemic intelligence subnational data
Romania,Braila,RO221,2021-02,235.03406594944,Epidemic intelligence subnational data
Romania,Braila,RO221,2021-03,136.403698988514,Epidemic intelligence subnational data
Romania,Braila,RO221,2021-04,100.728885406903,Epidemic intelligence subnational data
Romania,Braila,RO221,2021-05,87.0885155080513,Epidemic intelligence subnational data
Romania,Braila,RO221,2021-06,75.1969109808475,Epidemic intelligence subnational data
Romania,Braila,RO221,2021-07,73.0983925348704,Epidemic intelligence subnational data
Romania,Braila,RO221,2021-08,101.428391555562,Epidemic intelligence subnational data
Romania,Braila,RO221,2021-09,141.300242029127,Epidemic intelligence subnational data
Romania,Braila,RO221,2021-10,217.896165307293,Epidemic intelligence subnational data
Romania,Braila,RO221,2021-11,306.733446186992,Epidemic intelligence subnational data
Romania,Braila,RO221,2021-12,348.354062032205,Epidemic intelligence subnational data
Romania,Braila,RO221,2021-13,333.314679836036,Epidemic intelligence subnational data
Romania,Braila,RO221,2021-14,301.13739699772,Epidemic intelligence subnational data
Romania,Braila,RO221,2021-15,260.566040375495,Epidemic intelligence subnational data
Romania,Braila,RO221,2021-16,183.620364023,Epidemic intelligence subnational data
Romania,Braila,RO221,2021-17,123.812588312651,Epidemic intelligence subnational data
Romania,Braila,RO221,2021-18,89.536787028358,Epidemic intelligence subnational data
Romania,Braila,RO221,2021-19,62.9555533793142,Epidemic intelligence subnational data
Romania,Braila,RO221,2021-20,37.7733320275885,Epidemic intelligence subnational data
Romania,Braila,RO221,2021-21,27.9802459463619,Epidemic intelligence subnational data
Romania,Braila,RO221,2021-22,19.9359252367828,Epidemic intelligence subnational data
Romania,Braila,RO221,2021-23,8.04432070957904,Epidemic intelligence subnational data
Romania,Braila,RO221,2021-24,5.24629611494285,Epidemic intelligence subnational data
Romania,Braila,RO221,2021-25,2.44827152030666,Epidemic intelligence subnational data
Romania,Braila,RO221,2021-26,1.39901229731809,Epidemic intelligence subnational data
Romania,Braila,RO221,2021-27,2.09851844597714,Epidemic intelligence subnational data
Romania,Braila,RO221,2021-28,1.39901229731809,Epidemic intelligence subnational data
Romania,Braila,RO221,2021-29,2.44827152030666,Epidemic intelligence subnational data
Romania,Braila,RO221,2021-30,4.5467899662838,Epidemic intelligence subnational data
Romania,Braila,RO221,2021-31,6.99506148659047,Epidemic intelligence subnational data
Romania,Braila,RO221,2021-32,12.9408637501924,Epidemic intelligence subnational data
Romania,Braila,RO221,2021-33,18.8866660137943,Epidemic intelligence subnational data
Romania,Braila,RO221,2021-34,23.0837029057485,Epidemic intelligence subnational data
Romania,Braila,RO221,2021-35,29.7290113180095,Epidemic intelligence subnational data
Romania,Braila,RO221,2021-36,51.0639488521104,Epidemic intelligence subnational data
Romania,Braila,RO221,2021-37,125.561353684299,Epidemic intelligence subnational data
Romania,Braila,RO221,2021-38,242.02912743603,Epidemic intelligence subnational data
Romania,Braila,RO221,2021-39,444.536157472824,Epidemic intelligence subnational data
Romania,Braila,RO221,2021-40,645.99392828663,Epidemic intelligence subnational data
Romania,Braila,RO221,2021-41,927.894906196226,Epidemic intelligence subnational data
Romania,Braila,RO221,2021-42,1116.06206018551,Epidemic intelligence subnational data
Romania,Braila,RO221,2021-43,965.318485149485,Epidemic intelligence subnational data
Romania,Braila,RO221,2021-44,778.550343457519,Epidemic intelligence subnational data
Romania,Braila,RO221,2021-45,551.560598217658,Epidemic intelligence subnational data
Romania,Braila,RO221,2021-46,289.945298619175,Epidemic intelligence subnational data
Romania,Braila,RO221,2021-47,145.497278921082,Epidemic intelligence subnational data
Romania,Braila,RO221,2021-48,97.2313546636075,Epidemic intelligence subnational data
Romania,Braila,RO221,2021-49,79.3939478728018,Epidemic intelligence subnational data
Romania,Braila,RO221,2021-50,146.54653814407,Epidemic intelligence subnational data
Romania,Braila,RO221,2021-51,128.009625204606,Epidemic intelligence subnational data
Romania,Braila,RO221,2021-52,51.0639488521104,Epidemic intelligence subnational data
Romania,Braila,RO221,2022-01,109.82246533947,Epidemic intelligence subnational data
Romania,Braila,RO221,2022-02,183.27061094867,Epidemic intelligence subnational data
Romania,Braila,RO221,2022-03,288.196533247527,Epidemic intelligence subnational data
Romania,Braila,RO221,2022-04,606.821583961723,Epidemic intelligence subnational data
Romania,Buzau,RO222,2020-15,,Epidemic intelligence subnational data
Romania,Buzau,RO222,2020-16,1.22200986406362,Epidemic intelligence subnational data
Romania,Buzau,RO222,2020-17,1.46641183687635,Epidemic intelligence subnational data
Romania,Buzau,RO222,2020-18,7.33205918438174,Epidemic intelligence subnational data
Romania,Buzau,RO222,2020-19,15.3973242872017,Epidemic intelligence subnational data
Romania,Buzau,RO222,2020-20,22.7293834715834,Epidemic intelligence subnational data
Romania,Buzau,RO222,2020-21,19.7965597978307,Epidemic intelligence subnational data
Romania,Buzau,RO222,2020-22,13.9309124503253,Epidemic intelligence subnational data
Romania,Buzau,RO222,2020-23,14.9085203415762,Epidemic intelligence subnational data
Romania,Buzau,RO222,2020-24,33.727472248156,Epidemic intelligence subnational data
Romania,Buzau,RO222,2020-25,50.8356103450467,Epidemic intelligence subnational data
Romania,Buzau,RO222,2020-26,60.367287284743,Epidemic intelligence subnational data
Romania,Buzau,RO222,2020-27,53.279630073174,Epidemic intelligence subnational data
Romania,Buzau,RO222,2020-28,63.3001109584957,Epidemic intelligence subnational data
Romania,Buzau,RO222,2020-29,89.6955240222699,Epidemic intelligence subnational data
Romania,Buzau,RO222,2020-30,99.2272009619662,Epidemic intelligence subnational data
Romania,Buzau,RO222,2020-31,91.1619358591463,Epidemic intelligence subnational data
Romania,Buzau,RO222,2020-32,90.9175338863335,Epidemic intelligence subnational data
Romania,Buzau,RO222,2020-33,124.400604161677,Epidemic intelligence subnational data
Romania,Buzau,RO222,2020-34,122.445388379175,Epidemic intelligence subnational data
Romania,Buzau,RO222,2020-35,94.3391615057117,Epidemic intelligence subnational data
Romania,Buzau,RO222,2020-36,90.6731319135208,Epidemic intelligence subnational data
Romania,Buzau,RO222,2020-37,72.8317878981919,Epidemic intelligence subnational data
Romania,Buzau,RO222,2020-38,42.2815412966013,Epidemic intelligence subnational data
Romania,Buzau,RO222,2020-39,46.4363748344177,Epidemic intelligence subnational data
Romania,Buzau,RO222,2020-40,56.4568557197394,Epidemic intelligence subnational data
Romania,Buzau,RO222,2020-41,77.4754253816337,Epidemic intelligence subnational data
Romania,Buzau,RO222,2020-42,123.911800216051,Epidemic intelligence subnational data
Romania,Buzau,RO222,2020-43,155.19525273608,Epidemic intelligence subnational data
Romania,Buzau,RO222,2020-44,166.682145458278,Epidemic intelligence subnational data
Romania,Buzau,RO222,2020-45,268.353366148372,Epidemic intelligence subnational data
Romania,Buzau,RO222,2020-46,331.653477106867,Epidemic intelligence subnational data
Romania,Buzau,RO222,2020-47,311.368113363411,Epidemic intelligence subnational data
Romania,Buzau,RO222,2020-48,283.261886489948,Epidemic intelligence subnational data
Romania,Buzau,RO222,2020-49,239.51393335647,Epidemic intelligence subnational data
Romania,Buzau,RO222,2020-50,223.872207096456,Epidemic intelligence subnational data
Romania,Buzau,RO222,2020-51,206.030863081127,Epidemic intelligence subnational data
Romania,Buzau,RO222,2020-52,153.728840899204,Epidemic intelligence subnational data
Romania,Buzau,RO222,2020-53,108.758877901662,Epidemic intelligence subnational data
Romania,Buzau,RO222,2021-01,115.846535113231,Epidemic intelligence subnational data
Romania,Buzau,RO222,2021-02,98.0051910979025,Epidemic intelligence subnational data
Romania,Buzau,RO222,2021-03,65.4997287138102,Epidemic intelligence subnational data
Romania,Buzau,RO222,2021-04,60.8560912303684,Epidemic intelligence subnational data
Romania,Buzau,RO222,2021-05,61.8336991216193,Epidemic intelligence subnational data
Romania,Buzau,RO222,2021-06,64.2777188497466,Epidemic intelligence subnational data
Romania,Buzau,RO222,2021-07,70.6321701428774,Epidemic intelligence subnational data
Romania,Buzau,RO222,2021-08,81.1414549738246,Epidemic intelligence subnational data
Romania,Buzau,RO222,2021-09,89.2067200766445,Epidemic intelligence subnational data
Romania,Buzau,RO222,2021-10,109.003279874475,Epidemic intelligence subnational data
Romania,Buzau,RO222,2021-11,138.087114639189,Epidemic intelligence subnational data
Romania,Buzau,RO222,2021-12,168.881763213593,Epidemic intelligence subnational data
Romania,Buzau,RO222,2021-13,209.696892673318,Epidemic intelligence subnational data
Romania,Buzau,RO222,2021-14,208.719284782067,Epidemic intelligence subnational data
Romania,Buzau,RO222,2021-15,170.348175050469,Epidemic intelligence subnational data
Romania,Buzau,RO222,2021-16,127.822231781055,Epidemic intelligence subnational data
Romania,Buzau,RO222,2021-17,87.2515042941427,Epidemic intelligence subnational data
Romania,Buzau,RO222,2021-18,64.0333168769338,Epidemic intelligence subnational data
Romania,Buzau,RO222,2021-19,50.1024044266085,Epidemic intelligence subnational data
Romania,Buzau,RO222,2021-20,34.4606781665942,Epidemic intelligence subnational data
Romania,Buzau,RO222,2021-21,19.0633538793925,Epidemic intelligence subnational data
Romania,Buzau,RO222,2021-22,10.0204808853217,Epidemic intelligence subnational data
Romania,Buzau,RO222,2021-23,5.62124537469266,Epidemic intelligence subnational data
Romania,Buzau,RO222,2021-24,2.93282367375269,Epidemic intelligence subnational data
Romania,Buzau,RO222,2021-25,0.977607891250898,Epidemic intelligence subnational data
Romania,Buzau,RO222,2021-26,0.244401972812725,Epidemic intelligence subnational data
Romania,Buzau,RO222,2021-27,0.733205918438174,Epidemic intelligence subnational data
Romania,Buzau,RO222,2021-28,2.19961775531452,Epidemic intelligence subnational data
Romania,Buzau,RO222,2021-29,3.17722564656542,Epidemic intelligence subnational data
Romania,Buzau,RO222,2021-30,3.42162761937814,Epidemic intelligence subnational data
Romania,Buzau,RO222,2021-31,3.91043156500359,Epidemic intelligence subnational data
Romania,Buzau,RO222,2021-32,6.84325523875629,Epidemic intelligence subnational data
Romania,Buzau,RO222,2021-33,12.9533045590744,Epidemic intelligence subnational data
Romania,Buzau,RO222,2021-34,28.3506288462761,Epidemic intelligence subnational data
Romania,Buzau,RO222,2021-35,39.1043156500359,Epidemic intelligence subnational data
Romania,Buzau,RO222,2021-36,47.6583846984813,Epidemic intelligence subnational data
Romania,Buzau,RO222,2021-37,108.270073956037,Epidemic intelligence subnational data
Romania,Buzau,RO222,2021-38,229.737854443961,Epidemic intelligence subnational data
Romania,Buzau,RO222,2021-39,381.022675615038,Epidemic intelligence subnational data
Romania,Buzau,RO222,2021-40,495.15839691858,Epidemic intelligence subnational data
Romania,Buzau,RO222,2021-41,715.608976395658,Epidemic intelligence subnational data
Romania,Buzau,RO222,2021-42,903.065289543017,Epidemic intelligence subnational data
Romania,Buzau,RO222,2021-43,914.06337831959,Epidemic intelligence subnational data
Romania,Buzau,RO222,2021-44,774.509851843524,Epidemic intelligence subnational data
Romania,Buzau,RO222,2021-45,460.453316779173,Epidemic intelligence subnational data
Romania,Buzau,RO222,2021-46,242.935560975848,Epidemic intelligence subnational data
Romania,Buzau,RO222,2021-47,138.087114639189,Epidemic intelligence subnational data
Romania,Buzau,RO222,2021-48,73.0761898710047,Epidemic intelligence subnational data
Romania,Buzau,RO222,2021-49,66.9661405506865,Epidemic intelligence subnational data
Romania,Buzau,RO222,2021-50,83.3410727291391,Epidemic intelligence subnational data
Romania,Buzau,RO222,2021-51,65.0109247681847,Epidemic intelligence subnational data
Romania,Buzau,RO222,2021-52,43.9923551062904,Epidemic intelligence subnational data
Romania,Buzau,RO222,2022-01,101.426818717281,Epidemic intelligence subnational data
Romania,Buzau,RO222,2022-02,246.112786622414,Epidemic intelligence subnational data
Romania,Buzau,RO222,2022-03,472.429013446997,Epidemic intelligence subnational data
Romania,Buzau,RO222,2022-04,1010.60215758062,Epidemic intelligence subnational data
Romania,Constanta,RO223,2020-15,,Epidemic intelligence subnational data
Romania,Constanta,RO223,2020-16,14.7290304727275,Epidemic intelligence subnational data
Romania,Constanta,RO223,2020-17,9.67057556290189,Epidemic intelligence subnational data
Romania,Constanta,RO223,2020-18,4.76089873865939,Epidemic intelligence subnational data
Romania,Constanta,RO223,2020-19,3.57067405399454,Epidemic intelligence subnational data
Romania,Constanta,RO223,2020-20,2.3804493693297,Epidemic intelligence subnational data
Romania,Constanta,RO223,2020-21,3.57067405399454,Epidemic intelligence subnational data
Romania,Constanta,RO223,2020-22,3.42189596841144,Epidemic intelligence subnational data
Romania,Constanta,RO223,2020-23,3.57067405399454,Epidemic intelligence subnational data
Romania,Constanta,RO223,2020-24,4.76089873865939,Epidemic intelligence subnational data
Romania,Constanta,RO223,2020-25,11.9022468466485,Epidemic intelligence subnational data
Romania,Constanta,RO223,2020-26,20.5313758104686,Epidemic intelligence subnational data
Romania,Constanta,RO223,2020-27,16.6631455853079,Epidemic intelligence subnational data
Romania,Constanta,RO223,2020-28,14.7290304727275,Epidemic intelligence subnational data
Romania,Constanta,RO223,2020-29,24.5483841212125,Epidemic intelligence subnational data
Romania,Constanta,RO223,2020-30,47.9065435577601,Epidemic intelligence subnational data
Romania,Constanta,RO223,2020-31,54.6015574089999,Epidemic intelligence subnational data
Romania,Constanta,RO223,2020-32,48.6504339856757,Epidemic intelligence subnational data
Romania,Constanta,RO223,2020-33,52.0723299540871,Epidemic intelligence subnational data
Romania,Constanta,RO223,2020-34,50.7333271838391,Epidemic intelligence subnational data
Romania,Constanta,RO223,2020-35,50.7333271838391,Epidemic intelligence subnational data
Romania,Constanta,RO223,2020-36,61.1477931746566,Epidemic intelligence subnational data
Romania,Constanta,RO223,2020-37,67.9915851114794,Epidemic intelligence subnational data
Romania,Constanta,RO223,2020-38,59.2136780620762,Epidemic intelligence subnational data
Romania,Constanta,RO223,2020-39,100.871542025346,Epidemic intelligence subnational data
Romania,Constanta,RO223,2020-40,139.702622362536,Epidemic intelligence subnational data
Romania,Constanta,RO223,2020-41,144.017186844447,Epidemic intelligence subnational data
Romania,Constanta,RO223,2020-42,181.06293015464,Epidemic intelligence subnational data
Romania,Constanta,RO223,2020-43,215.877002181087,Epidemic intelligence subnational data
Romania,Constanta,RO223,2020-44,287.290483260978,Epidemic intelligence subnational data
Romania,Constanta,RO223,2020-45,488.289676883754,Epidemic intelligence subnational data
Romania,Constanta,RO223,2020-46,737.046635978707,Epidemic intelligence subnational data
Romania,Constanta,RO223,2020-47,840.447405458966,Epidemic intelligence subnational data
Romania,Constanta,RO223,2020-48,914.985226336102,Epidemic intelligence subnational data
Romania,Constanta,RO223,2020-49,900.55375203454,Epidemic intelligence subnational data
Romania,Constanta,RO223,2020-50,779.894724626641,Epidemic intelligence subnational data
Romania,Constanta,RO223,2020-51,646.738338029762,Epidemic intelligence subnational data
Romania,Constanta,RO223,2020-52,433.539341389171,Epidemic intelligence subnational data
Romania,Constanta,RO223,2020-53,326.121563598168,Epidemic intelligence subnational data
Romania,Constanta,RO223,2021-01,346.206605151888,Epidemic intelligence subnational data
Romania,Constanta,RO223,2021-02,313.177870152438,Epidemic intelligence subnational data
Romania,Constanta,RO223,2021-03,217.067226865752,Epidemic intelligence subnational data
Romania,Constanta,RO223,2021-04,173.028913533152,Epidemic intelligence subnational data
Romania,Constanta,RO223,2021-05,161.573000943253,Epidemic intelligence subnational data
Romania,Constanta,RO223,2021-06,149.819532182188,Epidemic intelligence subnational data
Romania,Constanta,RO223,2021-07,146.992748556109,Epidemic intelligence subnational data
Romania,Constanta,RO223,2021-08,197.726075739948,Epidemic intelligence subnational data
Romania,Constanta,RO223,2021-09,242.210723329297,Epidemic intelligence subnational data
Romania,Constanta,RO223,2021-10,349.18216686355,Epidemic intelligence subnational data
Romania,Constanta,RO223,2021-11,447.226925262817,Epidemic intelligence subnational data
Romania,Constanta,RO223,2021-12,468.502191501201,Epidemic intelligence subnational data
Romania,Constanta,RO223,2021-13,483.082443888345,Epidemic intelligence subnational data
Romania,Constanta,RO223,2021-14,401.552052988803,Epidemic intelligence subnational data
Romania,Constanta,RO223,2021-15,293.390384769885,Epidemic intelligence subnational data
Romania,Constanta,RO223,2021-16,204.272311505605,Epidemic intelligence subnational data
Romania,Constanta,RO223,2021-17,131.2222714843,Epidemic intelligence subnational data
Romania,Constanta,RO223,2021-18,88.9692951786974,Epidemic intelligence subnational data
Romania,Constanta,RO223,2021-19,61.2965712602397,Epidemic intelligence subnational data
Romania,Constanta,RO223,2021-20,38.2359679948582,Epidemic intelligence subnational data
Romania,Constanta,RO223,2021-21,26.3337211482098,Epidemic intelligence subnational data
Romania,Constanta,RO223,2021-22,13.985140044812,Epidemic intelligence subnational data
Romania,Constanta,RO223,2021-23,7.73646045032151,Epidemic intelligence subnational data
Romania,Constanta,RO223,2021-24,5.50478916657492,Epidemic intelligence subnational data
Romania,Constanta,RO223,2021-25,3.27311788282833,Epidemic intelligence subnational data
Romania,Constanta,RO223,2021-26,1.48778085583106,Epidemic intelligence subnational data
Romania,Constanta,RO223,2021-27,1.93411511258038,Epidemic intelligence subnational data
Romania,Constanta,RO223,2021-28,4.61212065307628,Epidemic intelligence subnational data
Romania,Constanta,RO223,2021-29,7.14134810798909,Epidemic intelligence subnational data
Romania,Constanta,RO223,2021-30,16.811923670891,Epidemic intelligence subnational data
Romania,Constanta,RO223,2021-31,26.9288334905422,Epidemic intelligence subnational data
Romania,Constanta,RO223,2021-32,30.4995075445367,Epidemic intelligence subnational data
Romania,Constanta,RO223,2021-33,40.765195449771,Epidemic intelligence subnational data
Romania,Constanta,RO223,2021-34,60.9990150890734,Epidemic intelligence subnational data
Romania,Constanta,RO223,2021-35,92.0936349759426,Epidemic intelligence subnational data
Romania,Constanta,RO223,2021-36,147.587860898441,Epidemic intelligence subnational data
Romania,Constanta,RO223,2021-37,270.776115761253,Epidemic intelligence subnational data
Romania,Constanta,RO223,2021-38,441.275801839492,Epidemic intelligence subnational data
Romania,Constanta,RO223,2021-39,593.327005305427,Epidemic intelligence subnational data
Romania,Constanta,RO223,2021-40,740.766088118285,Epidemic intelligence subnational data
Romania,Constanta,RO223,2021-41,1152.58382901232,Epidemic intelligence subnational data
Romania,Constanta,RO223,2021-42,1279.04520175796,Epidemic intelligence subnational data
Romania,Constanta,RO223,2021-43,959.618652011033,Epidemic intelligence subnational data
Romania,Constanta,RO223,2021-44,745.82454302811,Epidemic intelligence subnational data
Romania,Constanta,RO223,2021-45,474.006980667776,Epidemic intelligence subnational data
Romania,Constanta,RO223,2021-46,262.146986797433,Epidemic intelligence subnational data
Romania,Constanta,RO223,2021-47,180.021483555558,Epidemic intelligence subnational data
Romania,Constanta,RO223,2021-48,116.642019097155,Epidemic intelligence subnational data
Romania,Constanta,RO223,2021-49,80.9352785572096,Epidemic intelligence subnational data
Romania,Constanta,RO223,2021-50,57.8746752918282,Epidemic intelligence subnational data
Romania,Constanta,RO223,2021-51,52.5186642108364,Epidemic intelligence subnational data
Romania,Constanta,RO223,2021-52,111.434786101746,Epidemic intelligence subnational data
Romania,Constanta,RO223,2022-01,334.750692561988,Epidemic intelligence subnational data
Romania,Constanta,RO223,2022-02,639.00187757944,Epidemic intelligence subnational data
Romania,Constanta,RO223,2022-03,1260.44794106007,Epidemic intelligence subnational data
Romania,Constanta,RO223,2022-04,2040.4914437723,Epidemic intelligence subnational data
Romania,Galati,RO224,2020-15,,Epidemic intelligence subnational data
Romania,Galati,RO224,2020-16,31.7864589684794,Epidemic intelligence subnational data
Romania,Galati,RO224,2020-17,26.5886732252061,Epidemic intelligence subnational data
Romania,Galati,RO224,2020-18,28.7877364242833,Epidemic intelligence subnational data
Romania,Galati,RO224,2020-19,31.3866292959199,Epidemic intelligence subnational data
Romania,Galati,RO224,2020-20,22.9902061721707,Epidemic intelligence subnational data
Romania,Galati,RO224,2020-21,10.995315995386,Epidemic intelligence subnational data
Romania,Galati,RO224,2020-22,13.5942088670227,Epidemic intelligence subnational data
Romania,Galati,RO224,2020-23,13.3942940307429,Epidemic intelligence subnational data
Romania,Galati,RO224,2020-24,15.7932720660998,Epidemic intelligence subnational data
Romania,Galati,RO224,2020-25,28.987651260563,Epidemic intelligence subnational data
Romania,Galati,RO224,2020-26,43.7813491452641,Epidemic intelligence subnational data
Romania,Galati,RO224,2020-27,63.7728327732386,Epidemic intelligence subnational data
Romania,Galati,RO224,2020-28,80.7655938570169,Epidemic intelligence subnational data
Romania,Galati,RO224,2020-29,114.351286352014,Epidemic intelligence subnational data
Romania,Galati,RO224,2020-30,135.742173833947,Epidemic intelligence subnational data
Romania,Galati,RO224,2020-31,122.347879803204,Epidemic intelligence subnational data
Romania,Galati,RO224,2020-32,122.547794639484,Epidemic intelligence subnational data
Romania,Galati,RO224,2020-33,126.146261692519,Epidemic intelligence subnational data
Romania,Galati,RO224,2020-34,106.754522573384,Epidemic intelligence subnational data
Romania,Galati,RO224,2020-35,82.9646570560941,Epidemic intelligence subnational data
Romania,Galati,RO224,2020-36,77.9667861491005,Epidemic intelligence subnational data
Romania,Galati,RO224,2020-37,70.9697668793094,Epidemic intelligence subnational data
Romania,Galati,RO224,2020-38,69.5703630253512,Epidemic intelligence subnational data
Romania,Galati,RO224,2020-39,117.35000889621,Epidemic intelligence subnational data
Romania,Galati,RO224,2020-40,127.745580382757,Epidemic intelligence subnational data
Romania,Galati,RO224,2020-41,154.134338771683,Epidemic intelligence subnational data
Romania,Galati,RO224,2020-42,212.909300637928,Epidemic intelligence subnational data
Romania,Galati,RO224,2020-43,200.514580788584,Epidemic intelligence subnational data
Romania,Galati,RO224,2020-44,191.718327992275,Epidemic intelligence subnational data
Romania,Galati,RO224,2020-45,241.097292553372,Epidemic intelligence subnational data
Romania,Galati,RO224,2020-46,331.258883715537,Epidemic intelligence subnational data
Romania,Galati,RO224,2020-47,405.027458302763,Epidemic intelligence subnational data
Romania,Galati,RO224,2020-48,470.799439438799,Epidemic intelligence subnational data
Romania,Galati,RO224,2020-49,533.972527703198,Epidemic intelligence subnational data
Romania,Galati,RO224,2020-50,524.57653039805,Epidemic intelligence subnational data
Romania,Galati,RO224,2020-51,546.966992061382,Epidemic intelligence subnational data
Romania,Galati,RO224,2020-52,484.593563142102,Epidemic intelligence subnational data
Romania,Galati,RO224,2020-53,346.452411272798,Epidemic intelligence subnational data
Romania,Galati,RO224,2021-01,350.050878325833,Epidemic intelligence subnational data
Romania,Galati,RO224,2021-02,315.065781976878,Epidemic intelligence subnational data
Romania,Galati,RO224,2021-03,229.502232049147,Epidemic intelligence subnational data
Romania,Galati,RO224,2021-04,194.517135700192,Epidemic intelligence subnational data
Romania,Galati,RO224,2021-05,164.72982509451,Epidemic intelligence subnational data
Romania,Galati,RO224,2021-06,134.342769979989,Epidemic intelligence subnational data
Romania,Galati,RO224,2021-07,140.93995957722,Epidemic intelligence subnational data
Romania,Galati,RO224,2021-08,178.923778470372,Epidemic intelligence subnational data
Romania,Galati,RO224,2021-09,219.50649023516,Epidemic intelligence subnational data
Romania,Galati,RO224,2021-10,249.493715677122,Epidemic intelligence subnational data
Romania,Galati,RO224,2021-11,313.06663361408,Epidemic intelligence subnational data
Romania,Galati,RO224,2021-12,394.631886816216,Epidemic intelligence subnational data
Romania,Galati,RO224,2021-13,428.217579311213,Epidemic intelligence subnational data
Romania,Galati,RO224,2021-14,382.237166966872,Epidemic intelligence subnational data
Romania,Galati,RO224,2021-15,296.073872530302,Epidemic intelligence subnational data
Romania,Galati,RO224,2021-16,223.904616633314,Epidemic intelligence subnational data
Romania,Galati,RO224,2021-17,142.539278267458,Epidemic intelligence subnational data
Romania,Galati,RO224,2021-18,98.3580994496345,Epidemic intelligence subnational data
Romania,Galati,RO224,2021-19,75.967637786303,Epidemic intelligence subnational data
Romania,Galati,RO224,2021-20,43.7813491452641,Epidemic intelligence subnational data
Romania,Galati,RO224,2021-21,32.3862034773187,Epidemic intelligence subnational data
Romania,Galati,RO224,2021-22,20.9910578093732,Epidemic intelligence subnational data
Romania,Galati,RO224,2021-23,11.7949753405049,Epidemic intelligence subnational data
Romania,Galati,RO224,2021-24,6.19735992467209,Epidemic intelligence subnational data
Romania,Galati,RO224,2021-25,4.59804123443413,Epidemic intelligence subnational data
Romania,Galati,RO224,2021-26,4.39812639815439,Epidemic intelligence subnational data
Romania,Galati,RO224,2021-27,2.99872254419617,Epidemic intelligence subnational data
Romania,Galati,RO224,2021-28,1.7992335265177,Epidemic intelligence subnational data
Romania,Galati,RO224,2021-29,1.59931869023796,Epidemic intelligence subnational data
Romania,Galati,RO224,2021-30,5.19778574327337,Epidemic intelligence subnational data
Romania,Galati,RO224,2021-31,11.7949753405049,Epidemic intelligence subnational data
Romania,Galati,RO224,2021-32,19.591653955415,Epidemic intelligence subnational data
Romania,Galati,RO224,2021-33,28.187991915444,Epidemic intelligence subnational data
Romania,Galati,RO224,2021-34,45.3806678355021,Epidemic intelligence subnational data
Romania,Galati,RO224,2021-35,78.1667009853802,Epidemic intelligence subnational data
Romania,Galati,RO224,2021-36,119.349157259008,Epidemic intelligence subnational data
Romania,Galati,RO224,2021-37,194.916965372751,Epidemic intelligence subnational data
Romania,Galati,RO224,2021-38,320.663397392711,Epidemic intelligence subnational data
Romania,Galati,RO224,2021-39,476.796884527191,Epidemic intelligence subnational data
Romania,Galati,RO224,2021-40,501.78623906216,Epidemic intelligence subnational data
Romania,Galati,RO224,2021-41,846.03958713588,Epidemic intelligence subnational data
Romania,Galati,RO224,2021-42,993.376821474052,Epidemic intelligence subnational data
Romania,Galati,RO224,2021-43,862.832433383379,Epidemic intelligence subnational data
Romania,Galati,RO224,2021-44,917.209268851469,Epidemic intelligence subnational data
Romania,Galati,RO224,2021-45,573.155835614028,Epidemic intelligence subnational data
Romania,Galati,RO224,2021-46,222.505212779356,Epidemic intelligence subnational data
Romania,Galati,RO224,2021-47,144.938256302815,Epidemic intelligence subnational data
Romania,Galati,RO224,2021-48,101.356821993831,Epidemic intelligence subnational data
Romania,Galati,RO224,2021-49,51.9778574327337,Epidemic intelligence subnational data
Romania,Galati,RO224,2021-50,60.7741102290424,Epidemic intelligence subnational data
Romania,Galati,RO224,2021-51,55.5763244857691,Epidemic intelligence subnational data
Romania,Galati,RO224,2021-52,58.9748767025247,Epidemic intelligence subnational data
Romania,Galati,RO224,2022-01,156.53331680704,Epidemic intelligence subnational data
Romania,Galati,RO224,2022-02,332.458372733216,Epidemic intelligence subnational data
Romania,Galati,RO224,2022-03,603.14306105599,Epidemic intelligence subnational data
Romania,Galati,RO224,2022-04,1059.34871744637,Epidemic intelligence subnational data
Romania,Tulcea,RO225,2020-15,,Epidemic intelligence subnational data
Romania,Tulcea,RO225,2020-16,13.0139874336937,Epidemic intelligence subnational data
Romania,Tulcea,RO225,2020-17,10.9317494443027,Epidemic intelligence subnational data
Romania,Tulcea,RO225,2020-18,14.0551064283892,Epidemic intelligence subnational data
Romania,Tulcea,RO225,2020-19,23.9457368779965,Epidemic intelligence subnational data
Romania,Tulcea,RO225,2020-20,27.069093862083,Epidemic intelligence subnational data
Romania,Tulcea,RO225,2020-21,27.5896533594307,Epidemic intelligence subnational data
Romania,Tulcea,RO225,2020-22,20.3018203965622,Epidemic intelligence subnational data
Romania,Tulcea,RO225,2020-23,7.80839246021624,Epidemic intelligence subnational data
Romania,Tulcea,RO225,2020-24,6.76727346552074,Epidemic intelligence subnational data
Romania,Tulcea,RO225,2020-25,7.80839246021624,Epidemic intelligence subnational data
Romania,Tulcea,RO225,2020-26,7.28783296286849,Epidemic intelligence subnational data
Romania,Tulcea,RO225,2020-27,9.37007095225949,Epidemic intelligence subnational data
Romania,Tulcea,RO225,2020-28,13.5345469310415,Epidemic intelligence subnational data
Romania,Tulcea,RO225,2020-29,22.3840583859532,Epidemic intelligence subnational data
Romania,Tulcea,RO225,2020-30,34.8774863222992,Epidemic intelligence subnational data
Romania,Tulcea,RO225,2020-31,35.398045819647,Epidemic intelligence subnational data
Romania,Tulcea,RO225,2020-32,30.7130103435172,Epidemic intelligence subnational data
Romania,Tulcea,RO225,2020-33,47.8914737559929,Epidemic intelligence subnational data
Romania,Tulcea,RO225,2020-34,74.9605676180759,Epidemic intelligence subnational data
Romania,Tulcea,RO225,2020-35,77.0428056074669,Epidemic intelligence subnational data
Romania,Tulcea,RO225,2020-36,66.1110561631642,Epidemic intelligence subnational data
Romania,Tulcea,RO225,2020-37,79.6456030942057,Epidemic intelligence subnational data
Romania,Tulcea,RO225,2020-38,82.2484005809444,Epidemic intelligence subnational data
Romania,Tulcea,RO225,2020-39,99.4268639934201,Epidemic intelligence subnational data
Romania,Tulcea,RO225,2020-40,117.125886903244,Epidemic intelligence subnational data
Romania,Tulcea,RO225,2020-41,118.167005897939,Epidemic intelligence subnational data
Romania,Tulcea,RO225,2020-42,141.07162378124,Epidemic intelligence subnational data
Romania,Tulcea,RO225,2020-43,154.085611214934,Epidemic intelligence subnational data
Romania,Tulcea,RO225,2020-44,166.058479653932,Epidemic intelligence subnational data
Romania,Tulcea,RO225,2020-45,247.786320737529,Epidemic intelligence subnational data
Romania,Tulcea,RO225,2020-46,515.353902374272,Epidemic intelligence subnational data
Romania,Tulcea,RO225,2020-47,635.082586764254,Epidemic intelligence subnational data
Romania,Tulcea,RO225,2020-48,618.945242346474,Epidemic intelligence subnational data
Romania,Tulcea,RO225,2020-49,579.382720548045,Epidemic intelligence subnational data
Romania,Tulcea,RO225,2020-50,457.571798168672,Epidemic intelligence subnational data
Romania,Tulcea,RO225,2020-51,425.817668830459,Epidemic intelligence subnational data
Romania,Tulcea,RO225,2020-52,338.363673276037,Epidemic intelligence subnational data
Romania,Tulcea,RO225,2020-53,244.142404256094,Epidemic intelligence subnational data
Romania,Tulcea,RO225,2021-01,220.196667378098,Epidemic intelligence subnational data
Romania,Tulcea,RO225,2021-02,193.648133013363,Epidemic intelligence subnational data
Romania,Tulcea,RO225,2021-03,154.085611214934,Epidemic intelligence subnational data
Romania,Tulcea,RO225,2021-04,114.523089416505,Epidemic intelligence subnational data
Romania,Tulcea,RO225,2021-05,83.8100790729877,Epidemic intelligence subnational data
Romania,Tulcea,RO225,2021-06,75.4811271154237,Epidemic intelligence subnational data
Romania,Tulcea,RO225,2021-07,93.7007095225949,Epidemic intelligence subnational data
Romania,Tulcea,RO225,2021-08,112.440851427114,Epidemic intelligence subnational data
Romania,Tulcea,RO225,2021-09,136.907147802458,Epidemic intelligence subnational data
Romania,Tulcea,RO225,2021-10,158.250087193716,Epidemic intelligence subnational data
Romania,Tulcea,RO225,2021-11,207.703239441752,Epidemic intelligence subnational data
Romania,Tulcea,RO225,2021-12,302.96562745639,Epidemic intelligence subnational data
Romania,Tulcea,RO225,2021-13,302.96562745639,Epidemic intelligence subnational data
Romania,Tulcea,RO225,2021-14,266.526462642048,Epidemic intelligence subnational data
Romania,Tulcea,RO225,2021-15,228.525619335662,Epidemic intelligence subnational data
Romania,Tulcea,RO225,2021-16,148.880016241456,Epidemic intelligence subnational data
Romania,Tulcea,RO225,2021-17,97.3446260040291,Epidemic intelligence subnational data
Romania,Tulcea,RO225,2021-18,73.9194486233804,Epidemic intelligence subnational data
Romania,Tulcea,RO225,2021-19,70.2755321419462,Epidemic intelligence subnational data
Romania,Tulcea,RO225,2021-20,61.9465801843822,Epidemic intelligence subnational data
Romania,Tulcea,RO225,2021-21,39.0419623010812,Epidemic intelligence subnational data
Romania,Tulcea,RO225,2021-22,14.0551064283892,Epidemic intelligence subnational data
Romania,Tulcea,RO225,2021-23,4.16447597878199,Epidemic intelligence subnational data
Romania,Tulcea,RO225,2021-24,3.1233569840865,Epidemic intelligence subnational data
Romania,Tulcea,RO225,2021-25,3.1233569840865,Epidemic intelligence subnational data
Romania,Tulcea,RO225,2021-26,1.0411189946955,Epidemic intelligence subnational data
Romania,Tulcea,RO225,2021-27,2.60279748673875,Epidemic intelligence subnational data
Romania,Tulcea,RO225,2021-28,2.60279748673875,Epidemic intelligence subnational data
Romania,Tulcea,RO225,2021-29,3.1233569840865,Epidemic intelligence subnational data
Romania,Tulcea,RO225,2021-30,6.76727346552074,Epidemic intelligence subnational data
Romania,Tulcea,RO225,2021-31,9.37007095225949,Epidemic intelligence subnational data
Romania,Tulcea,RO225,2021-32,11.4523089416505,Epidemic intelligence subnational data
Romania,Tulcea,RO225,2021-33,17.6990229098235,Epidemic intelligence subnational data
Romania,Tulcea,RO225,2021-34,34.3569268249515,Epidemic intelligence subnational data
Romania,Tulcea,RO225,2021-35,48.9325927506884,Epidemic intelligence subnational data
Romania,Tulcea,RO225,2021-36,64.0288181737732,Epidemic intelligence subnational data
Romania,Tulcea,RO225,2021-37,109.317494443027,Epidemic intelligence subnational data
Romania,Tulcea,RO225,2021-38,203.53876346297,Epidemic intelligence subnational data
Romania,Tulcea,RO225,2021-39,381.5701115559,Epidemic intelligence subnational data
Romania,Tulcea,RO225,2021-40,533.052925284095,Epidemic intelligence subnational data
Romania,Tulcea,RO225,2021-41,763.660782609148,Epidemic intelligence subnational data
Romania,Tulcea,RO225,2021-42,936.486535728601,Epidemic intelligence subnational data
Romania,Tulcea,RO225,2021-43,835.497993243138,Epidemic intelligence subnational data
Romania,Tulcea,RO225,2021-44,668.918954091858,Epidemic intelligence subnational data
Romania,Tulcea,RO225,2021-45,452.366203195194,Epidemic intelligence subnational data
Romania,Tulcea,RO225,2021-46,242.060166266703,Epidemic intelligence subnational data
Romania,Tulcea,RO225,2021-47,120.24924388733,Epidemic intelligence subnational data
Romania,Tulcea,RO225,2021-48,63.5082586764254,Epidemic intelligence subnational data
Romania,Tulcea,RO225,2021-49,48.9325927506884,Epidemic intelligence subnational data
Romania,Tulcea,RO225,2021-50,67.1521751578597,Epidemic intelligence subnational data
Romania,Tulcea,RO225,2021-51,57.7821042056002,Epidemic intelligence subnational data
Romania,Tulcea,RO225,2021-52,45.8092357666019,Epidemic intelligence subnational data
Romania,Tulcea,RO225,2022-01,143.674421267979,Epidemic intelligence subnational data
Romania,Tulcea,RO225,2022-02,350.336541715035,Epidemic intelligence subnational data
Romania,Tulcea,RO225,2022-03,809.990577873098,Epidemic intelligence subnational data
Romania,Tulcea,RO225,2022-04,1357.61916908293,Epidemic intelligence subnational data
Romania,Vrancea,RO226,2020-15,,Epidemic intelligence subnational data
Romania,Vrancea,RO226,2020-16,38.1021957571158,Epidemic intelligence subnational data
Romania,Vrancea,RO226,2020-17,28.9702645426005,Epidemic intelligence subnational data
Romania,Vrancea,RO226,2020-18,55.4213756467139,Epidemic intelligence subnational data
Romania,Vrancea,RO226,2020-19,67.0724602997163,Epidemic intelligence subnational data
Romania,Vrancea,RO226,2020-20,39.9915608359811,Epidemic intelligence subnational data
Romania,Vrancea,RO226,2020-21,37.1575132176832,Epidemic intelligence subnational data
Romania,Vrancea,RO226,2020-22,36.2128306782506,Epidemic intelligence subnational data
Romania,Vrancea,RO226,2020-23,37.1575132176832,Epidemic intelligence subnational data
Romania,Vrancea,RO226,2020-24,49.7532804101182,Epidemic intelligence subnational data
Romania,Vrancea,RO226,2020-25,75.8894973344208,Epidemic intelligence subnational data
Romania,Vrancea,RO226,2020-26,82.5022751104491,Epidemic intelligence subnational data
Romania,Vrancea,RO226,2020-27,64.8682010410402,Epidemic intelligence subnational data
Romania,Vrancea,RO226,2020-28,68.0171428391489,Epidemic intelligence subnational data
Romania,Vrancea,RO226,2020-29,79.3533333123404,Epidemic intelligence subnational data
Romania,Vrancea,RO226,2020-30,127.532142823404,Epidemic intelligence subnational data
Romania,Vrancea,RO226,2020-31,134.459814779243,Epidemic intelligence subnational data
Romania,Vrancea,RO226,2020-32,122.178941766619,Epidemic intelligence subnational data
Romania,Vrancea,RO226,2020-33,125.95767192435,Epidemic intelligence subnational data
Romania,Vrancea,RO226,2020-34,85.6512169085579,Epidemic intelligence subnational data
Romania,Vrancea,RO226,2020-35,56.3660581861466,Epidemic intelligence subnational data
Romania,Vrancea,RO226,2020-36,48.4937036908747,Epidemic intelligence subnational data
Romania,Vrancea,RO226,2020-37,45.3447618927659,Epidemic intelligence subnational data
Romania,Vrancea,RO226,2020-38,43.1405026340898,Epidemic intelligence subnational data
Romania,Vrancea,RO226,2020-39,47.2341269716312,Epidemic intelligence subnational data
Romania,Vrancea,RO226,2020-40,51.9575396687943,Epidemic intelligence subnational data
Romania,Vrancea,RO226,2020-41,87.5405819874231,Epidemic intelligence subnational data
Romania,Vrancea,RO226,2020-42,113.991693091537,Epidemic intelligence subnational data
Romania,Vrancea,RO226,2020-43,115.25126981078,Epidemic intelligence subnational data
Romania,Vrancea,RO226,2020-44,142.017275094704,Epidemic intelligence subnational data
Romania,Vrancea,RO226,2020-45,218.536560788747,Epidemic intelligence subnational data
Romania,Vrancea,RO226,2020-46,294.426058123168,Epidemic intelligence subnational data
Romania,Vrancea,RO226,2020-47,307.021825315603,Epidemic intelligence subnational data
Romania,Vrancea,RO226,2020-48,310.800555473333,Epidemic intelligence subnational data
Romania,Vrancea,RO226,2020-49,343.234655993853,Epidemic intelligence subnational data
Romania,Vrancea,RO226,2020-50,285.609021088463,Epidemic intelligence subnational data
Romania,Vrancea,RO226,2020-51,221.685502586856,Epidemic intelligence subnational data
Romania,Vrancea,RO226,2020-52,189.251402066336,Epidemic intelligence subnational data
Romania,Vrancea,RO226,2020-53,113.361904731915,Epidemic intelligence subnational data
Romania,Vrancea,RO226,2021-01,105.489550236643,Epidemic intelligence subnational data
Romania,Vrancea,RO226,2021-02,113.047010552104,Epidemic intelligence subnational data
Romania,Vrancea,RO226,2021-03,93.5235714038298,Epidemic intelligence subnational data
Romania,Vrancea,RO226,2021-04,79.9831216719621,Epidemic intelligence subnational data
Romania,Vrancea,RO226,2021-05,65.8128835804728,Epidemic intelligence subnational data
Romania,Vrancea,RO226,2021-06,62.9788359621749,Epidemic intelligence subnational data
Romania,Vrancea,RO226,2021-07,76.5192856940425,Epidemic intelligence subnational data
Romania,Vrancea,RO226,2021-08,105.804444416454,Epidemic intelligence subnational data
Romania,Vrancea,RO226,2021-09,129.73640208208,Epidemic intelligence subnational data
Romania,Vrancea,RO226,2021-10,142.332169274515,Epidemic intelligence subnational data
Romania,Vrancea,RO226,2021-11,162.800290962222,Epidemic intelligence subnational data
Romania,Vrancea,RO226,2021-12,168.153492019007,Epidemic intelligence subnational data
Romania,Vrancea,RO226,2021-13,177.285423233522,Epidemic intelligence subnational data
Romania,Vrancea,RO226,2021-14,183.58330682974,Epidemic intelligence subnational data
Romania,Vrancea,RO226,2021-15,163.744973501655,Epidemic intelligence subnational data
Romania,Vrancea,RO226,2021-16,133.20023806,Epidemic intelligence subnational data
Romania,Vrancea,RO226,2021-17,96.6725132019385,Epidemic intelligence subnational data
Romania,Vrancea,RO226,2021-18,72.740555536312,Epidemic intelligence subnational data
Romania,Vrancea,RO226,2021-19,55.1064814669031,Epidemic intelligence subnational data
Romania,Vrancea,RO226,2021-20,34.9532539590071,Epidemic intelligence subnational data
Romania,Vrancea,RO226,2021-21,18.8936507886525,Epidemic intelligence subnational data
Romania,Vrancea,RO226,2021-22,9.44682539432624,Epidemic intelligence subnational data
Romania,Vrancea,RO226,2021-23,6.92767195583924,Epidemic intelligence subnational data
Romania,Vrancea,RO226,2021-24,4.09362433754137,Epidemic intelligence subnational data
Romania,Vrancea,RO226,2021-25,1.2595767192435,Epidemic intelligence subnational data
Romania,Vrancea,RO226,2021-26,0,Epidemic intelligence subnational data
Romania,Vrancea,RO226,2021-27,0,Epidemic intelligence subnational data
Romania,Vrancea,RO226,2021-28,0.314894179810875,Epidemic intelligence subnational data
Romania,Vrancea,RO226,2021-29,1.57447089905437,Epidemic intelligence subnational data
Romania,Vrancea,RO226,2021-30,1.57447089905437,Epidemic intelligence subnational data
Romania,Vrancea,RO226,2021-31,2.20425925867612,Epidemic intelligence subnational data
Romania,Vrancea,RO226,2021-32,10.3915079337589,Epidemic intelligence subnational data
Romania,Vrancea,RO226,2021-33,19.5234391482742,Epidemic intelligence subnational data
Romania,Vrancea,RO226,2021-34,32.1192063407092,Epidemic intelligence subnational data
Romania,Vrancea,RO226,2021-35,68.0171428391489,Epidemic intelligence subnational data
Romania,Vrancea,RO226,2021-36,102.025714258723,Epidemic intelligence subnational data
Romania,Vrancea,RO226,2021-37,153.668359747707,Epidemic intelligence subnational data
Romania,Vrancea,RO226,2021-38,231.447222160993,Epidemic intelligence subnational data
Romania,Vrancea,RO226,2021-39,351.421904668936,Epidemic intelligence subnational data
Romania,Vrancea,RO226,2021-40,445.260370252577,Epidemic intelligence subnational data
Romania,Vrancea,RO226,2021-41,565.23505276052,Epidemic intelligence subnational data
Romania,Vrancea,RO226,2021-42,690.562936325248,Epidemic intelligence subnational data
Romania,Vrancea,RO226,2021-43,622.230899306288,Epidemic intelligence subnational data
Romania,Vrancea,RO226,2021-44,493.754073943451,Epidemic intelligence subnational data
Romania,Vrancea,RO226,2021-45,326.230370284066,Epidemic intelligence subnational data
Romania,Vrancea,RO226,2021-46,161.85560842279,Epidemic intelligence subnational data
Romania,Vrancea,RO226,2021-47,91.9491005047754,Epidemic intelligence subnational data
Romania,Vrancea,RO226,2021-48,49.7532804101182,Epidemic intelligence subnational data
Romania,Vrancea,RO226,2021-49,31.1745238012766,Epidemic intelligence subnational data
Romania,Vrancea,RO226,2021-50,41.8809259148463,Epidemic intelligence subnational data
Romania,Vrancea,RO226,2021-51,46.2894444321986,Epidemic intelligence subnational data
Romania,Vrancea,RO226,2021-52,50.6979629495508,Epidemic intelligence subnational data
Romania,Vrancea,RO226,2022-01,117.770423249267,Epidemic intelligence subnational data
Romania,Vrancea,RO226,2022-02,254.434497287187,Epidemic intelligence subnational data
Romania,Vrancea,RO226,2022-03,456.281666545957,Epidemic intelligence subnational data
Romania,Vrancea,RO226,2022-04,842.6568251739,Epidemic intelligence subnational data
Romania,Arges,RO311,2020-15,,Epidemic intelligence subnational data
Romania,Arges,RO311,2020-16,13.3906755682777,Epidemic intelligence subnational data
Romania,Arges,RO311,2020-17,12.5211511807272,Epidemic intelligence subnational data
Romania,Arges,RO311,2020-18,8.86914875301508,Epidemic intelligence subnational data
Romania,Arges,RO311,2020-19,8.17352924297468,Epidemic intelligence subnational data
Romania,Arges,RO311,2020-20,10.0864828955858,Epidemic intelligence subnational data
Romania,Arges,RO311,2020-21,9.91257801807567,Epidemic intelligence subnational data
Romania,Arges,RO311,2020-22,7.99962436546458,Epidemic intelligence subnational data
Romania,Arges,RO311,2020-23,8.52133899799488,Epidemic intelligence subnational data
Romania,Arges,RO311,2020-24,19.129536526111,Epidemic intelligence subnational data
Romania,Arges,RO311,2020-25,38.7807876847522,Epidemic intelligence subnational data
Romania,Arges,RO311,2020-26,81.5613875522367,Epidemic intelligence subnational data
Romania,Arges,RO311,2020-27,90.4305363052518,Epidemic intelligence subnational data
Romania,Arges,RO311,2020-28,111.125216728954,Epidemic intelligence subnational data
Romania,Arges,RO311,2020-29,199.294989626574,Epidemic intelligence subnational data
Romania,Arges,RO311,2020-30,265.378843080412,Epidemic intelligence subnational data
Romania,Arges,RO311,2020-31,248.857879716952,Epidemic intelligence subnational data
Romania,Arges,RO311,2020-32,199.294989626574,Epidemic intelligence subnational data
Romania,Arges,RO311,2020-33,183.643550650665,Epidemic intelligence subnational data
Romania,Arges,RO311,2020-34,130.080848377554,Epidemic intelligence subnational data
Romania,Arges,RO311,2020-35,65.2143290662873,Epidemic intelligence subnational data
Romania,Arges,RO311,2020-36,52.8670827630703,Epidemic intelligence subnational data
Romania,Arges,RO311,2020-37,45.9108876626663,Epidemic intelligence subnational data
Romania,Arges,RO311,2020-38,32.5202120943886,Epidemic intelligence subnational data
Romania,Arges,RO311,2020-39,40.172026704833,Epidemic intelligence subnational data
Romania,Arges,RO311,2020-40,39.4764071947926,Epidemic intelligence subnational data
Romania,Arges,RO311,2020-41,52.5192730080501,Epidemic intelligence subnational data
Romania,Arges,RO311,2020-42,97.0389216506355,Epidemic intelligence subnational data
Romania,Arges,RO311,2020-43,137.732662987999,Epidemic intelligence subnational data
Romania,Arges,RO311,2020-44,215.120333479993,Epidemic intelligence subnational data
Romania,Arges,RO311,2020-45,360.852620833457,Epidemic intelligence subnational data
Romania,Arges,RO311,2020-46,497.889664311415,Epidemic intelligence subnational data
Romania,Arges,RO311,2020-47,598.928398144783,Epidemic intelligence subnational data
Romania,Arges,RO311,2020-48,666.229585741191,Epidemic intelligence subnational data
Romania,Arges,RO311,2020-49,588.320200616667,Epidemic intelligence subnational data
Romania,Arges,RO311,2020-50,451.804871771239,Epidemic intelligence subnational data
Romania,Arges,RO311,2020-51,383.460254909769,Epidemic intelligence subnational data
Romania,Arges,RO311,2020-52,285.030094239053,Epidemic intelligence subnational data
Romania,Arges,RO311,2020-53,199.816704259104,Epidemic intelligence subnational data
Romania,Arges,RO311,2021-01,198.947179871554,Epidemic intelligence subnational data
Romania,Arges,RO311,2021-02,160.166392186802,Epidemic intelligence subnational data
Romania,Arges,RO311,2021-03,97.0389216506355,Epidemic intelligence subnational data
Romania,Arges,RO311,2021-04,86.7785338775397,Epidemic intelligence subnational data
Romania,Arges,RO311,2021-05,80.1701485321559,Epidemic intelligence subnational data
Romania,Arges,RO311,2021-06,69.3880461265297,Epidemic intelligence subnational data
Romania,Arges,RO311,2021-07,72.3444290442014,Epidemic intelligence subnational data
Romania,Arges,RO311,2021-08,92.3434899578628,Epidemic intelligence subnational data
Romania,Arges,RO311,2021-09,123.646367909681,Epidemic intelligence subnational data
Romania,Arges,RO311,2021-10,166.426967777165,Epidemic intelligence subnational data
Romania,Arges,RO311,2021-11,216.859382255094,Epidemic intelligence subnational data
Romania,Arges,RO311,2021-12,261.55293577519,Epidemic intelligence subnational data
Romania,Arges,RO311,2021-13,294.247052747088,Epidemic intelligence subnational data
Romania,Arges,RO311,2021-14,286.769143014154,Epidemic intelligence subnational data
Romania,Arges,RO311,2021-15,229.554438313331,Epidemic intelligence subnational data
Romania,Arges,RO311,2021-16,164.514014124554,Epidemic intelligence subnational data
Romania,Arges,RO311,2021-17,124.515892297231,Epidemic intelligence subnational data
Romania,Arges,RO311,2021-18,111.820836238994,Epidemic intelligence subnational data
Romania,Arges,RO311,2021-19,89.2132021626811,Epidemic intelligence subnational data
Romania,Arges,RO311,2021-20,54.6061315381713,Epidemic intelligence subnational data
Romania,Arges,RO311,2021-21,34.4331657469997,Epidemic intelligence subnational data
Romania,Arges,RO311,2021-22,22.781538953823,Epidemic intelligence subnational data
Romania,Arges,RO311,2021-23,16.3470584859494,Epidemic intelligence subnational data
Romania,Arges,RO311,2021-24,10.0864828955858,Epidemic intelligence subnational data
Romania,Arges,RO311,2021-25,6.26057559036358,Epidemic intelligence subnational data
Romania,Arges,RO311,2021-26,5.39105120281308,Epidemic intelligence subnational data
Romania,Arges,RO311,2021-27,3.65200242771209,Epidemic intelligence subnational data
Romania,Arges,RO311,2021-28,2.95638291767169,Epidemic intelligence subnational data
Romania,Arges,RO311,2021-29,3.13028779518179,Epidemic intelligence subnational data
Romania,Arges,RO311,2021-30,3.99981218273229,Epidemic intelligence subnational data
Romania,Arges,RO311,2021-31,6.08667071285348,Epidemic intelligence subnational data
Romania,Arges,RO311,2021-32,14.6080097108484,Epidemic intelligence subnational data
Romania,Arges,RO311,2021-33,21.3902999337422,Epidemic intelligence subnational data
Romania,Arges,RO311,2021-34,22.9554438313331,Epidemic intelligence subnational data
Romania,Arges,RO311,2021-35,40.5198364598532,Epidemic intelligence subnational data
Romania,Arges,RO311,2021-36,64.3448046787368,Epidemic intelligence subnational data
Romania,Arges,RO311,2021-37,118.429221584378,Epidemic intelligence subnational data
Romania,Arges,RO311,2021-38,226.94586515068,Epidemic intelligence subnational data
Romania,Arges,RO311,2021-39,407.285223128653,Epidemic intelligence subnational data
Romania,Arges,RO311,2021-40,513.888913042344,Epidemic intelligence subnational data
Romania,Arges,RO311,2021-41,838.39541447619,Epidemic intelligence subnational data
Romania,Arges,RO311,2021-42,1104.46987706664,Epidemic intelligence subnational data
Romania,Arges,RO311,2021-43,1083.25348201041,Epidemic intelligence subnational data
Romania,Arges,RO311,2021-44,881.349919221185,Epidemic intelligence subnational data
Romania,Arges,RO311,2021-45,495.107186271253,Epidemic intelligence subnational data
Romania,Arges,RO311,2021-46,285.030094239053,Epidemic intelligence subnational data
Romania,Arges,RO311,2021-47,172.687543367529,Epidemic intelligence subnational data
Romania,Arges,RO311,2021-48,105.0385460161,Epidemic intelligence subnational data
Romania,Arges,RO311,2021-49,65.7360436988176,Epidemic intelligence subnational data
Romania,Arges,RO311,2021-50,86.0829143674993,Epidemic intelligence subnational data
Romania,Arges,RO311,2021-51,76.865955859464,Epidemic intelligence subnational data
Romania,Arges,RO311,2021-52,51.3019388654794,Epidemic intelligence subnational data
Romania,Arges,RO311,2022-01,119.298745971928,Epidemic intelligence subnational data
Romania,Arges,RO311,2022-02,248.162260206912,Epidemic intelligence subnational data
Romania,Arges,RO311,2022-03,554.060939747177,Epidemic intelligence subnational data
Romania,Arges,RO311,2022-04,1155.07619642208,Epidemic intelligence subnational data
Romania,Calarasi,RO312,2020-15,,Epidemic intelligence subnational data
Romania,Calarasi,RO312,2020-16,4.28186061116424,Epidemic intelligence subnational data
Romania,Calarasi,RO312,2020-17,2.49775202317914,Epidemic intelligence subnational data
Romania,Calarasi,RO312,2020-18,5.3523257639553,Epidemic intelligence subnational data
Romania,Calarasi,RO312,2020-19,5.70914748155232,Epidemic intelligence subnational data
Romania,Calarasi,RO312,2020-20,4.63868232876126,Epidemic intelligence subnational data
Romania,Calarasi,RO312,2020-21,8.20689950473146,Epidemic intelligence subnational data
Romania,Calarasi,RO312,2020-22,8.56372122232848,Epidemic intelligence subnational data
Romania,Calarasi,RO312,2020-23,6.06596919914934,Epidemic intelligence subnational data
Romania,Calarasi,RO312,2020-24,13.2024035510897,Epidemic intelligence subnational data
Romania,Calarasi,RO312,2020-25,16.0569772918659,Epidemic intelligence subnational data
Romania,Calarasi,RO312,2020-26,14.9865121390748,Epidemic intelligence subnational data
Romania,Calarasi,RO312,2020-27,12.1319383982987,Epidemic intelligence subnational data
Romania,Calarasi,RO312,2020-28,12.8455818334927,Epidemic intelligence subnational data
Romania,Calarasi,RO312,2020-29,21.4093030558212,Epidemic intelligence subnational data
Romania,Calarasi,RO312,2020-30,23.9070550790003,Epidemic intelligence subnational data
Romania,Calarasi,RO312,2020-31,27.4752722549705,Epidemic intelligence subnational data
Romania,Calarasi,RO312,2020-32,28.1889156901646,Epidemic intelligence subnational data
Romania,Calarasi,RO312,2020-33,36.038993477299,Epidemic intelligence subnational data
Romania,Calarasi,RO312,2020-34,48.8845753107917,Epidemic intelligence subnational data
Romania,Calarasi,RO312,2020-35,44.9595364172245,Epidemic intelligence subnational data
Romania,Calarasi,RO312,2020-36,44.2458929820305,Epidemic intelligence subnational data
Romania,Calarasi,RO312,2020-37,48.5277535931947,Epidemic intelligence subnational data
Romania,Calarasi,RO312,2020-38,48.1709318755977,Epidemic intelligence subnational data
Romania,Calarasi,RO312,2020-39,52.4527924867619,Epidemic intelligence subnational data
Romania,Calarasi,RO312,2020-40,58.5187616859113,Epidemic intelligence subnational data
Romania,Calarasi,RO312,2020-41,85.9940339408818,Epidemic intelligence subnational data
Romania,Calarasi,RO312,2020-42,134.878609251674,Epidemic intelligence subnational data
Romania,Calarasi,RO312,2020-43,163.424346659435,Epidemic intelligence subnational data
Romania,Calarasi,RO312,2020-44,181.265432539286,Epidemic intelligence subnational data
Romania,Calarasi,RO312,2020-45,340.05109686996,Epidemic intelligence subnational data
Romania,Calarasi,RO312,2020-46,461.01365913535,Epidemic intelligence subnational data
Romania,Calarasi,RO312,2020-47,436.392960621155,Epidemic intelligence subnational data
Romania,Calarasi,RO312,2020-48,485.277535931947,Epidemic intelligence subnational data
Romania,Calarasi,RO312,2020-49,468.506915204887,Epidemic intelligence subnational data
Romania,Calarasi,RO312,2020-50,381.799237828811,Epidemic intelligence subnational data
Romania,Calarasi,RO312,2020-51,326.135049883676,Epidemic intelligence subnational data
Romania,Calarasi,RO312,2020-52,236.572798766824,Epidemic intelligence subnational data
Romania,Calarasi,RO312,2020-53,180.194967386495,Epidemic intelligence subnational data
Romania,Calarasi,RO312,2021-01,186.260936585644,Epidemic intelligence subnational data
Romania,Calarasi,RO312,2021-02,157.358377460286,Epidemic intelligence subnational data
Romania,Calarasi,RO312,2021-03,108.473802149494,Epidemic intelligence subnational data
Romania,Calarasi,RO312,2021-04,111.32837589027,Epidemic intelligence subnational data
Romania,Calarasi,RO312,2021-05,102.407832950345,Epidemic intelligence subnational data
Romania,Calarasi,RO312,2021-06,84.2099253528967,Epidemic intelligence subnational data
Romania,Calarasi,RO312,2021-07,83.1394602001056,Epidemic intelligence subnational data
Romania,Calarasi,RO312,2021-08,83.4962819177027,Epidemic intelligence subnational data
Romania,Calarasi,RO312,2021-09,109.544267302285,Epidemic intelligence subnational data
Romania,Calarasi,RO312,2021-10,156.644734025092,Epidemic intelligence subnational data
Romania,Calarasi,RO312,2021-11,221.586286627749,Epidemic intelligence subnational data
Romania,Calarasi,RO312,2021-12,266.545823044974,Epidemic intelligence subnational data
Romania,Calarasi,RO312,2021-13,254.770706364272,Epidemic intelligence subnational data
Romania,Calarasi,RO312,2021-14,205.88613105348,Epidemic intelligence subnational data
Romania,Calarasi,RO312,2021-15,159.142486048271,Epidemic intelligence subnational data
Romania,Calarasi,RO312,2021-16,118.107988524614,Epidemic intelligence subnational data
Romania,Calarasi,RO312,2021-17,84.5667470704937,Epidemic intelligence subnational data
Romania,Calarasi,RO312,2021-18,65.6551960378517,Epidemic intelligence subnational data
Romania,Calarasi,RO312,2021-19,46.7436450052096,Epidemic intelligence subnational data
Romania,Calarasi,RO312,2021-20,27.1184505373735,Epidemic intelligence subnational data
Romania,Calarasi,RO312,2021-21,15.3433338566719,Epidemic intelligence subnational data
Romania,Calarasi,RO312,2021-22,10.7046515279106,Epidemic intelligence subnational data
Romania,Calarasi,RO312,2021-23,5.3523257639553,Epidemic intelligence subnational data
Romania,Calarasi,RO312,2021-24,4.99550404635828,Epidemic intelligence subnational data
Romania,Calarasi,RO312,2021-25,3.21139545837318,Epidemic intelligence subnational data
Romania,Calarasi,RO312,2021-26,0.71364343519404,Epidemic intelligence subnational data
Romania,Calarasi,RO312,2021-27,1.07046515279106,Epidemic intelligence subnational data
Romania,Calarasi,RO312,2021-28,1.7841085879851,Epidemic intelligence subnational data
Romania,Calarasi,RO312,2021-29,3.5682171759702,Epidemic intelligence subnational data
Romania,Calarasi,RO312,2021-30,12.4887601158957,Epidemic intelligence subnational data
Romania,Calarasi,RO312,2021-31,26.4048071021795,Epidemic intelligence subnational data
Romania,Calarasi,RO312,2021-32,36.7526369124931,Epidemic intelligence subnational data
Romania,Calarasi,RO312,2021-33,51.7391490515679,Epidemic intelligence subnational data
Romania,Calarasi,RO312,2021-34,70.6507000842099,Epidemic intelligence subnational data
Romania,Calarasi,RO312,2021-35,76.3598475657622,Epidemic intelligence subnational data
Romania,Calarasi,RO312,2021-36,105.619228408718,Epidemic intelligence subnational data
Romania,Calarasi,RO312,2021-37,207.670239641466,Epidemic intelligence subnational data
Romania,Calarasi,RO312,2021-38,338.266988281975,Epidemic intelligence subnational data
Romania,Calarasi,RO312,2021-39,445.670325278678,Epidemic intelligence subnational data
Romania,Calarasi,RO312,2021-40,550.575910252202,Epidemic intelligence subnational data
Romania,Calarasi,RO312,2021-41,748.255141800951,Epidemic intelligence subnational data
Romania,Calarasi,RO312,2021-42,896.336154603714,Epidemic intelligence subnational data
Romania,Calarasi,RO312,2021-43,770.734910009563,Epidemic intelligence subnational data
Romania,Calarasi,RO312,2021-44,503.118621811798,Epidemic intelligence subnational data
Romania,Calarasi,RO312,2021-45,276.893652855287,Epidemic intelligence subnational data
Romania,Calarasi,RO312,2021-46,143.442330474002,Epidemic intelligence subnational data
Romania,Calarasi,RO312,2021-47,100.980546079957,Epidemic intelligence subnational data
Romania,Calarasi,RO312,2021-48,69.2234132138218,Epidemic intelligence subnational data
Romania,Calarasi,RO312,2021-49,30.6866677133437,Epidemic intelligence subnational data
Romania,Calarasi,RO312,2021-50,22.8365899262093,Epidemic intelligence subnational data
Romania,Calarasi,RO312,2021-51,20.3388379030301,Epidemic intelligence subnational data
Romania,Calarasi,RO312,2021-52,24.2638767965974,Epidemic intelligence subnational data
Romania,Calarasi,RO312,2022-01,68.1529480610308,Epidemic intelligence subnational data
Romania,Calarasi,RO312,2022-02,151.649229978733,Epidemic intelligence subnational data
Romania,Calarasi,RO312,2022-03,355.751252444229,Epidemic intelligence subnational data
Romania,Calarasi,RO312,2022-04,767.880336268787,Epidemic intelligence subnational data
Romania,Dambovita,RO313,2020-15,,Epidemic intelligence subnational data
Romania,Dambovita,RO313,2020-16,12.7280005748129,Epidemic intelligence subnational data
Romania,Dambovita,RO313,2020-17,13.3438715703684,Epidemic intelligence subnational data
Romania,Dambovita,RO313,2020-18,6.56929061925829,Epidemic intelligence subnational data
Romania,Dambovita,RO313,2020-19,11.496258583702,Epidemic intelligence subnational data
Romania,Dambovita,RO313,2020-20,24.0189688266631,Epidemic intelligence subnational data
Romania,Dambovita,RO313,2020-21,23.8136784948113,Epidemic intelligence subnational data
Romania,Dambovita,RO313,2020-22,11.7015489155538,Epidemic intelligence subnational data
Romania,Dambovita,RO313,2020-23,10.8803875881465,Epidemic intelligence subnational data
Romania,Dambovita,RO313,2020-24,15.8073555525903,Epidemic intelligence subnational data
Romania,Dambovita,RO313,2020-25,23.8136784948113,Epidemic intelligence subnational data
Romania,Dambovita,RO313,2020-26,38.7998727199943,Epidemic intelligence subnational data
Romania,Dambovita,RO313,2020-27,53.3754862814736,Epidemic intelligence subnational data
Romania,Dambovita,RO313,2020-28,87.4536813688759,Epidemic intelligence subnational data
Romania,Dambovita,RO313,2020-29,114.141424509613,Epidemic intelligence subnational data
Romania,Dambovita,RO313,2020-30,159.921168512569,Epidemic intelligence subnational data
Romania,Dambovita,RO313,2020-31,162.179362162939,Epidemic intelligence subnational data
Romania,Dambovita,RO313,2020-32,133.233425371832,Epidemic intelligence subnational data
Romania,Dambovita,RO313,2020-33,131.796393048869,Epidemic intelligence subnational data
Romania,Dambovita,RO313,2020-34,98.5393592888743,Epidemic intelligence subnational data
Romania,Dambovita,RO313,2020-35,84.9901973866541,Epidemic intelligence subnational data
Romania,Dambovita,RO313,2020-36,97.5129076296152,Epidemic intelligence subnational data
Romania,Dambovita,RO313,2020-37,93.8176816562824,Epidemic intelligence subnational data
Romania,Dambovita,RO313,2020-38,76.5732937807294,Epidemic intelligence subnational data
Romania,Dambovita,RO313,2020-39,95.8705849748006,Epidemic intelligence subnational data
Romania,Dambovita,RO313,2020-40,106.545682231095,Epidemic intelligence subnational data
Romania,Dambovita,RO313,2020-41,144.113812959979,Epidemic intelligence subnational data
Romania,Dambovita,RO313,2020-42,235.468010634039,Epidemic intelligence subnational data
Romania,Dambovita,RO313,2020-43,295.207497202919,Epidemic intelligence subnational data
Romania,Dambovita,RO313,2020-44,300.750336162918,Epidemic intelligence subnational data
Romania,Dambovita,RO313,2020-45,380.402984921425,Epidemic intelligence subnational data
Romania,Dambovita,RO313,2020-46,475.452408568818,Epidemic intelligence subnational data
Romania,Dambovita,RO313,2020-47,507.888281001406,Epidemic intelligence subnational data
Romania,Dambovita,RO313,2020-48,474.015376245856,Epidemic intelligence subnational data
Romania,Dambovita,RO313,2020-49,400.932018106607,Epidemic intelligence subnational data
Romania,Dambovita,RO313,2020-50,353.92053211254,Epidemic intelligence subnational data
Romania,Dambovita,RO313,2020-51,323.742853330322,Epidemic intelligence subnational data
Romania,Dambovita,RO313,2020-52,261.745173111072,Epidemic intelligence subnational data
Romania,Dambovita,RO313,2020-53,206.932654506636,Epidemic intelligence subnational data
Romania,Dambovita,RO313,2021-01,227.461687691818,Epidemic intelligence subnational data
Romania,Dambovita,RO313,2021-02,194.820524927379,Epidemic intelligence subnational data
Romania,Dambovita,RO313,2021-03,145.550845282941,Epidemic intelligence subnational data
Romania,Dambovita,RO313,2021-04,140.008006322942,Epidemic intelligence subnational data
Romania,Dambovita,RO313,2021-05,121.121295792575,Epidemic intelligence subnational data
Romania,Dambovita,RO313,2021-06,102.234585262207,Epidemic intelligence subnational data
Romania,Dambovita,RO313,2021-07,128.51174773924,Epidemic intelligence subnational data
Romania,Dambovita,RO313,2021-08,164.232265481457,Epidemic intelligence subnational data
Romania,Dambovita,RO313,2021-09,189.277685967379,Epidemic intelligence subnational data
Romania,Dambovita,RO313,2021-10,231.772784660706,Epidemic intelligence subnational data
Romania,Dambovita,RO313,2021-11,278.578980322922,Epidemic intelligence subnational data
Romania,Dambovita,RO313,2021-12,292.538722888846,Epidemic intelligence subnational data
Romania,Dambovita,RO313,2021-13,265.029818420701,Epidemic intelligence subnational data
Romania,Dambovita,RO313,2021-14,207.137944838488,Epidemic intelligence subnational data
Romania,Dambovita,RO313,2021-15,144.113812959979,Epidemic intelligence subnational data
Romania,Dambovita,RO313,2021-16,101.618714266652,Epidemic intelligence subnational data
Romania,Dambovita,RO313,2021-17,76.3680034488776,Epidemic intelligence subnational data
Romania,Dambovita,RO313,2021-18,58.9183252414728,Epidemic intelligence subnational data
Romania,Dambovita,RO313,2021-19,44.1374213481416,Epidemic intelligence subnational data
Romania,Dambovita,RO313,2021-20,25.4560011496259,Epidemic intelligence subnational data
Romania,Dambovita,RO313,2021-21,12.9332909066648,Epidemic intelligence subnational data
Romania,Dambovita,RO313,2021-22,10.0592262607393,Epidemic intelligence subnational data
Romania,Dambovita,RO313,2021-23,6.97987128296193,Epidemic intelligence subnational data
Romania,Dambovita,RO313,2021-24,4.72167763259189,Epidemic intelligence subnational data
Romania,Dambovita,RO313,2021-25,3.28464530962914,Epidemic intelligence subnational data
Romania,Dambovita,RO313,2021-26,1.23174199111093,Epidemic intelligence subnational data
Romania,Dambovita,RO313,2021-27,0.821161327407286,Epidemic intelligence subnational data
Romania,Dambovita,RO313,2021-28,1.43703232296275,Epidemic intelligence subnational data
Romania,Dambovita,RO313,2021-29,2.66877431407368,Epidemic intelligence subnational data
Romania,Dambovita,RO313,2021-30,5.13225829629554,Epidemic intelligence subnational data
Romania,Dambovita,RO313,2021-31,11.0856779199984,Epidemic intelligence subnational data
Romania,Dambovita,RO313,2021-32,17.6549685392566,Epidemic intelligence subnational data
Romania,Dambovita,RO313,2021-33,24.6348398222186,Epidemic intelligence subnational data
Romania,Dambovita,RO313,2021-34,28.9459367911068,Epidemic intelligence subnational data
Romania,Dambovita,RO313,2021-35,39.8263243792534,Epidemic intelligence subnational data
Romania,Dambovita,RO313,2021-36,76.3680034488776,Epidemic intelligence subnational data
Romania,Dambovita,RO313,2021-37,127.690586411833,Epidemic intelligence subnational data
Romania,Dambovita,RO313,2021-38,203.853299528859,Epidemic intelligence subnational data
Romania,Dambovita,RO313,2021-39,340.37137021032,Epidemic intelligence subnational data
Romania,Dambovita,RO313,2021-40,486.538086488817,Epidemic intelligence subnational data
Romania,Dambovita,RO313,2021-41,799.400552230993,Epidemic intelligence subnational data
Romania,Dambovita,RO313,2021-42,1005.92262607393,Epidemic intelligence subnational data
Romania,Dambovita,RO313,2021-43,913.952557404309,Epidemic intelligence subnational data
Romania,Dambovita,RO313,2021-44,688.133192367306,Epidemic intelligence subnational data
Romania,Dambovita,RO313,2021-45,396.210340474015,Epidemic intelligence subnational data
Romania,Dambovita,RO313,2021-46,227.051107028115,Epidemic intelligence subnational data
Romania,Dambovita,RO313,2021-47,142.471490305164,Epidemic intelligence subnational data
Romania,Dambovita,RO313,2021-48,95.8705849748006,Epidemic intelligence subnational data
Romania,Dambovita,RO313,2021-49,60.3553575644355,Epidemic intelligence subnational data
Romania,Dambovita,RO313,2021-50,38.5945823881424,Epidemic intelligence subnational data
Romania,Dambovita,RO313,2021-51,36.9522597333279,Epidemic intelligence subnational data
Romania,Dambovita,RO313,2021-52,57.0707122548064,Epidemic intelligence subnational data
Romania,Dambovita,RO313,2022-01,140.213296654794,Epidemic intelligence subnational data
Romania,Dambovita,RO313,2022-02,291.512271229586,Epidemic intelligence subnational data
Romania,Dambovita,RO313,2022-03,502.345442041407,Epidemic intelligence subnational data
Romania,Dambovita,RO313,2022-04,954.60004311097,Epidemic intelligence subnational data
Romania,Giurgiu,RO314,2020-15,,Epidemic intelligence subnational data
Romania,Giurgiu,RO314,2020-16,27.7289250673281,Epidemic intelligence subnational data
Romania,Giurgiu,RO314,2020-17,19.7521110068639,Epidemic intelligence subnational data
Romania,Giurgiu,RO314,2020-18,14.8140832551479,Epidemic intelligence subnational data
Romania,Giurgiu,RO314,2020-19,29.6281665102958,Epidemic intelligence subnational data
Romania,Giurgiu,RO314,2020-20,22.4110490270186,Epidemic intelligence subnational data
Romania,Giurgiu,RO314,2020-21,2.65893802015475,Epidemic intelligence subnational data
Romania,Giurgiu,RO314,2020-22,6.07757261749657,Epidemic intelligence subnational data
Romania,Giurgiu,RO314,2020-23,7.97681406046425,Epidemic intelligence subnational data
Romania,Giurgiu,RO314,2020-24,9.49620721483839,Epidemic intelligence subnational data
Romania,Giurgiu,RO314,2020-25,9.11635892624486,Epidemic intelligence subnational data
Romania,Giurgiu,RO314,2020-26,7.97681406046425,Epidemic intelligence subnational data
Romania,Giurgiu,RO314,2020-27,7.97681406046425,Epidemic intelligence subnational data
Romania,Giurgiu,RO314,2020-28,9.11635892624486,Epidemic intelligence subnational data
Romania,Giurgiu,RO314,2020-29,18.9924144296768,Epidemic intelligence subnational data
Romania,Giurgiu,RO314,2020-30,38.3646771479471,Epidemic intelligence subnational data
Romania,Giurgiu,RO314,2020-31,40.2639185909148,Epidemic intelligence subnational data
Romania,Giurgiu,RO314,2020-32,33.0468011076376,Epidemic intelligence subnational data
Romania,Giurgiu,RO314,2020-33,49.7601258057532,Epidemic intelligence subnational data
Romania,Giurgiu,RO314,2020-34,58.116788154811,Epidemic intelligence subnational data
Romania,Giurgiu,RO314,2020-35,50.8996706715338,Epidemic intelligence subnational data
Romania,Giurgiu,RO314,2020-36,72.5510231213653,Epidemic intelligence subnational data
Romania,Giurgiu,RO314,2020-37,83.9464717791714,Epidemic intelligence subnational data
Romania,Giurgiu,RO314,2020-38,62.6749676179334,Epidemic intelligence subnational data
Romania,Giurgiu,RO314,2020-39,73.3107196985524,Epidemic intelligence subnational data
Romania,Giurgiu,RO314,2020-40,87.3651063765132,Epidemic intelligence subnational data
Romania,Giurgiu,RO314,2020-41,96.8613135913516,Epidemic intelligence subnational data
Romania,Giurgiu,RO314,2020-42,139.784170202421,Epidemic intelligence subnational data
Romania,Giurgiu,RO314,2020-43,150.41992228304,Epidemic intelligence subnational data
Romania,Giurgiu,RO314,2020-44,161.435522652253,Epidemic intelligence subnational data
Romania,Giurgiu,RO314,2020-45,267.033346881256,Epidemic intelligence subnational data
Romania,Giurgiu,RO314,2020-46,336.165735405279,Epidemic intelligence subnational data
Romania,Giurgiu,RO314,2020-47,464.934305238488,Epidemic intelligence subnational data
Romania,Giurgiu,RO314,2020-48,463.794760372707,Epidemic intelligence subnational data
Romania,Giurgiu,RO314,2020-49,424.290538358979,Epidemic intelligence subnational data
Romania,Giurgiu,RO314,2020-50,449.360525406153,Epidemic intelligence subnational data
Romania,Giurgiu,RO314,2020-51,407.577213660864,Epidemic intelligence subnational data
Romania,Giurgiu,RO314,2020-52,345.661942620118,Epidemic intelligence subnational data
Romania,Giurgiu,RO314,2020-53,213.094889900974,Epidemic intelligence subnational data
Romania,Giurgiu,RO314,2021-01,234.746242350805,Epidemic intelligence subnational data
Romania,Giurgiu,RO314,2021-02,206.637468994883,Epidemic intelligence subnational data
Romania,Giurgiu,RO314,2021-03,140.923715068202,Epidemic intelligence subnational data
Romania,Giurgiu,RO314,2021-04,132.567052719144,Epidemic intelligence subnational data
Romania,Giurgiu,RO314,2021-05,84.7061683563585,Epidemic intelligence subnational data
Romania,Giurgiu,RO314,2021-06,74.450264564333,Epidemic intelligence subnational data
Romania,Giurgiu,RO314,2021-07,90.7837409738551,Epidemic intelligence subnational data
Romania,Giurgiu,RO314,2021-08,143.202804799763,Epidemic intelligence subnational data
Romania,Giurgiu,RO314,2021-09,233.606697485025,Epidemic intelligence subnational data
Romania,Giurgiu,RO314,2021-10,291.343637351242,Epidemic intelligence subnational data
Romania,Giurgiu,RO314,2021-11,326.669528190441,Epidemic intelligence subnational data
Romania,Giurgiu,RO314,2021-12,362.755115606827,Epidemic intelligence subnational data
Romania,Giurgiu,RO314,2021-13,343.76270117715,Epidemic intelligence subnational data
Romania,Giurgiu,RO314,2021-14,290.204092485461,Epidemic intelligence subnational data
Romania,Giurgiu,RO314,2021-15,210.435951880819,Epidemic intelligence subnational data
Romania,Giurgiu,RO314,2021-16,132.567052719144,Epidemic intelligence subnational data
Romania,Giurgiu,RO314,2021-17,88.1248029537003,Epidemic intelligence subnational data
Romania,Giurgiu,RO314,2021-18,62.2951193293399,Epidemic intelligence subnational data
Romania,Giurgiu,RO314,2021-19,46.7213394970049,Epidemic intelligence subnational data
Romania,Giurgiu,RO314,2021-20,28.4886216445152,Epidemic intelligence subnational data
Romania,Giurgiu,RO314,2021-21,18.2327178524897,Epidemic intelligence subnational data
Romania,Giurgiu,RO314,2021-22,11.0156003692125,Epidemic intelligence subnational data
Romania,Giurgiu,RO314,2021-23,6.07757261749657,Epidemic intelligence subnational data
Romania,Giurgiu,RO314,2021-24,3.03878630874829,Epidemic intelligence subnational data
Romania,Giurgiu,RO314,2021-25,3.41863459734182,Epidemic intelligence subnational data
Romania,Giurgiu,RO314,2021-26,3.79848288593536,Epidemic intelligence subnational data
Romania,Giurgiu,RO314,2021-27,2.27908973156122,Epidemic intelligence subnational data
Romania,Giurgiu,RO314,2021-28,1.51939315437414,Epidemic intelligence subnational data
Romania,Giurgiu,RO314,2021-29,1.89924144296768,Epidemic intelligence subnational data
Romania,Giurgiu,RO314,2021-30,5.3178760403095,Epidemic intelligence subnational data
Romania,Giurgiu,RO314,2021-31,9.49620721483839,Epidemic intelligence subnational data
Romania,Giurgiu,RO314,2021-32,9.87605550343193,Epidemic intelligence subnational data
Romania,Giurgiu,RO314,2021-33,22.7908973156122,Epidemic intelligence subnational data
Romania,Giurgiu,RO314,2021-34,47.8608843627855,Epidemic intelligence subnational data
Romania,Giurgiu,RO314,2021-35,82.0472303362037,Epidemic intelligence subnational data
Romania,Giurgiu,RO314,2021-36,129.148418121802,Epidemic intelligence subnational data
Romania,Giurgiu,RO314,2021-37,212.335193323787,Epidemic intelligence subnational data
Romania,Giurgiu,RO314,2021-38,371.111777955884,Epidemic intelligence subnational data
Romania,Giurgiu,RO314,2021-39,476.709602184887,Epidemic intelligence subnational data
Romania,Giurgiu,RO314,2021-40,616.113924098715,Epidemic intelligence subnational data
Romania,Giurgiu,RO314,2021-41,945.442390309311,Epidemic intelligence subnational data
Romania,Giurgiu,RO314,2021-42,1099.66079547829,Epidemic intelligence subnational data
Romania,Giurgiu,RO314,2021-43,992.923426383502,Epidemic intelligence subnational data
Romania,Giurgiu,RO314,2021-44,666.253898193062,Epidemic intelligence subnational data
Romania,Giurgiu,RO314,2021-45,321.351652150131,Epidemic intelligence subnational data
Romania,Giurgiu,RO314,2021-46,187.265206276613,Epidemic intelligence subnational data
Romania,Giurgiu,RO314,2021-47,194.102475471297,Epidemic intelligence subnational data
Romania,Giurgiu,RO314,2021-48,209.296407015038,Epidemic intelligence subnational data
Romania,Giurgiu,RO314,2021-49,97.6210101685387,Epidemic intelligence subnational data
Romania,Giurgiu,RO314,2021-50,40.2639185909148,Epidemic intelligence subnational data
Romania,Giurgiu,RO314,2021-51,41.0236151681019,Epidemic intelligence subnational data
Romania,Giurgiu,RO314,2021-52,37.60498057076,Epidemic intelligence subnational data
Romania,Giurgiu,RO314,2022-01,79.0084440274554,Epidemic intelligence subnational data
Romania,Giurgiu,RO314,2022-02,189.924144296768,Epidemic intelligence subnational data
Romania,Giurgiu,RO314,2022-03,372.631171110259,Epidemic intelligence subnational data
Romania,Giurgiu,RO314,2022-04,630.548159065269,Epidemic intelligence subnational data
Romania,Ialomita,RO315,2020-15,,Epidemic intelligence subnational data
Romania,Ialomita,RO315,2020-16,24.3705902006643,Epidemic intelligence subnational data
Romania,Ialomita,RO315,2020-17,21.6190719522022,Epidemic intelligence subnational data
Romania,Ialomita,RO315,2020-18,49.1342544368232,Epidemic intelligence subnational data
Romania,Ialomita,RO315,2020-19,51.4926986497907,Epidemic intelligence subnational data
Romania,Ialomita,RO315,2020-20,27.515182484621,Epidemic intelligence subnational data
Romania,Ialomita,RO315,2020-21,22.798294058686,Epidemic intelligence subnational data
Romania,Ialomita,RO315,2020-22,11.399147029343,Epidemic intelligence subnational data
Romania,Ialomita,RO315,2020-23,22.0121459876968,Epidemic intelligence subnational data
Romania,Ialomita,RO315,2020-24,14.1506652778051,Epidemic intelligence subnational data
Romania,Ialomita,RO315,2020-25,1.96537017747293,Epidemic intelligence subnational data
Romania,Ialomita,RO315,2020-26,12.1852951003322,Epidemic intelligence subnational data
Romania,Ialomita,RO315,2020-27,15.7229614197834,Epidemic intelligence subnational data
Romania,Ialomita,RO315,2020-28,44.0242919753936,Epidemic intelligence subnational data
Romania,Ialomita,RO315,2020-29,58.5680312886932,Epidemic intelligence subnational data
Romania,Ialomita,RO315,2020-30,67.2156600695741,Epidemic intelligence subnational data
Romania,Ialomita,RO315,2020-31,64.464141821112,Epidemic intelligence subnational data
Romania,Ialomita,RO315,2020-32,44.8104400463827,Epidemic intelligence subnational data
Romania,Ialomita,RO315,2020-33,47.1688842593503,Epidemic intelligence subnational data
Romania,Ialomita,RO315,2020-34,38.1281814429748,Epidemic intelligence subnational data
Romania,Ialomita,RO315,2020-35,32.232070910556,Epidemic intelligence subnational data
Romania,Ialomita,RO315,2020-36,45.2035140818773,Epidemic intelligence subnational data
Romania,Ialomita,RO315,2020-37,46.7758102238557,Epidemic intelligence subnational data
Romania,Ialomita,RO315,2020-38,55.4234390047365,Epidemic intelligence subnational data
Romania,Ialomita,RO315,2020-39,64.8572158566066,Epidemic intelligence subnational data
Romania,Ialomita,RO315,2020-40,75.0771407794658,Epidemic intelligence subnational data
Romania,Ialomita,RO315,2020-41,113.598396257935,Epidemic intelligence subnational data
Romania,Ialomita,RO315,2020-42,162.732650694758,Epidemic intelligence subnational data
Romania,Ialomita,RO315,2020-43,185.924018788939,Epidemic intelligence subnational data
Romania,Ialomita,RO315,2020-44,191.820129321358,Epidemic intelligence subnational data
Romania,Ialomita,RO315,2020-45,334.899078241387,Epidemic intelligence subnational data
Romania,Ialomita,RO315,2020-46,455.572807138225,Epidemic intelligence subnational data
Romania,Ialomita,RO315,2020-47,473.654212770975,Epidemic intelligence subnational data
Romania,Ialomita,RO315,2020-48,510.603172107466,Epidemic intelligence subnational data
Romania,Ialomita,RO315,2020-49,490.163322261748,Epidemic intelligence subnational data
Romania,Ialomita,RO315,2020-50,410.369293056347,Epidemic intelligence subnational data
Romania,Ialomita,RO315,2020-51,406.045478665907,Epidemic intelligence subnational data
Romania,Ialomita,RO315,2020-52,337.650596489849,Epidemic intelligence subnational data
Romania,Ialomita,RO315,2020-53,225.624496373892,Epidemic intelligence subnational data
Romania,Ialomita,RO315,2021-01,229.555236728838,Epidemic intelligence subnational data
Romania,Ialomita,RO315,2021-02,180.02790825652,Epidemic intelligence subnational data
Romania,Ialomita,RO315,2021-03,116.742988541892,Epidemic intelligence subnational data
Romania,Ialomita,RO315,2021-04,121.852951003322,Epidemic intelligence subnational data
Romania,Ialomita,RO315,2021-05,132.85902399717,Epidemic intelligence subnational data
Romania,Ialomita,RO315,2021-06,111.239952044968,Epidemic intelligence subnational data
Romania,Ialomita,RO315,2021-07,101.413101157603,Epidemic intelligence subnational data
Romania,Ialomita,RO315,2021-08,117.529136612881,Epidemic intelligence subnational data
Romania,Ialomita,RO315,2021-09,139.541282600578,Epidemic intelligence subnational data
Romania,Ialomita,RO315,2021-10,172.559501582123,Epidemic intelligence subnational data
Romania,Ialomita,RO315,2021-11,223.266052160925,Epidemic intelligence subnational data
Romania,Ialomita,RO315,2021-12,275.15182484621,Epidemic intelligence subnational data
Romania,Ialomita,RO315,2021-13,325.465301389517,Epidemic intelligence subnational data
Romania,Ialomita,RO315,2021-14,293.233230478961,Epidemic intelligence subnational data
Romania,Ialomita,RO315,2021-15,196.537017747293,Epidemic intelligence subnational data
Romania,Ialomita,RO315,2021-16,142.29280084904,Epidemic intelligence subnational data
Romania,Ialomita,RO315,2021-17,96.696212731668,Epidemic intelligence subnational data
Romania,Ialomita,RO315,2021-18,57.7818832177041,Epidemic intelligence subnational data
Romania,Ialomita,RO315,2021-19,36.948959336491,Epidemic intelligence subnational data
Romania,Ialomita,RO315,2021-20,24.3705902006643,Epidemic intelligence subnational data
Romania,Ialomita,RO315,2021-21,18.4744796682455,Epidemic intelligence subnational data
Romania,Ialomita,RO315,2021-22,13.7575912423105,Epidemic intelligence subnational data
Romania,Ialomita,RO315,2021-23,13.7575912423105,Epidemic intelligence subnational data
Romania,Ialomita,RO315,2021-24,8.25455474538629,Epidemic intelligence subnational data
Romania,Ialomita,RO315,2021-25,1.96537017747293,Epidemic intelligence subnational data
Romania,Ialomita,RO315,2021-26,1.57229614197834,Epidemic intelligence subnational data
Romania,Ialomita,RO315,2021-27,1.96537017747293,Epidemic intelligence subnational data
Romania,Ialomita,RO315,2021-28,1.17922210648376,Epidemic intelligence subnational data
Romania,Ialomita,RO315,2021-29,2.35844421296751,Epidemic intelligence subnational data
Romania,Ialomita,RO315,2021-30,5.5030364969242,Epidemic intelligence subnational data
Romania,Ialomita,RO315,2021-31,10.2199249228592,Epidemic intelligence subnational data
Romania,Ialomita,RO315,2021-32,18.4744796682455,Epidemic intelligence subnational data
Romania,Ialomita,RO315,2021-33,24.3705902006643,Epidemic intelligence subnational data
Romania,Ialomita,RO315,2021-34,29.4805526620939,Epidemic intelligence subnational data
Romania,Ialomita,RO315,2021-35,46.7758102238557,Epidemic intelligence subnational data
Romania,Ialomita,RO315,2021-36,80.9732513118846,Epidemic intelligence subnational data
Romania,Ialomita,RO315,2021-37,177.276390008058,Epidemic intelligence subnational data
Romania,Ialomita,RO315,2021-38,335.685226312376,Epidemic intelligence subnational data
Romania,Ialomita,RO315,2021-39,503.134765433069,Epidemic intelligence subnational data
Romania,Ialomita,RO315,2021-40,682.3765256186,Epidemic intelligence subnational data
Romania,Ialomita,RO315,2021-41,1047.93537862857,Epidemic intelligence subnational data
Romania,Ialomita,RO315,2021-42,1162.71299699298,Epidemic intelligence subnational data
Romania,Ialomita,RO315,2021-43,966.96212731668,Epidemic intelligence subnational data
Romania,Ialomita,RO315,2021-44,757.060592362572,Epidemic intelligence subnational data
Romania,Ialomita,RO315,2021-45,430.022994831077,Epidemic intelligence subnational data
Romania,Ialomita,RO315,2021-46,238.202865509719,Epidemic intelligence subnational data
Romania,Ialomita,RO315,2021-47,147.795837345964,Epidemic intelligence subnational data
Romania,Ialomita,RO315,2021-48,73.1117706019929,Epidemic intelligence subnational data
Romania,Ialomita,RO315,2021-49,44.0242919753936,Epidemic intelligence subnational data
Romania,Ialomita,RO315,2021-50,39.7004775849531,Epidemic intelligence subnational data
Romania,Ialomita,RO315,2021-51,36.948959336491,Epidemic intelligence subnational data
Romania,Ialomita,RO315,2021-52,42.0589217979206,Epidemic intelligence subnational data
Romania,Ialomita,RO315,2022-01,126.569839429257,Epidemic intelligence subnational data
Romania,Ialomita,RO315,2022-02,237.809791474224,Epidemic intelligence subnational data
Romania,Ialomita,RO315,2022-03,350.62203966117,Epidemic intelligence subnational data
Romania,Ialomita,RO315,2022-04,615.553939584521,Epidemic intelligence subnational data
Romania,Prahova,RO316,2020-15,,Epidemic intelligence subnational data
Romania,Prahova,RO316,2020-16,2.10541977157599,Epidemic intelligence subnational data
Romania,Prahova,RO316,2020-17,4.07047822504692,Epidemic intelligence subnational data
Romania,Prahova,RO316,2020-18,2.94758768020639,Epidemic intelligence subnational data
Romania,Prahova,RO316,2020-19,1.40361318105066,Epidemic intelligence subnational data
Romania,Prahova,RO316,2020-20,1.40361318105066,Epidemic intelligence subnational data
Romania,Prahova,RO316,2020-21,3.08794899831145,Epidemic intelligence subnational data
Romania,Prahova,RO316,2020-22,4.49156217936211,Epidemic intelligence subnational data
Romania,Prahova,RO316,2020-23,3.22831031641652,Epidemic intelligence subnational data
Romania,Prahova,RO316,2020-24,8.7024017225141,Epidemic intelligence subnational data
Romania,Prahova,RO316,2020-25,16.4222742182927,Epidemic intelligence subnational data
Romania,Prahova,RO316,2020-26,32.2831031641652,Epidemic intelligence subnational data
Romania,Prahova,RO316,2020-27,52.4951329712947,Epidemic intelligence subnational data
Romania,Prahova,RO316,2020-28,61.618618648124,Epidemic intelligence subnational data
Romania,Prahova,RO316,2020-29,79.8655900017826,Epidemic intelligence subnational data
Romania,Prahova,RO316,2020-30,133.343252199813,Epidemic intelligence subnational data
Romania,Prahova,RO316,2020-31,142.045653922327,Epidemic intelligence subnational data
Romania,Prahova,RO316,2020-32,133.062529563603,Epidemic intelligence subnational data
Romania,Prahova,RO316,2020-33,161.415515820826,Epidemic intelligence subnational data
Romania,Prahova,RO316,2020-34,162.257683729456,Epidemic intelligence subnational data
Romania,Prahova,RO316,2020-35,132.220361654972,Epidemic intelligence subnational data
Romania,Prahova,RO316,2020-36,108.780021531426,Epidemic intelligence subnational data
Romania,Prahova,RO316,2020-37,114.254112937524,Epidemic intelligence subnational data
Romania,Prahova,RO316,2020-38,98.8143679459665,Epidemic intelligence subnational data
Romania,Prahova,RO316,2020-39,110.043273394372,Epidemic intelligence subnational data
Romania,Prahova,RO316,2020-40,130.676387155817,Epidemic intelligence subnational data
Romania,Prahova,RO316,2020-41,175.872731585648,Epidemic intelligence subnational data
Romania,Prahova,RO316,2020-42,268.791924171202,Epidemic intelligence subnational data
Romania,Prahova,RO316,2020-43,300.653943381052,Epidemic intelligence subnational data
Romania,Prahova,RO316,2020-44,257.843741359006,Epidemic intelligence subnational data
Romania,Prahova,RO316,2020-45,538.145293614823,Epidemic intelligence subnational data
Romania,Prahova,RO316,2020-46,740.405953004223,Epidemic intelligence subnational data
Romania,Prahova,RO316,2020-47,602.992222579364,Epidemic intelligence subnational data
Romania,Prahova,RO316,2020-48,563.691053509945,Epidemic intelligence subnational data
Romania,Prahova,RO316,2020-49,464.034517655348,Epidemic intelligence subnational data
Romania,Prahova,RO316,2020-50,359.184613030864,Epidemic intelligence subnational data
Romania,Prahova,RO316,2020-51,322.690670323547,Epidemic intelligence subnational data
Romania,Prahova,RO316,2020-52,251.808204680489,Epidemic intelligence subnational data
Romania,Prahova,RO316,2020-53,174.749841040807,Epidemic intelligence subnational data
Romania,Prahova,RO316,2021-01,166.328161954503,Epidemic intelligence subnational data
Romania,Prahova,RO316,2021-02,152.993836734522,Epidemic intelligence subnational data
Romania,Prahova,RO316,2021-03,116.780616663415,Epidemic intelligence subnational data
Romania,Prahova,RO316,2021-04,110.604718666792,Epidemic intelligence subnational data
Romania,Prahova,RO316,2021-05,104.288459352064,Epidemic intelligence subnational data
Romania,Prahova,RO316,2021-06,87.5854624975612,Epidemic intelligence subnational data
Romania,Prahova,RO316,2021-07,80.9884805466231,Epidemic intelligence subnational data
Romania,Prahova,RO316,2021-08,88.8487143605068,Epidemic intelligence subnational data
Romania,Prahova,RO316,2021-09,103.446291443434,Epidemic intelligence subnational data
Romania,Prahova,RO316,2021-10,141.203486013696,Epidemic intelligence subnational data
Romania,Prahova,RO316,2021-11,192.01428316773,Epidemic intelligence subnational data
Romania,Prahova,RO316,2021-12,232.859426736305,Epidemic intelligence subnational data
Romania,Prahova,RO316,2021-13,291.249735068012,Epidemic intelligence subnational data
Romania,Prahova,RO316,2021-14,295.741297247374,Epidemic intelligence subnational data
Romania,Prahova,RO316,2021-15,242.403996367449,Epidemic intelligence subnational data
Romania,Prahova,RO316,2021-16,205.488969705817,Epidemic intelligence subnational data
Romania,Prahova,RO316,2021-17,160.292625275985,Epidemic intelligence subnational data
Romania,Prahova,RO316,2021-18,133.062529563603,Epidemic intelligence subnational data
Romania,Prahova,RO316,2021-19,109.762550758162,Epidemic intelligence subnational data
Romania,Prahova,RO316,2021-20,66.1101808274861,Epidemic intelligence subnational data
Romania,Prahova,RO316,2021-21,43.6523699306756,Epidemic intelligence subnational data
Romania,Prahova,RO316,2021-22,30.7391286650095,Epidemic intelligence subnational data
Romania,Prahova,RO316,2021-23,20.7734750795498,Epidemic intelligence subnational data
Romania,Prahova,RO316,2021-24,15.5801063096623,Epidemic intelligence subnational data
Romania,Prahova,RO316,2021-25,11.9307120389306,Epidemic intelligence subnational data
Romania,Prahova,RO316,2021-26,10.52709885788,Epidemic intelligence subnational data
Romania,Prahova,RO316,2021-27,7.8602338138837,Epidemic intelligence subnational data
Romania,Prahova,RO316,2021-28,3.93011690694185,Epidemic intelligence subnational data
Romania,Prahova,RO316,2021-29,4.21083954315198,Epidemic intelligence subnational data
Romania,Prahova,RO316,2021-30,8.7024017225141,Epidemic intelligence subnational data
Romania,Prahova,RO316,2021-31,13.7554091742965,Epidemic intelligence subnational data
Romania,Prahova,RO316,2021-32,15.8608289458725,Epidemic intelligence subnational data
Romania,Prahova,RO316,2021-33,27.510818348593,Epidemic intelligence subnational data
Romania,Prahova,RO316,2021-34,44.0734538849907,Epidemic intelligence subnational data
Romania,Prahova,RO316,2021-35,61.0571733757037,Epidemic intelligence subnational data
Romania,Prahova,RO316,2021-36,104.007736715854,Epidemic intelligence subnational data
Romania,Prahova,RO316,2021-37,209.138363976548,Epidemic intelligence subnational data
Romania,Prahova,RO316,2021-38,366.343040254222,Epidemic intelligence subnational data
Romania,Prahova,RO316,2021-39,625.028949521859,Epidemic intelligence subnational data
Romania,Prahova,RO316,2021-40,784.619768207319,Epidemic intelligence subnational data
Romania,Prahova,RO316,2021-41,1088.64238322289,Epidemic intelligence subnational data
Romania,Prahova,RO316,2021-42,1357.15358475788,Epidemic intelligence subnational data
Romania,Prahova,RO316,2021-43,1217.07298928903,Epidemic intelligence subnational data
Romania,Prahova,RO316,2021-44,861.818493165106,Epidemic intelligence subnational data
Romania,Prahova,RO316,2021-45,447.892966073266,Epidemic intelligence subnational data
Romania,Prahova,RO316,2021-46,235.105207825986,Epidemic intelligence subnational data
Romania,Prahova,RO316,2021-47,134.325781426548,Epidemic intelligence subnational data
Romania,Prahova,RO316,2021-48,83.0939003181991,Epidemic intelligence subnational data
Romania,Prahova,RO316,2021-49,58.2499470136024,Epidemic intelligence subnational data
Romania,Prahova,RO316,2021-50,86.3222106346156,Epidemic intelligence subnational data
Romania,Prahova,RO316,2021-51,81.9710097733586,Epidemic intelligence subnational data
Romania,Prahova,RO316,2021-52,61.618618648124,Epidemic intelligence subnational data
Romania,Prahova,RO316,2022-01,155.941424414728,Epidemic intelligence subnational data
Romania,Prahova,RO316,2022-02,305.847312150939,Epidemic intelligence subnational data
Romania,Prahova,RO316,2022-03,567.621170416887,Epidemic intelligence subnational data
Romania,Prahova,RO316,2022-04,1098.46767549025,Epidemic intelligence subnational data
Romania,Teleorman,RO317,2020-15,,Epidemic intelligence subnational data
Romania,Teleorman,RO317,2020-16,17.9403831944221,Epidemic intelligence subnational data
Romania,Teleorman,RO317,2020-17,6.68963441147941,Epidemic intelligence subnational data
Romania,Teleorman,RO317,2020-18,-0.304074291430882,Epidemic intelligence subnational data
Romania,Teleorman,RO317,2020-19,3.04074291430882,Epidemic intelligence subnational data
Romania,Teleorman,RO317,2020-20,7.29778299434118,Epidemic intelligence subnational data
Romania,Teleorman,RO317,2020-21,8.51408016006471,Epidemic intelligence subnational data
Romania,Teleorman,RO317,2020-22,7.90593157720294,Epidemic intelligence subnational data
Romania,Teleorman,RO317,2020-23,4.25704008003235,Epidemic intelligence subnational data
Romania,Teleorman,RO317,2020-24,1.82444574858529,Epidemic intelligence subnational data
Romania,Teleorman,RO317,2020-25,1.82444574858529,Epidemic intelligence subnational data
Romania,Teleorman,RO317,2020-26,3.04074291430882,Epidemic intelligence subnational data
Romania,Teleorman,RO317,2020-27,4.25704008003235,Epidemic intelligence subnational data
Romania,Teleorman,RO317,2020-28,11.5548230743735,Epidemic intelligence subnational data
Romania,Teleorman,RO317,2020-29,19.4607546515765,Epidemic intelligence subnational data
Romania,Teleorman,RO317,2020-30,41.6581779260309,Epidemic intelligence subnational data
Romania,Teleorman,RO317,2020-31,45.0029951317706,Epidemic intelligence subnational data
Romania,Teleorman,RO317,2020-32,27.0626119373485,Epidemic intelligence subnational data
Romania,Teleorman,RO317,2020-33,31.3196520173809,Epidemic intelligence subnational data
Romania,Teleorman,RO317,2020-34,40.7459550517382,Epidemic intelligence subnational data
Romania,Teleorman,RO317,2020-35,35.8807663888441,Epidemic intelligence subnational data
Romania,Teleorman,RO317,2020-36,57.4700410804368,Epidemic intelligence subnational data
Romania,Teleorman,RO317,2020-37,78.7552414805985,Epidemic intelligence subnational data
Romania,Teleorman,RO317,2020-38,76.3226471491515,Epidemic intelligence subnational data
Romania,Teleorman,RO317,2020-39,122.846013738077,Epidemic intelligence subnational data
Romania,Teleorman,RO317,2020-40,175.75494044705,Epidemic intelligence subnational data
Romania,Teleorman,RO317,2020-41,210.11533537874,Epidemic intelligence subnational data
Romania,Teleorman,RO317,2020-42,286.13390823646,Epidemic intelligence subnational data
Romania,Teleorman,RO317,2020-43,292.82354264794,Epidemic intelligence subnational data
Romania,Teleorman,RO317,2020-44,235.353501567503,Epidemic intelligence subnational data
Romania,Teleorman,RO317,2020-45,307.419108636622,Epidemic intelligence subnational data
Romania,Teleorman,RO317,2020-46,369.754338379953,Epidemic intelligence subnational data
Romania,Teleorman,RO317,2020-47,347.556915105499,Epidemic intelligence subnational data
Romania,Teleorman,RO317,2020-48,324.447268956752,Epidemic intelligence subnational data
Romania,Teleorman,RO317,2020-49,303.16206855659,Epidemic intelligence subnational data
Romania,Teleorman,RO317,2020-50,272.754639413501,Epidemic intelligence subnational data
Romania,Teleorman,RO317,2020-51,304.682440013744,Epidemic intelligence subnational data
Romania,Teleorman,RO317,2020-52,311.068000133793,Epidemic intelligence subnational data
Romania,Teleorman,RO317,2020-53,253.293884761925,Epidemic intelligence subnational data
Romania,Teleorman,RO317,2021-01,239.914615938966,Epidemic intelligence subnational data
Romania,Teleorman,RO317,2021-02,207.074592464431,Epidemic intelligence subnational data
Romania,Teleorman,RO317,2021-03,156.294185795474,Epidemic intelligence subnational data
Romania,Teleorman,RO317,2021-04,137.441579726759,Epidemic intelligence subnational data
Romania,Teleorman,RO317,2021-05,136.225282561035,Epidemic intelligence subnational data
Romania,Teleorman,RO317,2021-06,139.266025475344,Epidemic intelligence subnational data
Romania,Teleorman,RO317,2021-07,133.792688229588,Epidemic intelligence subnational data
Romania,Teleorman,RO317,2021-08,140.482322641068,Epidemic intelligence subnational data
Romania,Teleorman,RO317,2021-09,175.75494044705,Epidemic intelligence subnational data
Romania,Teleorman,RO317,2021-10,205.858295298707,Epidemic intelligence subnational data
Romania,Teleorman,RO317,2021-11,249.036844681893,Epidemic intelligence subnational data
Romania,Teleorman,RO317,2021-12,297.384657019403,Epidemic intelligence subnational data
Romania,Teleorman,RO317,2021-13,332.049126242524,Epidemic intelligence subnational data
Romania,Teleorman,RO317,2021-14,312.892445882378,Epidemic intelligence subnational data
Romania,Teleorman,RO317,2021-15,249.036844681893,Epidemic intelligence subnational data
Romania,Teleorman,RO317,2021-16,182.74864914996,Epidemic intelligence subnational data
Romania,Teleorman,RO317,2021-17,121.021567989491,Epidemic intelligence subnational data
Romania,Teleorman,RO317,2021-18,90.614138846403,Epidemic intelligence subnational data
Romania,Teleorman,RO317,2021-19,67.5044926976559,Epidemic intelligence subnational data
Romania,Teleorman,RO317,2021-20,33.4481720573971,Epidemic intelligence subnational data
Romania,Teleorman,RO317,2021-21,16.4200117372677,Epidemic intelligence subnational data
Romania,Teleorman,RO317,2021-22,11.8588973658044,Epidemic intelligence subnational data
Romania,Teleorman,RO317,2021-23,13.0751945315279,Epidemic intelligence subnational data
Romania,Teleorman,RO317,2021-24,6.9937087029103,Epidemic intelligence subnational data
Romania,Teleorman,RO317,2021-25,1.52037145715441,Epidemic intelligence subnational data
Romania,Teleorman,RO317,2021-26,1.82444574858529,Epidemic intelligence subnational data
Romania,Teleorman,RO317,2021-27,2.12852004001618,Epidemic intelligence subnational data
Romania,Teleorman,RO317,2021-28,4.25704008003235,Epidemic intelligence subnational data
Romania,Teleorman,RO317,2021-29,6.08148582861765,Epidemic intelligence subnational data
Romania,Teleorman,RO317,2021-30,6.08148582861765,Epidemic intelligence subnational data
Romania,Teleorman,RO317,2021-31,7.90593157720294,Epidemic intelligence subnational data
Romania,Teleorman,RO317,2021-32,15.8118631544059,Epidemic intelligence subnational data
Romania,Teleorman,RO317,2021-33,34.0563206402588,Epidemic intelligence subnational data
Romania,Teleorman,RO317,2021-34,64.4637497833471,Epidemic intelligence subnational data
Romania,Teleorman,RO317,2021-35,101.560813337915,Epidemic intelligence subnational data
Romania,Teleorman,RO317,2021-36,155.686037212612,Epidemic intelligence subnational data
Romania,Teleorman,RO317,2021-37,241.434987396121,Epidemic intelligence subnational data
Romania,Teleorman,RO317,2021-38,412.628813471707,Epidemic intelligence subnational data
Romania,Teleorman,RO317,2021-39,622.136000267585,Epidemic intelligence subnational data
Romania,Teleorman,RO317,2021-40,649.198612204934,Epidemic intelligence subnational data
Romania,Teleorman,RO317,2021-41,880.903222275266,Epidemic intelligence subnational data
Romania,Teleorman,RO317,2021-42,1020.77739633347,Epidemic intelligence subnational data
Romania,Teleorman,RO317,2021-43,827.386146983431,Epidemic intelligence subnational data
Romania,Teleorman,RO317,2021-44,686.295675759502,Epidemic intelligence subnational data
Romania,Teleorman,RO317,2021-45,472.835523175022,Epidemic intelligence subnational data
Romania,Teleorman,RO317,2021-46,297.688731310834,Epidemic intelligence subnational data
Romania,Teleorman,RO317,2021-47,174.538643281327,Epidemic intelligence subnational data
Romania,Teleorman,RO317,2021-48,88.4856188063868,Epidemic intelligence subnational data
Romania,Teleorman,RO317,2021-49,52.3007781261118,Epidemic intelligence subnational data
Romania,Teleorman,RO317,2021-50,38.6174350117221,Epidemic intelligence subnational data
Romania,Teleorman,RO317,2021-51,30.7115034345191,Epidemic intelligence subnational data
Romania,Teleorman,RO317,2021-52,30.1033548516574,Epidemic intelligence subnational data
Romania,Teleorman,RO317,2022-01,68.4167155719485,Epidemic intelligence subnational data
Romania,Teleorman,RO317,2022-02,150.212699966856,Epidemic intelligence subnational data
Romania,Teleorman,RO317,2022-03,279.14019953355,Epidemic intelligence subnational data
Romania,Teleorman,RO317,2022-04,570.747445015766,Epidemic intelligence subnational data
Romania,Bucuresti,RO321,2020-15,,Epidemic intelligence subnational data
Romania,Bucuresti,RO321,2020-16,22.5036479884572,Epidemic intelligence subnational data
Romania,Bucuresti,RO321,2020-17,23.4844365206418,Epidemic intelligence subnational data
Romania,Bucuresti,RO321,2020-18,19.6157706436915,Epidemic intelligence subnational data
Romania,Bucuresti,RO321,2020-19,14.8752927381327,Epidemic intelligence subnational data
Romania,Bucuresti,RO321,2020-20,13.56757469522,Epidemic intelligence subnational data
Romania,Bucuresti,RO321,2020-21,16.1830107810455,Epidemic intelligence subnational data
Romania,Bucuresti,RO321,2020-22,20.5420709240881,Epidemic intelligence subnational data
Romania,Bucuresti,RO321,2020-23,24.3017602974623,Epidemic intelligence subnational data
Romania,Bucuresti,RO321,2020-24,23.0485305063375,Epidemic intelligence subnational data
Romania,Bucuresti,RO321,2020-25,27.6255436565322,Epidemic intelligence subnational data
Romania,Bucuresti,RO321,2020-26,39.9943768124155,Epidemic intelligence subnational data
Romania,Bucuresti,RO321,2020-27,37.3789407265899,Epidemic intelligence subnational data
Romania,Bucuresti,RO321,2020-28,39.5039825463232,Epidemic intelligence subnational data
Romania,Bucuresti,RO321,2020-29,62.8794425633889,Epidemic intelligence subnational data
Romania,Bucuresti,RO321,2020-30,86.2004143286666,Epidemic intelligence subnational data
Romania,Bucuresti,RO321,2020-31,95.2454641254799,Epidemic intelligence subnational data
Romania,Bucuresti,RO321,2020-32,114.697770013807,Epidemic intelligence subnational data
Romania,Bucuresti,RO321,2020-33,138.400159541601,Epidemic intelligence subnational data
Romania,Bucuresti,RO321,2020-34,137.364882757629,Epidemic intelligence subnational data
Romania,Bucuresti,RO321,2020-35,119.60171267473,Epidemic intelligence subnational data
Romania,Bucuresti,RO321,2020-36,139.489924577362,Epidemic intelligence subnational data
Romania,Bucuresti,RO321,2020-37,161.884596062243,Epidemic intelligence subnational data
Romania,Bucuresti,RO321,2020-38,142.650243181068,Epidemic intelligence subnational data
Romania,Bucuresti,RO321,2020-39,184.987614820369,Epidemic intelligence subnational data
Romania,Bucuresti,RO321,2020-40,244.543274024688,Epidemic intelligence subnational data
Romania,Bucuresti,RO321,2020-41,325.948722196007,Epidemic intelligence subnational data
Romania,Bucuresti,RO321,2020-42,473.339443282634,Epidemic intelligence subnational data
Romania,Bucuresti,RO321,2020-43,526.846906538481,Epidemic intelligence subnational data
Romania,Bucuresti,RO321,2020-44,499.711757148041,Epidemic intelligence subnational data
Romania,Bucuresti,RO321,2020-45,636.25931612885,Epidemic intelligence subnational data
Romania,Bucuresti,RO321,2020-46,781.307042388591,Epidemic intelligence subnational data
Romania,Bucuresti,RO321,2020-47,875.299276722946,Epidemic intelligence subnational data
Romania,Bucuresti,RO321,2020-48,891.318822748627,Epidemic intelligence subnational data
Romania,Bucuresti,RO321,2020-49,922.867520533898,Epidemic intelligence subnational data
Romania,Bucuresti,RO321,2020-50,974.140965466436,Epidemic intelligence subnational data
Romania,Bucuresti,RO321,2020-51,850.943028173696,Epidemic intelligence subnational data
Romania,Bucuresti,RO321,2020-52,677.288969725238,Epidemic intelligence subnational data
Romania,Bucuresti,RO321,2020-53,566.950259854473,Epidemic intelligence subnational data
Romania,Bucuresti,RO321,2021-01,582.479411614062,Epidemic intelligence subnational data
Romania,Bucuresti,RO321,2021-02,531.260454933312,Epidemic intelligence subnational data
Romania,Bucuresti,RO321,2021-03,375.805472582057,Epidemic intelligence subnational data
Romania,Bucuresti,RO321,2021-04,296.579554482258,Epidemic intelligence subnational data
Romania,Bucuresti,RO321,2021-05,276.091971809958,Epidemic intelligence subnational data
Romania,Bucuresti,RO321,2021-06,273.422047472345,Epidemic intelligence subnational data
Romania,Bucuresti,RO321,2021-07,305.624604279071,Epidemic intelligence subnational data
Romania,Bucuresti,RO321,2021-08,334.884795489245,Epidemic intelligence subnational data
Romania,Bucuresti,RO321,2021-09,462.605257680392,Epidemic intelligence subnational data
Romania,Bucuresti,RO321,2021-10,604.983059602519,Epidemic intelligence subnational data
Romania,Bucuresti,RO321,2021-11,788.989885890703,Epidemic intelligence subnational data
Romania,Bucuresti,RO321,2021-12,930.00548151813,Epidemic intelligence subnational data
Romania,Bucuresti,RO321,2021-13,874.209511687185,Epidemic intelligence subnational data
Romania,Bucuresti,RO321,2021-14,735.155493124128,Epidemic intelligence subnational data
Romania,Bucuresti,RO321,2021-15,556.978909777263,Epidemic intelligence subnational data
Romania,Bucuresti,RO321,2021-16,386.267216925359,Epidemic intelligence subnational data
Romania,Bucuresti,RO321,2021-17,249.937610951703,Epidemic intelligence subnational data
Romania,Bucuresti,RO321,2021-18,165.426332428465,Epidemic intelligence subnational data
Romania,Bucuresti,RO321,2021-19,104.018072663353,Epidemic intelligence subnational data
Romania,Bucuresti,RO321,2021-20,61.4627480169001,Epidemic intelligence subnational data
Romania,Bucuresti,RO321,2021-21,37.2154759712258,Epidemic intelligence subnational data
Romania,Bucuresti,RO321,2021-22,21.4138829526966,Epidemic intelligence subnational data
Romania,Bucuresti,RO321,2021-23,14.3304102202524,Epidemic intelligence subnational data
Romania,Bucuresti,RO321,2021-24,8.71812028608512,Epidemic intelligence subnational data
Romania,Bucuresti,RO321,2021-25,4.84945440913485,Epidemic intelligence subnational data
Romania,Bucuresti,RO321,2021-26,4.2500836394665,Epidemic intelligence subnational data
Romania,Bucuresti,RO321,2021-27,5.17638391986304,Epidemic intelligence subnational data
Romania,Bucuresti,RO321,2021-28,6.92000797708006,Epidemic intelligence subnational data
Romania,Bucuresti,RO321,2021-29,13.5130864434319,Epidemic intelligence subnational data
Romania,Bucuresti,RO321,2021-30,23.2664835134897,Epidemic intelligence subnational data
Romania,Bucuresti,RO321,2021-31,34.05515736752,Epidemic intelligence subnational data
Romania,Bucuresti,RO321,2021-32,47.731708566316,Epidemic intelligence subnational data
Romania,Bucuresti,RO321,2021-33,68.3282677421921,Epidemic intelligence subnational data
Romania,Bucuresti,RO321,2021-34,104.127049166929,Epidemic intelligence subnational data
Romania,Bucuresti,RO321,2021-35,152.785058013642,Epidemic intelligence subnational data
Romania,Bucuresti,RO321,2021-36,219.914584216497,Epidemic intelligence subnational data
Romania,Bucuresti,RO321,2021-37,361.202621102864,Epidemic intelligence subnational data
Romania,Bucuresti,RO321,2021-38,717.555787796593,Epidemic intelligence subnational data
Romania,Bucuresti,RO321,2021-39,1361.66141218292,Epidemic intelligence subnational data
Romania,Bucuresti,RO321,2021-40,1713.87347174076,Epidemic intelligence subnational data
Romania,Bucuresti,RO321,2021-41,2078.23641144733,Epidemic intelligence subnational data
Romania,Bucuresti,RO321,2021-42,2188.73858607346,Epidemic intelligence subnational data
Romania,Bucuresti,RO321,2021-43,1565.88337988446,Epidemic intelligence subnational data
Romania,Bucuresti,RO321,2021-44,1001.71202087118,Epidemic intelligence subnational data
Romania,Bucuresti,RO321,2021-45,598.88037540226,Epidemic intelligence subnational data
Romania,Bucuresti,RO321,2021-46,336.900860805402,Epidemic intelligence subnational data
Romania,Bucuresti,RO321,2021-47,217.789542396764,Epidemic intelligence subnational data
Romania,Bucuresti,RO321,2021-48,166.843026974954,Epidemic intelligence subnational data
Romania,Bucuresti,RO321,2021-49,132.460940096706,Epidemic intelligence subnational data
Romania,Bucuresti,RO321,2021-50,190.109510488444,Epidemic intelligence subnational data
Romania,Bucuresti,RO321,2021-51,247.921545635546,Epidemic intelligence subnational data
Romania,Bucuresti,RO321,2021-52,221.113325755834,Epidemic intelligence subnational data
Romania,Bucuresti,RO321,2022-01,455.630761451523,Epidemic intelligence subnational data
Romania,Bucuresti,RO321,2022-02,919.816178433768,Epidemic intelligence subnational data
Romania,Bucuresti,RO321,2022-03,1518.3696243253,Epidemic intelligence subnational data
Romania,Bucuresti,RO321,2022-04,2979.69004902853,Epidemic intelligence subnational data
Romania,Ilfov,RO322,2020-15,,Epidemic intelligence subnational data
Romania,Ilfov,RO322,2020-16,22.188255017011,Epidemic intelligence subnational data
Romania,Ilfov,RO322,2020-17,25.6808507141331,Epidemic intelligence subnational data
Romania,Ilfov,RO322,2020-18,24.0372762684286,Epidemic intelligence subnational data
Romania,Ilfov,RO322,2020-19,24.4481698798547,Epidemic intelligence subnational data
Romania,Ilfov,RO322,2020-20,21.1610209884457,Epidemic intelligence subnational data
Romania,Ilfov,RO322,2020-21,26.5026379369854,Epidemic intelligence subnational data
Romania,Ilfov,RO322,2020-22,20.9555741827326,Epidemic intelligence subnational data
Romania,Ilfov,RO322,2020-23,10.4777870913663,Epidemic intelligence subnational data
Romania,Ilfov,RO322,2020-24,20.3392337655934,Epidemic intelligence subnational data
Romania,Ilfov,RO322,2020-25,23.0100422398633,Epidemic intelligence subnational data
Romania,Ilfov,RO322,2020-26,24.2427230741416,Epidemic intelligence subnational data
Romania,Ilfov,RO322,2020-27,29.7897868283944,Epidemic intelligence subnational data
Romania,Ilfov,RO322,2020-28,36.3640846112125,Epidemic intelligence subnational data
Romania,Ilfov,RO322,2020-29,47.0473185082918,Epidemic intelligence subnational data
Romania,Ilfov,RO322,2020-30,63.0721693539109,Epidemic intelligence subnational data
Romania,Ilfov,RO322,2020-31,66.1538714396069,Epidemic intelligence subnational data
Romania,Ilfov,RO322,2020-32,64.7157437996154,Epidemic intelligence subnational data
Romania,Ilfov,RO322,2020-33,95.7382114622882,Epidemic intelligence subnational data
Romania,Ilfov,RO322,2020-34,94.9164242394359,Epidemic intelligence subnational data
Romania,Ilfov,RO322,2020-35,77.8643393652516,Epidemic intelligence subnational data
Romania,Ilfov,RO322,2020-36,93.6837434051575,Epidemic intelligence subnational data
Romania,Ilfov,RO322,2020-37,109.503147445064,Epidemic intelligence subnational data
Romania,Ilfov,RO322,2020-38,98.6144667422711,Epidemic intelligence subnational data
Romania,Ilfov,RO322,2020-39,122.6517430107,Epidemic intelligence subnational data
Romania,Ilfov,RO322,2020-40,144.429104416285,Epidemic intelligence subnational data
Romania,Ilfov,RO322,2020-41,155.934125536216,Epidemic intelligence subnational data
Romania,Ilfov,RO322,2020-42,237.907401015729,Epidemic intelligence subnational data
Romania,Ilfov,RO322,2020-43,337.754548592279,Epidemic intelligence subnational data
Romania,Ilfov,RO322,2020-44,333.234718866591,Epidemic intelligence subnational data
Romania,Ilfov,RO322,2020-45,528.614631099716,Epidemic intelligence subnational data
Romania,Ilfov,RO322,2020-46,913.621945005999,Epidemic intelligence subnational data
Romania,Ilfov,RO322,2020-47,1017.78347550252,Epidemic intelligence subnational data
Romania,Ilfov,RO322,2020-48,992.513518399816,Epidemic intelligence subnational data
Romania,Ilfov,RO322,2020-49,917.525434314547,Epidemic intelligence subnational data
Romania,Ilfov,RO322,2020-50,855.480498989202,Epidemic intelligence subnational data
Romania,Ilfov,RO322,2020-51,888.762881514718,Epidemic intelligence subnational data
Romania,Ilfov,RO322,2020-52,729.130713475667,Epidemic intelligence subnational data
Romania,Ilfov,RO322,2020-53,571.347566688033,Epidemic intelligence subnational data
Romania,Ilfov,RO322,2021-01,581.414460167973,Epidemic intelligence subnational data
Romania,Ilfov,RO322,2021-02,486.087142317111,Epidemic intelligence subnational data
Romania,Ilfov,RO322,2021-03,363.435399306412,Epidemic intelligence subnational data
Romania,Ilfov,RO322,2021-04,308.37565537531,Epidemic intelligence subnational data
Romania,Ilfov,RO322,2021-05,272.422464375524,Epidemic intelligence subnational data
Romania,Ilfov,RO322,2021-06,253.315911444209,Epidemic intelligence subnational data
Romania,Ilfov,RO322,2021-07,275.093272849794,Epidemic intelligence subnational data
Romania,Ilfov,RO322,2021-08,349.25956971221,Epidemic intelligence subnational data
Romania,Ilfov,RO322,2021-09,434.930887694558,Epidemic intelligence subnational data
Romania,Ilfov,RO322,2021-10,551.213779728153,Epidemic intelligence subnational data
Romania,Ilfov,RO322,2021-11,791.381095606726,Epidemic intelligence subnational data
Romania,Ilfov,RO322,2021-12,1014.70177341683,Epidemic intelligence subnational data
Romania,Ilfov,RO322,2021-13,949.369689200072,Epidemic intelligence subnational data
Romania,Ilfov,RO322,2021-14,676.947224824549,Epidemic intelligence subnational data
Romania,Ilfov,RO322,2021-15,442.532419505942,Epidemic intelligence subnational data
Romania,Ilfov,RO322,2021-16,299.952336341075,Epidemic intelligence subnational data
Romania,Ilfov,RO322,2021-17,195.996252650264,Epidemic intelligence subnational data
Romania,Ilfov,RO322,2021-18,139.909274690597,Epidemic intelligence subnational data
Romania,Ilfov,RO322,2021-19,101.079828410828,Epidemic intelligence subnational data
Romania,Ilfov,RO322,2021-20,56.0869779596667,Epidemic intelligence subnational data
Romania,Ilfov,RO322,2021-21,32.2551484969512,Epidemic intelligence subnational data
Romania,Ilfov,RO322,2021-22,17.4629784856105,Epidemic intelligence subnational data
Romania,Ilfov,RO322,2021-23,10.8886807027924,Epidemic intelligence subnational data
Romania,Ilfov,RO322,2021-24,8.42331903423566,Epidemic intelligence subnational data
Romania,Ilfov,RO322,2021-25,9.24510625708792,Epidemic intelligence subnational data
Romania,Ilfov,RO322,2021-26,6.9851913942442,Epidemic intelligence subnational data
Romania,Ilfov,RO322,2021-27,4.72527653140049,Epidemic intelligence subnational data
Romania,Ilfov,RO322,2021-28,8.21787222852259,Epidemic intelligence subnational data
Romania,Ilfov,RO322,2021-29,18.0793189027497,Epidemic intelligence subnational data
Romania,Ilfov,RO322,2021-30,24.8590634912808,Epidemic intelligence subnational data
Romania,Ilfov,RO322,2021-31,33.8987229426557,Epidemic intelligence subnational data
Romania,Ilfov,RO322,2021-32,47.0473185082918,Epidemic intelligence subnational data
Romania,Ilfov,RO322,2021-33,75.3989776966948,Epidemic intelligence subnational data
Romania,Ilfov,RO322,2021-34,112.995743142186,Epidemic intelligence subnational data
Romania,Ilfov,RO322,2021-35,136.416678993475,Epidemic intelligence subnational data
Romania,Ilfov,RO322,2021-36,204.830465295926,Epidemic intelligence subnational data
Romania,Ilfov,RO322,2021-37,378.843909734891,Epidemic intelligence subnational data
Romania,Ilfov,RO322,2021-38,699.13547984156,Epidemic intelligence subnational data
Romania,Ilfov,RO322,2021-39,1222.81938760416,Epidemic intelligence subnational data
Romania,Ilfov,RO322,2021-40,1477.77887349408,Epidemic intelligence subnational data
Romania,Ilfov,RO322,2021-41,1694.93614713278,Epidemic intelligence subnational data
Romania,Ilfov,RO322,2021-42,1816.14976250349,Epidemic intelligence subnational data
Romania,Ilfov,RO322,2021-43,1489.28389461401,Epidemic intelligence subnational data
Romania,Ilfov,RO322,2021-44,1024.35777328534,Epidemic intelligence subnational data
Romania,Ilfov,RO322,2021-45,815.007478263728,Epidemic intelligence subnational data
Romania,Ilfov,RO322,2021-46,626.818204230561,Epidemic intelligence subnational data
Romania,Ilfov,RO322,2021-47,273.244251598376,Epidemic intelligence subnational data
Romania,Ilfov,RO322,2021-48,151.414295810529,Epidemic intelligence subnational data
Romania,Ilfov,RO322,2021-49,90.6020413194616,Epidemic intelligence subnational data
Romania,Ilfov,RO322,2021-50,332.002038032313,Epidemic intelligence subnational data
Romania,Ilfov,RO322,2021-51,347.615995266506,Epidemic intelligence subnational data
Romania,Ilfov,RO322,2021-52,133.951317324918,Epidemic intelligence subnational data
Romania,Ilfov,RO322,2022-01,330.563910392321,Epidemic intelligence subnational data
Romania,Ilfov,RO322,2022-02,747.826372795556,Epidemic intelligence subnational data
Romania,Ilfov,RO322,2022-03,1303.5599822494,Epidemic intelligence subnational data
Romania,Ilfov,RO322,2022-04,1898.94482520586,Epidemic intelligence subnational data
Romania,Dolj,RO411,2020-15,,Epidemic intelligence subnational data
Romania,Dolj,RO411,2020-16,4.82773048389952,Epidemic intelligence subnational data
Romania,Dolj,RO411,2020-17,7.4025200753126,Epidemic intelligence subnational data
Romania,Dolj,RO411,2020-18,10.138234016189,Epidemic intelligence subnational data
Romania,Dolj,RO411,2020-19,7.88529312370255,Epidemic intelligence subnational data
Romania,Dolj,RO411,2020-20,5.95420093014274,Epidemic intelligence subnational data
Romania,Dolj,RO411,2020-21,9.17268791940909,Epidemic intelligence subnational data
Romania,Dolj,RO411,2020-22,9.81638531726236,Epidemic intelligence subnational data
Romania,Dolj,RO411,2020-23,5.79327658067942,Epidemic intelligence subnational data
Romania,Dolj,RO411,2020-24,4.02310873658293,Epidemic intelligence subnational data
Romania,Dolj,RO411,2020-25,3.54033568819298,Epidemic intelligence subnational data
Romania,Dolj,RO411,2020-26,7.24159572584928,Epidemic intelligence subnational data
Romania,Dolj,RO411,2020-27,11.9084018602855,Epidemic intelligence subnational data
Romania,Dolj,RO411,2020-28,15.1268888495518,Epidemic intelligence subnational data
Romania,Dolj,RO411,2020-29,20.9201654302313,Epidemic intelligence subnational data
Romania,Dolj,RO411,2020-30,41.0357091131459,Epidemic intelligence subnational data
Romania,Dolj,RO411,2020-31,57.9327658067942,Epidemic intelligence subnational data
Romania,Dolj,RO411,2020-32,54.0705814196746,Epidemic intelligence subnational data
Romania,Dolj,RO411,2020-33,87.220997409118,Epidemic intelligence subnational data
Romania,Dolj,RO411,2020-34,90.1176356994577,Epidemic intelligence subnational data
Romania,Dolj,RO411,2020-35,58.2546145057209,Epidemic intelligence subnational data
Romania,Dolj,RO411,2020-36,73.542427704736,Epidemic intelligence subnational data
Romania,Dolj,RO411,2020-37,84.4852834682416,Epidemic intelligence subnational data
Romania,Dolj,RO411,2020-38,81.2667964789752,Epidemic intelligence subnational data
Romania,Dolj,RO411,2020-39,92.0487278930175,Epidemic intelligence subnational data
Romania,Dolj,RO411,2020-40,101.543264511353,Epidemic intelligence subnational data
Romania,Dolj,RO411,2020-41,146.602082361082,Epidemic intelligence subnational data
Romania,Dolj,RO411,2020-42,268.421814904813,Epidemic intelligence subnational data
Romania,Dolj,RO411,2020-43,331.34323554497,Epidemic intelligence subnational data
Romania,Dolj,RO411,2020-44,378.654994287186,Epidemic intelligence subnational data
Romania,Dolj,RO411,2020-45,454.933135932798,Epidemic intelligence subnational data
Romania,Dolj,RO411,2020-46,451.553724594068,Epidemic intelligence subnational data
Romania,Dolj,RO411,2020-47,391.368017894788,Epidemic intelligence subnational data
Romania,Dolj,RO411,2020-48,377.045750792552,Epidemic intelligence subnational data
Romania,Dolj,RO411,2020-49,315.894497996492,Epidemic intelligence subnational data
Romania,Dolj,RO411,2020-50,237.20249110893,Epidemic intelligence subnational data
Romania,Dolj,RO411,2020-51,231.248290178787,Epidemic intelligence subnational data
Romania,Dolj,RO411,2020-52,178.947876603209,Epidemic intelligence subnational data
Romania,Dolj,RO411,2020-53,169.29241563541,Epidemic intelligence subnational data
Romania,Dolj,RO411,2021-01,208.718881253923,Epidemic intelligence subnational data
Romania,Dolj,RO411,2021-02,194.396614151687,Epidemic intelligence subnational data
Romania,Dolj,RO411,2021-03,149.015947603032,Epidemic intelligence subnational data
Romania,Dolj,RO411,2021-04,130.670571764214,Epidemic intelligence subnational data
Romania,Dolj,RO411,2021-05,135.82015094704,Epidemic intelligence subnational data
Romania,Dolj,RO411,2021-06,148.533174554642,Epidemic intelligence subnational data
Romania,Dolj,RO411,2021-07,172.18905392575,Epidemic intelligence subnational data
Romania,Dolj,RO411,2021-08,204.534848167876,Epidemic intelligence subnational data
Romania,Dolj,RO411,2021-09,234.78862586698,Epidemic intelligence subnational data
Romania,Dolj,RO411,2021-10,266.168874012327,Epidemic intelligence subnational data
Romania,Dolj,RO411,2021-11,304.62979353406,Epidemic intelligence subnational data
Romania,Dolj,RO411,2021-12,326.676429410534,Epidemic intelligence subnational data
Romania,Dolj,RO411,2021-13,310.744918813666,Epidemic intelligence subnational data
Romania,Dolj,RO411,2021-14,261.019294829501,Epidemic intelligence subnational data
Romania,Dolj,RO411,2021-15,189.407959318325,Epidemic intelligence subnational data
Romania,Dolj,RO411,2021-16,139.038637936306,Epidemic intelligence subnational data
Romania,Dolj,RO411,2021-17,106.531919344716,Epidemic intelligence subnational data
Romania,Dolj,RO411,2021-18,73.2205790058094,Epidemic intelligence subnational data
Romania,Dolj,RO411,2021-19,51.0130187798716,Epidemic intelligence subnational data
Romania,Dolj,RO411,2021-20,30.0928533496403,Epidemic intelligence subnational data
Romania,Dolj,RO411,2021-21,16.5752079947217,Epidemic intelligence subnational data
Romania,Dolj,RO411,2021-22,10.9428557635056,Epidemic intelligence subnational data
Romania,Dolj,RO411,2021-23,7.56344442477591,Epidemic intelligence subnational data
Romania,Dolj,RO411,2021-24,7.88529312370255,Epidemic intelligence subnational data
Romania,Dolj,RO411,2021-25,10.6210070645789,Epidemic intelligence subnational data
Romania,Dolj,RO411,2021-26,6.75882267745933,Epidemic intelligence subnational data
Romania,Dolj,RO411,2021-27,2.89663829033971,Epidemic intelligence subnational data
Romania,Dolj,RO411,2021-28,3.21848698926635,Epidemic intelligence subnational data
Romania,Dolj,RO411,2021-29,4.98865483336284,Epidemic intelligence subnational data
Romania,Dolj,RO411,2021-30,7.72436877423923,Epidemic intelligence subnational data
Romania,Dolj,RO411,2021-31,10.9428557635056,Epidemic intelligence subnational data
Romania,Dolj,RO411,2021-32,13.5176453549187,Epidemic intelligence subnational data
Romania,Dolj,RO411,2021-33,20.1155436829147,Epidemic intelligence subnational data
Romania,Dolj,RO411,2021-34,42.4840282583158,Epidemic intelligence subnational data
Romania,Dolj,RO411,2021-35,73.3815033552727,Epidemic intelligence subnational data
Romania,Dolj,RO411,2021-36,131.95796655992,Epidemic intelligence subnational data
Romania,Dolj,RO411,2021-37,244.444086834779,Epidemic intelligence subnational data
Romania,Dolj,RO411,2021-38,453.002043739238,Epidemic intelligence subnational data
Romania,Dolj,RO411,2021-39,723.515875187075,Epidemic intelligence subnational data
Romania,Dolj,RO411,2021-40,813.311662187606,Epidemic intelligence subnational data
Romania,Dolj,RO411,2021-41,839.059558101736,Epidemic intelligence subnational data
Romania,Dolj,RO411,2021-42,836.645692859787,Epidemic intelligence subnational data
Romania,Dolj,RO411,2021-43,642.249078708099,Epidemic intelligence subnational data
Romania,Dolj,RO411,2021-44,421.943644292818,Epidemic intelligence subnational data
Romania,Dolj,RO411,2021-45,259.731900033794,Epidemic intelligence subnational data
Romania,Dolj,RO411,2021-46,148.855023253569,Epidemic intelligence subnational data
Romania,Dolj,RO411,2021-47,96.3936853285271,Epidemic intelligence subnational data
Romania,Dolj,RO411,2021-48,67.9100754735199,Epidemic intelligence subnational data
Romania,Dolj,RO411,2021-49,45.7025152475821,Epidemic intelligence subnational data
Romania,Dolj,RO411,2021-50,59.863858000354,Epidemic intelligence subnational data
Romania,Dolj,RO411,2021-51,53.4268840218213,Epidemic intelligence subnational data
Romania,Dolj,RO411,2021-52,37.012600376563,Epidemic intelligence subnational data
Romania,Dolj,RO411,2022-01,89.4739383016044,Epidemic intelligence subnational data
Romania,Dolj,RO411,2022-02,207.109637759289,Epidemic intelligence subnational data
Romania,Dolj,RO411,2022-03,481.968426642635,Epidemic intelligence subnational data
Romania,Dolj,RO411,2022-04,1026.21457652757,Epidemic intelligence subnational data
Romania,Gorj,RO412,2020-15,,Epidemic intelligence subnational data
Romania,Gorj,RO412,2020-16,5.76950814943026,Epidemic intelligence subnational data
Romania,Gorj,RO412,2020-17,10.8979598378127,Epidemic intelligence subnational data
Romania,Gorj,RO412,2020-18,14.4237703735757,Epidemic intelligence subnational data
Romania,Gorj,RO412,2020-19,12.1800727599083,Epidemic intelligence subnational data
Romania,Gorj,RO412,2020-20,8.01320576309758,Epidemic intelligence subnational data
Romania,Gorj,RO412,2020-21,13.14165745148,Epidemic intelligence subnational data
Romania,Gorj,RO412,2020-22,16.667467987243,Epidemic intelligence subnational data
Romania,Gorj,RO412,2020-23,11.2184880683366,Epidemic intelligence subnational data
Romania,Gorj,RO412,2020-24,8.9747904546693,Epidemic intelligence subnational data
Romania,Gorj,RO412,2020-25,14.1032421430518,Epidemic intelligence subnational data
Romania,Gorj,RO412,2020-26,18.9111656009103,Epidemic intelligence subnational data
Romania,Gorj,RO412,2020-27,31.0912383608186,Epidemic intelligence subnational data
Romania,Gorj,RO412,2020-28,62.5030049521612,Epidemic intelligence subnational data
Romania,Gorj,RO412,2020-29,88.7863198551212,Epidemic intelligence subnational data
Romania,Gorj,RO412,2020-30,94.2352997740276,Epidemic intelligence subnational data
Romania,Gorj,RO412,2020-31,106.73590076446,Epidemic intelligence subnational data
Romania,Gorj,RO412,2020-32,140.070836738946,Epidemic intelligence subnational data
Romania,Gorj,RO412,2020-33,138.468195586326,Epidemic intelligence subnational data
Romania,Gorj,RO412,2020-34,103.530618459221,Epidemic intelligence subnational data
Romania,Gorj,RO412,2020-35,69.554626023687,Epidemic intelligence subnational data
Romania,Gorj,RO412,2020-36,64.7467025658285,Epidemic intelligence subnational data
Romania,Gorj,RO412,2020-37,65.3877590268763,Epidemic intelligence subnational data
Romania,Gorj,RO412,2020-38,51.6050451143485,Epidemic intelligence subnational data
Romania,Gorj,RO412,2020-39,69.554626023687,Epidemic intelligence subnational data
Romania,Gorj,RO412,2020-40,80.4525858614998,Epidemic intelligence subnational data
Romania,Gorj,RO412,2020-41,107.697485456032,Epidemic intelligence subnational data
Romania,Gorj,RO412,2020-42,142.314534352613,Epidemic intelligence subnational data
Romania,Gorj,RO412,2020-43,150.007211885187,Epidemic intelligence subnational data
Romania,Gorj,RO412,2020-44,180.457393784958,Epidemic intelligence subnational data
Romania,Gorj,RO412,2020-45,219.24130967835,Epidemic intelligence subnational data
Romania,Gorj,RO412,2020-46,233.344551821402,Epidemic intelligence subnational data
Romania,Gorj,RO412,2020-47,207.381765148966,Epidemic intelligence subnational data
Romania,Gorj,RO412,2020-48,174.367357405003,Epidemic intelligence subnational data
Romania,Gorj,RO412,2020-49,152.571437729378,Epidemic intelligence subnational data
Romania,Gorj,RO412,2020-50,118.915973524368,Epidemic intelligence subnational data
Romania,Gorj,RO412,2020-51,103.210090228697,Epidemic intelligence subnational data
Romania,Gorj,RO412,2020-52,85.5810375498822,Epidemic intelligence subnational data
Romania,Gorj,RO412,2020-53,68.2725131015914,Epidemic intelligence subnational data
Romania,Gorj,RO412,2021-01,89.747904546693,Epidemic intelligence subnational data
Romania,Gorj,RO412,2021-02,109.620654839175,Epidemic intelligence subnational data
Romania,Gorj,RO412,2021-03,102.569033767649,Epidemic intelligence subnational data
Romania,Gorj,RO412,2021-04,113.787521835986,Epidemic intelligence subnational data
Romania,Gorj,RO412,2021-05,142.635062583137,Epidemic intelligence subnational data
Romania,Gorj,RO412,2021-06,161.225699953523,Epidemic intelligence subnational data
Romania,Gorj,RO412,2021-07,176.611055018671,Epidemic intelligence subnational data
Romania,Gorj,RO412,2021-08,214.112857989968,Epidemic intelligence subnational data
Romania,Gorj,RO412,2021-09,260.909979646457,Epidemic intelligence subnational data
Romania,Gorj,RO412,2021-10,275.013221789509,Epidemic intelligence subnational data
Romania,Gorj,RO412,2021-11,263.153677260125,Epidemic intelligence subnational data
Romania,Gorj,RO412,2021-12,225.01081782778,Epidemic intelligence subnational data
Romania,Gorj,RO412,2021-13,165.713095180858,Epidemic intelligence subnational data
Romania,Gorj,RO412,2021-14,114.749106527557,Epidemic intelligence subnational data
Romania,Gorj,RO412,2021-15,77.5678317867846,Epidemic intelligence subnational data
Romania,Gorj,RO412,2021-16,52.2461015753963,Epidemic intelligence subnational data
Romania,Gorj,RO412,2021-17,36.2196900492011,Epidemic intelligence subnational data
Romania,Gorj,RO412,2021-18,25.6422584419123,Epidemic intelligence subnational data
Romania,Gorj,RO412,2021-19,17.6290526788147,Epidemic intelligence subnational data
Romania,Gorj,RO412,2021-20,13.7827139125279,Epidemic intelligence subnational data
Romania,Gorj,RO412,2021-21,8.9747904546693,Epidemic intelligence subnational data
Romania,Gorj,RO412,2021-22,2.24369761366732,Epidemic intelligence subnational data
Romania,Gorj,RO412,2021-23,1.92316938314342,Epidemic intelligence subnational data
Romania,Gorj,RO412,2021-24,1.60264115261952,Epidemic intelligence subnational data
Romania,Gorj,RO412,2021-25,2.24369761366732,Epidemic intelligence subnational data
Romania,Gorj,RO412,2021-26,1.60264115261952,Epidemic intelligence subnational data
Romania,Gorj,RO412,2021-27,1.28211292209561,Epidemic intelligence subnational data
Romania,Gorj,RO412,2021-28,1.92316938314342,Epidemic intelligence subnational data
Romania,Gorj,RO412,2021-29,1.92316938314342,Epidemic intelligence subnational data
Romania,Gorj,RO412,2021-30,1.92316938314342,Epidemic intelligence subnational data
Romania,Gorj,RO412,2021-31,2.24369761366732,Epidemic intelligence subnational data
Romania,Gorj,RO412,2021-32,6.09003637995417,Epidemic intelligence subnational data
Romania,Gorj,RO412,2021-33,11.5390162988605,Epidemic intelligence subnational data
Romania,Gorj,RO412,2021-34,22.4369761366732,Epidemic intelligence subnational data
Romania,Gorj,RO412,2021-35,46.1560651954421,Epidemic intelligence subnational data
Romania,Gorj,RO412,2021-36,76.9267753257368,Epidemic intelligence subnational data
Romania,Gorj,RO412,2021-37,132.698687436896,Epidemic intelligence subnational data
Romania,Gorj,RO412,2021-38,214.753914451015,Epidemic intelligence subnational data
Romania,Gorj,RO412,2021-39,321.810343445999,Epidemic intelligence subnational data
Romania,Gorj,RO412,2021-40,389.762328317067,Epidemic intelligence subnational data
Romania,Gorj,RO412,2021-41,513.165697068769,Epidemic intelligence subnational data
Romania,Gorj,RO412,2021-42,619.901597833229,Epidemic intelligence subnational data
Romania,Gorj,RO412,2021-43,545.21852012116,Epidemic intelligence subnational data
Romania,Gorj,RO412,2021-44,400.660288154879,Epidemic intelligence subnational data
Romania,Gorj,RO412,2021-45,250.973604500216,Epidemic intelligence subnational data
Romania,Gorj,RO412,2021-46,135.903969742135,Epidemic intelligence subnational data
Romania,Gorj,RO412,2021-47,69.8751542542109,Epidemic intelligence subnational data
Romania,Gorj,RO412,2021-48,44.2328958122987,Epidemic intelligence subnational data
Romania,Gorj,RO412,2021-49,29.1680689776752,Epidemic intelligence subnational data
Romania,Gorj,RO412,2021-50,26.603843133484,Epidemic intelligence subnational data
Romania,Gorj,RO412,2021-51,23.398560828245,Epidemic intelligence subnational data
Romania,Gorj,RO412,2021-52,22.4369761366732,Epidemic intelligence subnational data
Romania,Gorj,RO412,2022-01,58.0156097248265,Epidemic intelligence subnational data
Romania,Gorj,RO412,2022-02,145.519816657852,Epidemic intelligence subnational data
Romania,Gorj,RO412,2022-03,269.884770101127,Epidemic intelligence subnational data
Romania,Gorj,RO412,2022-04,619.260541372181,Epidemic intelligence subnational data
Romania,Mehedinti,RO413,2020-15,,Epidemic intelligence subnational data
Romania,Mehedinti,RO413,2020-16,14.2314791948331,Epidemic intelligence subnational data
Romania,Mehedinti,RO413,2020-17,15.4871979473184,Epidemic intelligence subnational data
Romania,Mehedinti,RO413,2020-18,10.8828958548724,Epidemic intelligence subnational data
Romania,Mehedinti,RO413,2020-19,9.62717710238712,Epidemic intelligence subnational data
Romania,Mehedinti,RO413,2020-20,9.62717710238712,Epidemic intelligence subnational data
Romania,Mehedinti,RO413,2020-21,10.4643229373773,Epidemic intelligence subnational data
Romania,Mehedinti,RO413,2020-22,7.53431251491166,Epidemic intelligence subnational data
Romania,Mehedinti,RO413,2020-23,11.7200416898626,Epidemic intelligence subnational data
Romania,Mehedinti,RO413,2020-24,17.998635452289,Epidemic intelligence subnational data
Romania,Mehedinti,RO413,2020-25,17.5800625347939,Epidemic intelligence subnational data
Romania,Mehedinti,RO413,2020-26,13.812906277338,Epidemic intelligence subnational data
Romania,Mehedinti,RO413,2020-27,17.1614896172988,Epidemic intelligence subnational data
Romania,Mehedinti,RO413,2020-28,38.9272813270436,Epidemic intelligence subnational data
Romania,Mehedinti,RO413,2020-29,57.7630626143227,Epidemic intelligence subnational data
Romania,Mehedinti,RO413,2020-30,173.289187842968,Epidemic intelligence subnational data
Romania,Mehedinti,RO413,2020-31,190.450677460267,Epidemic intelligence subnational data
Romania,Mehedinti,RO413,2020-32,87.4817397564743,Epidemic intelligence subnational data
Romania,Mehedinti,RO413,2020-33,83.2960105815234,Epidemic intelligence subnational data
Romania,Mehedinti,RO413,2020-34,77.017416819097,Epidemic intelligence subnational data
Romania,Mehedinti,RO413,2020-35,56.5073438618375,Epidemic intelligence subnational data
Romania,Mehedinti,RO413,2020-36,54.8330521918571,Epidemic intelligence subnational data
Romania,Mehedinti,RO413,2020-37,54.8330521918571,Epidemic intelligence subnational data
Romania,Mehedinti,RO413,2020-38,52.3216146868865,Epidemic intelligence subnational data
Romania,Mehedinti,RO413,2020-39,62.7859376242638,Epidemic intelligence subnational data
Romania,Mehedinti,RO413,2020-40,48.5544584294307,Epidemic intelligence subnational data
Romania,Mehedinti,RO413,2020-41,79.9474272415626,Epidemic intelligence subnational data
Romania,Mehedinti,RO413,2020-42,139.803354443361,Epidemic intelligence subnational data
Romania,Mehedinti,RO413,2020-43,174.963479512949,Epidemic intelligence subnational data
Romania,Mehedinti,RO413,2020-44,201.333573315139,Epidemic intelligence subnational data
Romania,Mehedinti,RO413,2020-45,262.445219269423,Epidemic intelligence subnational data
Romania,Mehedinti,RO413,2020-46,341.1369277585,Epidemic intelligence subnational data
Romania,Mehedinti,RO413,2020-47,403.922865382764,Epidemic intelligence subnational data
Romania,Mehedinti,RO413,2020-48,380.064209085544,Epidemic intelligence subnational data
Romania,Mehedinti,RO413,2020-49,268.305240114354,Epidemic intelligence subnational data
Romania,Mehedinti,RO413,2020-50,212.635042087507,Epidemic intelligence subnational data
Romania,Mehedinti,RO413,2020-51,203.00786498512,Epidemic intelligence subnational data
Romania,Mehedinti,RO413,2020-52,176.219198265434,Epidemic intelligence subnational data
Romania,Mehedinti,RO413,2020-53,133.106187763439,Epidemic intelligence subnational data
Romania,Mehedinti,RO413,2021-01,138.547635690876,Epidemic intelligence subnational data
Romania,Mehedinti,RO413,2021-02,130.176177340974,Epidemic intelligence subnational data
Romania,Mehedinti,RO413,2021-03,97.9460626938516,Epidemic intelligence subnational data
Romania,Mehedinti,RO413,2021-04,87.4817397564743,Epidemic intelligence subnational data
Romania,Mehedinti,RO413,2021-05,96.6903439413663,Epidemic intelligence subnational data
Romania,Mehedinti,RO413,2021-06,91.2488960139301,Epidemic intelligence subnational data
Romania,Mehedinti,RO413,2021-07,87.0631668389792,Epidemic intelligence subnational data
Romania,Mehedinti,RO413,2021-08,119.711854403596,Epidemic intelligence subnational data
Romania,Mehedinti,RO413,2021-09,152.779114885709,Epidemic intelligence subnational data
Romania,Mehedinti,RO413,2021-10,192.124969130247,Epidemic intelligence subnational data
Romania,Mehedinti,RO413,2021-11,238.586562972203,Epidemic intelligence subnational data
Romania,Mehedinti,RO413,2021-12,257.840917176977,Epidemic intelligence subnational data
Romania,Mehedinti,RO413,2021-13,256.585198424492,Epidemic intelligence subnational data
Romania,Mehedinti,RO413,2021-14,219.332208767428,Epidemic intelligence subnational data
Romania,Mehedinti,RO413,2021-15,152.360541968214,Epidemic intelligence subnational data
Romania,Mehedinti,RO413,2021-16,127.664739836003,Epidemic intelligence subnational data
Romania,Mehedinti,RO413,2021-17,106.317521043753,Epidemic intelligence subnational data
Romania,Mehedinti,RO413,2021-18,84.5517293340086,Epidemic intelligence subnational data
Romania,Mehedinti,RO413,2021-19,71.5759688916608,Epidemic intelligence subnational data
Romania,Mehedinti,RO413,2021-20,43.5315834194896,Epidemic intelligence subnational data
Romania,Mehedinti,RO413,2021-21,21.3472187922497,Epidemic intelligence subnational data
Romania,Mehedinti,RO413,2021-22,10.8828958548724,Epidemic intelligence subnational data
Romania,Mehedinti,RO413,2021-23,5.4414479274362,Epidemic intelligence subnational data
Romania,Mehedinti,RO413,2021-24,2.51143750497055,Epidemic intelligence subnational data
Romania,Mehedinti,RO413,2021-25,2.09286458747546,Epidemic intelligence subnational data
Romania,Mehedinti,RO413,2021-26,0.837145834990185,Epidemic intelligence subnational data
Romania,Mehedinti,RO413,2021-27,0,Epidemic intelligence subnational data
Romania,Mehedinti,RO413,2021-28,0,Epidemic intelligence subnational data
Romania,Mehedinti,RO413,2021-29,1.67429166998037,Epidemic intelligence subnational data
Romania,Mehedinti,RO413,2021-30,3.76715625745583,Epidemic intelligence subnational data
Romania,Mehedinti,RO413,2021-31,3.76715625745583,Epidemic intelligence subnational data
Romania,Mehedinti,RO413,2021-32,5.02287500994111,Epidemic intelligence subnational data
Romania,Mehedinti,RO413,2021-33,10.4643229373773,Epidemic intelligence subnational data
Romania,Mehedinti,RO413,2021-34,22.602937544735,Epidemic intelligence subnational data
Romania,Mehedinti,RO413,2021-35,47.7173125944405,Epidemic intelligence subnational data
Romania,Mehedinti,RO413,2021-36,100.038927281327,Epidemic intelligence subnational data
Romania,Mehedinti,RO413,2021-37,219.332208767428,Epidemic intelligence subnational data
Romania,Mehedinti,RO413,2021-38,453.73304256468,Epidemic intelligence subnational data
Romania,Mehedinti,RO413,2021-39,735.432616038877,Epidemic intelligence subnational data
Romania,Mehedinti,RO413,2021-40,826.262939135312,Epidemic intelligence subnational data
Romania,Mehedinti,RO413,2021-41,937.603335189007,Epidemic intelligence subnational data
Romania,Mehedinti,RO413,2021-42,967.322012331158,Epidemic intelligence subnational data
Romania,Mehedinti,RO413,2021-43,731.665459781421,Epidemic intelligence subnational data
Romania,Mehedinti,RO413,2021-44,501.450355159121,Epidemic intelligence subnational data
Romania,Mehedinti,RO413,2021-45,287.978167236623,Epidemic intelligence subnational data
Romania,Mehedinti,RO413,2021-46,156.546271143165,Epidemic intelligence subnational data
Romania,Mehedinti,RO413,2021-47,100.038927281327,Epidemic intelligence subnational data
Romania,Mehedinti,RO413,2021-48,65.7159480467295,Epidemic intelligence subnational data
Romania,Mehedinti,RO413,2021-49,37.2529896570632,Epidemic intelligence subnational data
Romania,Mehedinti,RO413,2021-50,17.998635452289,Epidemic intelligence subnational data
Romania,Mehedinti,RO413,2021-51,19.2543542047742,Epidemic intelligence subnational data
Romania,Mehedinti,RO413,2021-52,25.1143750497055,Epidemic intelligence subnational data
Romania,Mehedinti,RO413,2022-01,59.8559272017982,Epidemic intelligence subnational data
Romania,Mehedinti,RO413,2022-02,118.874708568606,Epidemic intelligence subnational data
Romania,Mehedinti,RO413,2022-03,232.726542127271,Epidemic intelligence subnational data
Romania,Mehedinti,RO413,2022-04,578.886344895713,Epidemic intelligence subnational data
Romania,Olt,RO414,2020-15,,Epidemic intelligence subnational data
Romania,Olt,RO414,2020-16,1.28293947091576,Epidemic intelligence subnational data
Romania,Olt,RO414,2020-17,6.41469735457881,Epidemic intelligence subnational data
Romania,Olt,RO414,2020-18,7.95422471967773,Epidemic intelligence subnational data
Romania,Olt,RO414,2020-19,3.33564262438098,Epidemic intelligence subnational data
Romania,Olt,RO414,2020-20,1.28293947091576,Epidemic intelligence subnational data
Romania,Olt,RO414,2020-21,6.41469735457881,Epidemic intelligence subnational data
Romania,Olt,RO414,2020-22,10.2635157673261,Epidemic intelligence subnational data
Romania,Olt,RO414,2020-23,10.2635157673261,Epidemic intelligence subnational data
Romania,Olt,RO414,2020-24,10.2635157673261,Epidemic intelligence subnational data
Romania,Olt,RO414,2020-25,12.8293947091576,Epidemic intelligence subnational data
Romania,Olt,RO414,2020-26,26.4285531008647,Epidemic intelligence subnational data
Romania,Olt,RO414,2020-27,34.6393657147256,Epidemic intelligence subnational data
Romania,Olt,RO414,2020-28,40.5408872809381,Epidemic intelligence subnational data
Romania,Olt,RO414,2020-29,57.7322761912093,Epidemic intelligence subnational data
Romania,Olt,RO414,2020-30,76.4631924665794,Epidemic intelligence subnational data
Romania,Olt,RO414,2020-31,70.3050830061838,Epidemic intelligence subnational data
Romania,Olt,RO414,2020-32,62.8640340748724,Epidemic intelligence subnational data
Romania,Olt,RO414,2020-33,77.2329561491289,Epidemic intelligence subnational data
Romania,Olt,RO414,2020-34,75.9500166782131,Epidemic intelligence subnational data
Romania,Olt,RO414,2020-35,56.4493367202935,Epidemic intelligence subnational data
Romania,Olt,RO414,2020-36,50.547815154081,Epidemic intelligence subnational data
Romania,Olt,RO414,2020-37,72.357786159649,Epidemic intelligence subnational data
Romania,Olt,RO414,2020-38,76.2066045723963,Epidemic intelligence subnational data
Romania,Olt,RO414,2020-39,63.3772098632387,Epidemic intelligence subnational data
Romania,Olt,RO414,2020-40,71.8446103712827,Epidemic intelligence subnational data
Romania,Olt,RO414,2020-41,114.438200805686,Epidemic intelligence subnational data
Romania,Olt,RO414,2020-42,218.356297949863,Epidemic intelligence subnational data
Romania,Olt,RO414,2020-43,264.028943114464,Epidemic intelligence subnational data
Romania,Olt,RO414,2020-44,252.225899982039,Epidemic intelligence subnational data
Romania,Olt,RO414,2020-45,394.119005465322,Epidemic intelligence subnational data
Romania,Olt,RO414,2020-46,493.161932620019,Epidemic intelligence subnational data
Romania,Olt,RO414,2020-47,465.963615836605,Epidemic intelligence subnational data
Romania,Olt,RO414,2020-48,429.271546968414,Epidemic intelligence subnational data
Romania,Olt,RO414,2020-49,329.972031919534,Epidemic intelligence subnational data
Romania,Olt,RO414,2020-50,256.074718394786,Epidemic intelligence subnational data
Romania,Olt,RO414,2020-51,252.225899982039,Epidemic intelligence subnational data
Romania,Olt,RO414,2020-52,216.047006902214,Epidemic intelligence subnational data
Romania,Olt,RO414,2020-53,159.854258076104,Epidemic intelligence subnational data
Romania,Olt,RO414,2021-01,174.223180150361,Epidemic intelligence subnational data
Romania,Olt,RO414,2021-02,162.933312806302,Epidemic intelligence subnational data
Romania,Olt,RO414,2021-03,119.569958689349,Epidemic intelligence subnational data
Romania,Olt,RO414,2021-04,99.8126908372463,Epidemic intelligence subnational data
Romania,Olt,RO414,2021-05,98.2731634721474,Epidemic intelligence subnational data
Romania,Olt,RO414,2021-06,109.04985502784,Epidemic intelligence subnational data
Romania,Olt,RO414,2021-07,98.2731634721474,Epidemic intelligence subnational data
Romania,Olt,RO414,2021-08,108.28009134529,Epidemic intelligence subnational data
Romania,Olt,RO414,2021-09,138.044287070536,Epidemic intelligence subnational data
Romania,Olt,RO414,2021-10,158.571318605188,Epidemic intelligence subnational data
Romania,Olt,RO414,2021-11,183.203756446771,Epidemic intelligence subnational data
Romania,Olt,RO414,2021-12,201.678084827958,Epidemic intelligence subnational data
Romania,Olt,RO414,2021-13,215.790419008031,Epidemic intelligence subnational data
Romania,Olt,RO414,2021-14,201.678084827958,Epidemic intelligence subnational data
Romania,Olt,RO414,2021-15,166.782131219049,Epidemic intelligence subnational data
Romania,Olt,RO414,2021-16,134.452056551972,Epidemic intelligence subnational data
Romania,Olt,RO414,2021-17,86.9832961280887,Epidemic intelligence subnational data
Romania,Olt,RO414,2021-18,62.6074461806892,Epidemic intelligence subnational data
Romania,Olt,RO414,2021-19,55.1663972493778,Epidemic intelligence subnational data
Romania,Olt,RO414,2021-20,36.6920688681908,Epidemic intelligence subnational data
Romania,Olt,RO414,2021-21,21.2967952172017,Epidemic intelligence subnational data
Romania,Olt,RO414,2021-22,12.5728068149745,Epidemic intelligence subnational data
Romania,Olt,RO414,2021-23,8.72398840222718,Epidemic intelligence subnational data
Romania,Olt,RO414,2021-24,5.3883457778462,Epidemic intelligence subnational data
Romania,Olt,RO414,2021-25,5.13175788366305,Epidemic intelligence subnational data
Romania,Olt,RO414,2021-26,4.10540630693044,Epidemic intelligence subnational data
Romania,Olt,RO414,2021-27,1.79611525928207,Epidemic intelligence subnational data
Romania,Olt,RO414,2021-28,1.28293947091576,Epidemic intelligence subnational data
Romania,Olt,RO414,2021-29,2.56587894183152,Epidemic intelligence subnational data
Romania,Olt,RO414,2021-30,3.07905473019783,Epidemic intelligence subnational data
Romania,Olt,RO414,2021-31,4.8751699894799,Epidemic intelligence subnational data
Romania,Olt,RO414,2021-32,9.75033997895979,Epidemic intelligence subnational data
Romania,Olt,RO414,2021-33,16.1650373335386,Epidemic intelligence subnational data
Romania,Olt,RO414,2021-34,33.8696020321761,Epidemic intelligence subnational data
Romania,Olt,RO414,2021-35,64.9167372283376,Epidemic intelligence subnational data
Romania,Olt,RO414,2021-36,109.04985502784,Epidemic intelligence subnational data
Romania,Olt,RO414,2021-37,205.526903240705,Epidemic intelligence subnational data
Romania,Olt,RO414,2021-38,384.112077592179,Epidemic intelligence subnational data
Romania,Olt,RO414,2021-39,557.308906165807,Epidemic intelligence subnational data
Romania,Olt,RO414,2021-40,635.568213891669,Epidemic intelligence subnational data
Romania,Olt,RO414,2021-41,797.988350909604,Epidemic intelligence subnational data
Romania,Olt,RO414,2021-42,899.340569111949,Epidemic intelligence subnational data
Romania,Olt,RO414,2021-43,785.158956200447,Epidemic intelligence subnational data
Romania,Olt,RO414,2021-44,572.704179816796,Epidemic intelligence subnational data
Romania,Olt,RO414,2021-45,346.650245041439,Epidemic intelligence subnational data
Romania,Olt,RO414,2021-46,194.237035896646,Epidemic intelligence subnational data
Romania,Olt,RO414,2021-47,106.997151874375,Epidemic intelligence subnational data
Romania,Olt,RO414,2021-48,73.1275498421985,Epidemic intelligence subnational data
Romania,Olt,RO414,2021-49,45.1594693762348,Epidemic intelligence subnational data
Romania,Olt,RO414,2021-50,56.1927488261104,Epidemic intelligence subnational data
Romania,Olt,RO414,2021-51,57.219100402843,Epidemic intelligence subnational data
Romania,Olt,RO414,2021-52,40.5408872809381,Epidemic intelligence subnational data
Romania,Olt,RO414,2022-01,55.9361609319272,Epidemic intelligence subnational data
Romania,Olt,RO414,2022-02,108.793267133657,Epidemic intelligence subnational data
Romania,Olt,RO414,2022-03,261.976239960999,Epidemic intelligence subnational data
Romania,Olt,RO414,2022-04,593.487799245632,Epidemic intelligence subnational data
Romania,Valcea,RO415,2020-15,,Epidemic intelligence subnational data
Romania,Valcea,RO415,2020-16,3.7315896284772,Epidemic intelligence subnational data
Romania,Valcea,RO415,2020-17,2.87045356036707,Epidemic intelligence subnational data
Romania,Valcea,RO415,2020-18,0.574090712073415,Epidemic intelligence subnational data
Romania,Valcea,RO415,2020-19,0.287045356036707,Epidemic intelligence subnational data
Romania,Valcea,RO415,2020-20,0.861136068110122,Epidemic intelligence subnational data
Romania,Valcea,RO415,2020-21,0.574090712073415,Epidemic intelligence subnational data
Romania,Valcea,RO415,2020-22,1.14818142414683,Epidemic intelligence subnational data
Romania,Valcea,RO415,2020-23,2.87045356036707,Epidemic intelligence subnational data
Romania,Valcea,RO415,2020-24,2.29636284829366,Epidemic intelligence subnational data
Romania,Valcea,RO415,2020-25,2.87045356036707,Epidemic intelligence subnational data
Romania,Valcea,RO415,2020-26,3.7315896284772,Epidemic intelligence subnational data
Romania,Valcea,RO415,2020-27,10.9077235293949,Epidemic intelligence subnational data
Romania,Valcea,RO415,2020-28,34.1583973683682,Epidemic intelligence subnational data
Romania,Valcea,RO415,2020-29,38.7511230649555,Epidemic intelligence subnational data
Romania,Valcea,RO415,2020-30,70.61315758503,Epidemic intelligence subnational data
Romania,Valcea,RO415,2020-31,89.5581510834527,Epidemic intelligence subnational data
Romania,Valcea,RO415,2020-32,73.4836111453971,Epidemic intelligence subnational data
Romania,Valcea,RO415,2020-33,47.6495291020934,Epidemic intelligence subnational data
Romania,Valcea,RO415,2020-34,104.771554953398,Epidemic intelligence subnational data
Romania,Valcea,RO415,2020-35,145.531995510611,Epidemic intelligence subnational data
Romania,Valcea,RO415,2020-36,105.345645665472,Epidemic intelligence subnational data
Romania,Valcea,RO415,2020-37,141.800405882133,Epidemic intelligence subnational data
Romania,Valcea,RO415,2020-38,147.541313002868,Epidemic intelligence subnational data
Romania,Valcea,RO415,2020-39,165.051079721107,Epidemic intelligence subnational data
Romania,Valcea,RO415,2020-40,179.977438235016,Epidemic intelligence subnational data
Romania,Valcea,RO415,2020-41,254.896276160596,Epidemic intelligence subnational data
Romania,Valcea,RO415,2020-42,389.807593497849,Epidemic intelligence subnational data
Romania,Valcea,RO415,2020-43,417.650993033409,Epidemic intelligence subnational data
Romania,Valcea,RO415,2020-44,392.965092414252,Epidemic intelligence subnational data
Romania,Valcea,RO415,2020-45,422.530764086033,Epidemic intelligence subnational data
Romania,Valcea,RO415,2020-46,465.587567491539,Epidemic intelligence subnational data
Romania,Valcea,RO415,2020-47,392.391001702179,Epidemic intelligence subnational data
Romania,Valcea,RO415,2020-48,335.556021206911,Epidemic intelligence subnational data
Romania,Valcea,RO415,2020-49,309.721939163607,Epidemic intelligence subnational data
Romania,Valcea,RO415,2020-50,267.239226470175,Epidemic intelligence subnational data
Romania,Valcea,RO415,2020-51,248.581278327789,Epidemic intelligence subnational data
Romania,Valcea,RO415,2020-52,202.366976005879,Epidemic intelligence subnational data
Romania,Valcea,RO415,2020-53,173.375395046171,Epidemic intelligence subnational data
Romania,Valcea,RO415,2021-01,192.894479256667,Epidemic intelligence subnational data
Romania,Valcea,RO415,2021-02,187.727662848007,Epidemic intelligence subnational data
Romania,Valcea,RO415,2021-03,151.272902631345,Epidemic intelligence subnational data
Romania,Valcea,RO415,2021-04,129.457455572555,Epidemic intelligence subnational data
Romania,Valcea,RO415,2021-05,100.752919968884,Epidemic intelligence subnational data
Romania,Valcea,RO415,2021-06,86.9747428791223,Epidemic intelligence subnational data
Romania,Valcea,RO415,2021-07,116.253369194867,Epidemic intelligence subnational data
Romania,Valcea,RO415,2021-08,171.653122909951,Epidemic intelligence subnational data
Romania,Valcea,RO415,2021-09,241.692189782908,Epidemic intelligence subnational data
Romania,Valcea,RO415,2021-10,289.915809597074,Epidemic intelligence subnational data
Romania,Valcea,RO415,2021-11,307.71262167135,Epidemic intelligence subnational data
Romania,Valcea,RO415,2021-12,329.52806873014,Epidemic intelligence subnational data
Romania,Valcea,RO415,2021-13,358.232604333811,Epidemic intelligence subnational data
Romania,Valcea,RO415,2021-14,339.000565479351,Epidemic intelligence subnational data
Romania,Valcea,RO415,2021-15,241.405144426871,Epidemic intelligence subnational data
Romania,Valcea,RO415,2021-16,162.18062616074,Epidemic intelligence subnational data
Romania,Valcea,RO415,2021-17,121.420185603527,Epidemic intelligence subnational data
Romania,Valcea,RO415,2021-18,80.9467904023515,Epidemic intelligence subnational data
Romania,Valcea,RO415,2021-19,60.853615479782,Epidemic intelligence subnational data
Romania,Valcea,RO415,2021-20,44.2049848296529,Epidemic intelligence subnational data
Romania,Valcea,RO415,2021-21,28.1304448915973,Epidemic intelligence subnational data
Romania,Valcea,RO415,2021-22,17.7968120742759,Epidemic intelligence subnational data
Romania,Valcea,RO415,2021-23,10.9077235293949,Epidemic intelligence subnational data
Romania,Valcea,RO415,2021-24,6.31499783280756,Epidemic intelligence subnational data
Romania,Valcea,RO415,2021-25,3.15749891640378,Epidemic intelligence subnational data
Romania,Valcea,RO415,2021-26,3.15749891640378,Epidemic intelligence subnational data
Romania,Valcea,RO415,2021-27,3.15749891640378,Epidemic intelligence subnational data
Romania,Valcea,RO415,2021-28,2.29636284829366,Epidemic intelligence subnational data
Romania,Valcea,RO415,2021-29,1.14818142414683,Epidemic intelligence subnational data
Romania,Valcea,RO415,2021-30,1.14818142414683,Epidemic intelligence subnational data
Romania,Valcea,RO415,2021-31,5.74090712073415,Epidemic intelligence subnational data
Romania,Valcea,RO415,2021-32,12.6299956656151,Epidemic intelligence subnational data
Romania,Valcea,RO415,2021-33,16.3615852940923,Epidemic intelligence subnational data
Romania,Valcea,RO415,2021-34,21.5284017027531,Epidemic intelligence subnational data
Romania,Valcea,RO415,2021-35,42.4827126934327,Epidemic intelligence subnational data
Romania,Valcea,RO415,2021-36,84.391334674792,Epidemic intelligence subnational data
Romania,Valcea,RO415,2021-37,150.124721207198,Epidemic intelligence subnational data
Romania,Valcea,RO415,2021-38,231.645602321623,Epidemic intelligence subnational data
Romania,Valcea,RO415,2021-39,383.205550309004,Epidemic intelligence subnational data
Romania,Valcea,RO415,2021-40,546.247312537854,Epidemic intelligence subnational data
Romania,Valcea,RO415,2021-41,725.076569348723,Epidemic intelligence subnational data
Romania,Valcea,RO415,2021-42,859.126750617865,Epidemic intelligence subnational data
Romania,Valcea,RO415,2021-43,978.250573373099,Epidemic intelligence subnational data
Romania,Valcea,RO415,2021-44,802.00472476656,Epidemic intelligence subnational data
Romania,Valcea,RO415,2021-45,451.235299689704,Epidemic intelligence subnational data
Romania,Valcea,RO415,2021-46,262.072410061514,Epidemic intelligence subnational data
Romania,Valcea,RO415,2021-47,106.493827089618,Epidemic intelligence subnational data
Romania,Valcea,RO415,2021-48,72.0483843652136,Epidemic intelligence subnational data
Romania,Valcea,RO415,2021-49,61.1406608358187,Epidemic intelligence subnational data
Romania,Valcea,RO415,2021-50,55.6867990711212,Epidemic intelligence subnational data
Romania,Valcea,RO415,2021-51,47.07543839002,Epidemic intelligence subnational data
Romania,Valcea,RO415,2021-52,50.5199826624605,Epidemic intelligence subnational data
Romania,Valcea,RO415,2022-01,119.41086811127,Epidemic intelligence subnational data
Romania,Valcea,RO415,2022-02,258.053775077,Epidemic intelligence subnational data
Romania,Valcea,RO415,2022-03,475.921200308861,Epidemic intelligence subnational data
Romania,Valcea,RO415,2022-04,897.590828326784,Epidemic intelligence subnational data
Romania,Arad,RO421,2020-15,,Epidemic intelligence subnational data
Romania,Arad,RO421,2020-16,62.5135245606021,Epidemic intelligence subnational data
Romania,Arad,RO421,2020-17,57.2239186362434,Epidemic intelligence subnational data
Romania,Arad,RO421,2020-18,49.0490731167801,Epidemic intelligence subnational data
Romania,Arad,RO421,2020-19,31.256762280301,Epidemic intelligence subnational data
Romania,Arad,RO421,2020-20,17.0710009377029,Epidemic intelligence subnational data
Romania,Arad,RO421,2020-21,3.84698612680628,Epidemic intelligence subnational data
Romania,Arad,RO421,2020-22,0.480873265850785,Epidemic intelligence subnational data
Romania,Arad,RO421,2020-23,0.480873265850785,Epidemic intelligence subnational data
Romania,Arad,RO421,2020-24,1.68305643047775,Epidemic intelligence subnational data
Romania,Arad,RO421,2020-25,1.44261979755236,Epidemic intelligence subnational data
Romania,Arad,RO421,2020-26,0.240436632925393,Epidemic intelligence subnational data
Romania,Arad,RO421,2020-27,0.721309898776178,Epidemic intelligence subnational data
Romania,Arad,RO421,2020-28,4.80873265850785,Epidemic intelligence subnational data
Romania,Arad,RO421,2020-29,22.6010434949869,Epidemic intelligence subnational data
Romania,Arad,RO421,2020-30,63.4752710923036,Epidemic intelligence subnational data
Romania,Arad,RO421,2020-31,81.9888918275589,Epidemic intelligence subnational data
Romania,Arad,RO421,2020-32,77.4205958019764,Epidemic intelligence subnational data
Romania,Arad,RO421,2020-33,88.7211175494698,Epidemic intelligence subnational data
Romania,Arad,RO421,2020-34,94.7320333726047,Epidemic intelligence subnational data
Romania,Arad,RO421,2020-35,82.4697650934096,Epidemic intelligence subnational data
Romania,Arad,RO421,2020-36,95.4533432713808,Epidemic intelligence subnational data
Romania,Arad,RO421,2020-37,98.3385828664855,Epidemic intelligence subnational data
Romania,Arad,RO421,2020-38,78.8632155995287,Epidemic intelligence subnational data
Romania,Arad,RO421,2020-39,104.589935322546,Epidemic intelligence subnational data
Romania,Arad,RO421,2020-40,110.841287778606,Epidemic intelligence subnational data
Romania,Arad,RO421,2020-41,145.945036185713,Epidemic intelligence subnational data
Romania,Arad,RO421,2020-42,272.655141737395,Epidemic intelligence subnational data
Romania,Arad,RO421,2020-43,371.955471135582,Epidemic intelligence subnational data
Romania,Arad,RO421,2020-44,431.343319468154,Epidemic intelligence subnational data
Romania,Arad,RO421,2020-45,582.577961578226,Epidemic intelligence subnational data
Romania,Arad,RO421,2020-46,756.65408381621,Epidemic intelligence subnational data
Romania,Arad,RO421,2020-47,725.156884902984,Epidemic intelligence subnational data
Romania,Arad,RO421,2020-48,578.73097545142,Epidemic intelligence subnational data
Romania,Arad,RO421,2020-49,462.600081748455,Epidemic intelligence subnational data
Romania,Arad,RO421,2020-50,371.474597869731,Epidemic intelligence subnational data
Romania,Arad,RO421,2020-51,307.037580245726,Epidemic intelligence subnational data
Romania,Arad,RO421,2020-52,226.972181481571,Epidemic intelligence subnational data
Romania,Arad,RO421,2020-53,179.365728162343,Epidemic intelligence subnational data
Romania,Arad,RO421,2021-01,203.409391454882,Epidemic intelligence subnational data
Romania,Arad,RO421,2021-02,211.824673607271,Epidemic intelligence subnational data
Romania,Arad,RO421,2021-03,184.895770719627,Epidemic intelligence subnational data
Romania,Arad,RO421,2021-04,158.207304464908,Epidemic intelligence subnational data
Romania,Arad,RO421,2021-05,145.464162919863,Epidemic intelligence subnational data
Romania,Arad,RO421,2021-06,163.737347022192,Epidemic intelligence subnational data
Romania,Arad,RO421,2021-07,200.764588492703,Epidemic intelligence subnational data
Romania,Arad,RO421,2021-08,236.589646798586,Epidemic intelligence subnational data
Romania,Arad,RO421,2021-09,257.748070496021,Epidemic intelligence subnational data
Romania,Arad,RO421,2021-10,299.343607992114,Epidemic intelligence subnational data
Romania,Arad,RO421,2021-11,363.059315717343,Epidemic intelligence subnational data
Romania,Arad,RO421,2021-12,412.108388834123,Epidemic intelligence subnational data
Romania,Arad,RO421,2021-13,431.58375610108,Epidemic intelligence subnational data
Romania,Arad,RO421,2021-14,394.556514630569,Epidemic intelligence subnational data
Romania,Arad,RO421,2021-15,338.534779158953,Epidemic intelligence subnational data
Romania,Arad,RO421,2021-16,250.294534875334,Epidemic intelligence subnational data
Romania,Arad,RO421,2021-17,143.781106489385,Epidemic intelligence subnational data
Romania,Arad,RO421,2021-18,84.6336947897382,Epidemic intelligence subnational data
Romania,Arad,RO421,2021-19,53.6173691423625,Epidemic intelligence subnational data
Romania,Arad,RO421,2021-20,32.9398187107788,Epidemic intelligence subnational data
Romania,Arad,RO421,2021-21,18.5136207352552,Epidemic intelligence subnational data
Romania,Arad,RO421,2021-22,15.1475078742997,Epidemic intelligence subnational data
Romania,Arad,RO421,2021-23,12.7431415450458,Epidemic intelligence subnational data
Romania,Arad,RO421,2021-24,6.73222572191099,Epidemic intelligence subnational data
Romania,Arad,RO421,2021-25,4.56829602558246,Epidemic intelligence subnational data
Romania,Arad,RO421,2021-26,3.60654949388089,Epidemic intelligence subnational data
Romania,Arad,RO421,2021-27,2.88523959510471,Epidemic intelligence subnational data
Romania,Arad,RO421,2021-28,3.84698612680628,Epidemic intelligence subnational data
Romania,Arad,RO421,2021-29,3.3661128609555,Epidemic intelligence subnational data
Romania,Arad,RO421,2021-30,5.53004255728403,Epidemic intelligence subnational data
Romania,Arad,RO421,2021-31,9.37702868409031,Epidemic intelligence subnational data
Romania,Arad,RO421,2021-32,14.9070712413743,Epidemic intelligence subnational data
Romania,Arad,RO421,2021-33,25.4862830900916,Epidemic intelligence subnational data
Romania,Arad,RO421,2021-34,42.3168473948691,Epidemic intelligence subnational data
Romania,Arad,RO421,2021-35,62.5135245606021,Epidemic intelligence subnational data
Romania,Arad,RO421,2021-36,114.447837272487,Epidemic intelligence subnational data
Romania,Arad,RO421,2021-37,239.474886393691,Epidemic intelligence subnational data
Romania,Arad,RO421,2021-38,422.928037315765,Epidemic intelligence subnational data
Romania,Arad,RO421,2021-39,686.927460267846,Epidemic intelligence subnational data
Romania,Arad,RO421,2021-40,830.708566757231,Epidemic intelligence subnational data
Romania,Arad,RO421,2021-41,1012.2382246159,Epidemic intelligence subnational data
Romania,Arad,RO421,2021-42,1211.56019331105,Epidemic intelligence subnational data
Romania,Arad,RO421,2021-43,1137.98658363588,Epidemic intelligence subnational data
Romania,Arad,RO421,2021-44,943.954220865091,Epidemic intelligence subnational data
Romania,Arad,RO421,2021-45,696.304488951937,Epidemic intelligence subnational data
Romania,Arad,RO421,2021-46,464.042701546008,Epidemic intelligence subnational data
Romania,Arad,RO421,2021-47,333.96648313337,Epidemic intelligence subnational data
Romania,Arad,RO421,2021-48,266.64422591426,Epidemic intelligence subnational data
Romania,Arad,RO421,2021-49,195.234545935419,Epidemic intelligence subnational data
Romania,Arad,RO421,2021-50,193.07061623909,Epidemic intelligence subnational data
Romania,Arad,RO421,2021-51,167.824769781924,Epidemic intelligence subnational data
Romania,Arad,RO421,2021-52,154.360318338102,Epidemic intelligence subnational data
Romania,Arad,RO421,2022-01,277.944747661754,Epidemic intelligence subnational data
Romania,Arad,RO421,2022-02,499.627323218966,Epidemic intelligence subnational data
Romania,Arad,RO421,2022-03,993.003293981871,Epidemic intelligence subnational data
Romania,Arad,RO421,2022-04,1866.99045466567,Epidemic intelligence subnational data
Romania,Caras-Severin,RO422,2020-15,,Epidemic intelligence subnational data
Romania,Caras-Severin,RO422,2020-16,15.5814669580154,Epidemic intelligence subnational data
Romania,Caras-Severin,RO422,2020-17,11.5006065642494,Epidemic intelligence subnational data
Romania,Caras-Severin,RO422,2020-18,14.0975177239187,Epidemic intelligence subnational data
Romania,Caras-Severin,RO422,2020-19,7.79073347900768,Epidemic intelligence subnational data
Romania,Caras-Severin,RO422,2020-20,0.741974617048351,Epidemic intelligence subnational data
Romania,Caras-Severin,RO422,2020-21,1.11296192557253,Epidemic intelligence subnational data
Romania,Caras-Severin,RO422,2020-22,0.741974617048351,Epidemic intelligence subnational data
Romania,Caras-Severin,RO422,2020-23,0,Epidemic intelligence subnational data
Romania,Caras-Severin,RO422,2020-24,0,Epidemic intelligence subnational data
Romania,Caras-Severin,RO422,2020-25,0,Epidemic intelligence subnational data
Romania,Caras-Severin,RO422,2020-26,0.741974617048351,Epidemic intelligence subnational data
Romania,Caras-Severin,RO422,2020-27,2.59691115966923,Epidemic intelligence subnational data
Romania,Caras-Severin,RO422,2020-28,5.93579693638681,Epidemic intelligence subnational data
Romania,Caras-Severin,RO422,2020-29,16.6944288835879,Epidemic intelligence subnational data
Romania,Caras-Severin,RO422,2020-30,38.2116927779901,Epidemic intelligence subnational data
Romania,Caras-Severin,RO422,2020-31,56.0190835871505,Epidemic intelligence subnational data
Romania,Caras-Severin,RO422,2020-32,74.9394363218834,Epidemic intelligence subnational data
Romania,Caras-Severin,RO422,2020-33,74.1974617048351,Epidemic intelligence subnational data
Romania,Caras-Severin,RO422,2020-34,63.438829757634,Epidemic intelligence subnational data
Romania,Caras-Severin,RO422,2020-35,66.7777155343516,Epidemic intelligence subnational data
Romania,Caras-Severin,RO422,2020-36,108.699281397583,Epidemic intelligence subnational data
Romania,Caras-Severin,RO422,2020-37,122.425811812978,Epidemic intelligence subnational data
Romania,Caras-Severin,RO422,2020-38,102.021509844148,Epidemic intelligence subnational data
Romania,Caras-Severin,RO422,2020-39,122.425811812978,Epidemic intelligence subnational data
Romania,Caras-Severin,RO422,2020-40,121.312849887405,Epidemic intelligence subnational data
Romania,Caras-Severin,RO422,2020-41,155.072694963105,Epidemic intelligence subnational data
Romania,Caras-Severin,RO422,2020-42,231.496080519085,Epidemic intelligence subnational data
Romania,Caras-Severin,RO422,2020-43,248.561496711198,Epidemic intelligence subnational data
Romania,Caras-Severin,RO422,2020-44,262.288027126592,Epidemic intelligence subnational data
Romania,Caras-Severin,RO422,2020-45,318.307110713743,Epidemic intelligence subnational data
Romania,Caras-Severin,RO422,2020-46,388.052724716288,Epidemic intelligence subnational data
Romania,Caras-Severin,RO422,2020-47,399.924318589061,Epidemic intelligence subnational data
Romania,Caras-Severin,RO422,2020-48,365.051511587789,Epidemic intelligence subnational data
Romania,Caras-Severin,RO422,2020-49,322.758958416033,Epidemic intelligence subnational data
Romania,Caras-Severin,RO422,2020-50,252.642357104964,Epidemic intelligence subnational data
Romania,Caras-Severin,RO422,2020-51,270.0787606056,Epidemic intelligence subnational data
Romania,Caras-Severin,RO422,2020-52,251.158407870867,Epidemic intelligence subnational data
Romania,Caras-Severin,RO422,2020-53,217.398562795167,Epidemic intelligence subnational data
Romania,Caras-Severin,RO422,2021-01,274.159620999366,Epidemic intelligence subnational data
Romania,Caras-Severin,RO422,2021-02,263.03000174364,Epidemic intelligence subnational data
Romania,Caras-Severin,RO422,2021-03,205.897956230917,Epidemic intelligence subnational data
Romania,Caras-Severin,RO422,2021-04,163.976390367686,Epidemic intelligence subnational data
Romania,Caras-Severin,RO422,2021-05,143.94307570738,Epidemic intelligence subnational data
Romania,Caras-Severin,RO422,2021-06,120.199887961833,Epidemic intelligence subnational data
Romania,Caras-Severin,RO422,2021-07,113.151129099874,Epidemic intelligence subnational data
Romania,Caras-Severin,RO422,2021-08,126.506672206744,Epidemic intelligence subnational data
Romania,Caras-Severin,RO422,2021-09,139.120240696566,Epidemic intelligence subnational data
Romania,Caras-Severin,RO422,2021-10,170.283174612597,Epidemic intelligence subnational data
Romania,Caras-Severin,RO422,2021-11,194.026362358144,Epidemic intelligence subnational data
Romania,Caras-Severin,RO422,2021-12,221.850410497457,Epidemic intelligence subnational data
Romania,Caras-Severin,RO422,2021-13,255.239268264633,Epidemic intelligence subnational data
Romania,Caras-Severin,RO422,2021-14,262.659014435116,Epidemic intelligence subnational data
Romania,Caras-Severin,RO422,2021-15,254.868280956109,Epidemic intelligence subnational data
Romania,Caras-Severin,RO422,2021-16,242.996687083335,Epidemic intelligence subnational data
Romania,Caras-Severin,RO422,2021-17,191.429451198475,Epidemic intelligence subnational data
Romania,Caras-Severin,RO422,2021-18,142.088139164759,Epidemic intelligence subnational data
Romania,Caras-Severin,RO422,2021-19,116.119027568067,Epidemic intelligence subnational data
Romania,Caras-Severin,RO422,2021-20,74.5684490133593,Epidemic intelligence subnational data
Romania,Caras-Severin,RO422,2021-21,47.1153881825703,Epidemic intelligence subnational data
Romania,Caras-Severin,RO422,2021-22,27.0820735222648,Epidemic intelligence subnational data
Romania,Caras-Severin,RO422,2021-23,13.3555431068703,Epidemic intelligence subnational data
Romania,Caras-Severin,RO422,2021-24,8.90369540458021,Epidemic intelligence subnational data
Romania,Caras-Severin,RO422,2021-25,4.45184770229011,Epidemic intelligence subnational data
Romania,Caras-Severin,RO422,2021-26,3.70987308524175,Epidemic intelligence subnational data
Romania,Caras-Severin,RO422,2021-27,2.59691115966923,Epidemic intelligence subnational data
Romania,Caras-Severin,RO422,2021-28,1.11296192557253,Epidemic intelligence subnational data
Romania,Caras-Severin,RO422,2021-29,1.4839492340967,Epidemic intelligence subnational data
Romania,Caras-Severin,RO422,2021-30,4.08086039376593,Epidemic intelligence subnational data
Romania,Caras-Severin,RO422,2021-31,8.90369540458021,Epidemic intelligence subnational data
Romania,Caras-Severin,RO422,2021-32,17.0654161921121,Epidemic intelligence subnational data
Romania,Caras-Severin,RO422,2021-33,28.9370100648857,Epidemic intelligence subnational data
Romania,Caras-Severin,RO422,2021-34,50.825261267812,Epidemic intelligence subnational data
Romania,Caras-Severin,RO422,2021-35,77.5363474815527,Epidemic intelligence subnational data
Romania,Caras-Severin,RO422,2021-36,125.764697589696,Epidemic intelligence subnational data
Romania,Caras-Severin,RO422,2021-37,205.897956230917,Epidemic intelligence subnational data
Romania,Caras-Severin,RO422,2021-38,327.210806118323,Epidemic intelligence subnational data
Romania,Caras-Severin,RO422,2021-39,457.798338718832,Epidemic intelligence subnational data
Romania,Caras-Severin,RO422,2021-40,512.70446038041,Epidemic intelligence subnational data
Romania,Caras-Severin,RO422,2021-41,641.066069129775,Epidemic intelligence subnational data
Romania,Caras-Severin,RO422,2021-42,736.038820111964,Epidemic intelligence subnational data
Romania,Caras-Severin,RO422,2021-43,669.261104577612,Epidemic intelligence subnational data
Romania,Caras-Severin,RO422,2021-44,570.949467818706,Epidemic intelligence subnational data
Romania,Caras-Severin,RO422,2021-45,409.940975919214,Epidemic intelligence subnational data
Romania,Caras-Severin,RO422,2021-46,258.207166732826,Epidemic intelligence subnational data
Romania,Caras-Severin,RO422,2021-47,188.090565421757,Epidemic intelligence subnational data
Romania,Caras-Severin,RO422,2021-48,148.765910718194,Epidemic intelligence subnational data
Romania,Caras-Severin,RO422,2021-49,112.780141791349,Epidemic intelligence subnational data
Romania,Caras-Severin,RO422,2021-50,111.667179865777,Epidemic intelligence subnational data
Romania,Caras-Severin,RO422,2021-51,94.6017636736647,Epidemic intelligence subnational data
Romania,Caras-Severin,RO422,2021-52,72.3425251622142,Epidemic intelligence subnational data
Romania,Caras-Severin,RO422,2022-01,139.120240696566,Epidemic intelligence subnational data
Romania,Caras-Severin,RO422,2022-02,282.321341786897,Epidemic intelligence subnational data
Romania,Caras-Severin,RO422,2022-03,562.41675972265,Epidemic intelligence subnational data
Romania,Caras-Severin,RO422,2022-04,1049.15210850637,Epidemic intelligence subnational data
Romania,Hunedoara,RO423,2020-15,,Epidemic intelligence subnational data
Romania,Hunedoara,RO423,2020-16,60.7726812328173,Epidemic intelligence subnational data
Romania,Hunedoara,RO423,2020-17,45.2506544244354,Epidemic intelligence subnational data
Romania,Hunedoara,RO423,2020-18,37.0950132200313,Epidemic intelligence subnational data
Romania,Hunedoara,RO423,2020-19,19.994475210797,Epidemic intelligence subnational data
Romania,Hunedoara,RO423,2020-20,18.6790492100867,Epidemic intelligence subnational data
Romania,Hunedoara,RO423,2020-21,15.5220268083819,Epidemic intelligence subnational data
Romania,Hunedoara,RO423,2020-22,4.20936320227306,Epidemic intelligence subnational data
Romania,Hunedoara,RO423,2020-23,2.89393720156273,Epidemic intelligence subnational data
Romania,Hunedoara,RO423,2020-24,1.84159640099446,Epidemic intelligence subnational data
Romania,Hunedoara,RO423,2020-25,0.789255600426198,Epidemic intelligence subnational data
Romania,Hunedoara,RO423,2020-26,5.52478920298339,Epidemic intelligence subnational data
Romania,Hunedoara,RO423,2020-27,6.31404480340958,Epidemic intelligence subnational data
Romania,Hunedoara,RO423,2020-28,14.7327712079557,Epidemic intelligence subnational data
Romania,Hunedoara,RO423,2020-29,30.7809684166217,Epidemic intelligence subnational data
Romania,Hunedoara,RO423,2020-30,50.2492732271346,Epidemic intelligence subnational data
Romania,Hunedoara,RO423,2020-31,63.66661843438,Epidemic intelligence subnational data
Romania,Hunedoara,RO423,2020-32,30.5178832164797,Epidemic intelligence subnational data
Romania,Hunedoara,RO423,2020-33,105.234080056826,Epidemic intelligence subnational data
Romania,Hunedoara,RO423,2020-34,139.435156075295,Epidemic intelligence subnational data
Romania,Hunedoara,RO423,2020-35,72.3484300390682,Epidemic intelligence subnational data
Romania,Hunedoara,RO423,2020-36,79.1886452427619,Epidemic intelligence subnational data
Romania,Hunedoara,RO423,2020-37,73.9269412399206,Epidemic intelligence subnational data
Romania,Hunedoara,RO423,2020-38,63.4035332342379,Epidemic intelligence subnational data
Romania,Hunedoara,RO423,2020-39,96.8153536522803,Epidemic intelligence subnational data
Romania,Hunedoara,RO423,2020-40,113.915891661515,Epidemic intelligence subnational data
Romania,Hunedoara,RO423,2020-41,148.116967679983,Epidemic intelligence subnational data
Romania,Hunedoara,RO423,2020-42,227.831783323029,Epidemic intelligence subnational data
Romania,Hunedoara,RO423,2020-43,274.397863748175,Epidemic intelligence subnational data
Romania,Hunedoara,RO423,2020-44,295.970850159824,Epidemic intelligence subnational data
Romania,Hunedoara,RO423,2020-45,402.257271017219,Epidemic intelligence subnational data
Romania,Hunedoara,RO423,2020-46,568.790202707147,Epidemic intelligence subnational data
Romania,Hunedoara,RO423,2020-47,618.513305533997,Epidemic intelligence subnational data
Romania,Hunedoara,RO423,2020-48,583.786059115245,Epidemic intelligence subnational data
Romania,Hunedoara,RO423,2020-49,500.124965470068,Epidemic intelligence subnational data
Romania,Hunedoara,RO423,2020-50,365.162257797188,Epidemic intelligence subnational data
Romania,Hunedoara,RO423,2020-51,342.53693058497,Epidemic intelligence subnational data
Romania,Hunedoara,RO423,2020-52,310.177450967496,Epidemic intelligence subnational data
Romania,Hunedoara,RO423,2020-53,220.465397719051,Epidemic intelligence subnational data
Romania,Hunedoara,RO423,2021-01,234.408913326581,Epidemic intelligence subnational data
Romania,Hunedoara,RO423,2021-02,247.0370029334,Epidemic intelligence subnational data
Romania,Hunedoara,RO423,2021-03,234.145828126439,Epidemic intelligence subnational data
Romania,Hunedoara,RO423,2021-04,236.513594927717,Epidemic intelligence subnational data
Romania,Hunedoara,RO423,2021-05,245.72157693269,Epidemic intelligence subnational data
Romania,Hunedoara,RO423,2021-06,254.403388537378,Epidemic intelligence subnational data
Romania,Hunedoara,RO423,2021-07,270.977756146328,Epidemic intelligence subnational data
Romania,Hunedoara,RO423,2021-08,325.173307375594,Epidemic intelligence subnational data
Romania,Hunedoara,RO423,2021-09,368.05619499875,Epidemic intelligence subnational data
Romania,Hunedoara,RO423,2021-10,419.620894226595,Epidemic intelligence subnational data
Romania,Hunedoara,RO423,2021-11,513.805395877455,Epidemic intelligence subnational data
Romania,Hunedoara,RO423,2021-12,559.319135502032,Epidemic intelligence subnational data
Romania,Hunedoara,RO423,2021-13,548.532642296208,Epidemic intelligence subnational data
Romania,Hunedoara,RO423,2021-14,474.868786256429,Epidemic intelligence subnational data
Romania,Hunedoara,RO423,2021-15,341.22150458426,Epidemic intelligence subnational data
Romania,Hunedoara,RO423,2021-16,218.623801318057,Epidemic intelligence subnational data
Romania,Hunedoara,RO423,2021-17,137.856644874443,Epidemic intelligence subnational data
Romania,Hunedoara,RO423,2021-18,105.760250457111,Epidemic intelligence subnational data
Romania,Hunedoara,RO423,2021-19,80.7671564436143,Epidemic intelligence subnational data
Romania,Hunedoara,RO423,2021-20,38.1473540205996,Epidemic intelligence subnational data
Romania,Hunedoara,RO423,2021-21,18.6790492100867,Epidemic intelligence subnational data
Romania,Hunedoara,RO423,2021-22,11.0495784059668,Epidemic intelligence subnational data
Romania,Hunedoara,RO423,2021-23,3.94627800213099,Epidemic intelligence subnational data
Romania,Hunedoara,RO423,2021-24,0.526170400284132,Epidemic intelligence subnational data
Romania,Hunedoara,RO423,2021-25,0.789255600426198,Epidemic intelligence subnational data
Romania,Hunedoara,RO423,2021-26,1.5785112008524,Epidemic intelligence subnational data
Romania,Hunedoara,RO423,2021-27,2.36776680127859,Epidemic intelligence subnational data
Romania,Hunedoara,RO423,2021-28,3.94627800213099,Epidemic intelligence subnational data
Romania,Hunedoara,RO423,2021-29,7.62947080411991,Epidemic intelligence subnational data
Romania,Hunedoara,RO423,2021-30,8.68181160468818,Epidemic intelligence subnational data
Romania,Hunedoara,RO423,2021-31,11.3126636061088,Epidemic intelligence subnational data
Romania,Hunedoara,RO423,2021-32,19.994475210797,Epidemic intelligence subnational data
Romania,Hunedoara,RO423,2021-33,34.7272464187527,Epidemic intelligence subnational data
Romania,Hunedoara,RO423,2021-34,45.5137396245774,Epidemic intelligence subnational data
Romania,Hunedoara,RO423,2021-35,52.0908696281291,Epidemic intelligence subnational data
Romania,Hunedoara,RO423,2021-36,92.0798200497231,Epidemic intelligence subnational data
Romania,Hunedoara,RO423,2021-37,177.05633969561,Epidemic intelligence subnational data
Romania,Hunedoara,RO423,2021-38,321.753199773747,Epidemic intelligence subnational data
Romania,Hunedoara,RO423,2021-39,517.225503479302,Epidemic intelligence subnational data
Romania,Hunedoara,RO423,2021-40,608.779153128741,Epidemic intelligence subnational data
Romania,Hunedoara,RO423,2021-41,766.104102813696,Epidemic intelligence subnational data
Romania,Hunedoara,RO423,2021-42,965.25959932124,Epidemic intelligence subnational data
Romania,Hunedoara,RO423,2021-43,966.575025321951,Epidemic intelligence subnational data
Romania,Hunedoara,RO423,2021-44,812.144012838558,Epidemic intelligence subnational data
Romania,Hunedoara,RO423,2021-45,576.682758711409,Epidemic intelligence subnational data
Romania,Hunedoara,RO423,2021-46,377.001091803581,Epidemic intelligence subnational data
Romania,Hunedoara,RO423,2021-47,225.200931321609,Epidemic intelligence subnational data
Romania,Hunedoara,RO423,2021-48,141.539837676432,Epidemic intelligence subnational data
Romania,Hunedoara,RO423,2021-49,98.9200352534168,Epidemic intelligence subnational data
Romania,Hunedoara,RO423,2021-50,71.822259638784,Epidemic intelligence subnational data
Romania,Hunedoara,RO423,2021-51,76.0316228410571,Epidemic intelligence subnational data
Romania,Hunedoara,RO423,2021-52,118.914510464214,Epidemic intelligence subnational data
Romania,Hunedoara,RO423,2022-01,285.710527354284,Epidemic intelligence subnational data
Romania,Hunedoara,RO423,2022-02,515.120821878165,Epidemic intelligence subnational data
Romania,Hunedoara,RO423,2022-03,897.646702884729,Epidemic intelligence subnational data
Romania,Hunedoara,RO423,2022-04,1527.20958682469,Epidemic intelligence subnational data
Romania,Timis,RO424,2020-15,,Epidemic intelligence subnational data
Romania,Timis,RO424,2020-16,22.382329858878,Epidemic intelligence subnational data
Romania,Timis,RO424,2020-17,17.9908600764399,Epidemic intelligence subnational data
Romania,Timis,RO424,2020-18,12.6077680850642,Epidemic intelligence subnational data
Romania,Timis,RO424,2020-19,3.25818725793794,Epidemic intelligence subnational data
Romania,Timis,RO424,2020-20,2.83320631125038,Epidemic intelligence subnational data
Romania,Timis,RO424,2020-21,3.96648883575053,Epidemic intelligence subnational data
Romania,Timis,RO424,2020-22,1.69992378675023,Epidemic intelligence subnational data
Romania,Timis,RO424,2020-23,1.27494284006267,Epidemic intelligence subnational data
Romania,Timis,RO424,2020-24,0.708301577812595,Epidemic intelligence subnational data
Romania,Timis,RO424,2020-25,0.708301577812595,Epidemic intelligence subnational data
Romania,Timis,RO424,2020-26,1.55826347118771,Epidemic intelligence subnational data
Romania,Timis,RO424,2020-27,4.53313009800061,Epidemic intelligence subnational data
Romania,Timis,RO424,2020-28,13.3160696628768,Epidemic intelligence subnational data
Romania,Timis,RO424,2020-29,40.0898693041929,Epidemic intelligence subnational data
Romania,Timis,RO424,2020-30,70.688497465697,Epidemic intelligence subnational data
Romania,Timis,RO424,2020-31,77.2048719815728,Epidemic intelligence subnational data
Romania,Timis,RO424,2020-32,36.6900217306924,Epidemic intelligence subnational data
Romania,Timis,RO424,2020-33,93.4958082712625,Epidemic intelligence subnational data
Romania,Timis,RO424,2020-34,138.968769566831,Epidemic intelligence subnational data
Romania,Timis,RO424,2020-35,78.7631354527605,Epidemic intelligence subnational data
Romania,Timis,RO424,2020-36,80.7463798706358,Epidemic intelligence subnational data
Romania,Timis,RO424,2020-37,88.9626781732619,Epidemic intelligence subnational data
Romania,Timis,RO424,2020-38,82.7296242885111,Epidemic intelligence subnational data
Romania,Timis,RO424,2020-39,105.678595409639,Epidemic intelligence subnational data
Romania,Timis,RO424,2020-40,123.386134854954,Epidemic intelligence subnational data
Romania,Timis,RO424,2020-41,167.01751204821,Epidemic intelligence subnational data
Romania,Timis,RO424,2020-42,278.220859764787,Epidemic intelligence subnational data
Romania,Timis,RO424,2020-43,425.122607003119,Epidemic intelligence subnational data
Romania,Timis,RO424,2020-44,505.727326558193,Epidemic intelligence subnational data
Romania,Timis,RO424,2020-45,692.010641522905,Epidemic intelligence subnational data
Romania,Timis,RO424,2020-46,788.764637052106,Epidemic intelligence subnational data
Romania,Timis,RO424,2020-47,645.687718333961,Epidemic intelligence subnational data
Romania,Timis,RO424,2020-48,523.434866003508,Epidemic intelligence subnational data
Romania,Timis,RO424,2020-49,463.229231889437,Epidemic intelligence subnational data
Romania,Timis,RO424,2020-50,443.821768657372,Epidemic intelligence subnational data
Romania,Timis,RO424,2020-51,466.062438200687,Epidemic intelligence subnational data
Romania,Timis,RO424,2020-52,436.880413194809,Epidemic intelligence subnational data
Romania,Timis,RO424,2020-53,364.775312573486,Epidemic intelligence subnational data
Romania,Timis,RO424,2021-01,457.137838320249,Epidemic intelligence subnational data
Romania,Timis,RO424,2021-02,490.569672793003,Epidemic intelligence subnational data
Romania,Timis,RO424,2021-03,391.690772530365,Epidemic intelligence subnational data
Romania,Timis,RO424,2021-04,359.108899950986,Epidemic intelligence subnational data
Romania,Timis,RO424,2021-05,394.523978841615,Epidemic intelligence subnational data
Romania,Timis,RO424,2021-06,421.014457851806,Epidemic intelligence subnational data
Romania,Timis,RO424,2021-07,458.412781160311,Epidemic intelligence subnational data
Romania,Timis,RO424,2021-08,550.633646591511,Epidemic intelligence subnational data
Romania,Timis,RO424,2021-09,636.196477191273,Epidemic intelligence subnational data
Romania,Timis,RO424,2021-10,665.661822828277,Epidemic intelligence subnational data
Romania,Timis,RO424,2021-11,672.461517975277,Epidemic intelligence subnational data
Romania,Timis,RO424,2021-12,617.638975852583,Epidemic intelligence subnational data
Romania,Timis,RO424,2021-13,519.468377167757,Epidemic intelligence subnational data
Romania,Timis,RO424,2021-14,412.79815954918,Epidemic intelligence subnational data
Romania,Timis,RO424,2021-15,298.903265836915,Epidemic intelligence subnational data
Romania,Timis,RO424,2021-16,220.565111330842,Epidemic intelligence subnational data
Romania,Timis,RO424,2021-17,153.984763016458,Epidemic intelligence subnational data
Romania,Timis,RO424,2021-18,105.961916040764,Epidemic intelligence subnational data
Romania,Timis,RO424,2021-19,80.0380782928232,Epidemic intelligence subnational data
Romania,Timis,RO424,2021-20,47.4562057134439,Epidemic intelligence subnational data
Romania,Timis,RO424,2021-21,24.6488949078783,Epidemic intelligence subnational data
Romania,Timis,RO424,2021-22,13.5993902940018,Epidemic intelligence subnational data
Romania,Timis,RO424,2021-23,9.06626019600121,Epidemic intelligence subnational data
Romania,Timis,RO424,2021-24,5.66641262250076,Epidemic intelligence subnational data
Romania,Timis,RO424,2021-25,4.53313009800061,Epidemic intelligence subnational data
Romania,Timis,RO424,2021-26,4.81645072912564,Epidemic intelligence subnational data
Romania,Timis,RO424,2021-27,4.81645072912564,Epidemic intelligence subnational data
Romania,Timis,RO424,2021-28,5.2414316758132,Epidemic intelligence subnational data
Romania,Timis,RO424,2021-29,8.2162983026261,Epidemic intelligence subnational data
Romania,Timis,RO424,2021-30,15.4409743963146,Epidemic intelligence subnational data
Romania,Timis,RO424,2021-31,20.5407457565653,Epidemic intelligence subnational data
Romania,Timis,RO424,2021-32,23.2322917522531,Epidemic intelligence subnational data
Romania,Timis,RO424,2021-33,43.3480565621308,Epidemic intelligence subnational data
Romania,Timis,RO424,2021-34,85.2795099686364,Epidemic intelligence subnational data
Romania,Timis,RO424,2021-35,138.543788620143,Epidemic intelligence subnational data
Romania,Timis,RO424,2021-36,219.148508175217,Epidemic intelligence subnational data
Romania,Timis,RO424,2021-37,419.456194380619,Epidemic intelligence subnational data
Romania,Timis,RO424,2021-38,737.341942502911,Epidemic intelligence subnational data
Romania,Timis,RO424,2021-39,1025.33736404151,Epidemic intelligence subnational data
Romania,Timis,RO424,2021-40,1078.17666174633,Epidemic intelligence subnational data
Romania,Timis,RO424,2021-41,1130.73263882003,Epidemic intelligence subnational data
Romania,Timis,RO424,2021-42,1163.03119076828,Epidemic intelligence subnational data
Romania,Timis,RO424,2021-43,991.763869253195,Epidemic intelligence subnational data
Romania,Timis,RO424,2021-44,787.34803389648,Epidemic intelligence subnational data
Romania,Timis,RO424,2021-45,536.750935666384,Epidemic intelligence subnational data
Romania,Timis,RO424,2021-46,332.618420940795,Epidemic intelligence subnational data
Romania,Timis,RO424,2021-47,231.756276260281,Epidemic intelligence subnational data
Romania,Timis,RO424,2021-48,182.600146760087,Epidemic intelligence subnational data
Romania,Timis,RO424,2021-49,133.86899820658,Epidemic intelligence subnational data
Romania,Timis,RO424,2021-50,92.5041860623249,Epidemic intelligence subnational data
Romania,Timis,RO424,2021-51,77.2048719815728,Epidemic intelligence subnational data
Romania,Timis,RO424,2021-52,118.003042863578,Epidemic intelligence subnational data
Romania,Timis,RO424,2022-01,413.223140495868,Epidemic intelligence subnational data
Romania,Timis,RO424,2022-02,1027.46226877495,Epidemic intelligence subnational data
Romania,Timis,RO424,2022-03,1812.11875667574,Epidemic intelligence subnational data
Romania,Timis,RO424,2022-04,2823.57340979213,Epidemic intelligence subnational data
Slovakia,Bratislavsky,SK010,2020-13,,Epidemic intelligence subnational data
Slovakia,Bratislavsky,SK010,2020-14,12.6942974229083,Epidemic intelligence subnational data
Slovakia,Bratislavsky,SK010,2020-15,13.1423314495992,Epidemic intelligence subnational data
Slovakia,Bratislavsky,SK010,2020-16,23.8951480901803,Epidemic intelligence subnational data
Slovakia,Bratislavsky,SK010,2020-17,20.4602205522169,Epidemic intelligence subnational data
Slovakia,Bratislavsky,SK010,2020-18,4.92837429359969,Epidemic intelligence subnational data
Slovakia,Bratislavsky,SK010,2020-20,2.2401701334544,Epidemic intelligence subnational data
Slovakia,Bratislavsky,SK010,2020-21,1.19475740450901,Epidemic intelligence subnational data
Slovakia,Bratislavsky,SK010,2020-22,0.44803402669088,Epidemic intelligence subnational data
Slovakia,Bratislavsky,SK010,2020-23,0.298689351127254,Epidemic intelligence subnational data
Slovakia,Bratislavsky,SK010,2020-24,1.04541272894539,Epidemic intelligence subnational data
Slovakia,Bratislavsky,SK010,2020-25,1.34410208007264,Epidemic intelligence subnational data
Slovakia,Bratislavsky,SK010,2020-26,2.09082545789077,Epidemic intelligence subnational data
Slovakia,Bratislavsky,SK010,2020-27,3.8829615646543,Epidemic intelligence subnational data
Slovakia,Bratislavsky,SK010,2020-28,6.27247637367233,Epidemic intelligence subnational data
Slovakia,Bratislavsky,SK010,2020-29,6.57116572479958,Epidemic intelligence subnational data
Slovakia,Bratislavsky,SK010,2020-30,9.85674858719937,Epidemic intelligence subnational data
Slovakia,Bratislavsky,SK010,2020-31,13.8890548274173,Epidemic intelligence subnational data
Slovakia,Bratislavsky,SK010,2020-32,16.427914311999,Epidemic intelligence subnational data
Slovakia,Bratislavsky,SK010,2020-33,22.401701334544,Epidemic intelligence subnational data
Slovakia,Bratislavsky,SK010,2020-34,45.5501260469062,Epidemic intelligence subnational data
Slovakia,Bratislavsky,SK010,2020-35,55.5562193096692,Epidemic intelligence subnational data
Slovakia,Bratislavsky,SK010,2020-36,63.0234530878505,Epidemic intelligence subnational data
Slovakia,Bratislavsky,SK010,2020-37,80.6461248043585,Epidemic intelligence subnational data
Slovakia,Bratislavsky,SK010,2020-38,79.0033333731586,Epidemic intelligence subnational data
Slovakia,Bratislavsky,SK010,2020-39,109.320302512575,Epidemic intelligence subnational data
Slovakia,Bratislavsky,SK010,2020-40,144.864335296718,Epidemic intelligence subnational data
Slovakia,Bratislavsky,SK010,2020-41,168.162104684644,Epidemic intelligence subnational data
Slovakia,Bratislavsky,SK010,2020-42,201.017933308642,Epidemic intelligence subnational data
Slovakia,Bratislavsky,SK010,2020-43,272.404688228055,Epidemic intelligence subnational data
Slovakia,Bratislavsky,SK010,2020-44,426.976427436409,Epidemic intelligence subnational data
Slovakia,Bratislavsky,SK010,2020-45,448.03402669088,Epidemic intelligence subnational data
Slovakia,Bratislavsky,SK010,2020-46,302.124278665217,Epidemic intelligence subnational data
Slovakia,Bratislavsky,SK010,2020-47,262.547939640856,Epidemic intelligence subnational data
Slovakia,Bratislavsky,SK010,2020-48,312.13037192798,Epidemic intelligence subnational data
Slovakia,Bratislavsky,SK010,2020-49,469.390315296479,Epidemic intelligence subnational data
Slovakia,Bratislavsky,SK010,2020-50,765.391462263587,Epidemic intelligence subnational data
Slovakia,Bratislavsky,SK010,2020-51,1121.42916880727,Epidemic intelligence subnational data
Slovakia,Bratislavsky,SK010,2020-52,1459.99354831002,Epidemic intelligence subnational data
Slovakia,Bratislavsky,SK010,2020-53,1559.15841288426,Epidemic intelligence subnational data
Slovakia,Bratislavsky,SK010,2021-01,1640.10322703975,Epidemic intelligence subnational data
Slovakia,Bratislavsky,SK010,2021-02,1473.58391378631,Epidemic intelligence subnational data
Slovakia,Bratislavsky,SK010,2021-03,1548.10690689256,Epidemic intelligence subnational data
Slovakia,Bratislavsky,SK010,2021-04,1644.13553327997,Epidemic intelligence subnational data
Slovakia,Bratislavsky,SK010,2021-05,1437.44250229991,Epidemic intelligence subnational data
Slovakia,Bratislavsky,SK010,2021-06,1448.94204231831,Epidemic intelligence subnational data
Slovakia,Bratislavsky,SK010,2021-07,1371.13346634966,Epidemic intelligence subnational data
Slovakia,Bratislavsky,SK010,2021-08,1357.8417902245,Epidemic intelligence subnational data
Slovakia,Bratislavsky,SK010,2021-09,1289.74061816748,Epidemic intelligence subnational data
Slovakia,Bratislavsky,SK010,2021-10,1093.50171447688,Epidemic intelligence subnational data
Slovakia,Bratislavsky,SK010,2021-11,887.406062199071,Epidemic intelligence subnational data
Slovakia,Bratislavsky,SK010,2021-12,698.634392286646,Epidemic intelligence subnational data
Slovakia,Bratislavsky,SK010,2021-13,549.140372047456,Epidemic intelligence subnational data
Slovakia,Bratislavsky,SK010,2021-14,444.599099152917,Epidemic intelligence subnational data
Slovakia,Bratislavsky,SK010,2021-15,345.732923929796,Epidemic intelligence subnational data
Slovakia,Bratislavsky,SK010,2021-16,264.638765098747,Epidemic intelligence subnational data
Slovakia,Bratislavsky,SK010,2021-17,235.665898039403,Epidemic intelligence subnational data
Slovakia,Bratislavsky,SK010,2021-18,193.849388881588,Epidemic intelligence subnational data
Slovakia,Bratislavsky,SK010,2021-19,124.702804095628,Epidemic intelligence subnational data
Slovakia,Bratislavsky,SK010,2021-20,89.7561500137397,Epidemic intelligence subnational data
Slovakia,Bratislavsky,SK010,2021-21,71.0880655682864,Epidemic intelligence subnational data
Slovakia,Bratislavsky,SK010,2021-22,64.0688658167959,Epidemic intelligence subnational data
Slovakia,Bratislavsky,SK010,2021-23,63.3221424389778,Epidemic intelligence subnational data
Slovakia,Bratislavsky,SK010,2021-24,43.7579899401427,Epidemic intelligence subnational data
Slovakia,Bratislavsky,SK010,2021-25,29.4209010860345,Epidemic intelligence subnational data
Slovakia,Bratislavsky,SK010,2021-26,31.8104158950525,Epidemic intelligence subnational data
Slovakia,Bratislavsky,SK010,2021-27,28.5248330326527,Epidemic intelligence subnational data
Slovakia,Bratislavsky,SK010,2021-28,21.3562886055986,Epidemic intelligence subnational data
Slovakia,Bratislavsky,SK010,2021-29,22.1030119834168,Epidemic intelligence subnational data
Slovakia,Bratislavsky,SK010,2021-30,32.8558286239979,Epidemic intelligence subnational data
Slovakia,Bratislavsky,SK010,2021-31,35.0959987574523,Epidemic intelligence subnational data
Slovakia,Bratislavsky,SK010,2021-32,43.3099559134518,Epidemic intelligence subnational data
Slovakia,Bratislavsky,SK010,2021-33,54.6601512562874,Epidemic intelligence subnational data
Slovakia,Bratislavsky,SK010,2021-34,58.5431128209417,Epidemic intelligence subnational data
Slovakia,Bratislavsky,SK010,2021-35,77.9579206442132,Epidemic intelligence subnational data
Slovakia,Bratislavsky,SK010,2021-36,116.339502264065,Epidemic intelligence subnational data
Slovakia,Bratislavsky,SK010,2021-37,158.604045448572,Epidemic intelligence subnational data
Slovakia,Bratislavsky,SK010,2021-38,218.341915674022,Epidemic intelligence subnational data
Slovakia,Bratislavsky,SK010,2021-39,293.312942806963,Epidemic intelligence subnational data
Slovakia,Bratislavsky,SK010,2021-40,350.959987574523,Epidemic intelligence subnational data
Slovakia,Bratislavsky,SK010,2021-41,425.7816700319,Epidemic intelligence subnational data
Slovakia,Bratislavsky,SK010,2021-42,600.813629792471,Epidemic intelligence subnational data
Slovakia,Bratislavsky,SK010,2021-43,943.260970859867,Epidemic intelligence subnational data
Slovakia,Bratislavsky,SK010,2021-44,1448.94204231831,Epidemic intelligence subnational data
Slovakia,Bratislavsky,SK010,2021-45,1992.70600604547,Epidemic intelligence subnational data
Slovakia,Bratislavsky,SK010,2021-46,2643.10206812507,Epidemic intelligence subnational data
Slovakia,Bratislavsky,SK010,2021-47,3238.09125557056,Epidemic intelligence subnational data
Slovakia,Bratislavsky,SK010,2021-48,3271.09642887012,Epidemic intelligence subnational data
Slovakia,Bratislavsky,SK010,2021-49,2792.89477771539,Epidemic intelligence subnational data
Slovakia,Bratislavsky,SK010,2021-50,2089.33201113514,Epidemic intelligence subnational data
Slovakia,Bratislavsky,SK010,2021-51,1378.60070012784,Epidemic intelligence subnational data
Slovakia,Bratislavsky,SK010,2021-52,1027.64071255332,Epidemic intelligence subnational data
Slovakia,Bratislavsky,SK010,2022-01,969.246944407938,Epidemic intelligence subnational data
Slovakia,Bratislavsky,SK010,2022-02,980.44779507521,Epidemic intelligence subnational data
Slovakia,Bratislavsky,SK010,2022-03,1587.53390124135,Epidemic intelligence subnational data
Slovakia,Bratislavsky,SK010,2022-04,3262.73312703856,Epidemic intelligence subnational data
Slovakia,Trnavsky,SK021,2020-13,,Epidemic intelligence subnational data
Slovakia,Trnavsky,SK021,2020-14,5.84156610617135,Epidemic intelligence subnational data
Slovakia,Trnavsky,SK021,2020-15,6.54963472510121,Epidemic intelligence subnational data
Slovakia,Trnavsky,SK021,2020-16,7.78875480822847,Epidemic intelligence subnational data
Slovakia,Trnavsky,SK021,2020-17,8.67384058189079,Epidemic intelligence subnational data
Slovakia,Trnavsky,SK021,2020-18,4.77946317777656,Epidemic intelligence subnational data
Slovakia,Trnavsky,SK021,2020-20,0.708068618929861,Epidemic intelligence subnational data
Slovakia,Trnavsky,SK021,2020-21,1.23912008312726,Epidemic intelligence subnational data
Slovakia,Trnavsky,SK021,2020-22,0.885085773662326,Epidemic intelligence subnational data
Slovakia,Trnavsky,SK021,2020-23,0.177017154732465,Epidemic intelligence subnational data
Slovakia,Trnavsky,SK021,2020-24,0,Epidemic intelligence subnational data
Slovakia,Trnavsky,SK021,2020-25,0.35403430946493,Epidemic intelligence subnational data
Slovakia,Trnavsky,SK021,2020-26,0.35403430946493,Epidemic intelligence subnational data
Slovakia,Trnavsky,SK021,2020-27,0.531051464197395,Epidemic intelligence subnational data
Slovakia,Trnavsky,SK021,2020-28,1.77017154732465,Epidemic intelligence subnational data
Slovakia,Trnavsky,SK021,2020-29,1.41613723785972,Epidemic intelligence subnational data
Slovakia,Trnavsky,SK021,2020-30,1.23912008312726,Epidemic intelligence subnational data
Slovakia,Trnavsky,SK021,2020-31,4.0713945588467,Epidemic intelligence subnational data
Slovakia,Trnavsky,SK021,2020-32,7.25770334403107,Epidemic intelligence subnational data
Slovakia,Trnavsky,SK021,2020-33,13.9843552238647,Epidemic intelligence subnational data
Slovakia,Trnavsky,SK021,2020-34,22.4811786510231,Epidemic intelligence subnational data
Slovakia,Trnavsky,SK021,2020-35,19.1178527111062,Epidemic intelligence subnational data
Slovakia,Trnavsky,SK021,2020-36,15.223475306992,Epidemic intelligence subnational data
Slovakia,Trnavsky,SK021,2020-37,26.7295903646022,Epidemic intelligence subnational data
Slovakia,Trnavsky,SK021,2020-38,49.0337518608928,Epidemic intelligence subnational data
Slovakia,Trnavsky,SK021,2020-39,82.3129769505963,Epidemic intelligence subnational data
Slovakia,Trnavsky,SK021,2020-40,121.610785301204,Epidemic intelligence subnational data
Slovakia,Trnavsky,SK021,2020-41,193.12571581312,Epidemic intelligence subnational data
Slovakia,Trnavsky,SK021,2020-42,275.792727073181,Epidemic intelligence subnational data
Slovakia,Trnavsky,SK021,2020-43,341.997142943123,Epidemic intelligence subnational data
Slovakia,Trnavsky,SK021,2020-44,481.486660872305,Epidemic intelligence subnational data
Slovakia,Trnavsky,SK021,2020-45,581.324336141415,Epidemic intelligence subnational data
Slovakia,Trnavsky,SK021,2020-46,510.871508557894,Epidemic intelligence subnational data
Slovakia,Trnavsky,SK021,2020-47,479.539472170248,Epidemic intelligence subnational data
Slovakia,Trnavsky,SK021,2020-48,578.846095975161,Epidemic intelligence subnational data
Slovakia,Trnavsky,SK021,2020-49,738.869603853309,Epidemic intelligence subnational data
Slovakia,Trnavsky,SK021,2020-50,1002.09411294049,Epidemic intelligence subnational data
Slovakia,Trnavsky,SK021,2020-51,1319.66288853053,Epidemic intelligence subnational data
Slovakia,Trnavsky,SK021,2020-52,1224.95871074866,Epidemic intelligence subnational data
Slovakia,Trnavsky,SK021,2020-53,1369.22769185562,Epidemic intelligence subnational data
Slovakia,Trnavsky,SK021,2021-01,1728.74953311725,Epidemic intelligence subnational data
Slovakia,Trnavsky,SK021,2021-02,1624.48642897983,Epidemic intelligence subnational data
Slovakia,Trnavsky,SK021,2021-03,1886.47181798388,Epidemic intelligence subnational data
Slovakia,Trnavsky,SK021,2021-04,2267.41273496815,Epidemic intelligence subnational data
Slovakia,Trnavsky,SK021,2021-05,2379.64161106853,Epidemic intelligence subnational data
Slovakia,Trnavsky,SK021,2021-06,2226.34475507021,Epidemic intelligence subnational data
Slovakia,Trnavsky,SK021,2021-07,1875.49675439047,Epidemic intelligence subnational data
Slovakia,Trnavsky,SK021,2021-08,1716.18131513125,Epidemic intelligence subnational data
Slovakia,Trnavsky,SK021,2021-09,1488.36023699057,Epidemic intelligence subnational data
Slovakia,Trnavsky,SK021,2021-10,1138.92837354868,Epidemic intelligence subnational data
Slovakia,Trnavsky,SK021,2021-11,897.831008803063,Epidemic intelligence subnational data
Slovakia,Trnavsky,SK021,2021-12,711.962996333975,Epidemic intelligence subnational data
Slovakia,Trnavsky,SK021,2021-13,541.141442017146,Epidemic intelligence subnational data
Slovakia,Trnavsky,SK021,2021-14,407.316473039402,Epidemic intelligence subnational data
Slovakia,Trnavsky,SK021,2021-15,314.736501114323,Epidemic intelligence subnational data
Slovakia,Trnavsky,SK021,2021-16,246.230862232859,Epidemic intelligence subnational data
Slovakia,Trnavsky,SK021,2021-17,197.020093217234,Epidemic intelligence subnational data
Slovakia,Trnavsky,SK021,2021-18,148.871427130003,Epidemic intelligence subnational data
Slovakia,Trnavsky,SK021,2021-19,114.707116266637,Epidemic intelligence subnational data
Slovakia,Trnavsky,SK021,2021-20,95.4122464007987,Epidemic intelligence subnational data
Slovakia,Trnavsky,SK021,2021-21,69.0366903456614,Epidemic intelligence subnational data
Slovakia,Trnavsky,SK021,2021-22,55.937420895459,Epidemic intelligence subnational data
Slovakia,Trnavsky,SK021,2021-23,42.8381514452566,Epidemic intelligence subnational data
Slovakia,Trnavsky,SK021,2021-24,24.9594188172776,Epidemic intelligence subnational data
Slovakia,Trnavsky,SK021,2021-25,13.6303209143998,Epidemic intelligence subnational data
Slovakia,Trnavsky,SK021,2021-26,10.6210292839479,Epidemic intelligence subnational data
Slovakia,Trnavsky,SK021,2021-27,9.20489204608819,Epidemic intelligence subnational data
Slovakia,Trnavsky,SK021,2021-28,10.9750635934128,Epidemic intelligence subnational data
Slovakia,Trnavsky,SK021,2021-29,10.6210292839479,Epidemic intelligence subnational data
Slovakia,Trnavsky,SK021,2021-30,10.0899778197505,Epidemic intelligence subnational data
Slovakia,Trnavsky,SK021,2021-31,11.5061150576102,Epidemic intelligence subnational data
Slovakia,Trnavsky,SK021,2021-32,16.2855782353868,Epidemic intelligence subnational data
Slovakia,Trnavsky,SK021,2021-33,20.8880242584309,Epidemic intelligence subnational data
Slovakia,Trnavsky,SK021,2021-34,23.7202987341503,Epidemic intelligence subnational data
Slovakia,Trnavsky,SK021,2021-35,34.6953623275632,Epidemic intelligence subnational data
Slovakia,Trnavsky,SK021,2021-36,74.8782564518327,Epidemic intelligence subnational data
Slovakia,Trnavsky,SK021,2021-37,148.163358511073,Epidemic intelligence subnational data
Slovakia,Trnavsky,SK021,2021-38,198.790264764558,Epidemic intelligence subnational data
Slovakia,Trnavsky,SK021,2021-39,228.529146759613,Epidemic intelligence subnational data
Slovakia,Trnavsky,SK021,2021-40,301.283197354656,Epidemic intelligence subnational data
Slovakia,Trnavsky,SK021,2021-41,353.149223691268,Epidemic intelligence subnational data
Slovakia,Trnavsky,SK021,2021-42,438.648509427049,Epidemic intelligence subnational data
Slovakia,Trnavsky,SK021,2021-43,636.90772272741,Epidemic intelligence subnational data
Slovakia,Trnavsky,SK021,2021-44,922.082359001411,Epidemic intelligence subnational data
Slovakia,Trnavsky,SK021,2021-45,1392.06290481611,Epidemic intelligence subnational data
Slovakia,Trnavsky,SK021,2021-46,1965.95252045876,Epidemic intelligence subnational data
Slovakia,Trnavsky,SK021,2021-47,2522.14042062816,Epidemic intelligence subnational data
Slovakia,Trnavsky,SK021,2021-48,2915.64955559843,Epidemic intelligence subnational data
Slovakia,Trnavsky,SK021,2021-49,2737.74731509231,Epidemic intelligence subnational data
Slovakia,Trnavsky,SK021,2021-50,2117.83323921921,Epidemic intelligence subnational data
Slovakia,Trnavsky,SK021,2021-51,1478.62429348028,Epidemic intelligence subnational data
Slovakia,Trnavsky,SK021,2021-52,1095.20513632976,Epidemic intelligence subnational data
Slovakia,Trnavsky,SK021,2022-01,974.656453956953,Epidemic intelligence subnational data
Slovakia,Trnavsky,SK021,2022-02,896.591888719936,Epidemic intelligence subnational data
Slovakia,Trnavsky,SK021,2022-03,1450.47856587782,Epidemic intelligence subnational data
Slovakia,Trnavsky,SK021,2022-04,3214.2774956321,Epidemic intelligence subnational data
Slovakia,Trenciansky,SK022,2020-13,,Epidemic intelligence subnational data
Slovakia,Trenciansky,SK022,2020-14,8.04011160359171,Epidemic intelligence subnational data
Slovakia,Trenciansky,SK022,2020-15,7.69797919492823,Epidemic intelligence subnational data
Slovakia,Trenciansky,SK022,2020-16,8.38224401225518,Epidemic intelligence subnational data
Slovakia,Trenciansky,SK022,2020-17,10.7771708728995,Epidemic intelligence subnational data
Slovakia,Trenciansky,SK022,2020-18,7.18478058193301,Epidemic intelligence subnational data
Slovakia,Trenciansky,SK022,2020-20,3.59239029096651,Epidemic intelligence subnational data
Slovakia,Trenciansky,SK022,2020-21,3.07919167797129,Epidemic intelligence subnational data
Slovakia,Trenciansky,SK022,2020-22,0.342132408663477,Epidemic intelligence subnational data
Slovakia,Trenciansky,SK022,2020-23,0.342132408663477,Epidemic intelligence subnational data
Slovakia,Trenciansky,SK022,2020-24,0.171066204331738,Epidemic intelligence subnational data
Slovakia,Trenciansky,SK022,2020-25,0.171066204331738,Epidemic intelligence subnational data
Slovakia,Trenciansky,SK022,2020-26,0.513198612995215,Epidemic intelligence subnational data
Slovakia,Trenciansky,SK022,2020-27,4.10558890396172,Epidemic intelligence subnational data
Slovakia,Trenciansky,SK022,2020-28,6.32944956027432,Epidemic intelligence subnational data
Slovakia,Trenciansky,SK022,2020-29,4.78985372128868,Epidemic intelligence subnational data
Slovakia,Trenciansky,SK022,2020-30,11.119303281563,Epidemic intelligence subnational data
Slovakia,Trenciansky,SK022,2020-31,17.2776866375056,Epidemic intelligence subnational data
Slovakia,Trenciansky,SK022,2020-32,20.1858121111451,Epidemic intelligence subnational data
Slovakia,Trenciansky,SK022,2020-33,23.7782024021116,Epidemic intelligence subnational data
Slovakia,Trenciansky,SK022,2020-34,23.2650037891164,Epidemic intelligence subnational data
Slovakia,Trenciansky,SK022,2020-35,20.6990107241404,Epidemic intelligence subnational data
Slovakia,Trenciansky,SK022,2020-36,16.2512894115152,Epidemic intelligence subnational data
Slovakia,Trenciansky,SK022,2020-37,21.554341745799,Epidemic intelligence subnational data
Slovakia,Trenciansky,SK022,2020-38,36.608167726992,Epidemic intelligence subnational data
Slovakia,Trenciansky,SK022,2020-39,63.6366280114067,Epidemic intelligence subnational data
Slovakia,Trenciansky,SK022,2020-40,104.692517051024,Epidemic intelligence subnational data
Slovakia,Trenciansky,SK022,2020-41,190.567751625557,Epidemic intelligence subnational data
Slovakia,Trenciansky,SK022,2020-42,317.498875239707,Epidemic intelligence subnational data
Slovakia,Trenciansky,SK022,2020-43,466.155406803987,Epidemic intelligence subnational data
Slovakia,Trenciansky,SK022,2020-44,733.702950378826,Epidemic intelligence subnational data
Slovakia,Trenciansky,SK022,2020-45,898.097572741627,Epidemic intelligence subnational data
Slovakia,Trenciansky,SK022,2020-46,746.361849499375,Epidemic intelligence subnational data
Slovakia,Trenciansky,SK022,2020-47,651.591172299592,Epidemic intelligence subnational data
Slovakia,Trenciansky,SK022,2020-48,821.459913201008,Epidemic intelligence subnational data
Slovakia,Trenciansky,SK022,2020-49,1094.82370772313,Epidemic intelligence subnational data
Slovakia,Trenciansky,SK022,2020-50,1517.01510001386,Epidemic intelligence subnational data
Slovakia,Trenciansky,SK022,2020-51,2026.10812410511,Epidemic intelligence subnational data
Slovakia,Trenciansky,SK022,2020-52,1984.71010265683,Epidemic intelligence subnational data
Slovakia,Trenciansky,SK022,2020-53,1850.76526466508,Epidemic intelligence subnational data
Slovakia,Trenciansky,SK022,2021-01,1904.13792041658,Epidemic intelligence subnational data
Slovakia,Trenciansky,SK022,2021-02,1401.03221347694,Epidemic intelligence subnational data
Slovakia,Trenciansky,SK022,2021-03,1074.80896181631,Epidemic intelligence subnational data
Slovakia,Trenciansky,SK022,2021-04,1080.96734517225,Epidemic intelligence subnational data
Slovakia,Trenciansky,SK022,2021-05,1178.47508164135,Epidemic intelligence subnational data
Slovakia,Trenciansky,SK022,2021-06,1456.28659747609,Epidemic intelligence subnational data
Slovakia,Trenciansky,SK022,2021-07,1677.47519967703,Epidemic intelligence subnational data
Slovakia,Trenciansky,SK022,2021-08,1828.01345948896,Epidemic intelligence subnational data
Slovakia,Trenciansky,SK022,2021-09,1757.87631571294,Epidemic intelligence subnational data
Slovakia,Trenciansky,SK022,2021-10,1557.21565803182,Epidemic intelligence subnational data
Slovakia,Trenciansky,SK022,2021-11,1280.25947321873,Epidemic intelligence subnational data
Slovakia,Trenciansky,SK022,2021-12,996.118507823713,Epidemic intelligence subnational data
Slovakia,Trenciansky,SK022,2021-13,773.903508396785,Epidemic intelligence subnational data
Slovakia,Trenciansky,SK022,2021-14,581.282962319247,Epidemic intelligence subnational data
Slovakia,Trenciansky,SK022,2021-15,470.945260525276,Epidemic intelligence subnational data
Slovakia,Trenciansky,SK022,2021-16,420.13859783875,Epidemic intelligence subnational data
Slovakia,Trenciansky,SK022,2021-17,340.250680415828,Epidemic intelligence subnational data
Slovakia,Trenciansky,SK022,2021-18,250.783055550329,Epidemic intelligence subnational data
Slovakia,Trenciansky,SK022,2021-19,197.239333594494,Epidemic intelligence subnational data
Slovakia,Trenciansky,SK022,2021-20,146.945869520963,Epidemic intelligence subnational data
Slovakia,Trenciansky,SK022,2021-21,99.9026633297353,Epidemic intelligence subnational data
Slovakia,Trenciansky,SK022,2021-22,74.7559312929697,Epidemic intelligence subnational data
Slovakia,Trenciansky,SK022,2021-23,52.0041261168485,Epidemic intelligence subnational data
Slovakia,Trenciansky,SK022,2021-24,32.3315126186986,Epidemic intelligence subnational data
Slovakia,Trenciansky,SK022,2021-25,20.8700769284721,Epidemic intelligence subnational data
Slovakia,Trenciansky,SK022,2021-26,15.3959583898565,Epidemic intelligence subnational data
Slovakia,Trenciansky,SK022,2021-27,11.119303281563,Epidemic intelligence subnational data
Slovakia,Trenciansky,SK022,2021-28,9.23757503391388,Epidemic intelligence subnational data
Slovakia,Trenciansky,SK022,2021-29,10.9482370772313,Epidemic intelligence subnational data
Slovakia,Trenciansky,SK022,2021-30,11.2903694858947,Epidemic intelligence subnational data
Slovakia,Trenciansky,SK022,2021-31,13.5142301422073,Epidemic intelligence subnational data
Slovakia,Trenciansky,SK022,2021-32,15.3959583898565,Epidemic intelligence subnational data
Slovakia,Trenciansky,SK022,2021-33,20.3568783154769,Epidemic intelligence subnational data
Slovakia,Trenciansky,SK022,2021-34,37.4634987486507,Epidemic intelligence subnational data
Slovakia,Trenciansky,SK022,2021-35,71.3346072063349,Epidemic intelligence subnational data
Slovakia,Trenciansky,SK022,2021-36,112.390496245952,Epidemic intelligence subnational data
Slovakia,Trenciansky,SK022,2021-37,148.143332951286,Epidemic intelligence subnational data
Slovakia,Trenciansky,SK022,2021-38,209.55610030638,Epidemic intelligence subnational data
Slovakia,Trenciansky,SK022,2021-39,284.312031599349,Epidemic intelligence subnational data
Slovakia,Trenciansky,SK022,2021-40,330.499906768919,Epidemic intelligence subnational data
Slovakia,Trenciansky,SK022,2021-41,343.843070706794,Epidemic intelligence subnational data
Slovakia,Trenciansky,SK022,2021-42,549.977846926539,Epidemic intelligence subnational data
Slovakia,Trenciansky,SK022,2021-43,950.61489747147,Epidemic intelligence subnational data
Slovakia,Trenciansky,SK022,2021-44,1457.65512711074,Epidemic intelligence subnational data
Slovakia,Trenciansky,SK022,2021-45,2017.89694629719,Epidemic intelligence subnational data
Slovakia,Trenciansky,SK022,2021-46,2610.64134430666,Epidemic intelligence subnational data
Slovakia,Trenciansky,SK022,2021-47,3206.9781326071,Epidemic intelligence subnational data
Slovakia,Trenciansky,SK022,2021-48,3471.78861691263,Epidemic intelligence subnational data
Slovakia,Trenciansky,SK022,2021-49,2994.85603923574,Epidemic intelligence subnational data
Slovakia,Trenciansky,SK022,2021-50,2115.23361656195,Epidemic intelligence subnational data
Slovakia,Trenciansky,SK022,2021-51,1425.83681310504,Epidemic intelligence subnational data
Slovakia,Trenciansky,SK022,2021-52,1104.57448137004,Epidemic intelligence subnational data
Slovakia,Trenciansky,SK022,2022-01,979.525086003534,Epidemic intelligence subnational data
Slovakia,Trenciansky,SK022,2022-02,757.139020372274,Epidemic intelligence subnational data
Slovakia,Trenciansky,SK022,2022-03,1131.08974304146,Epidemic intelligence subnational data
Slovakia,Trenciansky,SK022,2022-04,2629.28756057882,Epidemic intelligence subnational data
Slovakia,Nitriansky,SK023,2020-13,,Epidemic intelligence subnational data
Slovakia,Nitriansky,SK023,2020-14,3.11431308634359,Epidemic intelligence subnational data
Slovakia,Nitriansky,SK023,2020-15,3.85581620213968,Epidemic intelligence subnational data
Slovakia,Nitriansky,SK023,2020-16,4.44901869477656,Epidemic intelligence subnational data
Slovakia,Nitriansky,SK023,2020-17,6.82182866532405,Epidemic intelligence subnational data
Slovakia,Nitriansky,SK023,2020-18,5.04222118741343,Epidemic intelligence subnational data
Slovakia,Nitriansky,SK023,2020-20,3.26261370950281,Epidemic intelligence subnational data
Slovakia,Nitriansky,SK023,2020-21,3.11431308634359,Epidemic intelligence subnational data
Slovakia,Nitriansky,SK023,2020-22,0.444901869477656,Epidemic intelligence subnational data
Slovakia,Nitriansky,SK023,2020-23,0.148300623159219,Epidemic intelligence subnational data
Slovakia,Nitriansky,SK023,2020-24,0.444901869477656,Epidemic intelligence subnational data
Slovakia,Nitriansky,SK023,2020-25,0.296601246318437,Epidemic intelligence subnational data
Slovakia,Nitriansky,SK023,2020-26,0.148300623159219,Epidemic intelligence subnational data
Slovakia,Nitriansky,SK023,2020-27,0.593202492636874,Epidemic intelligence subnational data
Slovakia,Nitriansky,SK023,2020-28,0.889803738955311,Epidemic intelligence subnational data
Slovakia,Nitriansky,SK023,2020-29,1.77960747791062,Epidemic intelligence subnational data
Slovakia,Nitriansky,SK023,2020-30,5.93202492636874,Epidemic intelligence subnational data
Slovakia,Nitriansky,SK023,2020-31,4.59731931793577,Epidemic intelligence subnational data
Slovakia,Nitriansky,SK023,2020-32,2.22450934738828,Epidemic intelligence subnational data
Slovakia,Nitriansky,SK023,2020-33,3.41091433266203,Epidemic intelligence subnational data
Slovakia,Nitriansky,SK023,2020-34,3.26261370950281,Epidemic intelligence subnational data
Slovakia,Nitriansky,SK023,2020-35,8.74973676639389,Epidemic intelligence subnational data
Slovakia,Nitriansky,SK023,2020-36,21.5035903580867,Epidemic intelligence subnational data
Slovakia,Nitriansky,SK023,2020-37,32.6261370950281,Epidemic intelligence subnational data
Slovakia,Nitriansky,SK023,2020-38,35.5921495582124,Epidemic intelligence subnational data
Slovakia,Nitriansky,SK023,2020-39,65.1039735668969,Epidemic intelligence subnational data
Slovakia,Nitriansky,SK023,2020-40,119.678602889489,Epidemic intelligence subnational data
Slovakia,Nitriansky,SK023,2020-41,148.893825651855,Epidemic intelligence subnational data
Slovakia,Nitriansky,SK023,2020-42,158.978268026682,Epidemic intelligence subnational data
Slovakia,Nitriansky,SK023,2020-43,266.051317947638,Epidemic intelligence subnational data
Slovakia,Nitriansky,SK023,2020-44,461.363238648329,Epidemic intelligence subnational data
Slovakia,Nitriansky,SK023,2020-45,474.710294732658,Epidemic intelligence subnational data
Slovakia,Nitriansky,SK023,2020-46,406.788609325736,Epidemic intelligence subnational data
Slovakia,Nitriansky,SK023,2020-47,436.745335203899,Epidemic intelligence subnational data
Slovakia,Nitriansky,SK023,2020-48,475.006895978977,Epidemic intelligence subnational data
Slovakia,Nitriansky,SK023,2020-49,542.038777646944,Epidemic intelligence subnational data
Slovakia,Nitriansky,SK023,2020-50,957.280522492756,Epidemic intelligence subnational data
Slovakia,Nitriansky,SK023,2020-51,1507.47583441346,Epidemic intelligence subnational data
Slovakia,Nitriansky,SK023,2020-52,1539.36046839269,Epidemic intelligence subnational data
Slovakia,Nitriansky,SK023,2020-53,1839.07602779747,Epidemic intelligence subnational data
Slovakia,Nitriansky,SK023,2021-01,2502.72131643497,Epidemic intelligence subnational data
Slovakia,Nitriansky,SK023,2021-02,2294.65554214259,Epidemic intelligence subnational data
Slovakia,Nitriansky,SK023,2021-03,1962.16554501962,Epidemic intelligence subnational data
Slovakia,Nitriansky,SK023,2021-04,1793.39943586443,Epidemic intelligence subnational data
Slovakia,Nitriansky,SK023,2021-05,1500.20910387866,Epidemic intelligence subnational data
Slovakia,Nitriansky,SK023,2021-06,1384.97951968394,Epidemic intelligence subnational data
Slovakia,Nitriansky,SK023,2021-07,1201.97655070547,Epidemic intelligence subnational data
Slovakia,Nitriansky,SK023,2021-08,1013.93136053958,Epidemic intelligence subnational data
Slovakia,Nitriansky,SK023,2021-09,868.448449220384,Epidemic intelligence subnational data
Slovakia,Nitriansky,SK023,2021-10,690.78430267564,Epidemic intelligence subnational data
Slovakia,Nitriansky,SK023,2021-11,518.16237731831,Epidemic intelligence subnational data
Slovakia,Nitriansky,SK023,2021-12,433.631022117555,Epidemic intelligence subnational data
Slovakia,Nitriansky,SK023,2021-13,349.692869409437,Epidemic intelligence subnational data
Slovakia,Nitriansky,SK023,2021-14,265.161514208683,Epidemic intelligence subnational data
Slovakia,Nitriansky,SK023,2021-15,216.518909812459,Epidemic intelligence subnational data
Slovakia,Nitriansky,SK023,2021-16,192.049306991188,Epidemic intelligence subnational data
Slovakia,Nitriansky,SK023,2021-17,167.728004793076,Epidemic intelligence subnational data
Slovakia,Nitriansky,SK023,2021-18,129.318143394839,Epidemic intelligence subnational data
Slovakia,Nitriansky,SK023,2021-19,94.7640981987406,Epidemic intelligence subnational data
Slovakia,Nitriansky,SK023,2021-20,69.8495935079919,Epidemic intelligence subnational data
Slovakia,Nitriansky,SK023,2021-21,46.7146962951538,Epidemic intelligence subnational data
Slovakia,Nitriansky,SK023,2021-22,29.9567258781621,Epidemic intelligence subnational data
Slovakia,Nitriansky,SK023,2021-23,19.7239828801761,Epidemic intelligence subnational data
Slovakia,Nitriansky,SK023,2021-24,12.3089517222151,Epidemic intelligence subnational data
Slovakia,Nitriansky,SK023,2021-25,10.2327429979861,Epidemic intelligence subnational data
Slovakia,Nitriansky,SK023,2021-26,6.52522741900561,Epidemic intelligence subnational data
Slovakia,Nitriansky,SK023,2021-27,3.11431308634359,Epidemic intelligence subnational data
Slovakia,Nitriansky,SK023,2021-28,5.93202492636874,Epidemic intelligence subnational data
Slovakia,Nitriansky,SK023,2021-29,7.56333178112014,Epidemic intelligence subnational data
Slovakia,Nitriansky,SK023,2021-30,8.60143614323467,Epidemic intelligence subnational data
Slovakia,Nitriansky,SK023,2021-31,9.04633801271233,Epidemic intelligence subnational data
Slovakia,Nitriansky,SK023,2021-32,7.85993302743858,Epidemic intelligence subnational data
Slovakia,Nitriansky,SK023,2021-33,13.9402585769665,Epidemic intelligence subnational data
Slovakia,Nitriansky,SK023,2021-34,20.7620872422906,Epidemic intelligence subnational data
Slovakia,Nitriansky,SK023,2021-35,34.2574439497795,Epidemic intelligence subnational data
Slovakia,Nitriansky,SK023,2021-36,64.8073723205785,Epidemic intelligence subnational data
Slovakia,Nitriansky,SK023,2021-37,108.407755529389,Epidemic intelligence subnational data
Slovakia,Nitriansky,SK023,2021-38,138.364481407551,Epidemic intelligence subnational data
Slovakia,Nitriansky,SK023,2021-39,153.342844346632,Epidemic intelligence subnational data
Slovakia,Nitriansky,SK023,2021-40,171.583820995216,Epidemic intelligence subnational data
Slovakia,Nitriansky,SK023,2021-41,226.010149694649,Epidemic intelligence subnational data
Slovakia,Nitriansky,SK023,2021-42,389.882338285586,Epidemic intelligence subnational data
Slovakia,Nitriansky,SK023,2021-43,625.828629731902,Epidemic intelligence subnational data
Slovakia,Nitriansky,SK023,2021-44,869.931455451976,Epidemic intelligence subnational data
Slovakia,Nitriansky,SK023,2021-45,1200.19694322756,Epidemic intelligence subnational data
Slovakia,Nitriansky,SK023,2021-46,1610.69306813227,Epidemic intelligence subnational data
Slovakia,Nitriansky,SK023,2021-47,2015.40546873378,Epidemic intelligence subnational data
Slovakia,Nitriansky,SK023,2021-48,2245.41973525373,Epidemic intelligence subnational data
Slovakia,Nitriansky,SK023,2021-49,2034.09134725184,Epidemic intelligence subnational data
Slovakia,Nitriansky,SK023,2021-50,1577.02882667513,Epidemic intelligence subnational data
Slovakia,Nitriansky,SK023,2021-51,1106.61925001409,Epidemic intelligence subnational data
Slovakia,Nitriansky,SK023,2021-52,834.9325083864,Epidemic intelligence subnational data
Slovakia,Nitriansky,SK023,2022-01,763.748209269975,Epidemic intelligence subnational data
Slovakia,Nitriansky,SK023,2022-02,689.894498936685,Epidemic intelligence subnational data
Slovakia,Nitriansky,SK023,2022-03,1063.46376867476,Epidemic intelligence subnational data
Slovakia,Nitriansky,SK023,2022-04,2305.33318701005,Epidemic intelligence subnational data
Slovakia,Zilinsky,SK031,2020-13,,Epidemic intelligence subnational data
Slovakia,Zilinsky,SK031,2020-14,6.36289621682437,Epidemic intelligence subnational data
Slovakia,Zilinsky,SK031,2020-15,6.79673004978966,Epidemic intelligence subnational data
Slovakia,Zilinsky,SK031,2020-16,12.8704037113038,Epidemic intelligence subnational data
Slovakia,Zilinsky,SK031,2020-17,12.2919586006834,Epidemic intelligence subnational data
Slovakia,Zilinsky,SK031,2020-18,3.03683683075708,Epidemic intelligence subnational data
Slovakia,Zilinsky,SK031,2020-20,1.44611277655099,Epidemic intelligence subnational data
Slovakia,Zilinsky,SK031,2020-21,1.30150149889589,Epidemic intelligence subnational data
Slovakia,Zilinsky,SK031,2020-22,0.433833832965298,Epidemic intelligence subnational data
Slovakia,Zilinsky,SK031,2020-23,0.289222555310198,Epidemic intelligence subnational data
Slovakia,Zilinsky,SK031,2020-24,0.144611277655099,Epidemic intelligence subnational data
Slovakia,Zilinsky,SK031,2020-25,1.30150149889589,Epidemic intelligence subnational data
Slovakia,Zilinsky,SK031,2020-26,6.36289621682437,Epidemic intelligence subnational data
Slovakia,Zilinsky,SK031,2020-27,10.8458458241324,Epidemic intelligence subnational data
Slovakia,Zilinsky,SK031,2020-28,9.11051049227125,Epidemic intelligence subnational data
Slovakia,Zilinsky,SK031,2020-29,4.48294960730807,Epidemic intelligence subnational data
Slovakia,Zilinsky,SK031,2020-30,2.16916916482649,Epidemic intelligence subnational data
Slovakia,Zilinsky,SK031,2020-31,3.90450449668768,Epidemic intelligence subnational data
Slovakia,Zilinsky,SK031,2020-32,4.91678344027337,Epidemic intelligence subnational data
Slovakia,Zilinsky,SK031,2020-33,3.75989321903258,Epidemic intelligence subnational data
Slovakia,Zilinsky,SK031,2020-34,7.37517516041006,Epidemic intelligence subnational data
Slovakia,Zilinsky,SK031,2020-35,13.5934600995793,Epidemic intelligence subnational data
Slovakia,Zilinsky,SK031,2020-36,19.0886886504731,Epidemic intelligence subnational data
Slovakia,Zilinsky,SK031,2020-37,30.2237570299157,Epidemic intelligence subnational data
Slovakia,Zilinsky,SK031,2020-38,48.8786118474235,Epidemic intelligence subnational data
Slovakia,Zilinsky,SK031,2020-39,109.47073718491,Epidemic intelligence subnational data
Slovakia,Zilinsky,SK031,2020-40,187.126993285698,Epidemic intelligence subnational data
Slovakia,Zilinsky,SK031,2020-41,321.326258949631,Epidemic intelligence subnational data
Slovakia,Zilinsky,SK031,2020-42,641.78485023333,Epidemic intelligence subnational data
Slovakia,Zilinsky,SK031,2020-43,940.69636114642,Epidemic intelligence subnational data
Slovakia,Zilinsky,SK031,2020-44,1075.32946064332,Epidemic intelligence subnational data
Slovakia,Zilinsky,SK031,2020-45,1019.94334130142,Epidemic intelligence subnational data
Slovakia,Zilinsky,SK031,2020-46,723.924055941427,Epidemic intelligence subnational data
Slovakia,Zilinsky,SK031,2020-47,475.481880929966,Epidemic intelligence subnational data
Slovakia,Zilinsky,SK031,2020-48,413.443642815929,Epidemic intelligence subnational data
Slovakia,Zilinsky,SK031,2020-49,511.634700343741,Epidemic intelligence subnational data
Slovakia,Zilinsky,SK031,2020-50,796.518917324287,Epidemic intelligence subnational data
Slovakia,Zilinsky,SK031,2020-51,1069.97884337008,Epidemic intelligence subnational data
Slovakia,Zilinsky,SK031,2020-52,1350.09088818801,Epidemic intelligence subnational data
Slovakia,Zilinsky,SK031,2020-53,1651.31617954358,Epidemic intelligence subnational data
Slovakia,Zilinsky,SK031,2021-01,1832.94794427838,Epidemic intelligence subnational data
Slovakia,Zilinsky,SK031,2021-02,1441.62982694368,Epidemic intelligence subnational data
Slovakia,Zilinsky,SK031,2021-03,925.512176992635,Epidemic intelligence subnational data
Slovakia,Zilinsky,SK031,2021-04,798.398863933803,Epidemic intelligence subnational data
Slovakia,Zilinsky,SK031,2021-05,841.637635952678,Epidemic intelligence subnational data
Slovakia,Zilinsky,SK031,2021-06,1004.46993459232,Epidemic intelligence subnational data
Slovakia,Zilinsky,SK031,2021-07,1154.57644079831,Epidemic intelligence subnational data
Slovakia,Zilinsky,SK031,2021-08,1389.85898954316,Epidemic intelligence subnational data
Slovakia,Zilinsky,SK031,2021-09,1539.96549574915,Epidemic intelligence subnational data
Slovakia,Zilinsky,SK031,2021-10,1519.57530559978,Epidemic intelligence subnational data
Slovakia,Zilinsky,SK031,2021-11,1401.86172558853,Epidemic intelligence subnational data
Slovakia,Zilinsky,SK031,2021-12,1202.2981624245,Epidemic intelligence subnational data
Slovakia,Zilinsky,SK031,2021-13,979.596794835642,Epidemic intelligence subnational data
Slovakia,Zilinsky,SK031,2021-14,791.602133884013,Epidemic intelligence subnational data
Slovakia,Zilinsky,SK031,2021-15,649.16002539374,Epidemic intelligence subnational data
Slovakia,Zilinsky,SK031,2021-16,557.476475360407,Epidemic intelligence subnational data
Slovakia,Zilinsky,SK031,2021-17,441.787453236328,Epidemic intelligence subnational data
Slovakia,Zilinsky,SK031,2021-18,324.941540891008,Epidemic intelligence subnational data
Slovakia,Zilinsky,SK031,2021-19,249.165231399736,Epidemic intelligence subnational data
Slovakia,Zilinsky,SK031,2021-20,185.970103064458,Epidemic intelligence subnational data
Slovakia,Zilinsky,SK031,2021-21,139.983716770136,Epidemic intelligence subnational data
Slovakia,Zilinsky,SK031,2021-22,112.073740182702,Epidemic intelligence subnational data
Slovakia,Zilinsky,SK031,2021-23,82.8622620963719,Epidemic intelligence subnational data
Slovakia,Zilinsky,SK031,2021-24,50.7585584569398,Epidemic intelligence subnational data
Slovakia,Zilinsky,SK031,2021-25,32.5375374723973,Epidemic intelligence subnational data
Slovakia,Zilinsky,SK031,2021-26,15.0395728761303,Epidemic intelligence subnational data
Slovakia,Zilinsky,SK031,2021-27,8.38745410399575,Epidemic intelligence subnational data
Slovakia,Zilinsky,SK031,2021-28,6.94134132744476,Epidemic intelligence subnational data
Slovakia,Zilinsky,SK031,2021-29,6.36289621682437,Epidemic intelligence subnational data
Slovakia,Zilinsky,SK031,2021-30,7.51978643806516,Epidemic intelligence subnational data
Slovakia,Zilinsky,SK031,2021-31,11.713513490063,Epidemic intelligence subnational data
Slovakia,Zilinsky,SK031,2021-32,16.4856856526813,Epidemic intelligence subnational data
Slovakia,Zilinsky,SK031,2021-33,19.6671337610935,Epidemic intelligence subnational data
Slovakia,Zilinsky,SK031,2021-34,28.0545878650893,Epidemic intelligence subnational data
Slovakia,Zilinsky,SK031,2021-35,53.0723388994214,Epidemic intelligence subnational data
Slovakia,Zilinsky,SK031,2021-36,114.387520625184,Epidemic intelligence subnational data
Slovakia,Zilinsky,SK031,2021-37,238.608608130914,Epidemic intelligence subnational data
Slovakia,Zilinsky,SK031,2021-38,405.490022544898,Epidemic intelligence subnational data
Slovakia,Zilinsky,SK031,2021-39,552.993525753099,Epidemic intelligence subnational data
Slovakia,Zilinsky,SK031,2021-40,682.565230532068,Epidemic intelligence subnational data
Slovakia,Zilinsky,SK031,2021-41,859.85865693722,Epidemic intelligence subnational data
Slovakia,Zilinsky,SK031,2021-42,1145.32131902839,Epidemic intelligence subnational data
Slovakia,Zilinsky,SK031,2021-43,1531.86726420047,Epidemic intelligence subnational data
Slovakia,Zilinsky,SK031,2021-44,1917.54554170662,Epidemic intelligence subnational data
Slovakia,Zilinsky,SK031,2021-45,2225.56756311198,Epidemic intelligence subnational data
Slovakia,Zilinsky,SK031,2021-46,2530.40813640893,Epidemic intelligence subnational data
Slovakia,Zilinsky,SK031,2021-47,2911.02501919715,Epidemic intelligence subnational data
Slovakia,Zilinsky,SK031,2021-48,2994.6103376818,Epidemic intelligence subnational data
Slovakia,Zilinsky,SK031,2021-49,2442.19525703932,Epidemic intelligence subnational data
Slovakia,Zilinsky,SK031,2021-50,1735.47994313885,Epidemic intelligence subnational data
Slovakia,Zilinsky,SK031,2021-51,1227.17130218117,Epidemic intelligence subnational data
Slovakia,Zilinsky,SK031,2021-52,1016.03883680473,Epidemic intelligence subnational data
Slovakia,Zilinsky,SK031,2022-01,994.057922601152,Epidemic intelligence subnational data
Slovakia,Zilinsky,SK031,2022-02,966.581779846683,Epidemic intelligence subnational data
Slovakia,Zilinsky,SK031,2022-03,1797.22895869757,Epidemic intelligence subnational data
Slovakia,Zilinsky,SK031,2022-04,3953.09388597979,Epidemic intelligence subnational data
Slovakia,Banská Bystrica,SK032,2020-13,,Epidemic intelligence subnational data
Slovakia,Banská Bystrica,SK032,2020-14,4.49420093107446,Epidemic intelligence subnational data
Slovakia,Banská Bystrica,SK032,2020-15,6.66381517366212,Epidemic intelligence subnational data
Slovakia,Banská Bystrica,SK032,2020-16,6.66381517366212,Epidemic intelligence subnational data
Slovakia,Banská Bystrica,SK032,2020-17,5.11409071467093,Epidemic intelligence subnational data
Slovakia,Banská Bystrica,SK032,2020-18,2.01464179668855,Epidemic intelligence subnational data
Slovakia,Banská Bystrica,SK032,2020-20,1.23977956719295,Epidemic intelligence subnational data
Slovakia,Banská Bystrica,SK032,2020-21,1.23977956719295,Epidemic intelligence subnational data
Slovakia,Banská Bystrica,SK032,2020-22,0.464917337697357,Epidemic intelligence subnational data
Slovakia,Banská Bystrica,SK032,2020-23,0.464917337697357,Epidemic intelligence subnational data
Slovakia,Banská Bystrica,SK032,2020-24,1.08480712129383,Epidemic intelligence subnational data
Slovakia,Banská Bystrica,SK032,2020-25,2.78950402618415,Epidemic intelligence subnational data
Slovakia,Banská Bystrica,SK032,2020-26,3.09944891798238,Epidemic intelligence subnational data
Slovakia,Banská Bystrica,SK032,2020-27,2.01464179668855,Epidemic intelligence subnational data
Slovakia,Banská Bystrica,SK032,2020-28,3.40939380978062,Epidemic intelligence subnational data
Slovakia,Banská Bystrica,SK032,2020-29,4.18425603927622,Epidemic intelligence subnational data
Slovakia,Banská Bystrica,SK032,2020-30,4.18425603927622,Epidemic intelligence subnational data
Slovakia,Banská Bystrica,SK032,2020-31,3.87431114747798,Epidemic intelligence subnational data
Slovakia,Banská Bystrica,SK032,2020-32,2.47955913438591,Epidemic intelligence subnational data
Slovakia,Banská Bystrica,SK032,2020-33,2.63453158028503,Epidemic intelligence subnational data
Slovakia,Banská Bystrica,SK032,2020-34,3.09944891798238,Epidemic intelligence subnational data
Slovakia,Banská Bystrica,SK032,2020-35,2.94447647208326,Epidemic intelligence subnational data
Slovakia,Banská Bystrica,SK032,2020-36,5.73398049826741,Epidemic intelligence subnational data
Slovakia,Banská Bystrica,SK032,2020-37,13.017685455526,Epidemic intelligence subnational data
Slovakia,Banská Bystrica,SK032,2020-38,18.2867486160961,Epidemic intelligence subnational data
Slovakia,Banská Bystrica,SK032,2020-39,31.7693514093194,Epidemic intelligence subnational data
Slovakia,Banská Bystrica,SK032,2020-40,61.2141161301521,Epidemic intelligence subnational data
Slovakia,Banská Bystrica,SK032,2020-41,121.963314922607,Epidemic intelligence subnational data
Slovakia,Banská Bystrica,SK032,2020-42,209.677719301508,Epidemic intelligence subnational data
Slovakia,Banská Bystrica,SK032,2020-43,343.728885004246,Epidemic intelligence subnational data
Slovakia,Banská Bystrica,SK032,2020-44,501.180890037751,Epidemic intelligence subnational data
Slovakia,Banská Bystrica,SK032,2020-45,523.496922247224,Epidemic intelligence subnational data
Slovakia,Banská Bystrica,SK032,2020-46,423.074777304595,Epidemic intelligence subnational data
Slovakia,Banská Bystrica,SK032,2020-47,342.954022774751,Epidemic intelligence subnational data
Slovakia,Banská Bystrica,SK032,2020-48,400.138855311526,Epidemic intelligence subnational data
Slovakia,Banská Bystrica,SK032,2020-49,601.912979872179,Epidemic intelligence subnational data
Slovakia,Banská Bystrica,SK032,2020-50,870.015311277655,Epidemic intelligence subnational data
Slovakia,Banská Bystrica,SK032,2020-51,1202.58618017717,Epidemic intelligence subnational data
Slovakia,Banská Bystrica,SK032,2020-52,1221.49281857686,Epidemic intelligence subnational data
Slovakia,Banská Bystrica,SK032,2020-53,1271.08400126457,Epidemic intelligence subnational data
Slovakia,Banská Bystrica,SK032,2021-01,1376.62023692188,Epidemic intelligence subnational data
Slovakia,Banská Bystrica,SK032,2021-02,1055.2073841271,Epidemic intelligence subnational data
Slovakia,Banská Bystrica,SK032,2021-03,951.685790266491,Epidemic intelligence subnational data
Slovakia,Banská Bystrica,SK032,2021-04,1056.75710858609,Epidemic intelligence subnational data
Slovakia,Banská Bystrica,SK032,2021-05,1185.07429379056,Epidemic intelligence subnational data
Slovakia,Banská Bystrica,SK032,2021-06,1408.69953322299,Epidemic intelligence subnational data
Slovakia,Banská Bystrica,SK032,2021-07,1552.66893546328,Epidemic intelligence subnational data
Slovakia,Banská Bystrica,SK032,2021-08,1577.92944414483,Epidemic intelligence subnational data
Slovakia,Banská Bystrica,SK032,2021-09,1391.96250906589,Epidemic intelligence subnational data
Slovakia,Banská Bystrica,SK032,2021-10,1182.12981731848,Epidemic intelligence subnational data
Slovakia,Banská Bystrica,SK032,2021-11,1080.93281014636,Epidemic intelligence subnational data
Slovakia,Banská Bystrica,SK032,2021-12,909.53328498193,Epidemic intelligence subnational data
Slovakia,Banská Bystrica,SK032,2021-13,673.045332539874,Epidemic intelligence subnational data
Slovakia,Banská Bystrica,SK032,2021-14,509.704374562203,Epidemic intelligence subnational data
Slovakia,Banská Bystrica,SK032,2021-15,403.703221567205,Epidemic intelligence subnational data
Slovakia,Banská Bystrica,SK032,2021-16,338.304849397777,Epidemic intelligence subnational data
Slovakia,Banská Bystrica,SK032,2021-17,296.617261450914,Epidemic intelligence subnational data
Slovakia,Banská Bystrica,SK032,2021-18,238.192649346946,Epidemic intelligence subnational data
Slovakia,Banská Bystrica,SK032,2021-19,184.72715551175,Epidemic intelligence subnational data
Slovakia,Banská Bystrica,SK032,2021-20,126.76746074548,Epidemic intelligence subnational data
Slovakia,Banská Bystrica,SK032,2021-21,88.7992115001953,Epidemic intelligence subnational data
Slovakia,Banská Bystrica,SK032,2021-22,64.1585926022353,Epidemic intelligence subnational data
Slovakia,Banská Bystrica,SK032,2021-23,42.7723950681569,Epidemic intelligence subnational data
Slovakia,Banská Bystrica,SK032,2021-24,28.3599575995388,Epidemic intelligence subnational data
Slovakia,Banská Bystrica,SK032,2021-25,17.3569139407013,Epidemic intelligence subnational data
Slovakia,Banská Bystrica,SK032,2021-26,9.76326409164451,Epidemic intelligence subnational data
Slovakia,Banská Bystrica,SK032,2021-27,5.11409071467093,Epidemic intelligence subnational data
Slovakia,Banská Bystrica,SK032,2021-28,4.49420093107446,Epidemic intelligence subnational data
Slovakia,Banská Bystrica,SK032,2021-29,6.97376006546036,Epidemic intelligence subnational data
Slovakia,Banská Bystrica,SK032,2021-30,14.257465022719,Epidemic intelligence subnational data
Slovakia,Banská Bystrica,SK032,2021-31,14.257465022719,Epidemic intelligence subnational data
Slovakia,Banská Bystrica,SK032,2021-32,14.257465022719,Epidemic intelligence subnational data
Slovakia,Banská Bystrica,SK032,2021-33,16.4270792653066,Epidemic intelligence subnational data
Slovakia,Banská Bystrica,SK032,2021-34,19.3715557373899,Epidemic intelligence subnational data
Slovakia,Banská Bystrica,SK032,2021-35,47.2665959992313,Epidemic intelligence subnational data
Slovakia,Banská Bystrica,SK032,2021-36,92.363577755875,Epidemic intelligence subnational data
Slovakia,Banská Bystrica,SK032,2021-37,138.080449296115,Epidemic intelligence subnational data
Slovakia,Banská Bystrica,SK032,2021-38,172.48433228572,Epidemic intelligence subnational data
Slovakia,Banská Bystrica,SK032,2021-39,242.531877832121,Epidemic intelligence subnational data
Slovakia,Banská Bystrica,SK032,2021-40,357.986350026965,Epidemic intelligence subnational data
Slovakia,Banská Bystrica,SK032,2021-41,467.241924385844,Epidemic intelligence subnational data
Slovakia,Banská Bystrica,SK032,2021-42,765.408910295749,Epidemic intelligence subnational data
Slovakia,Banská Bystrica,SK032,2021-43,1345.78072018795,Epidemic intelligence subnational data
Slovakia,Banská Bystrica,SK032,2021-44,1913.44478951642,Epidemic intelligence subnational data
Slovakia,Banská Bystrica,SK032,2021-45,2290.49275038898,Epidemic intelligence subnational data
Slovakia,Banská Bystrica,SK032,2021-46,2582.61581090882,Epidemic intelligence subnational data
Slovakia,Banská Bystrica,SK032,2021-47,2765.94821440748,Epidemic intelligence subnational data
Slovakia,Banská Bystrica,SK032,2021-48,2681.79817628426,Epidemic intelligence subnational data
Slovakia,Banská Bystrica,SK032,2021-49,2233.30791785221,Epidemic intelligence subnational data
Slovakia,Banská Bystrica,SK032,2021-50,1555.61341193536,Epidemic intelligence subnational data
Slovakia,Banská Bystrica,SK032,2021-51,1015.06952063923,Epidemic intelligence subnational data
Slovakia,Banská Bystrica,SK032,2021-52,828.482695776691,Epidemic intelligence subnational data
Slovakia,Banská Bystrica,SK032,2022-01,780.131292656166,Epidemic intelligence subnational data
Slovakia,Banská Bystrica,SK032,2022-02,666.691462258011,Epidemic intelligence subnational data
Slovakia,Banská Bystrica,SK032,2022-03,866.141000130177,Epidemic intelligence subnational data
Slovakia,Banská Bystrica,SK032,2022-04,1747.00438262077,Epidemic intelligence subnational data
Slovakia,Presovsky,SK041,2020-13,,Epidemic intelligence subnational data
Slovakia,Presovsky,SK041,2020-14,6.77765889979231,Epidemic intelligence subnational data
Slovakia,Presovsky,SK041,2020-15,7.98795513189808,Epidemic intelligence subnational data
Slovakia,Presovsky,SK041,2020-16,8.47207362474039,Epidemic intelligence subnational data
Slovakia,Presovsky,SK041,2020-17,8.35104400152982,Epidemic intelligence subnational data
Slovakia,Presovsky,SK041,2020-18,3.99397756594904,Epidemic intelligence subnational data
Slovakia,Presovsky,SK041,2020-20,1.08926660889519,Epidemic intelligence subnational data
Slovakia,Presovsky,SK041,2020-21,0.484118492842308,Epidemic intelligence subnational data
Slovakia,Presovsky,SK041,2020-22,0.242059246421154,Epidemic intelligence subnational data
Slovakia,Presovsky,SK041,2020-23,0.242059246421154,Epidemic intelligence subnational data
Slovakia,Presovsky,SK041,2020-24,0.242059246421154,Epidemic intelligence subnational data
Slovakia,Presovsky,SK041,2020-25,0.968236985684616,Epidemic intelligence subnational data
Slovakia,Presovsky,SK041,2020-26,2.05750359457981,Epidemic intelligence subnational data
Slovakia,Presovsky,SK041,2020-27,2.54162208742212,Epidemic intelligence subnational data
Slovakia,Presovsky,SK041,2020-28,4.96221455163366,Epidemic intelligence subnational data
Slovakia,Presovsky,SK041,2020-29,5.44633304447597,Epidemic intelligence subnational data
Slovakia,Presovsky,SK041,2020-30,5.68839229089712,Epidemic intelligence subnational data
Slovakia,Presovsky,SK041,2020-31,6.29354040695001,Epidemic intelligence subnational data
Slovakia,Presovsky,SK041,2020-32,5.68839229089712,Epidemic intelligence subnational data
Slovakia,Presovsky,SK041,2020-33,8.59310324795097,Epidemic intelligence subnational data
Slovakia,Presovsky,SK041,2020-34,10.1664883496885,Epidemic intelligence subnational data
Slovakia,Presovsky,SK041,2020-35,11.0136957121625,Epidemic intelligence subnational data
Slovakia,Presovsky,SK041,2020-36,13.4342881763741,Epidemic intelligence subnational data
Slovakia,Presovsky,SK041,2020-37,17.0651768726914,Epidemic intelligence subnational data
Slovakia,Presovsky,SK041,2020-38,26.2634282366952,Epidemic intelligence subnational data
Slovakia,Presovsky,SK041,2020-39,55.5525970536549,Epidemic intelligence subnational data
Slovakia,Presovsky,SK041,2020-40,152.255265998906,Epidemic intelligence subnational data
Slovakia,Presovsky,SK041,2020-41,297.127724981967,Epidemic intelligence subnational data
Slovakia,Presovsky,SK041,2020-42,471.410382405198,Epidemic intelligence subnational data
Slovakia,Presovsky,SK041,2020-43,706.086821810506,Epidemic intelligence subnational data
Slovakia,Presovsky,SK041,2020-44,868.871665028732,Epidemic intelligence subnational data
Slovakia,Presovsky,SK041,2020-45,906.02775935438,Epidemic intelligence subnational data
Slovakia,Presovsky,SK041,2020-46,869.355783521575,Epidemic intelligence subnational data
Slovakia,Presovsky,SK041,2020-47,697.130629692924,Epidemic intelligence subnational data
Slovakia,Presovsky,SK041,2020-48,579.973954425085,Epidemic intelligence subnational data
Slovakia,Presovsky,SK041,2020-49,626.207270491526,Epidemic intelligence subnational data
Slovakia,Presovsky,SK041,2020-50,888.115375119214,Epidemic intelligence subnational data
Slovakia,Presovsky,SK041,2020-51,1238.61716393705,Epidemic intelligence subnational data
Slovakia,Presovsky,SK041,2020-52,1201.82415848103,Epidemic intelligence subnational data
Slovakia,Presovsky,SK041,2020-53,1293.32255362823,Epidemic intelligence subnational data
Slovakia,Presovsky,SK041,2021-01,1591.29748597267,Epidemic intelligence subnational data
Slovakia,Presovsky,SK041,2021-02,1355.77383920488,Epidemic intelligence subnational data
Slovakia,Presovsky,SK041,2021-03,949.235334840556,Epidemic intelligence subnational data
Slovakia,Presovsky,SK041,2021-04,731.260983438306,Epidemic intelligence subnational data
Slovakia,Presovsky,SK041,2021-05,700.035340649978,Epidemic intelligence subnational data
Slovakia,Presovsky,SK041,2021-06,823.848645194398,Epidemic intelligence subnational data
Slovakia,Presovsky,SK041,2021-07,944.878268404975,Epidemic intelligence subnational data
Slovakia,Presovsky,SK041,2021-08,1126.78579209047,Epidemic intelligence subnational data
Slovakia,Presovsky,SK041,2021-09,1233.17083089257,Epidemic intelligence subnational data
Slovakia,Presovsky,SK041,2021-10,1178.70750044781,Epidemic intelligence subnational data
Slovakia,Presovsky,SK041,2021-11,1061.67185480318,Epidemic intelligence subnational data
Slovakia,Presovsky,SK041,2021-12,925.513528691282,Epidemic intelligence subnational data
Slovakia,Presovsky,SK041,2021-13,783.061662172433,Epidemic intelligence subnational data
Slovakia,Presovsky,SK041,2021-14,657.796002149486,Epidemic intelligence subnational data
Slovakia,Presovsky,SK041,2021-15,549.232430129599,Epidemic intelligence subnational data
Slovakia,Presovsky,SK041,2021-16,454.708294402138,Epidemic intelligence subnational data
Slovakia,Presovsky,SK041,2021-17,401.334230566273,Epidemic intelligence subnational data
Slovakia,Presovsky,SK041,2021-18,325.448656813242,Epidemic intelligence subnational data
Slovakia,Presovsky,SK041,2021-19,232.376876564308,Epidemic intelligence subnational data
Slovakia,Presovsky,SK041,2021-20,150.560851273958,Epidemic intelligence subnational data
Slovakia,Presovsky,SK041,2021-21,96.0975208291982,Epidemic intelligence subnational data
Slovakia,Presovsky,SK041,2021-22,70.4392407085558,Epidemic intelligence subnational data
Slovakia,Presovsky,SK041,2021-23,49.501115893126,Epidemic intelligence subnational data
Slovakia,Presovsky,SK041,2021-24,28.320931831275,Epidemic intelligence subnational data
Slovakia,Presovsky,SK041,2021-25,16.7020880030596,Epidemic intelligence subnational data
Slovakia,Presovsky,SK041,2021-26,10.8926660889519,Epidemic intelligence subnational data
Slovakia,Presovsky,SK041,2021-27,7.86692550868751,Epidemic intelligence subnational data
Slovakia,Presovsky,SK041,2021-28,8.47207362474039,Epidemic intelligence subnational data
Slovakia,Presovsky,SK041,2021-29,10.7716364657414,Epidemic intelligence subnational data
Slovakia,Presovsky,SK041,2021-30,14.0394362924269,Epidemic intelligence subnational data
Slovakia,Presovsky,SK041,2021-31,14.7656140316904,Epidemic intelligence subnational data
Slovakia,Presovsky,SK041,2021-32,21.4222433082721,Epidemic intelligence subnational data
Slovakia,Presovsky,SK041,2021-33,33.1621167596981,Epidemic intelligence subnational data
Slovakia,Presovsky,SK041,2021-34,35.9457980935414,Epidemic intelligence subnational data
Slovakia,Presovsky,SK041,2021-35,51.9217083573375,Epidemic intelligence subnational data
Slovakia,Presovsky,SK041,2021-36,107.111216541361,Epidemic intelligence subnational data
Slovakia,Presovsky,SK041,2021-37,201.151233775979,Epidemic intelligence subnational data
Slovakia,Presovsky,SK041,2021-38,313.103635245763,Epidemic intelligence subnational data
Slovakia,Presovsky,SK041,2021-39,462.938308780457,Epidemic intelligence subnational data
Slovakia,Presovsky,SK041,2021-40,668.446608992017,Epidemic intelligence subnational data
Slovakia,Presovsky,SK041,2021-41,876.980649783841,Epidemic intelligence subnational data
Slovakia,Presovsky,SK041,2021-42,1254.22998533121,Epidemic intelligence subnational data
Slovakia,Presovsky,SK041,2021-43,1819.92244421745,Epidemic intelligence subnational data
Slovakia,Presovsky,SK041,2021-44,2206.85414962166,Epidemic intelligence subnational data
Slovakia,Presovsky,SK041,2021-45,2431.6061599237,Epidemic intelligence subnational data
Slovakia,Presovsky,SK041,2021-46,2645.34447451358,Epidemic intelligence subnational data
Slovakia,Presovsky,SK041,2021-47,2565.22286394818,Epidemic intelligence subnational data
Slovakia,Presovsky,SK041,2021-48,2244.73642168657,Epidemic intelligence subnational data
Slovakia,Presovsky,SK041,2021-49,1770.42132832432,Epidemic intelligence subnational data
Slovakia,Presovsky,SK041,2021-50,1169.26718983739,Epidemic intelligence subnational data
Slovakia,Presovsky,SK041,2021-51,731.503042684728,Epidemic intelligence subnational data
Slovakia,Presovsky,SK041,2021-52,574.76968062703,Epidemic intelligence subnational data
Slovakia,Presovsky,SK041,2022-01,605.632234545728,Epidemic intelligence subnational data
Slovakia,Presovsky,SK041,2022-02,704.271377462348,Epidemic intelligence subnational data
Slovakia,Presovsky,SK041,2022-03,1340.28204743393,Epidemic intelligence subnational data
Slovakia,Presovsky,SK041,2022-04,2963.77341318061,Epidemic intelligence subnational data
Slovakia,Kosicky,SK042,2020-13,,Epidemic intelligence subnational data
Slovakia,Kosicky,SK042,2020-14,4.24225787937015,Epidemic intelligence subnational data
Slovakia,Kosicky,SK042,2020-15,10.1065555361465,Epidemic intelligence subnational data
Slovakia,Kosicky,SK042,2020-16,19.2149327477354,Epidemic intelligence subnational data
Slovakia,Kosicky,SK042,2020-17,16.2203977740623,Epidemic intelligence subnational data
Slovakia,Kosicky,SK042,2020-18,4.61657475107928,Epidemic intelligence subnational data
Slovakia,Kosicky,SK042,2020-20,3.11930726424276,Epidemic intelligence subnational data
Slovakia,Kosicky,SK042,2020-21,2.86976268310334,Epidemic intelligence subnational data
Slovakia,Kosicky,SK042,2020-22,0.748633743418262,Epidemic intelligence subnational data
Slovakia,Kosicky,SK042,2020-23,0.748633743418262,Epidemic intelligence subnational data
Slovakia,Kosicky,SK042,2020-24,1.12295061512739,Epidemic intelligence subnational data
Slovakia,Kosicky,SK042,2020-25,1.12295061512739,Epidemic intelligence subnational data
Slovakia,Kosicky,SK042,2020-26,1.49726748683652,Epidemic intelligence subnational data
Slovakia,Kosicky,SK042,2020-27,1.37249519626681,Epidemic intelligence subnational data
Slovakia,Kosicky,SK042,2020-28,1.99635664911536,Epidemic intelligence subnational data
Slovakia,Kosicky,SK042,2020-29,2.49544581139421,Epidemic intelligence subnational data
Slovakia,Kosicky,SK042,2020-30,1.49726748683652,Epidemic intelligence subnational data
Slovakia,Kosicky,SK042,2020-31,2.74499039253363,Epidemic intelligence subnational data
Slovakia,Kosicky,SK042,2020-32,4.61657475107928,Epidemic intelligence subnational data
Slovakia,Kosicky,SK042,2020-33,5.98906994734609,Epidemic intelligence subnational data
Slovakia,Kosicky,SK042,2020-34,9.98178324557682,Epidemic intelligence subnational data
Slovakia,Kosicky,SK042,2020-35,18.2167544231777,Epidemic intelligence subnational data
Slovakia,Kosicky,SK042,2020-36,22.9581014648267,Epidemic intelligence subnational data
Slovakia,Kosicky,SK042,2020-37,23.9562797893844,Epidemic intelligence subnational data
Slovakia,Kosicky,SK042,2020-38,23.3324183365358,Epidemic intelligence subnational data
Slovakia,Kosicky,SK042,2020-39,41.6739450502832,Epidemic intelligence subnational data
Slovakia,Kosicky,SK042,2020-40,88.9626431762034,Epidemic intelligence subnational data
Slovakia,Kosicky,SK042,2020-41,151.348788461059,Epidemic intelligence subnational data
Slovakia,Kosicky,SK042,2020-42,237.441668954159,Epidemic intelligence subnational data
Slovakia,Kosicky,SK042,2020-43,337.633818281636,Epidemic intelligence subnational data
Slovakia,Kosicky,SK042,2020-44,447.059117111272,Epidemic intelligence subnational data
Slovakia,Kosicky,SK042,2020-45,446.560027948993,Epidemic intelligence subnational data
Slovakia,Kosicky,SK042,2020-46,363.212137848427,Epidemic intelligence subnational data
Slovakia,Kosicky,SK042,2020-47,308.062785416615,Epidemic intelligence subnational data
Slovakia,Kosicky,SK042,2020-48,316.547301175355,Epidemic intelligence subnational data
Slovakia,Kosicky,SK042,2020-49,453.547276220897,Epidemic intelligence subnational data
Slovakia,Kosicky,SK042,2020-50,649.814089287051,Epidemic intelligence subnational data
Slovakia,Kosicky,SK042,2020-51,835.47525765478,Epidemic intelligence subnational data
Slovakia,Kosicky,SK042,2020-52,918.324058593068,Epidemic intelligence subnational data
Slovakia,Kosicky,SK042,2020-53,1071.29488683153,Epidemic intelligence subnational data
Slovakia,Kosicky,SK042,2021-01,1226.63638859082,Epidemic intelligence subnational data
Slovakia,Kosicky,SK042,2021-02,1041.09999251366,Epidemic intelligence subnational data
Slovakia,Kosicky,SK042,2021-03,981.084520749632,Epidemic intelligence subnational data
Slovakia,Kosicky,SK042,2021-04,1200.80852444289,Epidemic intelligence subnational data
Slovakia,Kosicky,SK042,2021-05,1491.02887230804,Epidemic intelligence subnational data
Slovakia,Kosicky,SK042,2021-06,1589.47420956754,Epidemic intelligence subnational data
Slovakia,Kosicky,SK042,2021-07,1475.68188056796,Epidemic intelligence subnational data
Slovakia,Kosicky,SK042,2021-08,1457.71467072593,Epidemic intelligence subnational data
Slovakia,Kosicky,SK042,2021-09,1361.51523469668,Epidemic intelligence subnational data
Slovakia,Kosicky,SK042,2021-10,1208.41963416764,Epidemic intelligence subnational data
Slovakia,Kosicky,SK042,2021-11,964.115489232151,Epidemic intelligence subnational data
Slovakia,Kosicky,SK042,2021-12,701.96890674519,Epidemic intelligence subnational data
Slovakia,Kosicky,SK042,2021-13,556.359643650338,Epidemic intelligence subnational data
Slovakia,Kosicky,SK042,2021-14,455.294088288873,Epidemic intelligence subnational data
Slovakia,Kosicky,SK042,2021-15,389.788635739775,Epidemic intelligence subnational data
Slovakia,Kosicky,SK042,2021-16,310.683003518579,Epidemic intelligence subnational data
Slovakia,Kosicky,SK042,2021-17,251.291393207397,Epidemic intelligence subnational data
Slovakia,Kosicky,SK042,2021-18,209.617448157113,Epidemic intelligence subnational data
Slovakia,Kosicky,SK042,2021-19,158.086492151823,Epidemic intelligence subnational data
Slovakia,Kosicky,SK042,2021-20,109.799615701345,Epidemic intelligence subnational data
Slovakia,Kosicky,SK042,2021-21,81.7258503231602,Epidemic intelligence subnational data
Slovakia,Kosicky,SK042,2021-22,64.8815910962494,Epidemic intelligence subnational data
Slovakia,Kosicky,SK042,2021-23,51.1566391335812,Epidemic intelligence subnational data
Slovakia,Kosicky,SK042,2021-24,35.9344196840766,Epidemic intelligence subnational data
Slovakia,Kosicky,SK042,2021-25,19.5892496194445,Epidemic intelligence subnational data
Slovakia,Kosicky,SK042,2021-26,14.224041124947,Epidemic intelligence subnational data
Slovakia,Kosicky,SK042,2021-27,11.8533676041225,Epidemic intelligence subnational data
Slovakia,Kosicky,SK042,2021-28,11.4790507324134,Epidemic intelligence subnational data
Slovakia,Kosicky,SK042,2021-29,12.7267736381105,Epidemic intelligence subnational data
Slovakia,Kosicky,SK042,2021-30,21.2112893968508,Epidemic intelligence subnational data
Slovakia,Kosicky,SK042,2021-31,29.0719437027425,Epidemic intelligence subnational data
Slovakia,Kosicky,SK042,2021-32,28.1985376687545,Epidemic intelligence subnational data
Slovakia,Kosicky,SK042,2021-33,33.5637461632521,Epidemic intelligence subnational data
Slovakia,Kosicky,SK042,2021-34,46.6648366730717,Epidemic intelligence subnational data
Slovakia,Kosicky,SK042,2021-35,85.4690190402515,Epidemic intelligence subnational data
Slovakia,Kosicky,SK042,2021-36,161.081027125496,Epidemic intelligence subnational data
Slovakia,Kosicky,SK042,2021-37,240.810520799541,Epidemic intelligence subnational data
Slovakia,Kosicky,SK042,2021-38,312.305043295985,Epidemic intelligence subnational data
Slovakia,Kosicky,SK042,2021-39,393.032715294587,Epidemic intelligence subnational data
Slovakia,Kosicky,SK042,2021-40,461.782247398498,Epidemic intelligence subnational data
Slovakia,Kosicky,SK042,2021-41,531.030868664687,Epidemic intelligence subnational data
Slovakia,Kosicky,SK042,2021-42,781.573628128665,Epidemic intelligence subnational data
Slovakia,Kosicky,SK042,2021-43,1232.62545853817,Epidemic intelligence subnational data
Slovakia,Kosicky,SK042,2021-44,1791.60532029047,Epidemic intelligence subnational data
Slovakia,Kosicky,SK042,2021-45,2233.42400119781,Epidemic intelligence subnational data
Slovakia,Kosicky,SK042,2021-46,2643.67529259102,Epidemic intelligence subnational data
Slovakia,Kosicky,SK042,2021-47,2872.88199036758,Epidemic intelligence subnational data
Slovakia,Kosicky,SK042,2021-48,2734.25997554463,Epidemic intelligence subnational data
Slovakia,Kosicky,SK042,2021-49,2225.31380231078,Epidemic intelligence subnational data
Slovakia,Kosicky,SK042,2021-50,1499.38861577621,Epidemic intelligence subnational data
Slovakia,Kosicky,SK042,2021-51,956.878696379108,Epidemic intelligence subnational data
Slovakia,Kosicky,SK042,2021-52,733.037207097048,Epidemic intelligence subnational data
Slovakia,Kosicky,SK042,2022-01,720.809522621216,Epidemic intelligence subnational data
Slovakia,Kosicky,SK042,2022-02,646.819554313378,Epidemic intelligence subnational data
Slovakia,Kosicky,SK042,2022-03,1048.21201307614,Epidemic intelligence subnational data
Slovakia,Kosicky,SK042,2022-04,2368.55239188481,Epidemic intelligence subnational data
Slovenia,Pomurska,SI031,2020-16,,Epidemic intelligence subnational data
Slovenia,Pomurska,SI031,2020-17,33.2638876731035,Epidemic intelligence subnational data
Slovenia,Pomurska,SI031,2020-18,30.6377912778585,Epidemic intelligence subnational data
Slovenia,Pomurska,SI031,2020-19,18.3826747667151,Epidemic intelligence subnational data
Slovenia,Pomurska,SI031,2020-20,1.75073093016334,Epidemic intelligence subnational data
Slovenia,Pomurska,SI031,2020-21,0,Epidemic intelligence subnational data
Slovenia,Pomurska,SI031,2020-22,0,Epidemic intelligence subnational data
Slovenia,Pomurska,SI031,2020-23,0,Epidemic intelligence subnational data
Slovenia,Pomurska,SI031,2020-24,0,Epidemic intelligence subnational data
Slovenia,Pomurska,SI031,2020-25,0.875365465081672,Epidemic intelligence subnational data
Slovenia,Pomurska,SI031,2020-26,1.75073093016334,Epidemic intelligence subnational data
Slovenia,Pomurska,SI031,2020-27,5.25219279049003,Epidemic intelligence subnational data
Slovenia,Pomurska,SI031,2020-28,16.6319438365518,Epidemic intelligence subnational data
Slovenia,Pomurska,SI031,2020-29,21.0087711619601,Epidemic intelligence subnational data
Slovenia,Pomurska,SI031,2020-30,10.5043855809801,Epidemic intelligence subnational data
Slovenia,Pomurska,SI031,2020-31,2.62609639524502,Epidemic intelligence subnational data
Slovenia,Pomurska,SI031,2020-32,0.875365465081672,Epidemic intelligence subnational data
Slovenia,Pomurska,SI031,2020-33,4.37682732540836,Epidemic intelligence subnational data
Slovenia,Pomurska,SI031,2020-34,16.6319438365518,Epidemic intelligence subnational data
Slovenia,Pomurska,SI031,2020-35,24.5102330222868,Epidemic intelligence subnational data
Slovenia,Pomurska,SI031,2020-36,27.1363294175318,Epidemic intelligence subnational data
Slovenia,Pomurska,SI031,2020-37,40.2668113937569,Epidemic intelligence subnational data
Slovenia,Pomurska,SI031,2020-38,39.3914459286752,Epidemic intelligence subnational data
Slovenia,Pomurska,SI031,2020-39,47.2697351144103,Epidemic intelligence subnational data
Slovenia,Pomurska,SI031,2020-40,87.5365465081672,Epidemic intelligence subnational data
Slovenia,Pomurska,SI031,2020-41,128.678723367006,Epidemic intelligence subnational data
Slovenia,Pomurska,SI031,2020-42,340.51716591677,Epidemic intelligence subnational data
Slovenia,Pomurska,SI031,2020-43,909.504718219857,Epidemic intelligence subnational data
Slovenia,Pomurska,SI031,2020-44,1144.10266286175,Epidemic intelligence subnational data
Slovenia,Pomurska,SI031,2020-45,1325.30331413365,Epidemic intelligence subnational data
Slovenia,Pomurska,SI031,2020-46,1627.30439958683,Epidemic intelligence subnational data
Slovenia,Pomurska,SI031,2020-47,1528.3881020326,Epidemic intelligence subnational data
Slovenia,Pomurska,SI031,2020-48,1525.76200563735,Epidemic intelligence subnational data
Slovenia,Pomurska,SI031,2020-49,1492.49811796425,Epidemic intelligence subnational data
Slovenia,Pomurska,SI031,2020-50,1292.91479192563,Epidemic intelligence subnational data
Slovenia,Pomurska,SI031,2020-51,1247.39578774138,Epidemic intelligence subnational data
Slovenia,Pomurska,SI031,2020-52,1264.02773157793,Epidemic intelligence subnational data
Slovenia,Pomurska,SI031,2020-53,1301.66844657645,Epidemic intelligence subnational data
Slovenia,Pomurska,SI031,2021-01,1436.47472819902,Epidemic intelligence subnational data
Slovenia,Pomurska,SI031,2021-02,1241.26822948581,Epidemic intelligence subnational data
Slovenia,Pomurska,SI031,2021-03,941.893240427879,Epidemic intelligence subnational data
Slovenia,Pomurska,SI031,2021-04,889.371312522978,Epidemic intelligence subnational data
Slovenia,Pomurska,SI031,2021-05,736.182356133686,Epidemic intelligence subnational data
Slovenia,Pomurska,SI031,2021-06,600.500709046027,Epidemic intelligence subnational data
Slovenia,Pomurska,SI031,2021-07,593.497785325373,Epidemic intelligence subnational data
Slovenia,Pomurska,SI031,2021-08,500.709046026716,Epidemic intelligence subnational data
Slovenia,Pomurska,SI031,2021-09,415.798595913794,Epidemic intelligence subnational data
Slovenia,Pomurska,SI031,2021-10,427.178346959856,Epidemic intelligence subnational data
Slovenia,Pomurska,SI031,2021-11,452.563945447224,Epidemic intelligence subnational data
Slovenia,Pomurska,SI031,2021-12,438.558098005918,Epidemic intelligence subnational data
Slovenia,Pomurska,SI031,2021-13,417.549326843957,Epidemic intelligence subnational data
Slovenia,Pomurska,SI031,2021-14,497.20758416639,Epidemic intelligence subnational data
Slovenia,Pomurska,SI031,2021-15,495.456853236226,Epidemic intelligence subnational data
Slovenia,Pomurska,SI031,2021-16,396.540555681997,Epidemic intelligence subnational data
Slovenia,Pomurska,SI031,2021-17,386.036170101017,Epidemic intelligence subnational data
Slovenia,Pomurska,SI031,2021-18,333.514242196117,Epidemic intelligence subnational data
Slovenia,Pomurska,SI031,2021-19,251.22988847844,Epidemic intelligence subnational data
Slovenia,Pomurska,SI031,2021-20,206.586249759275,Epidemic intelligence subnational data
Slovenia,Pomurska,SI031,2021-21,160.191880109946,Epidemic intelligence subnational data
Slovenia,Pomurska,SI031,2021-22,145.310667203558,Epidemic intelligence subnational data
Slovenia,Pomurska,SI031,2021-23,108.545317670127,Epidemic intelligence subnational data
Slovenia,Pomurska,SI031,2021-24,47.2697351144103,Epidemic intelligence subnational data
Slovenia,Pomurska,SI031,2021-25,20.1334056968785,Epidemic intelligence subnational data
Slovenia,Pomurska,SI031,2021-26,14.0058474413068,Epidemic intelligence subnational data
Slovenia,Pomurska,SI031,2021-27,17.5073093016334,Epidemic intelligence subnational data
Slovenia,Pomurska,SI031,2021-28,19.2580402317968,Epidemic intelligence subnational data
Slovenia,Pomurska,SI031,2021-29,30.6377912778585,Epidemic intelligence subnational data
Slovenia,Pomurska,SI031,2021-30,48.1451005794919,Epidemic intelligence subnational data
Slovenia,Pomurska,SI031,2021-31,51.6465624398186,Epidemic intelligence subnational data
Slovenia,Pomurska,SI031,2021-32,54.2726588350636,Epidemic intelligence subnational data
Slovenia,Pomurska,SI031,2021-33,75.2814299970238,Epidemic intelligence subnational data
Slovenia,Pomurska,SI031,2021-34,144.435301738476,Epidemic intelligence subnational data
Slovenia,Pomurska,SI031,2021-35,202.209422433866,Epidemic intelligence subnational data
Slovenia,Pomurska,SI031,2021-36,247.728426618113,Epidemic intelligence subnational data
Slovenia,Pomurska,SI031,2021-37,321.259125684974,Epidemic intelligence subnational data
Slovenia,Pomurska,SI031,2021-38,366.77812986922,Epidemic intelligence subnational data
Slovenia,Pomurska,SI031,2021-39,394.789824751834,Epidemic intelligence subnational data
Slovenia,Pomurska,SI031,2021-40,395.665190216916,Epidemic intelligence subnational data
Slovenia,Pomurska,SI031,2021-41,498.082949631471,Epidemic intelligence subnational data
Slovenia,Pomurska,SI031,2021-42,759.817223690891,Epidemic intelligence subnational data
Slovenia,Pomurska,SI031,2021-43,1163.36070309354,Epidemic intelligence subnational data
Slovenia,Pomurska,SI031,2021-44,1643.0609779583,Epidemic intelligence subnational data
Slovenia,Pomurska,SI031,2021-45,1997.58399131638,Epidemic intelligence subnational data
Slovenia,Pomurska,SI031,2021-46,1916.17500306378,Epidemic intelligence subnational data
Slovenia,Pomurska,SI031,2021-47,1600.1680701693,Epidemic intelligence subnational data
Slovenia,Pomurska,SI031,2021-48,1373.44841471314,Epidemic intelligence subnational data
Slovenia,Pomurska,SI031,2021-49,1141.4765664665,Epidemic intelligence subnational data
Slovenia,Pomurska,SI031,2021-50,1050.43855809801,Epidemic intelligence subnational data
Slovenia,Pomurska,SI031,2021-51,990.038341007371,Epidemic intelligence subnational data
Slovenia,Pomurska,SI031,2021-52,1043.43563437735,Epidemic intelligence subnational data
Slovenia,Pomurska,SI031,2022-01,1293.79015739071,Epidemic intelligence subnational data
Slovenia,Pomurska,SI031,2022-02,1845.27040039216,Epidemic intelligence subnational data
Slovenia,Pomurska,SI031,2022-03,3437.56018137572,Epidemic intelligence subnational data
Slovenia,Pomurska,SI031,2022-04,6799.83893275443,Epidemic intelligence subnational data
Slovenia,Podravska,SI032,2020-16,,Epidemic intelligence subnational data
Slovenia,Podravska,SI032,2020-17,3.68104934446646,Epidemic intelligence subnational data
Slovenia,Podravska,SI032,2020-18,4.29455756854421,Epidemic intelligence subnational data
Slovenia,Podravska,SI032,2020-19,1.53377056019436,Epidemic intelligence subnational data
Slovenia,Podravska,SI032,2020-20,0.306754112038872,Epidemic intelligence subnational data
Slovenia,Podravska,SI032,2020-21,0.306754112038872,Epidemic intelligence subnational data
Slovenia,Podravska,SI032,2020-22,0.306754112038872,Epidemic intelligence subnational data
Slovenia,Podravska,SI032,2020-23,0.920262336116616,Epidemic intelligence subnational data
Slovenia,Podravska,SI032,2020-24,0.920262336116616,Epidemic intelligence subnational data
Slovenia,Podravska,SI032,2020-25,0.306754112038872,Epidemic intelligence subnational data
Slovenia,Podravska,SI032,2020-26,3.06754112038872,Epidemic intelligence subnational data
Slovenia,Podravska,SI032,2020-27,9.50937747320503,Epidemic intelligence subnational data
Slovenia,Podravska,SI032,2020-28,8.89586924912729,Epidemic intelligence subnational data
Slovenia,Podravska,SI032,2020-29,3.37429523242759,Epidemic intelligence subnational data
Slovenia,Podravska,SI032,2020-30,1.53377056019436,Epidemic intelligence subnational data
Slovenia,Podravska,SI032,2020-31,1.22701644815549,Epidemic intelligence subnational data
Slovenia,Podravska,SI032,2020-32,2.45403289631098,Epidemic intelligence subnational data
Slovenia,Podravska,SI032,2020-33,7.97560691301067,Epidemic intelligence subnational data
Slovenia,Podravska,SI032,2020-34,9.8161315852439,Epidemic intelligence subnational data
Slovenia,Podravska,SI032,2020-35,11.3499021454383,Epidemic intelligence subnational data
Slovenia,Podravska,SI032,2020-36,23.6200666269931,Epidemic intelligence subnational data
Slovenia,Podravska,SI032,2020-37,64.1116094161242,Epidemic intelligence subnational data
Slovenia,Podravska,SI032,2020-38,78.5290526819512,Epidemic intelligence subnational data
Slovenia,Podravska,SI032,2020-39,80.6763314662233,Epidemic intelligence subnational data
Slovenia,Podravska,SI032,2020-40,100.922102860789,Epidemic intelligence subnational data
Slovenia,Podravska,SI032,2020-41,130.370497616521,Epidemic intelligence subnational data
Slovenia,Podravska,SI032,2020-42,280.06650429149,Epidemic intelligence subnational data
Slovenia,Podravska,SI032,2020-43,609.520420621238,Epidemic intelligence subnational data
Slovenia,Podravska,SI032,2020-44,796.333674852911,Epidemic intelligence subnational data
Slovenia,Podravska,SI032,2020-45,827.622594280876,Epidemic intelligence subnational data
Slovenia,Podravska,SI032,2020-46,995.1103394541,Epidemic intelligence subnational data
Slovenia,Podravska,SI032,2020-47,1095.72568820285,Epidemic intelligence subnational data
Slovenia,Podravska,SI032,2020-48,1156.15624827451,Epidemic intelligence subnational data
Slovenia,Podravska,SI032,2020-49,1252.78379356675,Epidemic intelligence subnational data
Slovenia,Podravska,SI032,2020-50,1112.59716436499,Epidemic intelligence subnational data
Slovenia,Podravska,SI032,2020-51,977.318600955846,Epidemic intelligence subnational data
Slovenia,Podravska,SI032,2020-52,1036.82889869139,Epidemic intelligence subnational data
Slovenia,Podravska,SI032,2020-53,1009.83453683197,Epidemic intelligence subnational data
Slovenia,Podravska,SI032,2021-01,1032.84109523488,Epidemic intelligence subnational data
Slovenia,Podravska,SI032,2021-02,960.447124793708,Epidemic intelligence subnational data
Slovenia,Podravska,SI032,2021-03,786.210789155629,Epidemic intelligence subnational data
Slovenia,Podravska,SI032,2021-04,763.204230752713,Epidemic intelligence subnational data
Slovenia,Podravska,SI032,2021-05,660.74835733173,Epidemic intelligence subnational data
Slovenia,Podravska,SI032,2021-06,539.273728964337,Epidemic intelligence subnational data
Slovenia,Podravska,SI032,2021-07,480.376939452873,Epidemic intelligence subnational data
Slovenia,Podravska,SI032,2021-08,426.081461621993,Epidemic intelligence subnational data
Slovenia,Podravska,SI032,2021-09,436.511101431315,Epidemic intelligence subnational data
Slovenia,Podravska,SI032,2021-10,461.971692730541,Epidemic intelligence subnational data
Slovenia,Podravska,SI032,2021-11,491.113333374234,Epidemic intelligence subnational data
Slovenia,Podravska,SI032,2021-12,554.918188678319,Epidemic intelligence subnational data
Slovenia,Podravska,SI032,2021-13,600.317797260072,Epidemic intelligence subnational data
Slovenia,Podravska,SI032,2021-14,631.606716688037,Epidemic intelligence subnational data
Slovenia,Podravska,SI032,2021-15,547.862844101425,Epidemic intelligence subnational data
Slovenia,Podravska,SI032,2021-16,452.462315257336,Epidemic intelligence subnational data
Slovenia,Podravska,SI032,2021-17,459.824413946269,Epidemic intelligence subnational data
Slovenia,Podravska,SI032,2021-18,413.811297140438,Epidemic intelligence subnational data
Slovenia,Podravska,SI032,2021-19,322.705325864893,Epidemic intelligence subnational data
Slovenia,Podravska,SI032,2021-20,233.439879261582,Epidemic intelligence subnational data
Slovenia,Podravska,SI032,2021-21,180.984926102934,Epidemic intelligence subnational data
Slovenia,Podravska,SI032,2021-22,167.487745173224,Epidemic intelligence subnational data
Slovenia,Podravska,SI032,2021-23,126.996202384093,Epidemic intelligence subnational data
Slovenia,Podravska,SI032,2021-24,69.9399375448628,Epidemic intelligence subnational data
Slovenia,Podravska,SI032,2021-25,31.2889194279649,Epidemic intelligence subnational data
Slovenia,Podravska,SI032,2021-26,12.8836727056326,Epidemic intelligence subnational data
Slovenia,Podravska,SI032,2021-27,13.1904268176715,Epidemic intelligence subnational data
Slovenia,Podravska,SI032,2021-28,14.7241973778659,Epidemic intelligence subnational data
Slovenia,Podravska,SI032,2021-29,22.0862960667988,Epidemic intelligence subnational data
Slovenia,Podravska,SI032,2021-30,45.7063626937919,Epidemic intelligence subnational data
Slovenia,Podravska,SI032,2021-31,71.4737081050571,Epidemic intelligence subnational data
Slovenia,Podravska,SI032,2021-32,117.180070798849,Epidemic intelligence subnational data
Slovenia,Podravska,SI032,2021-33,203.377976281772,Epidemic intelligence subnational data
Slovenia,Podravska,SI032,2021-34,257.980208224691,Epidemic intelligence subnational data
Slovenia,Podravska,SI032,2021-35,307.36762026295,Epidemic intelligence subnational data
Slovenia,Podravska,SI032,2021-36,450.008282361025,Epidemic intelligence subnational data
Slovenia,Podravska,SI032,2021-37,600.011043148033,Epidemic intelligence subnational data
Slovenia,Podravska,SI032,2021-38,656.760553875225,Epidemic intelligence subnational data
Slovenia,Podravska,SI032,2021-39,638.96881537697,Epidemic intelligence subnational data
Slovenia,Podravska,SI032,2021-40,610.747437069394,Epidemic intelligence subnational data
Slovenia,Podravska,SI032,2021-41,681.300882838335,Epidemic intelligence subnational data
Slovenia,Podravska,SI032,2021-42,992.042798333712,Epidemic intelligence subnational data
Slovenia,Podravska,SI032,2021-43,1402.17304612968,Epidemic intelligence subnational data
Slovenia,Podravska,SI032,2021-44,1765.98342300779,Epidemic intelligence subnational data
Slovenia,Podravska,SI032,2021-45,2189.30409762143,Epidemic intelligence subnational data
Slovenia,Podravska,SI032,2021-46,2447.28430584612,Epidemic intelligence subnational data
Slovenia,Podravska,SI032,2021-47,2043.902648515,Epidemic intelligence subnational data
Slovenia,Podravska,SI032,2021-48,1426.71337509279,Epidemic intelligence subnational data
Slovenia,Podravska,SI032,2021-49,1110.75663969276,Epidemic intelligence subnational data
Slovenia,Podravska,SI032,2021-50,893.267974257195,Epidemic intelligence subnational data
Slovenia,Podravska,SI032,2021-51,756.455640287858,Epidemic intelligence subnational data
Slovenia,Podravska,SI032,2021-52,823.021282600293,Epidemic intelligence subnational data
Slovenia,Podravska,SI032,2022-01,1284.99297533083,Epidemic intelligence subnational data
Slovenia,Podravska,SI032,2022-02,2558.63604851623,Epidemic intelligence subnational data
Slovenia,Podravska,SI032,2022-03,5113.59104768799,Epidemic intelligence subnational data
Slovenia,Podravska,SI032,2022-04,8217.02239918526,Epidemic intelligence subnational data
Slovenia,Koroska,SI033,2020-16,,Epidemic intelligence subnational data
Slovenia,Koroska,SI033,2020-17,5.65331072009045,Epidemic intelligence subnational data
Slovenia,Koroska,SI033,2020-18,2.82665536004523,Epidemic intelligence subnational data
Slovenia,Koroska,SI033,2020-19,4.23998304006784,Epidemic intelligence subnational data
Slovenia,Koroska,SI033,2020-20,1.41332768002261,Epidemic intelligence subnational data
Slovenia,Koroska,SI033,2020-21,0,Epidemic intelligence subnational data
Slovenia,Koroska,SI033,2020-22,0,Epidemic intelligence subnational data
Slovenia,Koroska,SI033,2020-23,0,Epidemic intelligence subnational data
Slovenia,Koroska,SI033,2020-24,0,Epidemic intelligence subnational data
Slovenia,Koroska,SI033,2020-25,0,Epidemic intelligence subnational data
Slovenia,Koroska,SI033,2020-26,7.06663840011307,Epidemic intelligence subnational data
Slovenia,Koroska,SI033,2020-27,33.9198643205427,Epidemic intelligence subnational data
Slovenia,Koroska,SI033,2020-28,38.1598473606106,Epidemic intelligence subnational data
Slovenia,Koroska,SI033,2020-29,14.1332768002261,Epidemic intelligence subnational data
Slovenia,Koroska,SI033,2020-30,7.06663840011307,Epidemic intelligence subnational data
Slovenia,Koroska,SI033,2020-31,7.06663840011307,Epidemic intelligence subnational data
Slovenia,Koroska,SI033,2020-32,7.06663840011307,Epidemic intelligence subnational data
Slovenia,Koroska,SI033,2020-33,15.5466044802488,Epidemic intelligence subnational data
Slovenia,Koroska,SI033,2020-34,21.1999152003392,Epidemic intelligence subnational data
Slovenia,Koroska,SI033,2020-35,22.6132428803618,Epidemic intelligence subnational data
Slovenia,Koroska,SI033,2020-36,24.0265705603844,Epidemic intelligence subnational data
Slovenia,Koroska,SI033,2020-37,42.3998304006784,Epidemic intelligence subnational data
Slovenia,Koroska,SI033,2020-38,63.5997456010176,Epidemic intelligence subnational data
Slovenia,Koroska,SI033,2020-39,187.972581443008,Epidemic intelligence subnational data
Slovenia,Koroska,SI033,2020-40,251.572327044025,Epidemic intelligence subnational data
Slovenia,Koroska,SI033,2020-41,244.505688643912,Epidemic intelligence subnational data
Slovenia,Koroska,SI033,2020-42,573.811038089181,Epidemic intelligence subnational data
Slovenia,Koroska,SI033,2020-43,1044.44915553671,Epidemic intelligence subnational data
Slovenia,Koroska,SI033,2020-44,1125.008833298,Epidemic intelligence subnational data
Slovenia,Koroska,SI033,2020-45,999.222669775988,Epidemic intelligence subnational data
Slovenia,Koroska,SI033,2020-46,1102.39559041764,Epidemic intelligence subnational data
Slovenia,Koroska,SI033,2020-47,1346.90127906155,Epidemic intelligence subnational data
Slovenia,Koroska,SI033,2020-48,1522.15391138435,Epidemic intelligence subnational data
Slovenia,Koroska,SI033,2020-49,1424.63430146279,Epidemic intelligence subnational data
Slovenia,Koroska,SI033,2020-50,1134.90212705816,Epidemic intelligence subnational data
Slovenia,Koroska,SI033,2020-51,956.822839375309,Epidemic intelligence subnational data
Slovenia,Koroska,SI033,2020-52,1076.95569217723,Epidemic intelligence subnational data
Slovenia,Koroska,SI033,2020-53,1305.9147763409,Epidemic intelligence subnational data
Slovenia,Koroska,SI033,2021-01,1510.84728994417,Epidemic intelligence subnational data
Slovenia,Koroska,SI033,2021-02,1231.0084092997,Epidemic intelligence subnational data
Slovenia,Koroska,SI033,2021-03,675.570631050809,Epidemic intelligence subnational data
Slovenia,Koroska,SI033,2021-04,617.624196169882,Epidemic intelligence subnational data
Slovenia,Koroska,SI033,2021-05,626.104162250018,Epidemic intelligence subnational data
Slovenia,Koroska,SI033,2021-06,552.611122888842,Epidemic intelligence subnational data
Slovenia,Koroska,SI033,2021-07,498.904671047982,Epidemic intelligence subnational data
Slovenia,Koroska,SI033,2021-08,457.918168327327,Epidemic intelligence subnational data
Slovenia,Koroska,SI033,2021-09,587.944314889407,Epidemic intelligence subnational data
Slovenia,Koroska,SI033,2021-10,634.584128330153,Epidemic intelligence subnational data
Slovenia,Koroska,SI033,2021-11,689.703907851035,Epidemic intelligence subnational data
Slovenia,Koroska,SI033,2021-12,727.863755211646,Epidemic intelligence subnational data
Slovenia,Koroska,SI033,2021-13,651.544060490425,Epidemic intelligence subnational data
Slovenia,Koroska,SI033,2021-14,635.997456010176,Epidemic intelligence subnational data
Slovenia,Koroska,SI033,2021-15,534.237863048548,Epidemic intelligence subnational data
Slovenia,Koroska,SI033,2021-16,446.611546887146,Epidemic intelligence subnational data
Slovenia,Koroska,SI033,2021-17,428.238287046852,Epidemic intelligence subnational data
Slovenia,Koroska,SI033,2021-18,373.11850752597,Epidemic intelligence subnational data
Slovenia,Koroska,SI033,2021-19,248.74567168398,Epidemic intelligence subnational data
Slovenia,Koroska,SI033,2021-20,142.746095682284,Epidemic intelligence subnational data
Slovenia,Koroska,SI033,2021-21,100.346265281606,Epidemic intelligence subnational data
Slovenia,Koroska,SI033,2021-22,66.4264009610628,Epidemic intelligence subnational data
Slovenia,Koroska,SI033,2021-23,35.3331920005653,Epidemic intelligence subnational data
Slovenia,Koroska,SI033,2021-24,19.7865875203166,Epidemic intelligence subnational data
Slovenia,Koroska,SI033,2021-25,11.3066214401809,Epidemic intelligence subnational data
Slovenia,Koroska,SI033,2021-26,4.23998304006784,Epidemic intelligence subnational data
Slovenia,Koroska,SI033,2021-27,7.06663840011307,Epidemic intelligence subnational data
Slovenia,Koroska,SI033,2021-28,11.3066214401809,Epidemic intelligence subnational data
Slovenia,Koroska,SI033,2021-29,7.06663840011307,Epidemic intelligence subnational data
Slovenia,Koroska,SI033,2021-30,7.06663840011307,Epidemic intelligence subnational data
Slovenia,Koroska,SI033,2021-31,15.5466044802488,Epidemic intelligence subnational data
Slovenia,Koroska,SI033,2021-32,48.0531411207689,Epidemic intelligence subnational data
Slovenia,Koroska,SI033,2021-33,141.332768002261,Epidemic intelligence subnational data
Slovenia,Koroska,SI033,2021-34,172.425976962759,Epidemic intelligence subnational data
Slovenia,Koroska,SI033,2021-35,189.38590912303,Epidemic intelligence subnational data
Slovenia,Koroska,SI033,2021-36,315.172072645043,Epidemic intelligence subnational data
Slovenia,Koroska,SI033,2021-37,388.665112006219,Epidemic intelligence subnational data
Slovenia,Koroska,SI033,2021-38,377.358490566038,Epidemic intelligence subnational data
Slovenia,Koroska,SI033,2021-39,449.438202247191,Epidemic intelligence subnational data
Slovenia,Koroska,SI033,2021-40,467.811462087485,Epidemic intelligence subnational data
Slovenia,Koroska,SI033,2021-41,481.944738887711,Epidemic intelligence subnational data
Slovenia,Koroska,SI033,2021-42,872.023178573952,Epidemic intelligence subnational data
Slovenia,Koroska,SI033,2021-43,1204.15518337927,Epidemic intelligence subnational data
Slovenia,Koroska,SI033,2021-44,1441.59423362307,Epidemic intelligence subnational data
Slovenia,Koroska,SI033,2021-45,1523.56723906438,Epidemic intelligence subnational data
Slovenia,Koroska,SI033,2021-46,1476.92742562363,Epidemic intelligence subnational data
Slovenia,Koroska,SI033,2021-47,1403.43438626246,Epidemic intelligence subnational data
Slovenia,Koroska,SI033,2021-48,1212.6351494594,Epidemic intelligence subnational data
Slovenia,Koroska,SI033,2021-49,1116.52886721786,Epidemic intelligence subnational data
Slovenia,Koroska,SI033,2021-50,1000.63599745601,Epidemic intelligence subnational data
Slovenia,Koroska,SI033,2021-51,913.009681294608,Epidemic intelligence subnational data
Slovenia,Koroska,SI033,2021-52,873.436506253975,Epidemic intelligence subnational data
Slovenia,Koroska,SI033,2022-01,1450.0741997032,Epidemic intelligence subnational data
Slovenia,Koroska,SI033,2022-02,2914.28167620663,Epidemic intelligence subnational data
Slovenia,Koroska,SI033,2022-03,5595.36428520953,Epidemic intelligence subnational data
Slovenia,Koroska,SI033,2022-04,8129.46081549007,Epidemic intelligence subnational data
Slovenia,Savinjska,SI034,2020-16,,Epidemic intelligence subnational data
Slovenia,Savinjska,SI034,2020-17,15.125248693993,Epidemic intelligence subnational data
Slovenia,Savinjska,SI034,2020-18,3.87826889589563,Epidemic intelligence subnational data
Slovenia,Savinjska,SI034,2020-19,2.71478822712694,Epidemic intelligence subnational data
Slovenia,Savinjska,SI034,2020-20,1.55130755835825,Epidemic intelligence subnational data
Slovenia,Savinjska,SI034,2020-21,0.387826889589563,Epidemic intelligence subnational data
Slovenia,Savinjska,SI034,2020-22,0,Epidemic intelligence subnational data
Slovenia,Savinjska,SI034,2020-23,0,Epidemic intelligence subnational data
Slovenia,Savinjska,SI034,2020-24,0,Epidemic intelligence subnational data
Slovenia,Savinjska,SI034,2020-25,0.775653779179126,Epidemic intelligence subnational data
Slovenia,Savinjska,SI034,2020-26,2.71478822712694,Epidemic intelligence subnational data
Slovenia,Savinjska,SI034,2020-27,3.1026151167165,Epidemic intelligence subnational data
Slovenia,Savinjska,SI034,2020-28,7.36871090220169,Epidemic intelligence subnational data
Slovenia,Savinjska,SI034,2020-29,12.0226335772765,Epidemic intelligence subnational data
Slovenia,Savinjska,SI034,2020-30,15.9009024731721,Epidemic intelligence subnational data
Slovenia,Savinjska,SI034,2020-31,17.0643831419408,Epidemic intelligence subnational data
Slovenia,Savinjska,SI034,2020-32,15.125248693993,Epidemic intelligence subnational data
Slovenia,Savinjska,SI034,2020-33,20.9426520378364,Epidemic intelligence subnational data
Slovenia,Savinjska,SI034,2020-34,28.6991898296277,Epidemic intelligence subnational data
Slovenia,Savinjska,SI034,2020-35,30.6383242775755,Epidemic intelligence subnational data
Slovenia,Savinjska,SI034,2020-36,33.3531125047024,Epidemic intelligence subnational data
Slovenia,Savinjska,SI034,2020-37,69.8088401261213,Epidemic intelligence subnational data
Slovenia,Savinjska,SI034,2020-38,85.3219157097038,Epidemic intelligence subnational data
Slovenia,Savinjska,SI034,2020-39,95.0175879494429,Epidemic intelligence subnational data
Slovenia,Savinjska,SI034,2020-40,114.408932428921,Epidemic intelligence subnational data
Slovenia,Savinjska,SI034,2020-41,155.906409615004,Epidemic intelligence subnational data
Slovenia,Savinjska,SI034,2020-42,378.131217349824,Epidemic intelligence subnational data
Slovenia,Savinjska,SI034,2020-43,909.841882977114,Epidemic intelligence subnational data
Slovenia,Savinjska,SI034,2020-44,1067.29960015048,Epidemic intelligence subnational data
Slovenia,Savinjska,SI034,2020-45,876.876597362002,Epidemic intelligence subnational data
Slovenia,Savinjska,SI034,2020-46,940.868034144279,Epidemic intelligence subnational data
Slovenia,Savinjska,SI034,2020-47,1014.94297005589,Epidemic intelligence subnational data
Slovenia,Savinjska,SI034,2020-48,1213.89816441533,Epidemic intelligence subnational data
Slovenia,Savinjska,SI034,2020-49,1267.80610206828,Epidemic intelligence subnational data
Slovenia,Savinjska,SI034,2020-50,1191.40420481914,Epidemic intelligence subnational data
Slovenia,Savinjska,SI034,2020-51,1089.79355974667,Epidemic intelligence subnational data
Slovenia,Savinjska,SI034,2020-52,1056.05262035238,Epidemic intelligence subnational data
Slovenia,Savinjska,SI034,2020-53,1164.25632254787,Epidemic intelligence subnational data
Slovenia,Savinjska,SI034,2021-01,1317.83577082533,Epidemic intelligence subnational data
Slovenia,Savinjska,SI034,2021-02,1212.73468374656,Epidemic intelligence subnational data
Slovenia,Savinjska,SI034,2021-03,883.081827595435,Epidemic intelligence subnational data
Slovenia,Savinjska,SI034,2021-04,771.38768339364,Epidemic intelligence subnational data
Slovenia,Savinjska,SI034,2021-05,580.964680605165,Epidemic intelligence subnational data
Slovenia,Savinjska,SI034,2021-06,477.414901084752,Epidemic intelligence subnational data
Slovenia,Savinjska,SI034,2021-07,483.620131318185,Epidemic intelligence subnational data
Slovenia,Savinjska,SI034,2021-08,484.395785097364,Epidemic intelligence subnational data
Slovenia,Savinjska,SI034,2021-09,513.094974926992,Epidemic intelligence subnational data
Slovenia,Savinjska,SI034,2021-10,503.399302687253,Epidemic intelligence subnational data
Slovenia,Savinjska,SI034,2021-11,554.592452113075,Epidemic intelligence subnational data
Slovenia,Savinjska,SI034,2021-12,688.004902131884,Epidemic intelligence subnational data
Slovenia,Savinjska,SI034,2021-13,765.570280049797,Epidemic intelligence subnational data
Slovenia,Savinjska,SI034,2021-14,841.584350409351,Epidemic intelligence subnational data
Slovenia,Savinjska,SI034,2021-15,765.182453160207,Epidemic intelligence subnational data
Slovenia,Savinjska,SI034,2021-16,584.067295721882,Epidemic intelligence subnational data
Slovenia,Savinjska,SI034,2021-17,527.832396731395,Epidemic intelligence subnational data
Slovenia,Savinjska,SI034,2021-18,447.940057475945,Epidemic intelligence subnational data
Slovenia,Savinjska,SI034,2021-19,341.287662838815,Epidemic intelligence subnational data
Slovenia,Savinjska,SI034,2021-20,224.163942182767,Epidemic intelligence subnational data
Slovenia,Savinjska,SI034,2021-21,153.191621387877,Epidemic intelligence subnational data
Slovenia,Savinjska,SI034,2021-22,126.043739116608,Epidemic intelligence subnational data
Slovenia,Savinjska,SI034,2021-23,86.0975694888829,Epidemic intelligence subnational data
Slovenia,Savinjska,SI034,2021-24,47.3148805299267,Epidemic intelligence subnational data
Slovenia,Savinjska,SI034,2021-25,20.9426520378364,Epidemic intelligence subnational data
Slovenia,Savinjska,SI034,2021-26,8.92001846055995,Epidemic intelligence subnational data
Slovenia,Savinjska,SI034,2021-27,4.26609578548519,Epidemic intelligence subnational data
Slovenia,Savinjska,SI034,2021-28,8.14436468138082,Epidemic intelligence subnational data
Slovenia,Savinjska,SI034,2021-29,13.9617680252243,Epidemic intelligence subnational data
Slovenia,Savinjska,SI034,2021-30,23.2696133753738,Epidemic intelligence subnational data
Slovenia,Savinjska,SI034,2021-31,49.2540149778745,Epidemic intelligence subnational data
Slovenia,Savinjska,SI034,2021-32,89.2001846055995,Epidemic intelligence subnational data
Slovenia,Savinjska,SI034,2021-33,147.374218044034,Epidemic intelligence subnational data
Slovenia,Savinjska,SI034,2021-34,204.772597703289,Epidemic intelligence subnational data
Slovenia,Savinjska,SI034,2021-35,289.318859633814,Epidemic intelligence subnational data
Slovenia,Savinjska,SI034,2021-36,481.293169980648,Epidemic intelligence subnational data
Slovenia,Savinjska,SI034,2021-37,660.857019860615,Epidemic intelligence subnational data
Slovenia,Savinjska,SI034,2021-38,647.28307872498,Epidemic intelligence subnational data
Slovenia,Savinjska,SI034,2021-39,623.237811570427,Epidemic intelligence subnational data
Slovenia,Savinjska,SI034,2021-40,618.583888895353,Epidemic intelligence subnational data
Slovenia,Savinjska,SI034,2021-41,610.051697324382,Epidemic intelligence subnational data
Slovenia,Savinjska,SI034,2021-42,904.412306522861,Epidemic intelligence subnational data
Slovenia,Savinjska,SI034,2021-43,1261.60087183485,Epidemic intelligence subnational data
Slovenia,Savinjska,SI034,2021-44,1802.2315559227,Epidemic intelligence subnational data
Slovenia,Savinjska,SI034,2021-45,2168.72796658484,Epidemic intelligence subnational data
Slovenia,Savinjska,SI034,2021-46,1967.83363777744,Epidemic intelligence subnational data
Slovenia,Savinjska,SI034,2021-47,1560.22757681881,Epidemic intelligence subnational data
Slovenia,Savinjska,SI034,2021-48,1114.6144806804,Epidemic intelligence subnational data
Slovenia,Savinjska,SI034,2021-49,782.246836302148,Epidemic intelligence subnational data
Slovenia,Savinjska,SI034,2021-50,570.105527696657,Epidemic intelligence subnational data
Slovenia,Savinjska,SI034,2021-51,518.136724491656,Epidemic intelligence subnational data
Slovenia,Savinjska,SI034,2021-52,819.478217702746,Epidemic intelligence subnational data
Slovenia,Savinjska,SI034,2022-01,1777.41063498897,Epidemic intelligence subnational data
Slovenia,Savinjska,SI034,2022-02,3635.48926301256,Epidemic intelligence subnational data
Slovenia,Savinjska,SI034,2022-03,6534.49526269454,Epidemic intelligence subnational data
Slovenia,Savinjska,SI034,2022-04,9470.34481688754,Epidemic intelligence subnational data
Slovenia,Zasavska,SI035,2020-16,,Epidemic intelligence subnational data
Slovenia,Zasavska,SI035,2020-17,8.74798796276856,Epidemic intelligence subnational data
Slovenia,Zasavska,SI035,2020-18,6.99839037021485,Epidemic intelligence subnational data
Slovenia,Zasavska,SI035,2020-19,3.49919518510743,Epidemic intelligence subnational data
Slovenia,Zasavska,SI035,2020-20,1.74959759255371,Epidemic intelligence subnational data
Slovenia,Zasavska,SI035,2020-21,0,Epidemic intelligence subnational data
Slovenia,Zasavska,SI035,2020-22,0,Epidemic intelligence subnational data
Slovenia,Zasavska,SI035,2020-23,0,Epidemic intelligence subnational data
Slovenia,Zasavska,SI035,2020-24,0,Epidemic intelligence subnational data
Slovenia,Zasavska,SI035,2020-25,0,Epidemic intelligence subnational data
Slovenia,Zasavska,SI035,2020-26,1.74959759255371,Epidemic intelligence subnational data
Slovenia,Zasavska,SI035,2020-27,5.24879277766114,Epidemic intelligence subnational data
Slovenia,Zasavska,SI035,2020-28,26.2439638883057,Epidemic intelligence subnational data
Slovenia,Zasavska,SI035,2020-29,80.4814892574708,Epidemic intelligence subnational data
Slovenia,Zasavska,SI035,2020-30,124.221429071314,Epidemic intelligence subnational data
Slovenia,Zasavska,SI035,2020-31,78.7318916649171,Epidemic intelligence subnational data
Slovenia,Zasavska,SI035,2020-32,17.4959759255371,Epidemic intelligence subnational data
Slovenia,Zasavska,SI035,2020-33,19.2455735180908,Epidemic intelligence subnational data
Slovenia,Zasavska,SI035,2020-34,17.4959759255371,Epidemic intelligence subnational data
Slovenia,Zasavska,SI035,2020-35,8.74798796276856,Epidemic intelligence subnational data
Slovenia,Zasavska,SI035,2020-36,10.4975855553223,Epidemic intelligence subnational data
Slovenia,Zasavska,SI035,2020-37,27.9935614808594,Epidemic intelligence subnational data
Slovenia,Zasavska,SI035,2020-38,43.7399398138428,Epidemic intelligence subnational data
Slovenia,Zasavska,SI035,2020-39,118.972636293653,Epidemic intelligence subnational data
Slovenia,Zasavska,SI035,2020-40,160.962978514942,Epidemic intelligence subnational data
Slovenia,Zasavska,SI035,2020-41,167.961368885156,Epidemic intelligence subnational data
Slovenia,Zasavska,SI035,2020-42,405.906641472461,Epidemic intelligence subnational data
Slovenia,Zasavska,SI035,2020-43,773.322135908741,Epidemic intelligence subnational data
Slovenia,Zasavska,SI035,2020-44,748.827769612989,Epidemic intelligence subnational data
Slovenia,Zasavska,SI035,2020-45,640.352718874659,Epidemic intelligence subnational data
Slovenia,Zasavska,SI035,2020-46,855.553222758766,Epidemic intelligence subnational data
Slovenia,Zasavska,SI035,2020-47,929.036321646021,Epidemic intelligence subnational data
Slovenia,Zasavska,SI035,2020-48,978.025054237525,Epidemic intelligence subnational data
Slovenia,Zasavska,SI035,2020-49,176.709356847925,Epidemic intelligence subnational data
Slovenia,Zasavska,SI035,2020-50,-363.916299251172,Epidemic intelligence subnational data
Slovenia,Zasavska,SI035,2020-51,1711.10644551753,Epidemic intelligence subnational data
Slovenia,Zasavska,SI035,2020-52,2225.48813772832,Epidemic intelligence subnational data
Slovenia,Zasavska,SI035,2020-53,1124.99125201204,Epidemic intelligence subnational data
Slovenia,Zasavska,SI035,2021-01,1291.20302330464,Epidemic intelligence subnational data
Slovenia,Zasavska,SI035,2021-02,1093.49849534607,Epidemic intelligence subnational data
Slovenia,Zasavska,SI035,2021-03,918.538736090699,Epidemic intelligence subnational data
Slovenia,Zasavska,SI035,2021-04,890.54517460984,Epidemic intelligence subnational data
Slovenia,Zasavska,SI035,2021-05,591.363986283155,Epidemic intelligence subnational data
Slovenia,Zasavska,SI035,2021-06,446.147386101197,Epidemic intelligence subnational data
Slovenia,Zasavska,SI035,2021-07,404.157043879908,Epidemic intelligence subnational data
Slovenia,Zasavska,SI035,2021-08,381.412275176709,Epidemic intelligence subnational data
Slovenia,Zasavska,SI035,2021-09,453.145776471412,Epidemic intelligence subnational data
Slovenia,Zasavska,SI035,2021-10,524.879277766114,Epidemic intelligence subnational data
Slovenia,Zasavska,SI035,2021-11,647.351109244874,Epidemic intelligence subnational data
Slovenia,Zasavska,SI035,2021-12,663.097487577857,Epidemic intelligence subnational data
Slovenia,Zasavska,SI035,2021-13,563.370424802296,Epidemic intelligence subnational data
Slovenia,Zasavska,SI035,2021-14,593.113583875709,Epidemic intelligence subnational data
Slovenia,Zasavska,SI035,2021-15,673.595073133179,Epidemic intelligence subnational data
Slovenia,Zasavska,SI035,2021-16,682.343061095948,Epidemic intelligence subnational data
Slovenia,Zasavska,SI035,2021-17,614.108754986353,Epidemic intelligence subnational data
Slovenia,Zasavska,SI035,2021-18,530.128070543775,Epidemic intelligence subnational data
Slovenia,Zasavska,SI035,2021-19,412.905031842676,Epidemic intelligence subnational data
Slovenia,Zasavska,SI035,2021-20,283.434809993701,Epidemic intelligence subnational data
Slovenia,Zasavska,SI035,2021-21,202.953320736231,Epidemic intelligence subnational data
Slovenia,Zasavska,SI035,2021-22,139.967807404297,Epidemic intelligence subnational data
Slovenia,Zasavska,SI035,2021-23,89.2294772202394,Epidemic intelligence subnational data
Slovenia,Zasavska,SI035,2021-24,47.2391349989502,Epidemic intelligence subnational data
Slovenia,Zasavska,SI035,2021-25,54.2375253691651,Epidemic intelligence subnational data
Slovenia,Zasavska,SI035,2021-26,36.741549443628,Epidemic intelligence subnational data
Slovenia,Zasavska,SI035,2021-27,13.9967807404297,Epidemic intelligence subnational data
Slovenia,Zasavska,SI035,2021-28,17.4959759255371,Epidemic intelligence subnational data
Slovenia,Zasavska,SI035,2021-29,29.7431590734131,Epidemic intelligence subnational data
Slovenia,Zasavska,SI035,2021-30,36.741549443628,Epidemic intelligence subnational data
Slovenia,Zasavska,SI035,2021-31,61.2359157393799,Epidemic intelligence subnational data
Slovenia,Zasavska,SI035,2021-32,89.2294772202394,Epidemic intelligence subnational data
Slovenia,Zasavska,SI035,2021-33,146.966197774512,Epidemic intelligence subnational data
Slovenia,Zasavska,SI035,2021-34,225.698089439429,Epidemic intelligence subnational data
Slovenia,Zasavska,SI035,2021-35,253.691650920288,Epidemic intelligence subnational data
Slovenia,Zasavska,SI035,2021-36,381.412275176709,Epidemic intelligence subnational data
Slovenia,Zasavska,SI035,2021-37,519.630484988453,Epidemic intelligence subnational data
Slovenia,Zasavska,SI035,2021-38,491.636923507593,Epidemic intelligence subnational data
Slovenia,Zasavska,SI035,2021-39,388.410665546924,Epidemic intelligence subnational data
Slovenia,Zasavska,SI035,2021-40,456.644971656519,Epidemic intelligence subnational data
Slovenia,Zasavska,SI035,2021-41,622.856742949122,Epidemic intelligence subnational data
Slovenia,Zasavska,SI035,2021-42,843.30603961089,Epidemic intelligence subnational data
Slovenia,Zasavska,SI035,2021-43,1326.19497515571,Epidemic intelligence subnational data
Slovenia,Zasavska,SI035,2021-44,2120.5122821751,Epidemic intelligence subnational data
Slovenia,Zasavska,SI035,2021-45,2557.91168031353,Epidemic intelligence subnational data
Slovenia,Zasavska,SI035,2021-46,2337.46238365176,Epidemic intelligence subnational data
Slovenia,Zasavska,SI035,2021-47,1765.3439708867,Epidemic intelligence subnational data
Slovenia,Zasavska,SI035,2021-48,1179.2287773812,Epidemic intelligence subnational data
Slovenia,Zasavska,SI035,2021-49,920.288333683253,Epidemic intelligence subnational data
Slovenia,Zasavska,SI035,2021-50,677.094268318287,Epidemic intelligence subnational data
Slovenia,Zasavska,SI035,2021-51,496.885716285254,Epidemic intelligence subnational data
Slovenia,Zasavska,SI035,2021-52,738.330184057667,Epidemic intelligence subnational data
Slovenia,Zasavska,SI035,2022-01,1490.65714885576,Epidemic intelligence subnational data
Slovenia,Zasavska,SI035,2022-02,2883.33683252852,Epidemic intelligence subnational data
Slovenia,Zasavska,SI035,2022-03,5035.34187136958,Epidemic intelligence subnational data
Slovenia,Zasavska,SI035,2022-04,7344.81069354049,Epidemic intelligence subnational data
Slovenia,Posavska,SI036,2020-16,,Epidemic intelligence subnational data
Slovenia,Posavska,SI036,2020-17,1.31884363789829,Epidemic intelligence subnational data
Slovenia,Posavska,SI036,2020-18,0,Epidemic intelligence subnational data
Slovenia,Posavska,SI036,2020-19,0,Epidemic intelligence subnational data
Slovenia,Posavska,SI036,2020-20,0,Epidemic intelligence subnational data
Slovenia,Posavska,SI036,2020-21,0,Epidemic intelligence subnational data
Slovenia,Posavska,SI036,2020-22,1.31884363789829,Epidemic intelligence subnational data
Slovenia,Posavska,SI036,2020-23,1.31884363789829,Epidemic intelligence subnational data
Slovenia,Posavska,SI036,2020-24,1.31884363789829,Epidemic intelligence subnational data
Slovenia,Posavska,SI036,2020-25,2.63768727579658,Epidemic intelligence subnational data
Slovenia,Posavska,SI036,2020-26,2.63768727579658,Epidemic intelligence subnational data
Slovenia,Posavska,SI036,2020-27,2.63768727579658,Epidemic intelligence subnational data
Slovenia,Posavska,SI036,2020-28,5.27537455159316,Epidemic intelligence subnational data
Slovenia,Posavska,SI036,2020-29,9.23190546528804,Epidemic intelligence subnational data
Slovenia,Posavska,SI036,2020-30,9.23190546528804,Epidemic intelligence subnational data
Slovenia,Posavska,SI036,2020-31,3.95653091369487,Epidemic intelligence subnational data
Slovenia,Posavska,SI036,2020-32,0,Epidemic intelligence subnational data
Slovenia,Posavska,SI036,2020-33,2.63768727579658,Epidemic intelligence subnational data
Slovenia,Posavska,SI036,2020-34,14.5072800168812,Epidemic intelligence subnational data
Slovenia,Posavska,SI036,2020-35,31.652247309559,Epidemic intelligence subnational data
Slovenia,Posavska,SI036,2020-36,39.5653091369487,Epidemic intelligence subnational data
Slovenia,Posavska,SI036,2020-37,26.3768727579658,Epidemic intelligence subnational data
Slovenia,Posavska,SI036,2020-38,13.1884363789829,Epidemic intelligence subnational data
Slovenia,Posavska,SI036,2020-39,30.3334036716607,Epidemic intelligence subnational data
Slovenia,Posavska,SI036,2020-40,54.0725891538299,Epidemic intelligence subnational data
Slovenia,Posavska,SI036,2020-41,149.029331082507,Epidemic intelligence subnational data
Slovenia,Posavska,SI036,2020-42,491.928676936063,Epidemic intelligence subnational data
Slovenia,Posavska,SI036,2020-43,786.030808187381,Epidemic intelligence subnational data
Slovenia,Posavska,SI036,2020-44,631.726102553281,Epidemic intelligence subnational data
Slovenia,Posavska,SI036,2020-45,491.928676936063,Epidemic intelligence subnational data
Slovenia,Posavska,SI036,2020-46,598.755011605824,Epidemic intelligence subnational data
Slovenia,Posavska,SI036,2020-47,680.523317155518,Epidemic intelligence subnational data
Slovenia,Posavska,SI036,2020-48,1045.84300485335,Epidemic intelligence subnational data
Slovenia,Posavska,SI036,2020-49,1512.71365266934,Epidemic intelligence subnational data
Slovenia,Posavska,SI036,2020-50,1188.27811774636,Epidemic intelligence subnational data
Slovenia,Posavska,SI036,2020-51,1268.72757965816,Epidemic intelligence subnational data
Slovenia,Posavska,SI036,2020-52,1911.00443131462,Epidemic intelligence subnational data
Slovenia,Posavska,SI036,2020-53,2048.16416965605,Epidemic intelligence subnational data
Slovenia,Posavska,SI036,2021-01,2110.14982063726,Epidemic intelligence subnational data
Slovenia,Posavska,SI036,2021-02,1727.68516564676,Epidemic intelligence subnational data
Slovenia,Posavska,SI036,2021-03,1223.88689596961,Epidemic intelligence subnational data
Slovenia,Posavska,SI036,2021-04,1124.97362312724,Epidemic intelligence subnational data
Slovenia,Posavska,SI036,2021-05,896.813673770838,Epidemic intelligence subnational data
Slovenia,Posavska,SI036,2021-06,605.349229795316,Epidemic intelligence subnational data
Slovenia,Posavska,SI036,2021-07,408.84152774847,Epidemic intelligence subnational data
Slovenia,Posavska,SI036,2021-08,246.62376028698,Epidemic intelligence subnational data
Slovenia,Posavska,SI036,2021-09,214.971512977421,Epidemic intelligence subnational data
Slovenia,Posavska,SI036,2021-10,243.986073011184,Epidemic intelligence subnational data
Slovenia,Posavska,SI036,2021-11,267.725258493353,Epidemic intelligence subnational data
Slovenia,Posavska,SI036,2021-12,305.971723992403,Epidemic intelligence subnational data
Slovenia,Posavska,SI036,2021-13,356.087782232539,Epidemic intelligence subnational data
Slovenia,Posavska,SI036,2021-14,470.82717872969,Epidemic intelligence subnational data
Slovenia,Posavska,SI036,2021-15,540.725891538299,Epidemic intelligence subnational data
Slovenia,Posavska,SI036,2021-16,519.624393331927,Epidemic intelligence subnational data
Slovenia,Posavska,SI036,2021-17,464.232960540198,Epidemic intelligence subnational data
Slovenia,Posavska,SI036,2021-18,316.52247309559,Epidemic intelligence subnational data
Slovenia,Posavska,SI036,2021-19,251.899134838574,Epidemic intelligence subnational data
Slovenia,Posavska,SI036,2021-20,222.884574804811,Epidemic intelligence subnational data
Slovenia,Posavska,SI036,2021-21,211.014982063727,Epidemic intelligence subnational data
Slovenia,Posavska,SI036,2021-22,250.580291200675,Epidemic intelligence subnational data
Slovenia,Posavska,SI036,2021-23,189.913483857354,Epidemic intelligence subnational data
Slovenia,Posavska,SI036,2021-24,85.7248364633889,Epidemic intelligence subnational data
Slovenia,Posavska,SI036,2021-25,31.652247309559,Epidemic intelligence subnational data
Slovenia,Posavska,SI036,2021-26,15.8261236547795,Epidemic intelligence subnational data
Slovenia,Posavska,SI036,2021-27,72.536400084406,Epidemic intelligence subnational data
Slovenia,Posavska,SI036,2021-28,104.188647393965,Epidemic intelligence subnational data
Slovenia,Posavska,SI036,2021-29,76.4929309981009,Epidemic intelligence subnational data
Slovenia,Posavska,SI036,2021-30,72.536400084406,Epidemic intelligence subnational data
Slovenia,Posavska,SI036,2021-31,75.1740873602026,Epidemic intelligence subnational data
Slovenia,Posavska,SI036,2021-32,116.05824013505,Epidemic intelligence subnational data
Slovenia,Posavska,SI036,2021-33,184.638109305761,Epidemic intelligence subnational data
Slovenia,Posavska,SI036,2021-34,192.551171133151,Epidemic intelligence subnational data
Slovenia,Posavska,SI036,2021-35,184.638109305761,Epidemic intelligence subnational data
Slovenia,Posavska,SI036,2021-36,342.899345853556,Epidemic intelligence subnational data
Slovenia,Posavska,SI036,2021-37,494.566364211859,Epidemic intelligence subnational data
Slovenia,Posavska,SI036,2021-38,482.696771470774,Epidemic intelligence subnational data
Slovenia,Posavska,SI036,2021-39,460.276429626504,Epidemic intelligence subnational data
Slovenia,Posavska,SI036,2021-40,477.421396919181,Epidemic intelligence subnational data
Slovenia,Posavska,SI036,2021-41,576.334669761553,Epidemic intelligence subnational data
Slovenia,Posavska,SI036,2021-42,801.856931842161,Epidemic intelligence subnational data
Slovenia,Posavska,SI036,2021-43,1098.59675036928,Epidemic intelligence subnational data
Slovenia,Posavska,SI036,2021-44,1761.97510023212,Epidemic intelligence subnational data
Slovenia,Posavska,SI036,2021-45,2529.54209748892,Epidemic intelligence subnational data
Slovenia,Posavska,SI036,2021-46,2842.10803967082,Epidemic intelligence subnational data
Slovenia,Posavska,SI036,2021-47,2666.70183583034,Epidemic intelligence subnational data
Slovenia,Posavska,SI036,2021-48,2042.88879510445,Epidemic intelligence subnational data
Slovenia,Posavska,SI036,2021-49,1486.33677991137,Epidemic intelligence subnational data
Slovenia,Posavska,SI036,2021-50,1148.71280860941,Epidemic intelligence subnational data
Slovenia,Posavska,SI036,2021-51,945.610888373075,Epidemic intelligence subnational data
Slovenia,Posavska,SI036,2021-52,1062.98797214602,Epidemic intelligence subnational data
Slovenia,Posavska,SI036,2022-01,1772.5258493353,Epidemic intelligence subnational data
Slovenia,Posavska,SI036,2022-02,3016.19539987339,Epidemic intelligence subnational data
Slovenia,Posavska,SI036,2022-03,5235.80924245621,Epidemic intelligence subnational data
Slovenia,Posavska,SI036,2022-04,8375.97594429204,Epidemic intelligence subnational data
Slovenia,Jugovzhodna Slovenija,SI037,2020-16,,Epidemic intelligence subnational data
Slovenia,Jugovzhodna Slovenija,SI037,2020-17,13.7592272817959,Epidemic intelligence subnational data
Slovenia,Jugovzhodna Slovenija,SI037,2020-18,6.19165227680813,Epidemic intelligence subnational data
Slovenia,Jugovzhodna Slovenija,SI037,2020-19,3.43980682044896,Epidemic intelligence subnational data
Slovenia,Jugovzhodna Slovenija,SI037,2020-20,2.06388409226938,Epidemic intelligence subnational data
Slovenia,Jugovzhodna Slovenija,SI037,2020-21,1.37592272817959,Epidemic intelligence subnational data
Slovenia,Jugovzhodna Slovenija,SI037,2020-22,0.687961364089793,Epidemic intelligence subnational data
Slovenia,Jugovzhodna Slovenija,SI037,2020-23,0,Epidemic intelligence subnational data
Slovenia,Jugovzhodna Slovenija,SI037,2020-24,0,Epidemic intelligence subnational data
Slovenia,Jugovzhodna Slovenija,SI037,2020-25,0.687961364089793,Epidemic intelligence subnational data
Slovenia,Jugovzhodna Slovenija,SI037,2020-26,4.12776818453876,Epidemic intelligence subnational data
Slovenia,Jugovzhodna Slovenija,SI037,2020-27,3.43980682044896,Epidemic intelligence subnational data
Slovenia,Jugovzhodna Slovenija,SI037,2020-28,4.81572954862855,Epidemic intelligence subnational data
Slovenia,Jugovzhodna Slovenija,SI037,2020-29,8.25553636907751,Epidemic intelligence subnational data
Slovenia,Jugovzhodna Slovenija,SI037,2020-30,5.50369091271834,Epidemic intelligence subnational data
Slovenia,Jugovzhodna Slovenija,SI037,2020-31,6.19165227680813,Epidemic intelligence subnational data
Slovenia,Jugovzhodna Slovenija,SI037,2020-32,6.87961364089793,Epidemic intelligence subnational data
Slovenia,Jugovzhodna Slovenija,SI037,2020-33,18.5749568304244,Epidemic intelligence subnational data
Slovenia,Jugovzhodna Slovenija,SI037,2020-34,37.1499136608488,Epidemic intelligence subnational data
Slovenia,Jugovzhodna Slovenija,SI037,2020-35,28.8943772917713,Epidemic intelligence subnational data
Slovenia,Jugovzhodna Slovenija,SI037,2020-36,23.390686379053,Epidemic intelligence subnational data
Slovenia,Jugovzhodna Slovenija,SI037,2020-37,30.2703000199509,Epidemic intelligence subnational data
Slovenia,Jugovzhodna Slovenija,SI037,2020-38,24.0786477431428,Epidemic intelligence subnational data
Slovenia,Jugovzhodna Slovenija,SI037,2020-39,26.8304931995019,Epidemic intelligence subnational data
Slovenia,Jugovzhodna Slovenija,SI037,2020-40,50.9091409426447,Epidemic intelligence subnational data
Slovenia,Jugovzhodna Slovenija,SI037,2020-41,152.039461463844,Epidemic intelligence subnational data
Slovenia,Jugovzhodna Slovenija,SI037,2020-42,504.275679877818,Epidemic intelligence subnational data
Slovenia,Jugovzhodna Slovenija,SI037,2020-43,900.541425593539,Epidemic intelligence subnational data
Slovenia,Jugovzhodna Slovenija,SI037,2020-44,835.185096005008,Epidemic intelligence subnational data
Slovenia,Jugovzhodna Slovenija,SI037,2020-45,710.664089104756,Epidemic intelligence subnational data
Slovenia,Jugovzhodna Slovenija,SI037,2020-46,867.519280117229,Epidemic intelligence subnational data
Slovenia,Jugovzhodna Slovenija,SI037,2020-47,903.293271049898,Epidemic intelligence subnational data
Slovenia,Jugovzhodna Slovenija,SI037,2020-48,1064.27623024691,Epidemic intelligence subnational data
Slovenia,Jugovzhodna Slovenija,SI037,2020-49,1287.86367357609,Epidemic intelligence subnational data
Slovenia,Jugovzhodna Slovenija,SI037,2020-50,1296.80717130926,Epidemic intelligence subnational data
Slovenia,Jugovzhodna Slovenija,SI037,2020-51,1364.22738499006,Epidemic intelligence subnational data
Slovenia,Jugovzhodna Slovenija,SI037,2020-52,1538.96957146887,Epidemic intelligence subnational data
Slovenia,Jugovzhodna Slovenija,SI037,2020-53,1624.276780616,Epidemic intelligence subnational data
Slovenia,Jugovzhodna Slovenija,SI037,2021-01,1560.98433511974,Epidemic intelligence subnational data
Slovenia,Jugovzhodna Slovenija,SI037,2021-02,1294.0553258529,Epidemic intelligence subnational data
Slovenia,Jugovzhodna Slovenija,SI037,2021-03,1031.2540847706,Epidemic intelligence subnational data
Slovenia,Jugovzhodna Slovenija,SI037,2021-04,978.969021099775,Epidemic intelligence subnational data
Slovenia,Jugovzhodna Slovenija,SI037,2021-05,795.2833368878,Epidemic intelligence subnational data
Slovenia,Jugovzhodna Slovenija,SI037,2021-06,633.612416326699,Epidemic intelligence subnational data
Slovenia,Jugovzhodna Slovenija,SI037,2021-07,559.312589005001,Epidemic intelligence subnational data
Slovenia,Jugovzhodna Slovenija,SI037,2021-08,413.464779817966,Epidemic intelligence subnational data
Slovenia,Jugovzhodna Slovenija,SI037,2021-09,392.137977531182,Epidemic intelligence subnational data
Slovenia,Jugovzhodna Slovenija,SI037,2021-10,425.160123007492,Epidemic intelligence subnational data
Slovenia,Jugovzhodna Slovenija,SI037,2021-11,434.103620740659,Epidemic intelligence subnational data
Slovenia,Jugovzhodna Slovenija,SI037,2021-12,537.297825354128,Epidemic intelligence subnational data
Slovenia,Jugovzhodna Slovenija,SI037,2021-13,634.988339054879,Epidemic intelligence subnational data
Slovenia,Jugovzhodna Slovenija,SI037,2021-14,679.017866356625,Epidemic intelligence subnational data
Slovenia,Jugovzhodna Slovenija,SI037,2021-15,627.420764049891,Epidemic intelligence subnational data
Slovenia,Jugovzhodna Slovenija,SI037,2021-16,553.808898092283,Epidemic intelligence subnational data
Slovenia,Jugovzhodna Slovenija,SI037,2021-17,516.658984431434,Epidemic intelligence subnational data
Slovenia,Jugovzhodna Slovenija,SI037,2021-18,410.712934361606,Epidemic intelligence subnational data
Slovenia,Jugovzhodna Slovenija,SI037,2021-19,332.28533885537,Epidemic intelligence subnational data
Slovenia,Jugovzhodna Slovenija,SI037,2021-20,264.86512517457,Epidemic intelligence subnational data
Slovenia,Jugovzhodna Slovenija,SI037,2021-21,182.997722847885,Epidemic intelligence subnational data
Slovenia,Jugovzhodna Slovenija,SI037,2021-22,125.896929628432,Epidemic intelligence subnational data
Slovenia,Jugovzhodna Slovenija,SI037,2021-23,83.9312864189547,Epidemic intelligence subnational data
Slovenia,Jugovzhodna Slovenija,SI037,2021-24,50.2211795785549,Epidemic intelligence subnational data
Slovenia,Jugovzhodna Slovenija,SI037,2021-25,30.9582613840407,Epidemic intelligence subnational data
Slovenia,Jugovzhodna Slovenija,SI037,2021-26,31.6462227481305,Epidemic intelligence subnational data
Slovenia,Jugovzhodna Slovenija,SI037,2021-27,129.336736448881,Epidemic intelligence subnational data
Slovenia,Jugovzhodna Slovenija,SI037,2021-28,149.975577371575,Epidemic intelligence subnational data
Slovenia,Jugovzhodna Slovenija,SI037,2021-29,76.363711413967,Epidemic intelligence subnational data
Slovenia,Jugovzhodna Slovenija,SI037,2021-30,79.1155568703262,Epidemic intelligence subnational data
Slovenia,Jugovzhodna Slovenija,SI037,2021-31,77.7396341421466,Epidemic intelligence subnational data
Slovenia,Jugovzhodna Slovenija,SI037,2021-32,97.6905137007506,Epidemic intelligence subnational data
Slovenia,Jugovzhodna Slovenija,SI037,2021-33,158.231113740652,Epidemic intelligence subnational data
Slovenia,Jugovzhodna Slovenija,SI037,2021-34,219.459675144644,Epidemic intelligence subnational data
Slovenia,Jugovzhodna Slovenija,SI037,2021-35,339.852913860358,Epidemic intelligence subnational data
Slovenia,Jugovzhodna Slovenija,SI037,2021-36,591.646773117222,Epidemic intelligence subnational data
Slovenia,Jugovzhodna Slovenija,SI037,2021-37,738.182543668348,Epidemic intelligence subnational data
Slovenia,Jugovzhodna Slovenija,SI037,2021-38,657.691064069842,Epidemic intelligence subnational data
Slovenia,Jugovzhodna Slovenija,SI037,2021-39,590.958811753132,Epidemic intelligence subnational data
Slovenia,Jugovzhodna Slovenija,SI037,2021-40,560.000550369091,Epidemic intelligence subnational data
Slovenia,Jugovzhodna Slovenija,SI037,2021-41,609.533768583556,Epidemic intelligence subnational data
Slovenia,Jugovzhodna Slovenija,SI037,2021-42,919.804343788053,Epidemic intelligence subnational data
Slovenia,Jugovzhodna Slovenija,SI037,2021-43,1315.38212813968,Epidemic intelligence subnational data
Slovenia,Jugovzhodna Slovenija,SI037,2021-44,1962.75377174818,Epidemic intelligence subnational data
Slovenia,Jugovzhodna Slovenija,SI037,2021-45,2504.86732665094,Epidemic intelligence subnational data
Slovenia,Jugovzhodna Slovenija,SI037,2021-46,2553.02462213722,Epidemic intelligence subnational data
Slovenia,Jugovzhodna Slovenija,SI037,2021-47,2298.478917424,Epidemic intelligence subnational data
Slovenia,Jugovzhodna Slovenija,SI037,2021-48,1858.87160577062,Epidemic intelligence subnational data
Slovenia,Jugovzhodna Slovenija,SI037,2021-49,1498.37985098757,Epidemic intelligence subnational data
Slovenia,Jugovzhodna Slovenija,SI037,2021-50,1200.49258033669,Epidemic intelligence subnational data
Slovenia,Jugovzhodna Slovenija,SI037,2021-51,1022.31058703743,Epidemic intelligence subnational data
Slovenia,Jugovzhodna Slovenija,SI037,2021-52,1115.18537118955,Epidemic intelligence subnational data
Slovenia,Jugovzhodna Slovenija,SI037,2022-01,2012.28698996264,Epidemic intelligence subnational data
Slovenia,Jugovzhodna Slovenija,SI037,2022-02,3481.08450229435,Epidemic intelligence subnational data
Slovenia,Jugovzhodna Slovenija,SI037,2022-03,5769.93196062109,Epidemic intelligence subnational data
Slovenia,Jugovzhodna Slovenija,SI037,2022-04,8827.23226263613,Epidemic intelligence subnational data
Slovenia,Primorsko-Notranjska,SI038,2020-16,,Epidemic intelligence subnational data
Slovenia,Primorsko-Notranjska,SI038,2020-17,0,Epidemic intelligence subnational data
Slovenia,Primorsko-Notranjska,SI038,2020-18,0,Epidemic intelligence subnational data
Slovenia,Primorsko-Notranjska,SI038,2020-19,0,Epidemic intelligence subnational data
Slovenia,Primorsko-Notranjska,SI038,2020-20,0,Epidemic intelligence subnational data
Slovenia,Primorsko-Notranjska,SI038,2020-21,0,Epidemic intelligence subnational data
Slovenia,Primorsko-Notranjska,SI038,2020-22,0,Epidemic intelligence subnational data
Slovenia,Primorsko-Notranjska,SI038,2020-23,0,Epidemic intelligence subnational data
Slovenia,Primorsko-Notranjska,SI038,2020-24,1.89246986241744,Epidemic intelligence subnational data
Slovenia,Primorsko-Notranjska,SI038,2020-25,9.46234931208721,Epidemic intelligence subnational data
Slovenia,Primorsko-Notranjska,SI038,2020-26,15.1397588993395,Epidemic intelligence subnational data
Slovenia,Primorsko-Notranjska,SI038,2020-27,37.8493972483488,Epidemic intelligence subnational data
Slovenia,Primorsko-Notranjska,SI038,2020-28,43.5268068356011,Epidemic intelligence subnational data
Slovenia,Primorsko-Notranjska,SI038,2020-29,20.8171684865919,Epidemic intelligence subnational data
Slovenia,Primorsko-Notranjska,SI038,2020-30,26.4945780738442,Epidemic intelligence subnational data
Slovenia,Primorsko-Notranjska,SI038,2020-31,30.2795177986791,Epidemic intelligence subnational data
Slovenia,Primorsko-Notranjska,SI038,2020-32,17.032228761757,Epidemic intelligence subnational data
Slovenia,Primorsko-Notranjska,SI038,2020-33,9.46234931208721,Epidemic intelligence subnational data
Slovenia,Primorsko-Notranjska,SI038,2020-34,11.3548191745047,Epidemic intelligence subnational data
Slovenia,Primorsko-Notranjska,SI038,2020-35,15.1397588993395,Epidemic intelligence subnational data
Slovenia,Primorsko-Notranjska,SI038,2020-36,11.3548191745047,Epidemic intelligence subnational data
Slovenia,Primorsko-Notranjska,SI038,2020-37,75.6987944966977,Epidemic intelligence subnational data
Slovenia,Primorsko-Notranjska,SI038,2020-38,170.32228761757,Epidemic intelligence subnational data
Slovenia,Primorsko-Notranjska,SI038,2020-39,132.472890369221,Epidemic intelligence subnational data
Slovenia,Primorsko-Notranjska,SI038,2020-40,41.6343369731837,Epidemic intelligence subnational data
Slovenia,Primorsko-Notranjska,SI038,2020-41,87.0536136712023,Epidemic intelligence subnational data
Slovenia,Primorsko-Notranjska,SI038,2020-42,246.021082114267,Epidemic intelligence subnational data
Slovenia,Primorsko-Notranjska,SI038,2020-43,514.751802577544,Epidemic intelligence subnational data
Slovenia,Primorsko-Notranjska,SI038,2020-44,599.912946386329,Epidemic intelligence subnational data
Slovenia,Primorsko-Notranjska,SI038,2020-45,512.859332715127,Epidemic intelligence subnational data
Slovenia,Primorsko-Notranjska,SI038,2020-46,673.719271020609,Epidemic intelligence subnational data
Slovenia,Primorsko-Notranjska,SI038,2020-47,719.138547718628,Epidemic intelligence subnational data
Slovenia,Primorsko-Notranjska,SI038,2020-48,902.708124373119,Epidemic intelligence subnational data
Slovenia,Primorsko-Notranjska,SI038,2020-49,1203.61083249749,Epidemic intelligence subnational data
Slovenia,Primorsko-Notranjska,SI038,2020-50,984.084328457069,Epidemic intelligence subnational data
Slovenia,Primorsko-Notranjska,SI038,2020-51,770.235234003899,Epidemic intelligence subnational data
Slovenia,Primorsko-Notranjska,SI038,2020-52,868.643666849606,Epidemic intelligence subnational data
Slovenia,Primorsko-Notranjska,SI038,2020-53,828.901799738839,Epidemic intelligence subnational data
Slovenia,Primorsko-Notranjska,SI038,2021-01,868.643666849606,Epidemic intelligence subnational data
Slovenia,Primorsko-Notranjska,SI038,2021-02,900.815654510702,Epidemic intelligence subnational data
Slovenia,Primorsko-Notranjska,SI038,2021-03,796.729812077743,Epidemic intelligence subnational data
Slovenia,Primorsko-Notranjska,SI038,2021-04,794.837342215325,Epidemic intelligence subnational data
Slovenia,Primorsko-Notranjska,SI038,2021-05,770.235234003899,Epidemic intelligence subnational data
Slovenia,Primorsko-Notranjska,SI038,2021-06,755.095475104559,Epidemic intelligence subnational data
Slovenia,Primorsko-Notranjska,SI038,2021-07,671.826801158192,Epidemic intelligence subnational data
Slovenia,Primorsko-Notranjska,SI038,2021-08,531.784031339301,Epidemic intelligence subnational data
Slovenia,Primorsko-Notranjska,SI038,2021-09,480.68734505403,Epidemic intelligence subnational data
Slovenia,Primorsko-Notranjska,SI038,2021-10,439.053008080846,Epidemic intelligence subnational data
Slovenia,Primorsko-Notranjska,SI038,2021-11,416.343369731837,Epidemic intelligence subnational data
Slovenia,Primorsko-Notranjska,SI038,2021-12,552.601199825893,Epidemic intelligence subnational data
Slovenia,Primorsko-Notranjska,SI038,2021-13,599.912946386329,Epidemic intelligence subnational data
Slovenia,Primorsko-Notranjska,SI038,2021-14,770.235234003899,Epidemic intelligence subnational data
Slovenia,Primorsko-Notranjska,SI038,2021-15,874.321076436858,Epidemic intelligence subnational data
Slovenia,Primorsko-Notranjska,SI038,2021-16,694.536439507201,Epidemic intelligence subnational data
Slovenia,Primorsko-Notranjska,SI038,2021-17,654.794572396435,Epidemic intelligence subnational data
Slovenia,Primorsko-Notranjska,SI038,2021-18,616.945175148086,Epidemic intelligence subnational data
Slovenia,Primorsko-Notranjska,SI038,2021-19,497.719573815787,Epidemic intelligence subnational data
Slovenia,Primorsko-Notranjska,SI038,2021-20,403.096080694915,Epidemic intelligence subnational data
Slovenia,Primorsko-Notranjska,SI038,2021-21,319.827406748548,Epidemic intelligence subnational data
Slovenia,Primorsko-Notranjska,SI038,2021-22,230.881323214928,Epidemic intelligence subnational data
Slovenia,Primorsko-Notranjska,SI038,2021-23,140.042769818891,Epidemic intelligence subnational data
Slovenia,Primorsko-Notranjska,SI038,2021-24,88.9460835336197,Epidemic intelligence subnational data
Slovenia,Primorsko-Notranjska,SI038,2021-25,52.9891561476884,Epidemic intelligence subnational data
Slovenia,Primorsko-Notranjska,SI038,2021-26,11.3548191745047,Epidemic intelligence subnational data
Slovenia,Primorsko-Notranjska,SI038,2021-27,9.46234931208721,Epidemic intelligence subnational data
Slovenia,Primorsko-Notranjska,SI038,2021-28,18.9246986241744,Epidemic intelligence subnational data
Slovenia,Primorsko-Notranjska,SI038,2021-29,26.4945780738442,Epidemic intelligence subnational data
Slovenia,Primorsko-Notranjska,SI038,2021-30,47.311746560436,Epidemic intelligence subnational data
Slovenia,Primorsko-Notranjska,SI038,2021-31,58.6665657349407,Epidemic intelligence subnational data
Slovenia,Primorsko-Notranjska,SI038,2021-32,92.7310232584546,Epidemic intelligence subnational data
Slovenia,Primorsko-Notranjska,SI038,2021-33,164.644878030317,Epidemic intelligence subnational data
Slovenia,Primorsko-Notranjska,SI038,2021-34,242.236142389432,Epidemic intelligence subnational data
Slovenia,Primorsko-Notranjska,SI038,2021-35,463.655116292273,Epidemic intelligence subnational data
Slovenia,Primorsko-Notranjska,SI038,2021-36,775.912643591151,Epidemic intelligence subnational data
Slovenia,Primorsko-Notranjska,SI038,2021-37,762.665354554229,Epidemic intelligence subnational data
Slovenia,Primorsko-Notranjska,SI038,2021-38,495.82710395337,Epidemic intelligence subnational data
Slovenia,Primorsko-Notranjska,SI038,2021-39,414.45089986942,Epidemic intelligence subnational data
Slovenia,Primorsko-Notranjska,SI038,2021-40,505.289453265457,Epidemic intelligence subnational data
Slovenia,Primorsko-Notranjska,SI038,2021-41,635.86987377226,Epidemic intelligence subnational data
Slovenia,Primorsko-Notranjska,SI038,2021-42,879.99848602411,Epidemic intelligence subnational data
Slovenia,Primorsko-Notranjska,SI038,2021-43,1368.25571052781,Epidemic intelligence subnational data
Slovenia,Primorsko-Notranjska,SI038,2021-44,2498.06021839102,Epidemic intelligence subnational data
Slovenia,Primorsko-Notranjska,SI038,2021-45,2638.10298820991,Epidemic intelligence subnational data
Slovenia,Primorsko-Notranjska,SI038,2021-46,2189.58763081698,Epidemic intelligence subnational data
Slovenia,Primorsko-Notranjska,SI038,2021-47,1954.92136787722,Epidemic intelligence subnational data
Slovenia,Primorsko-Notranjska,SI038,2021-48,1252.81504892035,Epidemic intelligence subnational data
Slovenia,Primorsko-Notranjska,SI038,2021-49,938.665051759051,Epidemic intelligence subnational data
Slovenia,Primorsko-Notranjska,SI038,2021-50,760.772884691811,Epidemic intelligence subnational data
Slovenia,Primorsko-Notranjska,SI038,2021-51,635.86987377226,Epidemic intelligence subnational data
Slovenia,Primorsko-Notranjska,SI038,2021-52,895.13824492345,Epidemic intelligence subnational data
Slovenia,Primorsko-Notranjska,SI038,2022-01,1814.87859805833,Epidemic intelligence subnational data
Slovenia,Primorsko-Notranjska,SI038,2022-02,3141.49997161295,Epidemic intelligence subnational data
Slovenia,Primorsko-Notranjska,SI038,2022-03,6158.09693230635,Epidemic intelligence subnational data
Slovenia,Primorsko-Notranjska,SI038,2022-04,9657.2737079162,Epidemic intelligence subnational data
Slovenia,Osrednjeslovenska,SI041,2020-16,,Epidemic intelligence subnational data
Slovenia,Osrednjeslovenska,SI041,2020-17,4.68237302664991,Epidemic intelligence subnational data
Slovenia,Osrednjeslovenska,SI041,2020-18,3.24164286460378,Epidemic intelligence subnational data
Slovenia,Osrednjeslovenska,SI041,2020-19,1.26063889179036,Epidemic intelligence subnational data
Slovenia,Osrednjeslovenska,SI041,2020-20,1.08054762153459,Epidemic intelligence subnational data
Slovenia,Osrednjeslovenska,SI041,2020-21,0.540273810767297,Epidemic intelligence subnational data
Slovenia,Osrednjeslovenska,SI041,2020-22,0.720365081023063,Epidemic intelligence subnational data
Slovenia,Osrednjeslovenska,SI041,2020-23,0.900456351278828,Epidemic intelligence subnational data
Slovenia,Osrednjeslovenska,SI041,2020-24,0.540273810767297,Epidemic intelligence subnational data
Slovenia,Osrednjeslovenska,SI041,2020-25,2.16109524306919,Epidemic intelligence subnational data
Slovenia,Osrednjeslovenska,SI041,2020-26,6.66337699946333,Epidemic intelligence subnational data
Slovenia,Osrednjeslovenska,SI041,2020-27,10.0851111343229,Epidemic intelligence subnational data
Slovenia,Osrednjeslovenska,SI041,2020-28,8.82447224253252,Epidemic intelligence subnational data
Slovenia,Osrednjeslovenska,SI041,2020-29,7.38374208048639,Epidemic intelligence subnational data
Slovenia,Osrednjeslovenska,SI041,2020-30,9.72492859381134,Epidemic intelligence subnational data
Slovenia,Osrednjeslovenska,SI041,2020-31,9.54483732355558,Epidemic intelligence subnational data
Slovenia,Osrednjeslovenska,SI041,2020-32,9.18465478304405,Epidemic intelligence subnational data
Slovenia,Osrednjeslovenska,SI041,2020-33,20.7104960794131,Epidemic intelligence subnational data
Slovenia,Osrednjeslovenska,SI041,2020-34,29.3548770516898,Epidemic intelligence subnational data
Slovenia,Osrednjeslovenska,SI041,2020-35,24.8525952952957,Epidemic intelligence subnational data
Slovenia,Osrednjeslovenska,SI041,2020-36,28.0942381598994,Epidemic intelligence subnational data
Slovenia,Osrednjeslovenska,SI041,2020-37,56.3685675900546,Epidemic intelligence subnational data
Slovenia,Osrednjeslovenska,SI041,2020-38,79.7804327233042,Epidemic intelligence subnational data
Slovenia,Osrednjeslovenska,SI041,2020-39,106.253849450902,Epidemic intelligence subnational data
Slovenia,Osrednjeslovenska,SI041,2020-40,123.902793935967,Epidemic intelligence subnational data
Slovenia,Osrednjeslovenska,SI041,2020-41,215.028976685384,Epidemic intelligence subnational data
Slovenia,Osrednjeslovenska,SI041,2020-42,524.42577898479,Epidemic intelligence subnational data
Slovenia,Osrednjeslovenska,SI041,2020-43,1007.97083962152,Epidemic intelligence subnational data
Slovenia,Osrednjeslovenska,SI041,2020-44,1143.93974866462,Epidemic intelligence subnational data
Slovenia,Osrednjeslovenska,SI041,2020-45,944.398621221235,Epidemic intelligence subnational data
Slovenia,Osrednjeslovenska,SI041,2020-46,861.736728173839,Epidemic intelligence subnational data
Slovenia,Osrednjeslovenska,SI041,2020-47,718.744259590761,Epidemic intelligence subnational data
Slovenia,Osrednjeslovenska,SI041,2020-48,702.355953997486,Epidemic intelligence subnational data
Slovenia,Osrednjeslovenska,SI041,2020-49,774.752644640304,Epidemic intelligence subnational data
Slovenia,Osrednjeslovenska,SI041,2020-50,775.112827180815,Epidemic intelligence subnational data
Slovenia,Osrednjeslovenska,SI041,2020-51,625.817164138786,Epidemic intelligence subnational data
Slovenia,Osrednjeslovenska,SI041,2020-52,646.347568947943,Epidemic intelligence subnational data
Slovenia,Osrednjeslovenska,SI041,2020-53,841.926688445704,Epidemic intelligence subnational data
Slovenia,Osrednjeslovenska,SI041,2021-01,923.688125141822,Epidemic intelligence subnational data
Slovenia,Osrednjeslovenska,SI041,2021-02,921.527029898753,Epidemic intelligence subnational data
Slovenia,Osrednjeslovenska,SI041,2021-03,757.46388269575,Epidemic intelligence subnational data
Slovenia,Osrednjeslovenska,SI041,2021-04,730.450192157385,Epidemic intelligence subnational data
Slovenia,Osrednjeslovenska,SI041,2021-05,660.574779298148,Epidemic intelligence subnational data
Slovenia,Osrednjeslovenska,SI041,2021-06,572.330056872823,Epidemic intelligence subnational data
Slovenia,Osrednjeslovenska,SI041,2021-07,574.130969575381,Epidemic intelligence subnational data
Slovenia,Osrednjeslovenska,SI041,2021-08,528.027604389905,Epidemic intelligence subnational data
Slovenia,Osrednjeslovenska,SI041,2021-09,509.118021013049,Epidemic intelligence subnational data
Slovenia,Osrednjeslovenska,SI041,2021-10,482.28442174494,Epidemic intelligence subnational data
Slovenia,Osrednjeslovenska,SI041,2021-11,494.170445581821,Epidemic intelligence subnational data
Slovenia,Osrednjeslovenska,SI041,2021-12,597.722925978886,Epidemic intelligence subnational data
Slovenia,Osrednjeslovenska,SI041,2021-13,658.773866595591,Epidemic intelligence subnational data
Slovenia,Osrednjeslovenska,SI041,2021-14,666.697882486844,Epidemic intelligence subnational data
Slovenia,Osrednjeslovenska,SI041,2021-15,573.590695764614,Epidemic intelligence subnational data
Slovenia,Osrednjeslovenska,SI041,2021-16,460.493378043993,Epidemic intelligence subnational data
Slovenia,Osrednjeslovenska,SI041,2021-17,446.626350234299,Epidemic intelligence subnational data
Slovenia,Osrednjeslovenska,SI041,2021-18,417.091381912353,Epidemic intelligence subnational data
Slovenia,Osrednjeslovenska,SI041,2021-19,355.320076214626,Epidemic intelligence subnational data
Slovenia,Osrednjeslovenska,SI041,2021-20,282.383111761041,Epidemic intelligence subnational data
Slovenia,Osrednjeslovenska,SI041,2021-21,248.886135493468,Epidemic intelligence subnational data
Slovenia,Osrednjeslovenska,SI041,2021-22,225.83445290073,Epidemic intelligence subnational data
Slovenia,Osrednjeslovenska,SI041,2021-23,156.139131311749,Epidemic intelligence subnational data
Slovenia,Osrednjeslovenska,SI041,2021-24,84.1026232094425,Epidemic intelligence subnational data
Slovenia,Osrednjeslovenska,SI041,2021-25,36.1983453214089,Epidemic intelligence subnational data
Slovenia,Osrednjeslovenska,SI041,2021-26,19.6299484578785,Epidemic intelligence subnational data
Slovenia,Osrednjeslovenska,SI041,2021-27,22.1512262414592,Epidemic intelligence subnational data
Slovenia,Osrednjeslovenska,SI041,2021-28,31.8761548352705,Epidemic intelligence subnational data
Slovenia,Osrednjeslovenska,SI041,2021-29,48.444551698801,Epidemic intelligence subnational data
Slovenia,Osrednjeslovenska,SI041,2021-30,70.9559604807717,Epidemic intelligence subnational data
Slovenia,Osrednjeslovenska,SI041,2021-31,89.5053613171155,Epidemic intelligence subnational data
Slovenia,Osrednjeslovenska,SI041,2021-32,120.661151071363,Epidemic intelligence subnational data
Slovenia,Osrednjeslovenska,SI041,2021-33,179.91117898551,Epidemic intelligence subnational data
Slovenia,Osrednjeslovenska,SI041,2021-34,260.411976789837,Epidemic intelligence subnational data
Slovenia,Osrednjeslovenska,SI041,2021-35,358.201536538718,Epidemic intelligence subnational data
Slovenia,Osrednjeslovenska,SI041,2021-36,501.914370202819,Epidemic intelligence subnational data
Slovenia,Osrednjeslovenska,SI041,2021-37,638.243461786433,Epidemic intelligence subnational data
Slovenia,Osrednjeslovenska,SI041,2021-38,609.789041086022,Epidemic intelligence subnational data
Slovenia,Osrednjeslovenska,SI041,2021-39,539.013171875507,Epidemic intelligence subnational data
Slovenia,Osrednjeslovenska,SI041,2021-40,530.728973443741,Epidemic intelligence subnational data
Slovenia,Osrednjeslovenska,SI041,2021-41,624.37643397674,Epidemic intelligence subnational data
Slovenia,Osrednjeslovenska,SI041,2021-42,968.710942705763,Epidemic intelligence subnational data
Slovenia,Osrednjeslovenska,SI041,2021-43,1362.03027694435,Epidemic intelligence subnational data
Slovenia,Osrednjeslovenska,SI041,2021-44,1760.39216675011,Epidemic intelligence subnational data
Slovenia,Osrednjeslovenska,SI041,2021-45,2085.09672702126,Epidemic intelligence subnational data
Slovenia,Osrednjeslovenska,SI041,2021-46,2093.20083418276,Epidemic intelligence subnational data
Slovenia,Osrednjeslovenska,SI041,2021-47,1665.48406732532,Epidemic intelligence subnational data
Slovenia,Osrednjeslovenska,SI041,2021-48,1169.33261777069,Epidemic intelligence subnational data
Slovenia,Osrednjeslovenska,SI041,2021-49,913.963196548011,Epidemic intelligence subnational data
Slovenia,Osrednjeslovenska,SI041,2021-50,788.799763720253,Epidemic intelligence subnational data
Slovenia,Osrednjeslovenska,SI041,2021-51,759.624977938819,Epidemic intelligence subnational data
Slovenia,Osrednjeslovenska,SI041,2021-52,1014.09394281022,Epidemic intelligence subnational data
Slovenia,Osrednjeslovenska,SI041,2022-01,2310.93117992198,Epidemic intelligence subnational data
Slovenia,Osrednjeslovenska,SI041,2022-02,4582.2422803877,Epidemic intelligence subnational data
Slovenia,Osrednjeslovenska,SI041,2022-03,6679.58521378635,Epidemic intelligence subnational data
Slovenia,Osrednjeslovenska,SI041,2022-04,8054.58206218912,Epidemic intelligence subnational data
Slovenia,Gorenjska,SI042,2020-16,,Epidemic intelligence subnational data
Slovenia,Gorenjska,SI042,2020-17,4.35580120123317,Epidemic intelligence subnational data
Slovenia,Gorenjska,SI042,2020-18,3.87182328998505,Epidemic intelligence subnational data
Slovenia,Gorenjska,SI042,2020-19,0.967955822496261,Epidemic intelligence subnational data
Slovenia,Gorenjska,SI042,2020-20,0.967955822496261,Epidemic intelligence subnational data
Slovenia,Gorenjska,SI042,2020-21,0,Epidemic intelligence subnational data
Slovenia,Gorenjska,SI042,2020-22,0,Epidemic intelligence subnational data
Slovenia,Gorenjska,SI042,2020-23,3.38784537873691,Epidemic intelligence subnational data
Slovenia,Gorenjska,SI042,2020-24,4.83977911248131,Epidemic intelligence subnational data
Slovenia,Gorenjska,SI042,2020-25,2.41988955624065,Epidemic intelligence subnational data
Slovenia,Gorenjska,SI042,2020-26,4.35580120123317,Epidemic intelligence subnational data
Slovenia,Gorenjska,SI042,2020-27,4.35580120123317,Epidemic intelligence subnational data
Slovenia,Gorenjska,SI042,2020-28,4.83977911248131,Epidemic intelligence subnational data
Slovenia,Gorenjska,SI042,2020-29,10.1635361362107,Epidemic intelligence subnational data
Slovenia,Gorenjska,SI042,2020-30,13.0674036036995,Epidemic intelligence subnational data
Slovenia,Gorenjska,SI042,2020-31,11.131491958707,Epidemic intelligence subnational data
Slovenia,Gorenjska,SI042,2020-32,6.77569075747383,Epidemic intelligence subnational data
Slovenia,Gorenjska,SI042,2020-33,10.6475140474589,Epidemic intelligence subnational data
Slovenia,Gorenjska,SI042,2020-34,12.5834256924514,Epidemic intelligence subnational data
Slovenia,Gorenjska,SI042,2020-35,10.1635361362107,Epidemic intelligence subnational data
Slovenia,Gorenjska,SI042,2020-36,17.9071827161808,Epidemic intelligence subnational data
Slovenia,Gorenjska,SI042,2020-37,38.7182328998505,Epidemic intelligence subnational data
Slovenia,Gorenjska,SI042,2020-38,47.9138132135649,Epidemic intelligence subnational data
Slovenia,Gorenjska,SI042,2020-39,83.2442007346785,Epidemic intelligence subnational data
Slovenia,Gorenjska,SI042,2020-40,132.12596977074,Epidemic intelligence subnational data
Slovenia,Gorenjska,SI042,2020-41,247.796690559043,Epidemic intelligence subnational data
Slovenia,Gorenjska,SI042,2020-42,782.592282488227,Epidemic intelligence subnational data
Slovenia,Gorenjska,SI042,2020-43,1698.76246848094,Epidemic intelligence subnational data
Slovenia,Gorenjska,SI042,2020-44,1858.95915710407,Epidemic intelligence subnational data
Slovenia,Gorenjska,SI042,2020-45,1373.5293121222,Epidemic intelligence subnational data
Slovenia,Gorenjska,SI042,2020-46,1211.39671185407,Epidemic intelligence subnational data
Slovenia,Gorenjska,SI042,2020-47,1002.80223210613,Epidemic intelligence subnational data
Slovenia,Gorenjska,SI042,2020-48,843.573499305492,Epidemic intelligence subnational data
Slovenia,Gorenjska,SI042,2020-49,842.121565571747,Epidemic intelligence subnational data
Slovenia,Gorenjska,SI042,2020-50,737.098358830903,Epidemic intelligence subnational data
Slovenia,Gorenjska,SI042,2020-51,685.312722327353,Epidemic intelligence subnational data
Slovenia,Gorenjska,SI042,2020-52,732.258579718422,Epidemic intelligence subnational data
Slovenia,Gorenjska,SI042,2020-53,812.114935074363,Epidemic intelligence subnational data
Slovenia,Gorenjska,SI042,2021-01,946.176816490095,Epidemic intelligence subnational data
Slovenia,Gorenjska,SI042,2021-02,941.337037377614,Epidemic intelligence subnational data
Slovenia,Gorenjska,SI042,2021-03,808.727089695626,Epidemic intelligence subnational data
Slovenia,Gorenjska,SI042,2021-04,845.993388861732,Epidemic intelligence subnational data
Slovenia,Gorenjska,SI042,2021-05,721.611065670963,Epidemic intelligence subnational data
Slovenia,Gorenjska,SI042,2021-06,564.31824451532,Epidemic intelligence subnational data
Slovenia,Gorenjska,SI042,2021-07,611.264101906389,Epidemic intelligence subnational data
Slovenia,Gorenjska,SI042,2021-08,589.001117988975,Epidemic intelligence subnational data
Slovenia,Gorenjska,SI042,2021-09,593.356919190208,Epidemic intelligence subnational data
Slovenia,Gorenjska,SI042,2021-10,583.193383053997,Epidemic intelligence subnational data
Slovenia,Gorenjska,SI042,2021-11,533.34365819544,Epidemic intelligence subnational data
Slovenia,Gorenjska,SI042,2021-12,539.151393130418,Epidemic intelligence subnational data
Slovenia,Gorenjska,SI042,2021-13,543.507194331651,Epidemic intelligence subnational data
Slovenia,Gorenjska,SI042,2021-14,593.840897101456,Epidemic intelligence subnational data
Slovenia,Gorenjska,SI042,2021-15,576.901670207772,Epidemic intelligence subnational data
Slovenia,Gorenjska,SI042,2021-16,479.138132135649,Epidemic intelligence subnational data
Slovenia,Gorenjska,SI042,2021-17,480.106087958146,Epidemic intelligence subnational data
Slovenia,Gorenjska,SI042,2021-18,473.330397200672,Epidemic intelligence subnational data
Slovenia,Gorenjska,SI042,2021-19,389.602218554745,Epidemic intelligence subnational data
Slovenia,Gorenjska,SI042,2021-20,266.187851186472,Epidemic intelligence subnational data
Slovenia,Gorenjska,SI042,2021-21,186.815473741778,Epidemic intelligence subnational data
Slovenia,Gorenjska,SI042,2021-22,166.972379380605,Epidemic intelligence subnational data
Slovenia,Gorenjska,SI042,2021-23,129.222102303251,Epidemic intelligence subnational data
Slovenia,Gorenjska,SI042,2021-24,73.5646425097159,Epidemic intelligence subnational data
Slovenia,Gorenjska,SI042,2021-25,33.394475876121,Epidemic intelligence subnational data
Slovenia,Gorenjska,SI042,2021-26,20.8110501836696,Epidemic intelligence subnational data
Slovenia,Gorenjska,SI042,2021-27,60.4972389060163,Epidemic intelligence subnational data
Slovenia,Gorenjska,SI042,2021-28,60.4972389060163,Epidemic intelligence subnational data
Slovenia,Gorenjska,SI042,2021-29,42.5900561898355,Epidemic intelligence subnational data
Slovenia,Gorenjska,SI042,2021-30,73.5646425097159,Epidemic intelligence subnational data
Slovenia,Gorenjska,SI042,2021-31,83.7281786459266,Epidemic intelligence subnational data
Slovenia,Gorenjska,SI042,2021-32,107.927074208333,Epidemic intelligence subnational data
Slovenia,Gorenjska,SI042,2021-33,165.036467735613,Epidemic intelligence subnational data
Slovenia,Gorenjska,SI042,2021-34,255.540337139013,Epidemic intelligence subnational data
Slovenia,Gorenjska,SI042,2021-35,360.079565968609,Epidemic intelligence subnational data
Slovenia,Gorenjska,SI042,2021-36,525.116033704222,Epidemic intelligence subnational data
Slovenia,Gorenjska,SI042,2021-37,686.280678149849,Epidemic intelligence subnational data
Slovenia,Gorenjska,SI042,2021-38,602.068521592675,Epidemic intelligence subnational data
Slovenia,Gorenjska,SI042,2021-39,499.949182319319,Epidemic intelligence subnational data
Slovenia,Gorenjska,SI042,2021-40,478.654154224401,Epidemic intelligence subnational data
Slovenia,Gorenjska,SI042,2021-41,525.116033704222,Epidemic intelligence subnational data
Slovenia,Gorenjska,SI042,2021-42,866.320461134154,Epidemic intelligence subnational data
Slovenia,Gorenjska,SI042,2021-43,1173.64643477672,Epidemic intelligence subnational data
Slovenia,Gorenjska,SI042,2021-44,1585.02765933763,Epidemic intelligence subnational data
Slovenia,Gorenjska,SI042,2021-45,2021.09175737219,Epidemic intelligence subnational data
Slovenia,Gorenjska,SI042,2021-46,2079.16910672197,Epidemic intelligence subnational data
Slovenia,Gorenjska,SI042,2021-47,1823.14479167171,Epidemic intelligence subnational data
Slovenia,Gorenjska,SI042,2021-48,1312.54809530493,Epidemic intelligence subnational data
Slovenia,Gorenjska,SI042,2021-49,939.401125732622,Epidemic intelligence subnational data
Slovenia,Gorenjska,SI042,2021-50,832.442007346785,Epidemic intelligence subnational data
Slovenia,Gorenjska,SI042,2021-51,770.492834707024,Epidemic intelligence subnational data
Slovenia,Gorenjska,SI042,2021-52,928.753611685163,Epidemic intelligence subnational data
Slovenia,Gorenjska,SI042,2022-01,2085.94479747944,Epidemic intelligence subnational data
Slovenia,Gorenjska,SI042,2022-02,4223.19125355119,Epidemic intelligence subnational data
Slovenia,Gorenjska,SI042,2022-03,7001.22446411546,Epidemic intelligence subnational data
Slovenia,Gorenjska,SI042,2022-04,9094.91290817487,Epidemic intelligence subnational data
Slovenia,Goriska,SI043,2020-16,,Epidemic intelligence subnational data
Slovenia,Goriska,SI043,2020-17,0.847163273777755,Epidemic intelligence subnational data
Slovenia,Goriska,SI043,2020-18,0.847163273777755,Epidemic intelligence subnational data
Slovenia,Goriska,SI043,2020-19,0,Epidemic intelligence subnational data
Slovenia,Goriska,SI043,2020-20,0.847163273777755,Epidemic intelligence subnational data
Slovenia,Goriska,SI043,2020-21,0.847163273777755,Epidemic intelligence subnational data
Slovenia,Goriska,SI043,2020-22,0,Epidemic intelligence subnational data
Slovenia,Goriska,SI043,2020-23,0,Epidemic intelligence subnational data
Slovenia,Goriska,SI043,2020-24,2.54148982133327,Epidemic intelligence subnational data
Slovenia,Goriska,SI043,2020-25,2.54148982133327,Epidemic intelligence subnational data
Slovenia,Goriska,SI043,2020-26,2.54148982133327,Epidemic intelligence subnational data
Slovenia,Goriska,SI043,2020-27,21.1790818444439,Epidemic intelligence subnational data
Slovenia,Goriska,SI043,2020-28,25.4148982133327,Epidemic intelligence subnational data
Slovenia,Goriska,SI043,2020-29,11.8602858328886,Epidemic intelligence subnational data
Slovenia,Goriska,SI043,2020-30,8.47163273777755,Epidemic intelligence subnational data
Slovenia,Goriska,SI043,2020-31,4.23581636888878,Epidemic intelligence subnational data
Slovenia,Goriska,SI043,2020-32,3.38865309511102,Epidemic intelligence subnational data
Slovenia,Goriska,SI043,2020-33,7.6244694639998,Epidemic intelligence subnational data
Slovenia,Goriska,SI043,2020-34,10.1659592853331,Epidemic intelligence subnational data
Slovenia,Goriska,SI043,2020-35,6.77730619022204,Epidemic intelligence subnational data
Slovenia,Goriska,SI043,2020-36,3.38865309511102,Epidemic intelligence subnational data
Slovenia,Goriska,SI043,2020-37,15.2489389279996,Epidemic intelligence subnational data
Slovenia,Goriska,SI043,2020-38,22.0262451182216,Epidemic intelligence subnational data
Slovenia,Goriska,SI043,2020-39,31.3450411297769,Epidemic intelligence subnational data
Slovenia,Goriska,SI043,2020-40,48.2883066053321,Epidemic intelligence subnational data
Slovenia,Goriska,SI043,2020-41,94.8822866631086,Epidemic intelligence subnational data
Slovenia,Goriska,SI043,2020-42,249.06600249066,Epidemic intelligence subnational data
Slovenia,Goriska,SI043,2020-43,497.284841707542,Epidemic intelligence subnational data
Slovenia,Goriska,SI043,2020-44,591.319965096873,Epidemic intelligence subnational data
Slovenia,Goriska,SI043,2020-45,591.319965096873,Epidemic intelligence subnational data
Slovenia,Goriska,SI043,2020-46,676.036292474649,Epidemic intelligence subnational data
Slovenia,Goriska,SI043,2020-47,654.857210630205,Epidemic intelligence subnational data
Slovenia,Goriska,SI043,2020-48,616.734863310206,Epidemic intelligence subnational data
Slovenia,Goriska,SI043,2020-49,714.158639794648,Epidemic intelligence subnational data
Slovenia,Goriska,SI043,2020-50,681.966435391093,Epidemic intelligence subnational data
Slovenia,Goriska,SI043,2020-51,573.52953634754,Epidemic intelligence subnational data
Slovenia,Goriska,SI043,2020-52,620.123516405317,Epidemic intelligence subnational data
Slovenia,Goriska,SI043,2020-53,814.971069374201,Epidemic intelligence subnational data
Slovenia,Goriska,SI043,2021-01,1234.31688989419,Epidemic intelligence subnational data
Slovenia,Goriska,SI043,2021-02,1301.24278852263,Epidemic intelligence subnational data
Slovenia,Goriska,SI043,2021-03,1147.05907269508,Epidemic intelligence subnational data
Slovenia,Goriska,SI043,2021-04,1064.03707186486,Epidemic intelligence subnational data
Slovenia,Goriska,SI043,2021-05,763.294109673758,Epidemic intelligence subnational data
Slovenia,Goriska,SI043,2021-06,556.586270871985,Epidemic intelligence subnational data
Slovenia,Goriska,SI043,2021-07,444.760718733322,Epidemic intelligence subnational data
Slovenia,Goriska,SI043,2021-08,414.262840877322,Epidemic intelligence subnational data
Slovenia,Goriska,SI043,2021-09,484.577392600876,Epidemic intelligence subnational data
Slovenia,Goriska,SI043,2021-10,567.599393431096,Epidemic intelligence subnational data
Slovenia,Goriska,SI043,2021-11,641.302598249761,Epidemic intelligence subnational data
Slovenia,Goriska,SI043,2021-12,809.040926457756,Epidemic intelligence subnational data
Slovenia,Goriska,SI043,2021-13,899.687396751976,Epidemic intelligence subnational data
Slovenia,Goriska,SI043,2021-14,697.215374319093,Epidemic intelligence subnational data
Slovenia,Goriska,SI043,2021-15,494.743351886209,Epidemic intelligence subnational data
Slovenia,Goriska,SI043,2021-16,440.524902364433,Epidemic intelligence subnational data
Slovenia,Goriska,SI043,2021-17,434.594759447988,Epidemic intelligence subnational data
Slovenia,Goriska,SI043,2021-18,376.987656831101,Epidemic intelligence subnational data
Slovenia,Goriska,SI043,2021-19,303.284452012436,Epidemic intelligence subnational data
Slovenia,Goriska,SI043,2021-20,230.428410467549,Epidemic intelligence subnational data
Slovenia,Goriska,SI043,2021-21,133.004633983108,Epidemic intelligence subnational data
Slovenia,Goriska,SI043,2021-22,73.7032048186647,Epidemic intelligence subnational data
Slovenia,Goriska,SI043,2021-23,52.5241229742208,Epidemic intelligence subnational data
Slovenia,Goriska,SI043,2021-24,40.6638371413323,Epidemic intelligence subnational data
Slovenia,Goriska,SI043,2021-25,28.8035513084437,Epidemic intelligence subnational data
Slovenia,Goriska,SI043,2021-26,22.8734083919994,Epidemic intelligence subnational data
Slovenia,Goriska,SI043,2021-27,24.5677349395549,Epidemic intelligence subnational data
Slovenia,Goriska,SI043,2021-28,27.9563880346659,Epidemic intelligence subnational data
Slovenia,Goriska,SI043,2021-29,44.0524902364433,Epidemic intelligence subnational data
Slovenia,Goriska,SI043,2021-30,52.5241229742208,Epidemic intelligence subnational data
Slovenia,Goriska,SI043,2021-31,61.8429189857761,Epidemic intelligence subnational data
Slovenia,Goriska,SI043,2021-32,83.8691641039978,Epidemic intelligence subnational data
Slovenia,Goriska,SI043,2021-33,208.402165349328,Epidemic intelligence subnational data
Slovenia,Goriska,SI043,2021-34,387.153616116434,Epidemic intelligence subnational data
Slovenia,Goriska,SI043,2021-35,513.38094390932,Epidemic intelligence subnational data
Slovenia,Goriska,SI043,2021-36,710.769986699537,Epidemic intelligence subnational data
Slovenia,Goriska,SI043,2021-37,914.089172406198,Epidemic intelligence subnational data
Slovenia,Goriska,SI043,2021-38,855.634906515533,Epidemic intelligence subnational data
Slovenia,Goriska,SI043,2021-39,766.682762768868,Epidemic intelligence subnational data
Slovenia,Goriska,SI043,2021-40,691.285231402648,Epidemic intelligence subnational data
Slovenia,Goriska,SI043,2021-41,650.621394261316,Epidemic intelligence subnational data
Slovenia,Goriska,SI043,2021-42,1103.00658245864,Epidemic intelligence subnational data
Slovenia,Goriska,SI043,2021-43,1436.78891232707,Epidemic intelligence subnational data
Slovenia,Goriska,SI043,2021-44,1865.45352885862,Epidemic intelligence subnational data
Slovenia,Goriska,SI043,2021-45,2233.96955295194,Epidemic intelligence subnational data
Slovenia,Goriska,SI043,2021-46,1864.60636558484,Epidemic intelligence subnational data
Slovenia,Goriska,SI043,2021-47,1348.68393185419,Epidemic intelligence subnational data
Slovenia,Goriska,SI043,2021-48,1048.78813293686,Epidemic intelligence subnational data
Slovenia,Goriska,SI043,2021-49,1016.59592853331,Epidemic intelligence subnational data
Slovenia,Goriska,SI043,2021-50,931.032437881753,Epidemic intelligence subnational data
Slovenia,Goriska,SI043,2021-51,816.665395921756,Epidemic intelligence subnational data
Slovenia,Goriska,SI043,2021-52,1081.82750061419,Epidemic intelligence subnational data
Slovenia,Goriska,SI043,2022-01,2305.97843122305,Epidemic intelligence subnational data
Slovenia,Goriska,SI043,2022-02,4162.96032734389,Epidemic intelligence subnational data
Slovenia,Goriska,SI043,2022-03,6873.03564015893,Epidemic intelligence subnational data
Slovenia,Goriska,SI043,2022-04,8368.27881837667,Epidemic intelligence subnational data
Slovenia,Obalno-Kraska,SI044,2020-16,,Epidemic intelligence subnational data
Slovenia,Obalno-Kraska,SI044,2020-17,1.72543200503826,Epidemic intelligence subnational data
Slovenia,Obalno-Kraska,SI044,2020-18,0,Epidemic intelligence subnational data
Slovenia,Obalno-Kraska,SI044,2020-19,0,Epidemic intelligence subnational data
Slovenia,Obalno-Kraska,SI044,2020-20,0,Epidemic intelligence subnational data
Slovenia,Obalno-Kraska,SI044,2020-21,0,Epidemic intelligence subnational data
Slovenia,Obalno-Kraska,SI044,2020-22,0,Epidemic intelligence subnational data
Slovenia,Obalno-Kraska,SI044,2020-23,0,Epidemic intelligence subnational data
Slovenia,Obalno-Kraska,SI044,2020-24,2.58814800755739,Epidemic intelligence subnational data
Slovenia,Obalno-Kraska,SI044,2020-25,6.03901201763392,Epidemic intelligence subnational data
Slovenia,Obalno-Kraska,SI044,2020-26,15.5288880453444,Epidemic intelligence subnational data
Slovenia,Obalno-Kraska,SI044,2020-27,15.5288880453444,Epidemic intelligence subnational data
Slovenia,Obalno-Kraska,SI044,2020-28,10.3525920302296,Epidemic intelligence subnational data
Slovenia,Obalno-Kraska,SI044,2020-29,8.62716002519131,Epidemic intelligence subnational data
Slovenia,Obalno-Kraska,SI044,2020-30,2.58814800755739,Epidemic intelligence subnational data
Slovenia,Obalno-Kraska,SI044,2020-31,1.72543200503826,Epidemic intelligence subnational data
Slovenia,Obalno-Kraska,SI044,2020-32,2.58814800755739,Epidemic intelligence subnational data
Slovenia,Obalno-Kraska,SI044,2020-33,8.62716002519131,Epidemic intelligence subnational data
Slovenia,Obalno-Kraska,SI044,2020-34,14.6661720428252,Epidemic intelligence subnational data
Slovenia,Obalno-Kraska,SI044,2020-35,12.940740037787,Epidemic intelligence subnational data
Slovenia,Obalno-Kraska,SI044,2020-36,8.62716002519131,Epidemic intelligence subnational data
Slovenia,Obalno-Kraska,SI044,2020-37,11.2153080327487,Epidemic intelligence subnational data
Slovenia,Obalno-Kraska,SI044,2020-38,14.6661720428252,Epidemic intelligence subnational data
Slovenia,Obalno-Kraska,SI044,2020-39,24.1560480705357,Epidemic intelligence subnational data
Slovenia,Obalno-Kraska,SI044,2020-40,37.0967881083226,Epidemic intelligence subnational data
Slovenia,Obalno-Kraska,SI044,2020-41,47.4493801385522,Epidemic intelligence subnational data
Slovenia,Obalno-Kraska,SI044,2020-42,135.446412395504,Epidemic intelligence subnational data
Slovenia,Obalno-Kraska,SI044,2020-43,408.927385194068,Epidemic intelligence subnational data
Slovenia,Obalno-Kraska,SI044,2020-44,467.592073365369,Epidemic intelligence subnational data
Slovenia,Obalno-Kraska,SI044,2020-45,362.340721058035,Epidemic intelligence subnational data
Slovenia,Obalno-Kraska,SI044,2020-46,446.024173302391,Epidemic intelligence subnational data
Slovenia,Obalno-Kraska,SI044,2020-47,452.063185320025,Epidemic intelligence subnational data
Slovenia,Obalno-Kraska,SI044,2020-48,564.216265647512,Epidemic intelligence subnational data
Slovenia,Obalno-Kraska,SI044,2020-49,771.268106252103,Epidemic intelligence subnational data
Slovenia,Obalno-Kraska,SI044,2020-50,689.310086012785,Epidemic intelligence subnational data
Slovenia,Obalno-Kraska,SI044,2020-51,628.057249833927,Epidemic intelligence subnational data
Slovenia,Obalno-Kraska,SI044,2020-52,779.032550274775,Epidemic intelligence subnational data
Slovenia,Obalno-Kraska,SI044,2020-53,811.815758370502,Epidemic intelligence subnational data
Slovenia,Obalno-Kraska,SI044,2021-01,892.9110626073,Epidemic intelligence subnational data
Slovenia,Obalno-Kraska,SI044,2021-02,895.499210614858,Epidemic intelligence subnational data
Slovenia,Obalno-Kraska,SI044,2021-03,864.441434524169,Epidemic intelligence subnational data
Slovenia,Obalno-Kraska,SI044,2021-04,914.478962670279,Epidemic intelligence subnational data
Slovenia,Obalno-Kraska,SI044,2021-05,750.562922191644,Epidemic intelligence subnational data
Slovenia,Obalno-Kraska,SI044,2021-06,718.642430098436,Epidemic intelligence subnational data
Slovenia,Obalno-Kraska,SI044,2021-07,821.305634398212,Epidemic intelligence subnational data
Slovenia,Obalno-Kraska,SI044,2021-08,838.559954448595,Epidemic intelligence subnational data
Slovenia,Obalno-Kraska,SI044,2021-09,821.305634398212,Epidemic intelligence subnational data
Slovenia,Obalno-Kraska,SI044,2021-10,681.545641990113,Epidemic intelligence subnational data
Slovenia,Obalno-Kraska,SI044,2021-11,648.762433894386,Epidemic intelligence subnational data
Slovenia,Obalno-Kraska,SI044,2021-12,722.093294108512,Epidemic intelligence subnational data
Slovenia,Obalno-Kraska,SI044,2021-13,664.291321939731,Epidemic intelligence subnational data
Slovenia,Obalno-Kraska,SI044,2021-14,534.883921561861,Epidemic intelligence subnational data
Slovenia,Obalno-Kraska,SI044,2021-15,376.144177098341,Epidemic intelligence subnational data
Slovenia,Obalno-Kraska,SI044,2021-16,278.657268813679,Epidemic intelligence subnational data
Slovenia,Obalno-Kraska,SI044,2021-17,232.933320680165,Epidemic intelligence subnational data
Slovenia,Obalno-Kraska,SI044,2021-18,243.285912710395,Epidemic intelligence subnational data
Slovenia,Obalno-Kraska,SI044,2021-19,265.716528775892,Epidemic intelligence subnational data
Slovenia,Obalno-Kraska,SI044,2021-20,236.384184690242,Epidemic intelligence subnational data
Slovenia,Obalno-Kraska,SI044,2021-21,181.170360529017,Epidemic intelligence subnational data
Slovenia,Obalno-Kraska,SI044,2021-22,152.700732445886,Epidemic intelligence subnational data
Slovenia,Obalno-Kraska,SI044,2021-23,129.40740037787,Epidemic intelligence subnational data
Slovenia,Obalno-Kraska,SI044,2021-24,76.7817242242026,Epidemic intelligence subnational data
Slovenia,Obalno-Kraska,SI044,2021-25,38.8222201133609,Epidemic intelligence subnational data
Slovenia,Obalno-Kraska,SI044,2021-26,29.3323440856504,Epidemic intelligence subnational data
Slovenia,Obalno-Kraska,SI044,2021-27,34.5086401007652,Epidemic intelligence subnational data
Slovenia,Obalno-Kraska,SI044,2021-28,38.8222201133609,Epidemic intelligence subnational data
Slovenia,Obalno-Kraska,SI044,2021-29,44.8612321309948,Epidemic intelligence subnational data
Slovenia,Obalno-Kraska,SI044,2021-30,65.5664161914539,Epidemic intelligence subnational data
Slovenia,Obalno-Kraska,SI044,2021-31,122.505672357717,Epidemic intelligence subnational data
Slovenia,Obalno-Kraska,SI044,2021-32,197.561964576881,Epidemic intelligence subnational data
Slovenia,Obalno-Kraska,SI044,2021-33,294.186156859024,Epidemic intelligence subnational data
Slovenia,Obalno-Kraska,SI044,2021-34,444.298741297352,Epidemic intelligence subnational data
Slovenia,Obalno-Kraska,SI044,2021-35,635.821693856599,Epidemic intelligence subnational data
Slovenia,Obalno-Kraska,SI044,2021-36,797.149586327677,Epidemic intelligence subnational data
Slovenia,Obalno-Kraska,SI044,2021-37,948.987602771044,Epidemic intelligence subnational data
Slovenia,Obalno-Kraska,SI044,2021-38,918.792542682874,Epidemic intelligence subnational data
Slovenia,Obalno-Kraska,SI044,2021-39,754.876502204239,Epidemic intelligence subnational data
Slovenia,Obalno-Kraska,SI044,2021-40,659.977741927135,Epidemic intelligence subnational data
Slovenia,Obalno-Kraska,SI044,2021-41,848.912546478825,Epidemic intelligence subnational data
Slovenia,Obalno-Kraska,SI044,2021-42,1492.4986843581,Epidemic intelligence subnational data
Slovenia,Obalno-Kraska,SI044,2021-43,1730.60830105338,Epidemic intelligence subnational data
Slovenia,Obalno-Kraska,SI044,2021-44,1920.40582160759,Epidemic intelligence subnational data
Slovenia,Obalno-Kraska,SI044,2021-45,2038.59791395271,Epidemic intelligence subnational data
Slovenia,Obalno-Kraska,SI044,2021-46,1628.80781275612,Epidemic intelligence subnational data
Slovenia,Obalno-Kraska,SI044,2021-47,1272.50610371572,Epidemic intelligence subnational data
Slovenia,Obalno-Kraska,SI044,2021-48,1027.49475900029,Epidemic intelligence subnational data
Slovenia,Obalno-Kraska,SI044,2021-49,910.165382657683,Epidemic intelligence subnational data
Slovenia,Obalno-Kraska,SI044,2021-50,789.385142305005,Epidemic intelligence subnational data
Slovenia,Obalno-Kraska,SI044,2021-51,799.737734335234,Epidemic intelligence subnational data
Slovenia,Obalno-Kraska,SI044,2021-52,1105.13919922701,Epidemic intelligence subnational data
Slovenia,Obalno-Kraska,SI044,2022-01,1942.83643767308,Epidemic intelligence subnational data
Slovenia,Obalno-Kraska,SI044,2022-02,3281.77167358277,Epidemic intelligence subnational data
Slovenia,Obalno-Kraska,SI044,2022-03,5303.97798348762,Epidemic intelligence subnational data
Slovenia,Obalno-Kraska,SI044,2022-04,7222.65837309016,Epidemic intelligence subnational data
Spain,Galicia,ES11,2020-13,,Epidemic intelligence subnational data
Spain,Galicia,ES11,2020-14,163.398692810458,Epidemic intelligence subnational data
Spain,Galicia,ES11,2020-15,158.736501847116,Epidemic intelligence subnational data
Spain,Galicia,ES11,2020-16,91.5417495500616,Epidemic intelligence subnational data
Spain,Galicia,ES11,2020-17,25.3090366581415,Epidemic intelligence subnational data
Spain,Galicia,ES11,2020-18,4.21817277635692,Epidemic intelligence subnational data
Spain,Galicia,ES11,2020-19,11.7294804395188,Epidemic intelligence subnational data
Spain,Galicia,ES11,2020-20,5.06920763474472,Epidemic intelligence subnational data
Spain,Galicia,ES11,2020-21,2.33109548167093,Epidemic intelligence subnational data
Spain,Galicia,ES11,2020-22,2.73811215307379,Epidemic intelligence subnational data
Spain,Galicia,ES11,2020-23,2.62710760632756,Epidemic intelligence subnational data
Spain,Galicia,ES11,2020-24,1.14704698304443,Epidemic intelligence subnational data
Spain,Galicia,ES11,2020-25,0.999040920716113,Epidemic intelligence subnational data
Spain,Galicia,ES11,2020-26,1.99808184143223,Epidemic intelligence subnational data
Spain,Galicia,ES11,2020-27,5.9572440087146,Epidemic intelligence subnational data
Spain,Galicia,ES11,2020-28,9.10237283319125,Epidemic intelligence subnational data
Spain,Galicia,ES11,2020-29,6.8082788671024,Epidemic intelligence subnational data
Spain,Galicia,ES11,2020-30,6.88228189826655,Epidemic intelligence subnational data
Spain,Galicia,ES11,2020-31,12.0254925641754,Epidemic intelligence subnational data
Spain,Galicia,ES11,2020-32,23.5699654257838,Epidemic intelligence subnational data
Spain,Galicia,ES11,2020-33,54.2442218433267,Epidemic intelligence subnational data
Spain,Galicia,ES11,2020-34,91.4307450033153,Epidemic intelligence subnational data
Spain,Galicia,ES11,2020-35,124.029080231126,Epidemic intelligence subnational data
Spain,Galicia,ES11,2020-36,134.611513687601,Epidemic intelligence subnational data
Spain,Galicia,ES11,2020-37,126.323174197215,Epidemic intelligence subnational data
Spain,Galicia,ES11,2020-38,119.440892298949,Epidemic intelligence subnational data
Spain,Galicia,ES11,2020-39,113.261639196742,Epidemic intelligence subnational data
Spain,Galicia,ES11,2020-40,108.303436108743,Epidemic intelligence subnational data
Spain,Galicia,ES11,2020-41,134.389504594108,Epidemic intelligence subnational data
Spain,Galicia,ES11,2020-42,174.314139907171,Epidemic intelligence subnational data
Spain,Galicia,ES11,2020-43,236.994707303211,Epidemic intelligence subnational data
Spain,Galicia,ES11,2020-44,299.120251965521,Epidemic intelligence subnational data
Spain,Galicia,ES11,2020-45,316.9179809605,Epidemic intelligence subnational data
Spain,Galicia,ES11,2020-46,309.739686937577,Epidemic intelligence subnational data
Spain,Galicia,ES11,2020-47,285.466692715734,Epidemic intelligence subnational data
Spain,Galicia,ES11,2020-48,238.21575731742,Epidemic intelligence subnational data
Spain,Galicia,ES11,2020-49,180.234382400303,Epidemic intelligence subnational data
Spain,Galicia,ES11,2020-50,168.43089892962,Epidemic intelligence subnational data
Spain,Galicia,ES11,2020-51,182.084458179407,Epidemic intelligence subnational data
Spain,Galicia,ES11,2020-52,187.671687032301,Epidemic intelligence subnational data
Spain,Galicia,ES11,2020-53,207.06048119731,Epidemic intelligence subnational data
Spain,Galicia,ES11,2021-01,298.454224685043,Epidemic intelligence subnational data
Spain,Galicia,ES11,2021-02,484.46084351615,Epidemic intelligence subnational data
Spain,Galicia,ES11,2021-03,702.54777635692,Epidemic intelligence subnational data
Spain,Galicia,ES11,2021-04,786.874230368476,Epidemic intelligence subnational data
Spain,Galicia,ES11,2021-05,643.234346878848,Epidemic intelligence subnational data
Spain,Galicia,ES11,2021-06,404.426565312115,Epidemic intelligence subnational data
Spain,Galicia,ES11,2021-07,229.816413280288,Epidemic intelligence subnational data
Spain,Galicia,ES11,2021-08,145.711968362224,Epidemic intelligence subnational data
Spain,Galicia,ES11,2021-09,101.384152694894,Epidemic intelligence subnational data
Spain,Galicia,ES11,2021-10,80.2562872975277,Epidemic intelligence subnational data
Spain,Galicia,ES11,2021-11,78.8132281898267,Epidemic intelligence subnational data
Spain,Galicia,ES11,2021-12,72.5599720564554,Epidemic intelligence subnational data
Spain,Galicia,ES11,2021-13,69.6738538410533,Epidemic intelligence subnational data
Spain,Galicia,ES11,2021-14,80.5152979066023,Epidemic intelligence subnational data
Spain,Galicia,ES11,2021-15,94.6498768589562,Epidemic intelligence subnational data
Spain,Galicia,ES11,2021-16,103.641245145401,Epidemic intelligence subnational data
Spain,Galicia,ES11,2021-17,101.458155726059,Epidemic intelligence subnational data
Spain,Galicia,ES11,2021-18,97.4619920431941,Epidemic intelligence subnational data
Spain,Galicia,ES11,2021-19,91.4307450033153,Epidemic intelligence subnational data
Spain,Galicia,ES11,2021-20,84.0304418868997,Epidemic intelligence subnational data
Spain,Galicia,ES11,2021-21,73.4480084304253,Epidemic intelligence subnational data
Spain,Galicia,ES11,2021-22,54.7252415458937,Epidemic intelligence subnational data
Spain,Galicia,ES11,2021-23,45.0678459789713,Epidemic intelligence subnational data
Spain,Galicia,ES11,2021-24,43.4027777777778,Epidemic intelligence subnational data
Spain,Galicia,ES11,2021-25,52.5421521265511,Epidemic intelligence subnational data
Spain,Galicia,ES11,2021-26,90.4687055981813,Epidemic intelligence subnational data
Spain,Galicia,ES11,2021-27,203.286326607938,Epidemic intelligence subnational data
Spain,Galicia,ES11,2021-28,447.200317324998,Epidemic intelligence subnational data
Spain,Galicia,ES11,2021-29,673.464585109406,Epidemic intelligence subnational data
Spain,Galicia,ES11,2021-30,692.964383821161,Epidemic intelligence subnational data
Spain,Galicia,ES11,2021-31,590.655193236715,Epidemic intelligence subnational data
Spain,Galicia,ES11,2021-32,464.036006914843,Epidemic intelligence subnational data
Spain,Galicia,ES11,2021-33,353.512479871176,Epidemic intelligence subnational data
Spain,Galicia,ES11,2021-34,284.911669982003,Epidemic intelligence subnational data
Spain,Galicia,ES11,2021-35,200.844226579521,Epidemic intelligence subnational data
Spain,Galicia,ES11,2021-36,114.741699820025,Epidemic intelligence subnational data
Spain,Galicia,ES11,2021-37,65.6776901581889,Epidemic intelligence subnational data
Spain,Galicia,ES11,2021-38,39.0365989390925,Epidemic intelligence subnational data
Spain,Galicia,ES11,2021-39,24.1619896750971,Epidemic intelligence subnational data
Spain,Galicia,ES11,2021-40,17.501716870323,Epidemic intelligence subnational data
Spain,Galicia,ES11,2021-41,15.9846547314578,Epidemic intelligence subnational data
Spain,Galicia,ES11,2021-42,15.614639575637,Epidemic intelligence subnational data
Spain,Galicia,ES11,2021-43,7.91832433456474,Epidemic intelligence subnational data
Spain,Galicia,ES11,2021-44,29.7122170124088,Epidemic intelligence subnational data
Spain,Galicia,ES11,2021-45,61.2005067727574,Epidemic intelligence subnational data
Spain,Galicia,ES11,2021-46,82.1803661077958,Epidemic intelligence subnational data
Spain,Galicia,ES11,2021-47,172.427062612485,Epidemic intelligence subnational data
Spain,Galicia,ES11,2021-48,234.182592118973,Epidemic intelligence subnational data
Spain,Galicia,ES11,2021-49,412.085879037605,Epidemic intelligence subnational data
Spain,Galicia,ES11,2021-50,628.988763379748,Epidemic intelligence subnational data
Spain,Galicia,ES11,2021-51,971.770803732121,Epidemic intelligence subnational data
Spain,Galicia,ES11,2021-52,1993.19764137539,Epidemic intelligence subnational data
Spain,Galicia,ES11,2022-01,2985.20827413091,Epidemic intelligence subnational data
Spain,Galicia,ES11,2022-02,3685.5359595529,Epidemic intelligence subnational data
Spain,Galicia,ES11,2022-03,3548.07532916548,Epidemic intelligence subnational data
Spain,Galicia,ES11,2022-04,3004.19005162452,Epidemic intelligence subnational data
Spain,Principado De Asturias,ES12,2020-13,,Epidemic intelligence subnational data
Spain,Principado De Asturias,ES12,2020-14,85.6807200713712,Epidemic intelligence subnational data
Spain,Principado De Asturias,ES12,2020-15,99.4210417323012,Epidemic intelligence subnational data
Spain,Principado De Asturias,ES12,2020-16,51.9187868473715,Epidemic intelligence subnational data
Spain,Principado De Asturias,ES12,2020-17,13.2495958873254,Epidemic intelligence subnational data
Spain,Principado De Asturias,ES12,2020-18,8.14604784183712,Epidemic intelligence subnational data
Spain,Principado De Asturias,ES12,2020-19,4.41653196244181,Epidemic intelligence subnational data
Spain,Principado De Asturias,ES12,2020-20,4.22024165299995,Epidemic intelligence subnational data
Spain,Principado De Asturias,ES12,2020-21,2.25733855858137,Epidemic intelligence subnational data
Spain,Principado De Asturias,ES12,2020-22,5.49612866437203,Epidemic intelligence subnational data
Spain,Principado De Asturias,ES12,2020-23,5.49612866437203,Epidemic intelligence subnational data
Spain,Principado De Asturias,ES12,2020-24,1.27588701137208,Epidemic intelligence subnational data
Spain,Principado De Asturias,ES12,2020-25,0.490725773604646,Epidemic intelligence subnational data
Spain,Principado De Asturias,ES12,2020-26,-0.294435464162788,Epidemic intelligence subnational data
Spain,Principado De Asturias,ES12,2020-27,0,Epidemic intelligence subnational data
Spain,Principado De Asturias,ES12,2020-28,0.687016083046504,Epidemic intelligence subnational data
Spain,Principado De Asturias,ES12,2020-29,1.17774185665115,Epidemic intelligence subnational data
Spain,Principado De Asturias,ES12,2020-30,2.55177402274416,Epidemic intelligence subnational data
Spain,Principado De Asturias,ES12,2020-31,10.8941121740231,Epidemic intelligence subnational data
Spain,Principado De Asturias,ES12,2020-32,24.2418532160695,Epidemic intelligence subnational data
Spain,Principado De Asturias,ES12,2020-33,31.6027398201392,Epidemic intelligence subnational data
Spain,Principado De Asturias,ES12,2020-34,37.7858845675577,Epidemic intelligence subnational data
Spain,Principado De Asturias,ES12,2020-35,46.5208033377204,Epidemic intelligence subnational data
Spain,Principado De Asturias,ES12,2020-36,60.2611249986505,Epidemic intelligence subnational data
Spain,Principado De Asturias,ES12,2020-37,72.7255596482085,Epidemic intelligence subnational data
Spain,Principado De Asturias,ES12,2020-38,96.2803967812315,Epidemic intelligence subnational data
Spain,Principado De Asturias,ES12,2020-39,121.699991853952,Epidemic intelligence subnational data
Spain,Principado De Asturias,ES12,2020-40,128.275717220254,Epidemic intelligence subnational data
Spain,Principado De Asturias,ES12,2020-41,175.679826950463,Epidemic intelligence subnational data
Spain,Principado De Asturias,ES12,2020-42,260.280950319904,Epidemic intelligence subnational data
Spain,Principado De Asturias,ES12,2020-43,341.839573892996,Epidemic intelligence subnational data
Spain,Principado De Asturias,ES12,2020-44,397.389731465042,Epidemic intelligence subnational data
Spain,Principado De Asturias,ES12,2020-45,488.272144736623,Epidemic intelligence subnational data
Spain,Principado De Asturias,ES12,2020-46,631.367780319737,Epidemic intelligence subnational data
Spain,Principado De Asturias,ES12,2020-47,587.595041314203,Epidemic intelligence subnational data
Spain,Principado De Asturias,ES12,2020-48,412.307794982623,Epidemic intelligence subnational data
Spain,Principado De Asturias,ES12,2020-49,306.409173038741,Epidemic intelligence subnational data
Spain,Principado De Asturias,ES12,2020-50,223.672807608998,Epidemic intelligence subnational data
Spain,Principado De Asturias,ES12,2020-51,157.522973327091,Epidemic intelligence subnational data
Spain,Principado De Asturias,ES12,2020-52,119.933379068975,Epidemic intelligence subnational data
Spain,Principado De Asturias,ES12,2020-53,123.859185257813,Epidemic intelligence subnational data
Spain,Principado De Asturias,ES12,2021-01,186.377648815045,Epidemic intelligence subnational data
Spain,Principado De Asturias,ES12,2021-02,318.481027069415,Epidemic intelligence subnational data
Spain,Principado De Asturias,ES12,2021-03,494.847870102925,Epidemic intelligence subnational data
Spain,Principado De Asturias,ES12,2021-04,631.760360938621,Epidemic intelligence subnational data
Spain,Principado De Asturias,ES12,2021-05,602.905685450668,Epidemic intelligence subnational data
Spain,Principado De Asturias,ES12,2021-06,417.509488182833,Epidemic intelligence subnational data
Spain,Principado De Asturias,ES12,2021-07,261.851272795439,Epidemic intelligence subnational data
Spain,Principado De Asturias,ES12,2021-08,200.7068414043,Epidemic intelligence subnational data
Spain,Principado De Asturias,ES12,2021-09,193.24780964551,Epidemic intelligence subnational data
Spain,Principado De Asturias,ES12,2021-10,178.918617056254,Epidemic intelligence subnational data
Spain,Principado De Asturias,ES12,2021-11,156.737812089324,Epidemic intelligence subnational data
Spain,Principado De Asturias,ES12,2021-12,159.289586112068,Epidemic intelligence subnational data
Spain,Principado De Asturias,ES12,2021-13,161.448779515929,Epidemic intelligence subnational data
Spain,Principado De Asturias,ES12,2021-14,163.509827765068,Epidemic intelligence subnational data
Spain,Principado De Asturias,ES12,2021-15,169.987407976649,Epidemic intelligence subnational data
Spain,Principado De Asturias,ES12,2021-16,165.86531147837,Epidemic intelligence subnational data
Spain,Principado De Asturias,ES12,2021-17,136.618055371533,Epidemic intelligence subnational data
Spain,Principado De Asturias,ES12,2021-18,94.6119291509757,Epidemic intelligence subnational data
Spain,Principado De Asturias,ES12,2021-19,70.664511399069,Epidemic intelligence subnational data
Spain,Principado De Asturias,ES12,2021-20,70.1737856254644,Epidemic intelligence subnational data
Spain,Principado De Asturias,ES12,2021-21,72.1366887198829,Epidemic intelligence subnational data
Spain,Principado De Asturias,ES12,2021-22,70.2719307801853,Epidemic intelligence subnational data
Spain,Principado De Asturias,ES12,2021-23,72.6274144934876,Epidemic intelligence subnational data
Spain,Principado De Asturias,ES12,2021-24,72.3329790293248,Epidemic intelligence subnational data
Spain,Principado De Asturias,ES12,2021-25,74.0014466595806,Epidemic intelligence subnational data
Spain,Principado De Asturias,ES12,2021-26,175.28724633158,Epidemic intelligence subnational data
Spain,Principado De Asturias,ES12,2021-27,445.873437897181,Epidemic intelligence subnational data
Spain,Principado De Asturias,ES12,2021-28,655.805923845249,Epidemic intelligence subnational data
Spain,Principado De Asturias,ES12,2021-29,641.378586101272,Epidemic intelligence subnational data
Spain,Principado De Asturias,ES12,2021-30,492.688676699064,Epidemic intelligence subnational data
Spain,Principado De Asturias,ES12,2021-31,330.945461718973,Epidemic intelligence subnational data
Spain,Principado De Asturias,ES12,2021-32,225.046839775091,Epidemic intelligence subnational data
Spain,Principado De Asturias,ES12,2021-33,146.138135379464,Epidemic intelligence subnational data
Spain,Principado De Asturias,ES12,2021-34,96.1822516265106,Epidemic intelligence subnational data
Spain,Principado De Asturias,ES12,2021-35,70.2719307801853,Epidemic intelligence subnational data
Spain,Principado De Asturias,ES12,2021-36,42.4968519941623,Epidemic intelligence subnational data
Spain,Principado De Asturias,ES12,2021-37,21.7882243480463,Epidemic intelligence subnational data
Spain,Principado De Asturias,ES12,2021-38,17.3716923856045,Epidemic intelligence subnational data
Spain,Principado De Asturias,ES12,2021-39,15.9976602195115,Epidemic intelligence subnational data
Spain,Principado De Asturias,ES12,2021-40,15.5069344459068,Epidemic intelligence subnational data
Spain,Principado De Asturias,ES12,2021-41,20.3160470272323,Epidemic intelligence subnational data
Spain,Principado De Asturias,ES12,2021-42,26.6954820840927,Epidemic intelligence subnational data
Spain,Principado De Asturias,ES12,2021-43,15.1143538270231,Epidemic intelligence subnational data
Spain,Principado De Asturias,ES12,2021-44,41.7116907563949,Epidemic intelligence subnational data
Spain,Principado De Asturias,ES12,2021-45,70.9589468632318,Epidemic intelligence subnational data
Spain,Principado De Asturias,ES12,2021-46,77.534672229534,Epidemic intelligence subnational data
Spain,Principado De Asturias,ES12,2021-47,172.833617463556,Epidemic intelligence subnational data
Spain,Principado De Asturias,ES12,2021-48,238.492725971858,Epidemic intelligence subnational data
Spain,Principado De Asturias,ES12,2021-49,514.869481665994,Epidemic intelligence subnational data
Spain,Principado De Asturias,ES12,2021-50,657.376246320784,Epidemic intelligence subnational data
Spain,Principado De Asturias,ES12,2021-51,1124.64532794713,Epidemic intelligence subnational data
Spain,Principado De Asturias,ES12,2021-52,2206.20493297177,Epidemic intelligence subnational data
Spain,Principado De Asturias,ES12,2022-01,2972.81673649694,Epidemic intelligence subnational data
Spain,Principado De Asturias,ES12,2022-02,3800.37668110382,Epidemic intelligence subnational data
Spain,Principado De Asturias,ES12,2022-03,3854.45466135505,Epidemic intelligence subnational data
Spain,Principado De Asturias,ES12,2022-04,3007.26568580399,Epidemic intelligence subnational data
Spain,Cantabria,ES13,2020-13,,Epidemic intelligence subnational data
Spain,Cantabria,ES13,2020-14,142.516672733642,Epidemic intelligence subnational data
Spain,Cantabria,ES13,2020-15,134.618158341175,Epidemic intelligence subnational data
Spain,Cantabria,ES13,2020-16,89.6309676710372,Epidemic intelligence subnational data
Spain,Cantabria,ES13,2020-17,49.6232752048463,Epidemic intelligence subnational data
Spain,Cantabria,ES13,2020-18,33.8262464199125,Epidemic intelligence subnational data
Spain,Cantabria,ES13,2020-19,12.5345989271757,Epidemic intelligence subnational data
Spain,Cantabria,ES13,2020-20,8.7570485655611,Epidemic intelligence subnational data
Spain,Cantabria,ES13,2020-21,5.66632554242189,Epidemic intelligence subnational data
Spain,Cantabria,ES13,2020-22,7.38339388861034,Epidemic intelligence subnational data
Spain,Cantabria,ES13,2020-23,7.72680755784803,Epidemic intelligence subnational data
Spain,Cantabria,ES13,2020-24,3.77755036161459,Epidemic intelligence subnational data
Spain,Cantabria,ES13,2020-25,3.4341366923769,Epidemic intelligence subnational data
Spain,Cantabria,ES13,2020-26,4.46437770008997,Epidemic intelligence subnational data
Spain,Cantabria,ES13,2020-27,4.12096403085228,Epidemic intelligence subnational data
Spain,Cantabria,ES13,2020-28,2.23218885004499,Epidemic intelligence subnational data
Spain,Cantabria,ES13,2020-29,6.35315288089727,Epidemic intelligence subnational data
Spain,Cantabria,ES13,2020-30,12.3628920925569,Epidemic intelligence subnational data
Spain,Cantabria,ES13,2020-31,27.8165072082529,Epidemic intelligence subnational data
Spain,Cantabria,ES13,2020-32,53.5725324010797,Epidemic intelligence subnational data
Spain,Cantabria,ES13,2020-33,98.0446025673606,Epidemic intelligence subnational data
Spain,Cantabria,ES13,2020-34,139.082536041265,Epidemic intelligence subnational data
Spain,Cantabria,ES13,2020-35,182.180951530595,Epidemic intelligence subnational data
Spain,Cantabria,ES13,2020-36,234.723242923961,Epidemic intelligence subnational data
Spain,Cantabria,ES13,2020-37,274.559228555533,Epidemic intelligence subnational data
Spain,Cantabria,ES13,2020-38,245.540773504949,Epidemic intelligence subnational data
Spain,Cantabria,ES13,2020-39,167.414163753374,Epidemic intelligence subnational data
Spain,Cantabria,ES13,2020-40,122.942093587093,Epidemic intelligence subnational data
Spain,Cantabria,ES13,2020-41,108.862133148348,Epidemic intelligence subnational data
Spain,Cantabria,ES13,2020-42,160.374183534001,Epidemic intelligence subnational data
Spain,Cantabria,ES13,2020-43,299.456719575266,Epidemic intelligence subnational data
Spain,Cantabria,ES13,2020-44,376.037967815271,Epidemic intelligence subnational data
Spain,Cantabria,ES13,2020-45,446.266063174379,Epidemic intelligence subnational data
Spain,Cantabria,ES13,2020-46,520.100002060482,Epidemic intelligence subnational data
Spain,Cantabria,ES13,2020-47,480.435723263529,Epidemic intelligence subnational data
Spain,Cantabria,ES13,2020-48,359.8975253611,Epidemic intelligence subnational data
Spain,Cantabria,ES13,2020-49,287.265534317328,Epidemic intelligence subnational data
Spain,Cantabria,ES13,2020-50,242.450050481809,Epidemic intelligence subnational data
Spain,Cantabria,ES13,2020-51,168.444404761087,Epidemic intelligence subnational data
Spain,Cantabria,ES13,2020-52,158.657115187813,Epidemic intelligence subnational data
Spain,Cantabria,ES13,2020-53,193.857016284676,Epidemic intelligence subnational data
Spain,Cantabria,ES13,2021-01,278.851899421004,Epidemic intelligence subnational data
Spain,Cantabria,ES13,2021-02,355.43314766101,Epidemic intelligence subnational data
Spain,Cantabria,ES13,2021-03,412.096403085228,Epidemic intelligence subnational data
Spain,Cantabria,ES13,2021-04,373.634072130607,Epidemic intelligence subnational data
Spain,Cantabria,ES13,2021-05,281.599208774906,Epidemic intelligence subnational data
Spain,Cantabria,ES13,2021-06,224.420832846831,Epidemic intelligence subnational data
Spain,Cantabria,ES13,2021-07,175.48438498046,Epidemic intelligence subnational data
Spain,Cantabria,ES13,2021-08,139.941070214359,Epidemic intelligence subnational data
Spain,Cantabria,ES13,2021-09,106.801651132922,Epidemic intelligence subnational data
Spain,Cantabria,ES13,2021-10,94.7821727096025,Epidemic intelligence subnational data
Spain,Cantabria,ES13,2021-11,97.1860683942664,Epidemic intelligence subnational data
Spain,Cantabria,ES13,2021-12,119.851370563954,Epidemic intelligence subnational data
Spain,Cantabria,ES13,2021-13,142.001552229785,Epidemic intelligence subnational data
Spain,Cantabria,ES13,2021-14,161.232717707096,Epidemic intelligence subnational data
Spain,Cantabria,ES13,2021-15,207.936976723422,Epidemic intelligence subnational data
Spain,Cantabria,ES13,2021-16,244.167118827998,Epidemic intelligence subnational data
Spain,Cantabria,ES13,2021-17,254.126115235891,Epidemic intelligence subnational data
Spain,Cantabria,ES13,2021-18,205.18966736952,Epidemic intelligence subnational data
Spain,Cantabria,ES13,2021-19,122.255266248618,Epidemic intelligence subnational data
Spain,Cantabria,ES13,2021-20,86.8836583171357,Epidemic intelligence subnational data
Spain,Cantabria,ES13,2021-21,85.3382968055661,Epidemic intelligence subnational data
Spain,Cantabria,ES13,2021-22,81.0456259400949,Epidemic intelligence subnational data
Spain,Cantabria,ES13,2021-23,66.1071313282554,Epidemic intelligence subnational data
Spain,Cantabria,ES13,2021-24,89.9743813402749,Epidemic intelligence subnational data
Spain,Cantabria,ES13,2021-25,159.687356195526,Epidemic intelligence subnational data
Spain,Cantabria,ES13,2021-26,304.77963144845,Epidemic intelligence subnational data
Spain,Cantabria,ES13,2021-27,492.970322190705,Epidemic intelligence subnational data
Spain,Cantabria,ES13,2021-28,602.004162173671,Epidemic intelligence subnational data
Spain,Cantabria,ES13,2021-29,697.816575890987,Epidemic intelligence subnational data
Spain,Cantabria,ES13,2021-30,650.425489536186,Epidemic intelligence subnational data
Spain,Cantabria,ES13,2021-31,514.090262848823,Epidemic intelligence subnational data
Spain,Cantabria,ES13,2021-32,467.214296997878,Epidemic intelligence subnational data
Spain,Cantabria,ES13,2021-33,380.502345515361,Epidemic intelligence subnational data
Spain,Cantabria,ES13,2021-34,251.550512716608,Epidemic intelligence subnational data
Spain,Cantabria,ES13,2021-35,236.44031127015,Epidemic intelligence subnational data
Spain,Cantabria,ES13,2021-36,209.482338234991,Epidemic intelligence subnational data
Spain,Cantabria,ES13,2021-37,114.356751856151,Epidemic intelligence subnational data
Spain,Cantabria,ES13,2021-38,92.8933975287952,Epidemic intelligence subnational data
Spain,Cantabria,ES13,2021-39,85.8534173094226,Epidemic intelligence subnational data
Spain,Cantabria,ES13,2021-40,73.8339388861034,Epidemic intelligence subnational data
Spain,Cantabria,ES13,2021-41,52.7139982279855,Epidemic intelligence subnational data
Spain,Cantabria,ES13,2021-42,43.9569496624244,Epidemic intelligence subnational data
Spain,Cantabria,ES13,2021-43,22.4935953350687,Epidemic intelligence subnational data
Spain,Cantabria,ES13,2021-44,44.8154838355186,Epidemic intelligence subnational data
Spain,Cantabria,ES13,2021-45,84.8231763017095,Epidemic intelligence subnational data
Spain,Cantabria,ES13,2021-46,100.105084582787,Epidemic intelligence subnational data
Spain,Cantabria,ES13,2021-47,153.16249648001,Epidemic intelligence subnational data
Spain,Cantabria,ES13,2021-48,187.675570238398,Epidemic intelligence subnational data
Spain,Cantabria,ES13,2021-49,360.927766368813,Epidemic intelligence subnational data
Spain,Cantabria,ES13,2021-50,571.096931942279,Epidemic intelligence subnational data
Spain,Cantabria,ES13,2021-51,999.333777481679,Epidemic intelligence subnational data
Spain,Cantabria,ES13,2021-52,2071.98637334561,Epidemic intelligence subnational data
Spain,Cantabria,ES13,2022-01,3402.37092797242,Epidemic intelligence subnational data
Spain,Cantabria,ES13,2022-02,4246.13831328942,Epidemic intelligence subnational data
Spain,Cantabria,ES13,2022-03,4306.23570540602,Epidemic intelligence subnational data
Spain,Cantabria,ES13,2022-04,3880.05934188204,Epidemic intelligence subnational data
Spain,Pais Vasco,ES21,2020-13,,Epidemic intelligence subnational data
Spain,Pais Vasco,ES21,2020-14,229.67944460331,Epidemic intelligence subnational data
Spain,Pais Vasco,ES21,2020-15,244.205710192779,Epidemic intelligence subnational data
Spain,Pais Vasco,ES21,2020-16,142.521851066493,Epidemic intelligence subnational data
Spain,Pais Vasco,ES21,2020-17,59.2927444500986,Epidemic intelligence subnational data
Spain,Pais Vasco,ES21,2020-18,43.2590362051182,Epidemic intelligence subnational data
Spain,Pais Vasco,ES21,2020-19,21.6980382232641,Epidemic intelligence subnational data
Spain,Pais Vasco,ES21,2020-20,17.4041106590813,Epidemic intelligence subnational data
Spain,Pais Vasco,ES21,2020-21,11.1916197151573,Epidemic intelligence subnational data
Spain,Pais Vasco,ES21,2020-22,4.15688732277271,Epidemic intelligence subnational data
Spain,Pais Vasco,ES21,2020-23,6.12113078298399,Epidemic intelligence subnational data
Spain,Pais Vasco,ES21,2020-24,6.16681086345402,Epidemic intelligence subnational data
Spain,Pais Vasco,ES21,2020-25,7.85697384084512,Epidemic intelligence subnational data
Spain,Pais Vasco,ES21,2020-26,6.16681086345402,Epidemic intelligence subnational data
Spain,Pais Vasco,ES21,2020-27,6.02977062204393,Epidemic intelligence subnational data
Spain,Pais Vasco,ES21,2020-28,9.41009657682613,Epidemic intelligence subnational data
Spain,Pais Vasco,ES21,2020-29,39.1935090432855,Epidemic intelligence subnational data
Spain,Pais Vasco,ES21,2020-30,75.1437323731989,Epidemic intelligence subnational data
Spain,Pais Vasco,ES21,2020-31,92.8676035955705,Epidemic intelligence subnational data
Spain,Pais Vasco,ES21,2020-32,158.783959713823,Epidemic intelligence subnational data
Spain,Pais Vasco,ES21,2020-33,248.910758481192,Epidemic intelligence subnational data
Spain,Pais Vasco,ES21,2020-34,305.371337942149,Epidemic intelligence subnational data
Spain,Pais Vasco,ES21,2020-35,365.212243357888,Epidemic intelligence subnational data
Spain,Pais Vasco,ES21,2020-36,382.799074338849,Epidemic intelligence subnational data
Spain,Pais Vasco,ES21,2020-37,351.234138734059,Epidemic intelligence subnational data
Spain,Pais Vasco,ES21,2020-38,317.841999910467,Epidemic intelligence subnational data
Spain,Pais Vasco,ES21,2020-39,279.425052235172,Epidemic intelligence subnational data
Spain,Pais Vasco,ES21,2020-40,257.133172965798,Epidemic intelligence subnational data
Spain,Pais Vasco,ES21,2020-41,278.511450625771,Epidemic intelligence subnational data
Spain,Pais Vasco,ES21,2020-42,369.962971726771,Epidemic intelligence subnational data
Spain,Pais Vasco,ES21,2020-43,520.204756392699,Epidemic intelligence subnational data
Spain,Pais Vasco,ES21,2020-44,628.69494750902,Epidemic intelligence subnational data
Spain,Pais Vasco,ES21,2020-45,781.312096359389,Epidemic intelligence subnational data
Spain,Pais Vasco,ES21,2020-46,844.03084684474,Epidemic intelligence subnational data
Spain,Pais Vasco,ES21,2020-47,675.47134991033,Epidemic intelligence subnational data
Spain,Pais Vasco,ES21,2020-48,473.382673910918,Epidemic intelligence subnational data
Spain,Pais Vasco,ES21,2020-49,345.706848997185,Epidemic intelligence subnational data
Spain,Pais Vasco,ES21,2020-50,305.828138746849,Epidemic intelligence subnational data
Spain,Pais Vasco,ES21,2020-51,278.694170947652,Epidemic intelligence subnational data
Spain,Pais Vasco,ES21,2020-52,243.657549227139,Epidemic intelligence subnational data
Spain,Pais Vasco,ES21,2020-53,236.485776593344,Epidemic intelligence subnational data
Spain,Pais Vasco,ES21,2021-01,300.529249412326,Epidemic intelligence subnational data
Spain,Pais Vasco,ES21,2021-02,410.846643747448,Epidemic intelligence subnational data
Spain,Pais Vasco,ES21,2021-03,549.120247330228,Epidemic intelligence subnational data
Spain,Pais Vasco,ES21,2021-04,655.463474664457,Epidemic intelligence subnational data
Spain,Pais Vasco,ES21,2021-05,621.294774472875,Epidemic intelligence subnational data
Spain,Pais Vasco,ES21,2021-06,475.30123729066,Epidemic intelligence subnational data
Spain,Pais Vasco,ES21,2021-07,334.926350006258,Epidemic intelligence subnational data
Spain,Pais Vasco,ES21,2021-08,253.021965723495,Epidemic intelligence subnational data
Spain,Pais Vasco,ES21,2021-09,208.757967748036,Epidemic intelligence subnational data
Spain,Pais Vasco,ES21,2021-10,195.967545216428,Epidemic intelligence subnational data
Spain,Pais Vasco,ES21,2021-11,219.584146819433,Epidemic intelligence subnational data
Spain,Pais Vasco,ES21,2021-12,275.176804751459,Epidemic intelligence subnational data
Spain,Pais Vasco,ES21,2021-13,328.531138740454,Epidemic intelligence subnational data
Spain,Pais Vasco,ES21,2021-14,395.817897272808,Epidemic intelligence subnational data
Spain,Pais Vasco,ES21,2021-15,486.629897247227,Epidemic intelligence subnational data
Spain,Pais Vasco,ES21,2021-16,545.739921375446,Epidemic intelligence subnational data
Spain,Pais Vasco,ES21,2021-17,515.362667862876,Epidemic intelligence subnational data
Spain,Pais Vasco,ES21,2021-18,414.68377050693,Epidemic intelligence subnational data
Spain,Pais Vasco,ES21,2021-19,307.19854116095,Epidemic intelligence subnational data
Spain,Pais Vasco,ES21,2021-20,227.395440579808,Epidemic intelligence subnational data
Spain,Pais Vasco,ES21,2021-21,201.860275597062,Epidemic intelligence subnational data
Spain,Pais Vasco,ES21,2021-22,188.384651858403,Epidemic intelligence subnational data
Spain,Pais Vasco,ES21,2021-23,152.75418909178,Epidemic intelligence subnational data
Spain,Pais Vasco,ES21,2021-24,111.413716266403,Epidemic intelligence subnational data
Spain,Pais Vasco,ES21,2021-25,98.7146538957343,Epidemic intelligence subnational data
Spain,Pais Vasco,ES21,2021-26,157.916038184893,Epidemic intelligence subnational data
Spain,Pais Vasco,ES21,2021-27,296.418042170023,Epidemic intelligence subnational data
Spain,Pais Vasco,ES21,2021-28,498.049917364734,Epidemic intelligence subnational data
Spain,Pais Vasco,ES21,2021-29,737.778979671451,Epidemic intelligence subnational data
Spain,Pais Vasco,ES21,2021-30,779.713293542938,Epidemic intelligence subnational data
Spain,Pais Vasco,ES21,2021-31,629.19742839419,Epidemic intelligence subnational data
Spain,Pais Vasco,ES21,2021-32,519.473875105178,Epidemic intelligence subnational data
Spain,Pais Vasco,ES21,2021-33,435.011406316093,Epidemic intelligence subnational data
Spain,Pais Vasco,ES21,2021-34,328.485458659984,Epidemic intelligence subnational data
Spain,Pais Vasco,ES21,2021-35,264.350625680062,Epidemic intelligence subnational data
Spain,Pais Vasco,ES21,2021-36,204.829480827613,Epidemic intelligence subnational data
Spain,Pais Vasco,ES21,2021-37,140.511927525812,Epidemic intelligence subnational data
Spain,Pais Vasco,ES21,2021-38,113.423639807084,Epidemic intelligence subnational data
Spain,Pais Vasco,ES21,2021-39,78.7981388108013,Epidemic intelligence subnational data
Spain,Pais Vasco,ES21,2021-40,61.2113078298399,Epidemic intelligence subnational data
Spain,Pais Vasco,ES21,2021-41,63.6323520947515,Epidemic intelligence subnational data
Spain,Pais Vasco,ES21,2021-42,75.280772614609,Epidemic intelligence subnational data
Spain,Pais Vasco,ES21,2021-43,41.2947927449069,Epidemic intelligence subnational data
Spain,Pais Vasco,ES21,2021-44,108.855631760081,Epidemic intelligence subnational data
Spain,Pais Vasco,ES21,2021-45,223.878074383616,Epidemic intelligence subnational data
Spain,Pais Vasco,ES21,2021-46,293.083396295711,Epidemic intelligence subnational data
Spain,Pais Vasco,ES21,2021-47,454.973601481496,Epidemic intelligence subnational data
Spain,Pais Vasco,ES21,2021-48,531.716136671146,Epidemic intelligence subnational data
Spain,Pais Vasco,ES21,2021-49,921.3672230805,Epidemic intelligence subnational data
Spain,Pais Vasco,ES21,2021-50,1319.24072397446,Epidemic intelligence subnational data
Spain,Pais Vasco,ES21,2021-51,1955.01608395633,Epidemic intelligence subnational data
Spain,Pais Vasco,ES21,2021-52,4142.726497827,Epidemic intelligence subnational data
Spain,Pais Vasco,ES21,2022-01,6281.51354551426,Epidemic intelligence subnational data
Spain,Pais Vasco,ES21,2022-02,6185.95081717096,Epidemic intelligence subnational data
Spain,Pais Vasco,ES21,2022-03,4283.78658631845,Epidemic intelligence subnational data
Spain,Pais Vasco,ES21,2022-04,3120.31493674679,Epidemic intelligence subnational data
Spain,Comunidad Foral De Navarra,ES22,2020-13,,Epidemic intelligence subnational data
Spain,Comunidad Foral De Navarra,ES22,2020-14,296.1117060086,Epidemic intelligence subnational data
Spain,Comunidad Foral De Navarra,ES22,2020-15,348.357752902093,Epidemic intelligence subnational data
Spain,Comunidad Foral De Navarra,ES22,2020-16,186.136062110344,Epidemic intelligence subnational data
Spain,Comunidad Foral De Navarra,ES22,2020-17,58.1865595140356,Epidemic intelligence subnational data
Spain,Comunidad Foral De Navarra,ES22,2020-18,61.8422595882159,Epidemic intelligence subnational data
Spain,Comunidad Foral De Navarra,ES22,2020-19,40.5173424888311,Epidemic intelligence subnational data
Spain,Comunidad Foral De Navarra,ES22,2020-20,29.7025631027145,Epidemic intelligence subnational data
Spain,Comunidad Foral De Navarra,ES22,2020-21,17.3645753523562,Epidemic intelligence subnational data
Spain,Comunidad Foral De Navarra,ES22,2020-22,12.3379877503583,Epidemic intelligence subnational data
Spain,Comunidad Foral De Navarra,ES22,2020-23,15.2320836424177,Epidemic intelligence subnational data
Spain,Comunidad Foral De Navarra,ES22,2020-24,8.07300433048138,Epidemic intelligence subnational data
Spain,Comunidad Foral De Navarra,ES22,2020-25,18.2785003709012,Epidemic intelligence subnational data
Spain,Comunidad Foral De Navarra,ES22,2020-26,23.0004463000507,Epidemic intelligence subnational data
Spain,Comunidad Foral De Navarra,ES22,2020-27,10.8147793861166,Epidemic intelligence subnational data
Spain,Comunidad Foral De Navarra,ES22,2020-28,21.7818796086573,Epidemic intelligence subnational data
Spain,Comunidad Foral De Navarra,ES22,2020-29,71.5907931193632,Epidemic intelligence subnational data
Spain,Comunidad Foral De Navarra,ES22,2020-30,140.135169510243,Epidemic intelligence subnational data
Spain,Comunidad Foral De Navarra,ES22,2020-31,149.274419695693,Epidemic intelligence subnational data
Spain,Comunidad Foral De Navarra,ES22,2020-32,158.109028208296,Epidemic intelligence subnational data
Spain,Comunidad Foral De Navarra,ES22,2020-33,201.520466589186,Epidemic intelligence subnational data
Spain,Comunidad Foral De Navarra,ES22,2020-34,219.189683614391,Epidemic intelligence subnational data
Spain,Comunidad Foral De Navarra,ES22,2020-35,285.753889131756,Epidemic intelligence subnational data
Spain,Comunidad Foral De Navarra,ES22,2020-36,362.980553198814,Epidemic intelligence subnational data
Spain,Comunidad Foral De Navarra,ES22,2020-37,498.393776779907,Epidemic intelligence subnational data
Spain,Comunidad Foral De Navarra,ES22,2020-38,619.488841737128,Epidemic intelligence subnational data
Spain,Comunidad Foral De Navarra,ES22,2020-39,685.596084745221,Epidemic intelligence subnational data
Spain,Comunidad Foral De Navarra,ES22,2020-40,674.476663686256,Epidemic intelligence subnational data
Spain,Comunidad Foral De Navarra,ES22,2020-41,755.96831117319,Epidemic intelligence subnational data
Spain,Comunidad Foral De Navarra,ES22,2020-42,1001.05253697969,Epidemic intelligence subnational data
Spain,Comunidad Foral De Navarra,ES22,2020-43,1146.6712566012,Epidemic intelligence subnational data
Spain,Comunidad Foral De Navarra,ES22,2020-44,1109.20033084086,Epidemic intelligence subnational data
Spain,Comunidad Foral De Navarra,ES22,2020-45,907.070580905974,Epidemic intelligence subnational data
Spain,Comunidad Foral De Navarra,ES22,2020-46,629.846658613972,Epidemic intelligence subnational data
Spain,Comunidad Foral De Navarra,ES22,2020-47,377.603353495535,Epidemic intelligence subnational data
Spain,Comunidad Foral De Navarra,ES22,2020-48,274.939109745639,Epidemic intelligence subnational data
Spain,Comunidad Foral De Navarra,ES22,2020-49,222.388421179298,Epidemic intelligence subnational data
Spain,Comunidad Foral De Navarra,ES22,2020-50,181.109474508346,Epidemic intelligence subnational data
Spain,Comunidad Foral De Navarra,ES22,2020-51,184.460532909678,Epidemic intelligence subnational data
Spain,Comunidad Foral De Navarra,ES22,2020-52,188.116232983859,Epidemic intelligence subnational data
Spain,Comunidad Foral De Navarra,ES22,2020-53,213.249170993848,Epidemic intelligence subnational data
Spain,Comunidad Foral De Navarra,ES22,2021-01,289.714230878785,Epidemic intelligence subnational data
Spain,Comunidad Foral De Navarra,ES22,2021-02,384.914753643895,Epidemic intelligence subnational data
Spain,Comunidad Foral De Navarra,ES22,2021-03,472.042272078524,Epidemic intelligence subnational data
Spain,Comunidad Foral De Navarra,ES22,2021-04,489.711489103729,Epidemic intelligence subnational data
Spain,Comunidad Foral De Navarra,ES22,2021-05,424.975133623454,Epidemic intelligence subnational data
Spain,Comunidad Foral De Navarra,ES22,2021-06,286.363172477453,Epidemic intelligence subnational data
Spain,Comunidad Foral De Navarra,ES22,2021-07,164.506503338111,Epidemic intelligence subnational data
Spain,Comunidad Foral De Navarra,ES22,2021-08,129.929673469823,Epidemic intelligence subnational data
Spain,Comunidad Foral De Navarra,ES22,2021-09,125.512369213522,Epidemic intelligence subnational data
Spain,Comunidad Foral De Navarra,ES22,2021-10,125.664690049946,Epidemic intelligence subnational data
Spain,Comunidad Foral De Navarra,ES22,2021-11,157.347424026175,Epidemic intelligence subnational data
Spain,Comunidad Foral De Navarra,ES22,2021-12,265.799859560189,Epidemic intelligence subnational data
Spain,Comunidad Foral De Navarra,ES22,2021-13,355.973794723302,Epidemic intelligence subnational data
Spain,Comunidad Foral De Navarra,ES22,2021-14,429.849400389027,Epidemic intelligence subnational data
Spain,Comunidad Foral De Navarra,ES22,2021-15,437.160800537388,Epidemic intelligence subnational data
Spain,Comunidad Foral De Navarra,ES22,2021-16,375.013899276324,Epidemic intelligence subnational data
Spain,Comunidad Foral De Navarra,ES22,2021-17,337.390652679552,Epidemic intelligence subnational data
Spain,Comunidad Foral De Navarra,ES22,2021-18,274.025184727094,Epidemic intelligence subnational data
Spain,Comunidad Foral De Navarra,ES22,2021-19,197.255483169309,Epidemic intelligence subnational data
Spain,Comunidad Foral De Navarra,ES22,2021-20,139.525886164546,Epidemic intelligence subnational data
Spain,Comunidad Foral De Navarra,ES22,2021-21,133.737694380427,Epidemic intelligence subnational data
Spain,Comunidad Foral De Navarra,ES22,2021-22,140.896773692364,Epidemic intelligence subnational data
Spain,Comunidad Foral De Navarra,ES22,2021-23,122.313631648614,Epidemic intelligence subnational data
Spain,Comunidad Foral De Navarra,ES22,2021-24,102.359602077047,Epidemic intelligence subnational data
Spain,Comunidad Foral De Navarra,ES22,2021-25,92.3064268730513,Epidemic intelligence subnational data
Spain,Comunidad Foral De Navarra,ES22,2021-26,243.561017442259,Epidemic intelligence subnational data
Spain,Comunidad Foral De Navarra,ES22,2021-27,552.924636219762,Epidemic intelligence subnational data
Spain,Comunidad Foral De Navarra,ES22,2021-28,904.481126686763,Epidemic intelligence subnational data
Spain,Comunidad Foral De Navarra,ES22,2021-29,1026.9470791718,Epidemic intelligence subnational data
Spain,Comunidad Foral De Navarra,ES22,2021-30,853.910608993936,Epidemic intelligence subnational data
Spain,Comunidad Foral De Navarra,ES22,2021-31,641.880004691482,Epidemic intelligence subnational data
Spain,Comunidad Foral De Navarra,ES22,2021-32,465.644796948709,Epidemic intelligence subnational data
Spain,Comunidad Foral De Navarra,ES22,2021-33,348.205432065669,Epidemic intelligence subnational data
Spain,Comunidad Foral De Navarra,ES22,2021-34,237.468183985292,Epidemic intelligence subnational data
Spain,Comunidad Foral De Navarra,ES22,2021-35,162.221690791749,Epidemic intelligence subnational data
Spain,Comunidad Foral De Navarra,ES22,2021-36,127.949502596309,Epidemic intelligence subnational data
Spain,Comunidad Foral De Navarra,ES22,2021-37,89.5646518174161,Epidemic intelligence subnational data
Spain,Comunidad Foral De Navarra,ES22,2021-38,47.2194592914949,Epidemic intelligence subnational data
Spain,Comunidad Foral De Navarra,ES22,2021-39,40.6696633252553,Epidemic intelligence subnational data
Spain,Comunidad Foral De Navarra,ES22,2021-40,43.868400890163,Epidemic intelligence subnational data
Spain,Comunidad Foral De Navarra,ES22,2021-41,46.9148176186465,Epidemic intelligence subnational data
Spain,Comunidad Foral De Navarra,ES22,2021-42,68.5443763908796,Epidemic intelligence subnational data
Spain,Comunidad Foral De Navarra,ES22,2021-43,39.7557383067102,Epidemic intelligence subnational data
Spain,Comunidad Foral De Navarra,ES22,2021-44,112.565098117467,Epidemic intelligence subnational data
Spain,Comunidad Foral De Navarra,ES22,2021-45,248.130642534984,Epidemic intelligence subnational data
Spain,Comunidad Foral De Navarra,ES22,2021-46,377.603353495535,Epidemic intelligence subnational data
Spain,Comunidad Foral De Navarra,ES22,2021-47,577.600611720479,Epidemic intelligence subnational data
Spain,Comunidad Foral De Navarra,ES22,2021-48,616.442425008644,Epidemic intelligence subnational data
Spain,Comunidad Foral De Navarra,ES22,2021-49,1212.93082044572,Epidemic intelligence subnational data
Spain,Comunidad Foral De Navarra,ES22,2021-50,1654.05196273014,Epidemic intelligence subnational data
Spain,Comunidad Foral De Navarra,ES22,2021-51,2369.19828974165,Epidemic intelligence subnational data
Spain,Comunidad Foral De Navarra,ES22,2021-52,5560.47213366458,Epidemic intelligence subnational data
Spain,Comunidad Foral De Navarra,ES22,2022-01,7402.792650215,Epidemic intelligence subnational data
Spain,Comunidad Foral De Navarra,ES22,2022-02,6400.06458403464,Epidemic intelligence subnational data
Spain,Comunidad Foral De Navarra,ES22,2022-03,5291.47353653948,Epidemic intelligence subnational data
Spain,Comunidad Foral De Navarra,ES22,2022-04,4132.61661302434,Epidemic intelligence subnational data
Spain,La Rioja,ES23,2020-13,,Epidemic intelligence subnational data
Spain,La Rioja,ES23,2020-14,585.887424785792,Epidemic intelligence subnational data
Spain,La Rioja,ES23,2020-15,574.176006786292,Epidemic intelligence subnational data
Spain,La Rioja,ES23,2020-16,283.289705663578,Epidemic intelligence subnational data
Spain,La Rioja,ES23,2020-17,117.430704805796,Epidemic intelligence subnational data
Spain,La Rioja,ES23,2020-18,77.5485786453371,Epidemic intelligence subnational data
Spain,La Rioja,ES23,2020-19,28.4872329717565,Epidemic intelligence subnational data
Spain,La Rioja,ES23,2020-20,12.0279428102972,Epidemic intelligence subnational data
Spain,La Rioja,ES23,2020-21,7.91312026993236,Epidemic intelligence subnational data
Spain,La Rioja,ES23,2020-22,8.86269470232424,Epidemic intelligence subnational data
Spain,La Rioja,ES23,2020-23,9.17921951312154,Epidemic intelligence subnational data
Spain,La Rioja,ES23,2020-24,5.380921783554,Epidemic intelligence subnational data
Spain,La Rioja,ES23,2020-25,3.48177291877024,Epidemic intelligence subnational data
Spain,La Rioja,ES23,2020-26,2.21567367558106,Epidemic intelligence subnational data
Spain,La Rioja,ES23,2020-27,1.58262405398647,Epidemic intelligence subnational data
Spain,La Rioja,ES23,2020-28,8.86269470232424,Epidemic intelligence subnational data
Spain,La Rioja,ES23,2020-29,15.8262405398647,Epidemic intelligence subnational data
Spain,La Rioja,ES23,2020-30,26.5880841069727,Epidemic intelligence subnational data
Spain,La Rioja,ES23,2020-31,26.90460891777,Epidemic intelligence subnational data
Spain,La Rioja,ES23,2020-32,35.7673036200943,Epidemic intelligence subnational data
Spain,La Rioja,ES23,2020-33,142.436164858783,Epidemic intelligence subnational data
Spain,La Rioja,ES23,2020-34,257.967720799795,Epidemic intelligence subnational data
Spain,La Rioja,ES23,2020-35,355.457362525362,Epidemic intelligence subnational data
Spain,La Rioja,ES23,2020-36,391.224666145456,Epidemic intelligence subnational data
Spain,La Rioja,ES23,2020-37,377.297574470375,Epidemic intelligence subnational data
Spain,La Rioja,ES23,2020-38,446.299983224185,Epidemic intelligence subnational data
Spain,La Rioja,ES23,2020-39,467.507145547604,Epidemic intelligence subnational data
Spain,La Rioja,ES23,2020-40,392.174240577848,Epidemic intelligence subnational data
Spain,La Rioja,ES23,2020-41,384.261120307915,Epidemic intelligence subnational data
Spain,La Rioja,ES23,2020-42,544.739199382144,Epidemic intelligence subnational data
Spain,La Rioja,ES23,2020-43,705.850328077966,Epidemic intelligence subnational data
Spain,La Rioja,ES23,2020-44,723.892242293412,Epidemic intelligence subnational data
Spain,La Rioja,ES23,2020-45,752.696000075966,Epidemic intelligence subnational data
Spain,La Rioja,ES23,2020-46,726.740965590588,Epidemic intelligence subnational data
Spain,La Rioja,ES23,2020-47,566.26288651636,Epidemic intelligence subnational data
Spain,La Rioja,ES23,2020-48,431.73984192751,Epidemic intelligence subnational data
Spain,La Rioja,ES23,2020-49,303.547293554605,Epidemic intelligence subnational data
Spain,La Rioja,ES23,2020-50,213.654247288174,Epidemic intelligence subnational data
Spain,La Rioja,ES23,2020-51,221.883892368903,Epidemic intelligence subnational data
Spain,La Rioja,ES23,2020-52,237.710132908768,Epidemic intelligence subnational data
Spain,La Rioja,ES23,2020-53,333.300625769551,Epidemic intelligence subnational data
Spain,La Rioja,ES23,2021-01,560.565439922008,Epidemic intelligence subnational data
Spain,La Rioja,ES23,2021-02,926.468121203681,Epidemic intelligence subnational data
Spain,La Rioja,ES23,2021-03,1275.2784627023,Epidemic intelligence subnational data
Spain,La Rioja,ES23,2021-04,1320.22498583552,Epidemic intelligence subnational data
Spain,La Rioja,ES23,2021-05,946.092659473113,Epidemic intelligence subnational data
Spain,La Rioja,ES23,2021-06,415.597076576848,Epidemic intelligence subnational data
Spain,La Rioja,ES23,2021-07,149.083185885526,Epidemic intelligence subnational data
Spain,La Rioja,ES23,2021-08,86.4112733476614,Epidemic intelligence subnational data
Spain,La Rioja,ES23,2021-09,75.0163801589588,Epidemic intelligence subnational data
Spain,La Rioja,ES23,2021-10,-17.0923397830539,Epidemic intelligence subnational data
Spain,La Rioja,ES23,2021-11,-14.2436164858783,Epidemic intelligence subnational data
Spain,La Rioja,ES23,2021-12,124.077725832539,Epidemic intelligence subnational data
Spain,La Rioja,ES23,2021-13,179.786092532863,Epidemic intelligence subnational data
Spain,La Rioja,ES23,2021-14,214.920346531363,Epidemic intelligence subnational data
Spain,La Rioja,ES23,2021-15,240.558856205944,Epidemic intelligence subnational data
Spain,La Rioja,ES23,2021-16,275.693110204443,Epidemic intelligence subnational data
Spain,La Rioja,ES23,2021-17,290.253251501119,Epidemic intelligence subnational data
Spain,La Rioja,ES23,2021-18,236.444033665579,Epidemic intelligence subnational data
Spain,La Rioja,ES23,2021-19,172.822546695323,Epidemic intelligence subnational data
Spain,La Rioja,ES23,2021-20,146.867512209945,Epidemic intelligence subnational data
Spain,La Rioja,ES23,2021-21,176.937369235688,Epidemic intelligence subnational data
Spain,La Rioja,ES23,2021-22,222.516941990498,Epidemic intelligence subnational data
Spain,La Rioja,ES23,2021-23,185.167014316417,Epidemic intelligence subnational data
Spain,La Rioja,ES23,2021-24,148.766661074728,Epidemic intelligence subnational data
Spain,La Rioja,ES23,2021-25,138.637867129215,Epidemic intelligence subnational data
Spain,La Rioja,ES23,2021-26,164.276376803796,Epidemic intelligence subnational data
Spain,La Rioja,ES23,2021-27,274.427010961254,Epidemic intelligence subnational data
Spain,La Rioja,ES23,2021-28,464.658422250428,Epidemic intelligence subnational data
Spain,La Rioja,ES23,2021-29,703.001604780791,Epidemic intelligence subnational data
Spain,La Rioja,ES23,2021-30,806.505217911506,Epidemic intelligence subnational data
Spain,La Rioja,ES23,2021-31,688.757988294913,Epidemic intelligence subnational data
Spain,La Rioja,ES23,2021-32,510.554519816036,Epidemic intelligence subnational data
Spain,La Rioja,ES23,2021-33,412.748353279672,Epidemic intelligence subnational data
Spain,La Rioja,ES23,2021-34,322.85530701324,Epidemic intelligence subnational data
Spain,La Rioja,ES23,2021-35,205.741127018241,Epidemic intelligence subnational data
Spain,La Rioja,ES23,2021-36,115.215031130215,Epidemic intelligence subnational data
Spain,La Rioja,ES23,2021-37,71.8511320509858,Epidemic intelligence subnational data
Spain,La Rioja,ES23,2021-38,52.8596434031482,Epidemic intelligence subnational data
Spain,La Rioja,ES23,2021-39,42.4143246468374,Epidemic intelligence subnational data
Spain,La Rioja,ES23,2021-40,34.1846795661078,Epidemic intelligence subnational data
Spain,La Rioja,ES23,2021-41,25.9550344853781,Epidemic intelligence subnational data
Spain,La Rioja,ES23,2021-42,25.9550344853781,Epidemic intelligence subnational data
Spain,La Rioja,ES23,2021-43,13.6105668642837,Epidemic intelligence subnational data
Spain,La Rioja,ES23,2021-44,62.355387727067,Epidemic intelligence subnational data
Spain,La Rioja,ES23,2021-45,129.142122805296,Epidemic intelligence subnational data
Spain,La Rioja,ES23,2021-46,161.111128695823,Epidemic intelligence subnational data
Spain,La Rioja,ES23,2021-47,197.194957126714,Epidemic intelligence subnational data
Spain,La Rioja,ES23,2021-48,214.603821720566,Epidemic intelligence subnational data
Spain,La Rioja,ES23,2021-49,425.725870522361,Epidemic intelligence subnational data
Spain,La Rioja,ES23,2021-50,1038.51790422592,Epidemic intelligence subnational data
Spain,La Rioja,ES23,2021-51,2170.09410282625,Epidemic intelligence subnational data
Spain,La Rioja,ES23,2021-52,3316.23044272325,Epidemic intelligence subnational data
Spain,La Rioja,ES23,2022-01,4274.03452019587,Epidemic intelligence subnational data
Spain,La Rioja,ES23,2022-02,6265.92515454324,Epidemic intelligence subnational data
Spain,La Rioja,ES23,2022-03,5333.12653712361,Epidemic intelligence subnational data
Spain,La Rioja,ES23,2022-04,2547.07515248583,Epidemic intelligence subnational data
Spain,Aragon,ES24,2020-13,,Epidemic intelligence subnational data
Spain,Aragon,ES24,2020-14,250.53877487817,Epidemic intelligence subnational data
Spain,Aragon,ES24,2020-15,181.232819151295,Epidemic intelligence subnational data
Spain,Aragon,ES24,2020-16,104.03410273969,Epidemic intelligence subnational data
Spain,Aragon,ES24,2020-17,45.25182792579,Epidemic intelligence subnational data
Spain,Aragon,ES24,2020-18,31.9468884858152,Epidemic intelligence subnational data
Spain,Aragon,ES24,2020-19,20.1453320334082,Epidemic intelligence subnational data
Spain,Aragon,ES24,2020-20,18.4164415977052,Epidemic intelligence subnational data
Spain,Aragon,ES24,2020-21,17.213735207651,Epidemic intelligence subnational data
Spain,Aragon,ES24,2020-22,15.6351830707049,Epidemic intelligence subnational data
Spain,Aragon,ES24,2020-23,15.3345064731913,Epidemic intelligence subnational data
Spain,Aragon,ES24,2020-24,10.0726660167041,Epidemic intelligence subnational data
Spain,Aragon,ES24,2020-25,16.4620437138671,Epidemic intelligence subnational data
Spain,Aragon,ES24,2020-26,36.4570374485185,Epidemic intelligence subnational data
Spain,Aragon,ES24,2020-27,38.1859278842215,Epidemic intelligence subnational data
Spain,Aragon,ES24,2020-28,46.2290268677091,Epidemic intelligence subnational data
Spain,Aragon,ES24,2020-29,165.447297781834,Epidemic intelligence subnational data
Spain,Aragon,ES24,2020-30,333.149670045019,Epidemic intelligence subnational data
Spain,Aragon,ES24,2020-31,685.31713488277,Epidemic intelligence subnational data
Spain,Aragon,ES24,2020-32,561.663884155321,Epidemic intelligence subnational data
Spain,Aragon,ES24,2020-33,333.149670045019,Epidemic intelligence subnational data
Spain,Aragon,ES24,2020-34,443.723488780629,Epidemic intelligence subnational data
Spain,Aragon,ES24,2020-35,328.639521082316,Epidemic intelligence subnational data
Spain,Aragon,ES24,2020-36,291.1301155425,Epidemic intelligence subnational data
Spain,Aragon,ES24,2020-37,340.591415833479,Epidemic intelligence subnational data
Spain,Aragon,ES24,2020-38,384.640537369215,Epidemic intelligence subnational data
Spain,Aragon,ES24,2020-39,369.681876642916,Epidemic intelligence subnational data
Spain,Aragon,ES24,2020-40,295.940941102716,Epidemic intelligence subnational data
Spain,Aragon,ES24,2020-41,371.260428779862,Epidemic intelligence subnational data
Spain,Aragon,ES24,2020-42,555.274506458158,Epidemic intelligence subnational data
Spain,Aragon,ES24,2020-43,865.497585942768,Epidemic intelligence subnational data
Spain,Aragon,ES24,2020-44,1065.7481998868,Epidemic intelligence subnational data
Spain,Aragon,ES24,2020-45,923.979184159154,Epidemic intelligence subnational data
Spain,Aragon,ES24,2020-46,719.36875955118,Epidemic intelligence subnational data
Spain,Aragon,ES24,2020-47,488.674640108905,Epidemic intelligence subnational data
Spain,Aragon,ES24,2020-48,342.846490314831,Epidemic intelligence subnational data
Spain,Aragon,ES24,2020-49,282.034648467715,Epidemic intelligence subnational data
Spain,Aragon,ES24,2020-50,215.810627865354,Epidemic intelligence subnational data
Spain,Aragon,ES24,2020-51,187.922873445972,Epidemic intelligence subnational data
Spain,Aragon,ES24,2020-52,195.665295831946,Epidemic intelligence subnational data
Spain,Aragon,ES24,2020-53,254.673078093981,Epidemic intelligence subnational data
Spain,Aragon,ES24,2021-01,396.968277867271,Epidemic intelligence subnational data
Spain,Aragon,ES24,2021-02,606.239189736705,Epidemic intelligence subnational data
Spain,Aragon,ES24,2021-03,742.295350111589,Epidemic intelligence subnational data
Spain,Aragon,ES24,2021-04,659.383778347226,Epidemic intelligence subnational data
Spain,Aragon,ES24,2021-05,589.476469425324,Epidemic intelligence subnational data
Spain,Aragon,ES24,2021-06,482.886615606769,Epidemic intelligence subnational data
Spain,Aragon,ES24,2021-07,290.228085749959,Epidemic intelligence subnational data
Spain,Aragon,ES24,2021-08,197.168678819514,Epidemic intelligence subnational data
Spain,Aragon,ES24,2021-09,161.012317968509,Epidemic intelligence subnational data
Spain,Aragon,ES24,2021-10,137.785050810587,Epidemic intelligence subnational data
Spain,Aragon,ES24,2021-11,129.967459275234,Epidemic intelligence subnational data
Spain,Aragon,ES24,2021-12,138.0857274081,Epidemic intelligence subnational data
Spain,Aragon,ES24,2021-13,152.743711536886,Epidemic intelligence subnational data
Spain,Aragon,ES24,2021-14,218.441548093598,Epidemic intelligence subnational data
Spain,Aragon,ES24,2021-15,270.233092015307,Epidemic intelligence subnational data
Spain,Aragon,ES24,2021-16,264.820913260063,Epidemic intelligence subnational data
Spain,Aragon,ES24,2021-17,296.6926325965,Epidemic intelligence subnational data
Spain,Aragon,ES24,2021-18,289.777070853689,Epidemic intelligence subnational data
Spain,Aragon,ES24,2021-19,218.742224691111,Epidemic intelligence subnational data
Spain,Aragon,ES24,2021-20,189.351087284161,Epidemic intelligence subnational data
Spain,Aragon,ES24,2021-21,163.26739244986,Epidemic intelligence subnational data
Spain,Aragon,ES24,2021-22,131.54601141218,Epidemic intelligence subnational data
Spain,Aragon,ES24,2021-23,107.266376162961,Epidemic intelligence subnational data
Spain,Aragon,ES24,2021-24,77.7249004572539,Epidemic intelligence subnational data
Spain,Aragon,ES24,2021-25,78.5517611004162,Epidemic intelligence subnational data
Spain,Aragon,ES24,2021-26,143.347567864587,Epidemic intelligence subnational data
Spain,Aragon,ES24,2021-27,420.120375875815,Epidemic intelligence subnational data
Spain,Aragon,ES24,2021-28,760.862130008051,Epidemic intelligence subnational data
Spain,Aragon,ES24,2021-29,828.288857000465,Epidemic intelligence subnational data
Spain,Aragon,ES24,2021-30,778.827556709486,Epidemic intelligence subnational data
Spain,Aragon,ES24,2021-31,638.712262268169,Epidemic intelligence subnational data
Spain,Aragon,ES24,2021-32,388.173487389999,Epidemic intelligence subnational data
Spain,Aragon,ES24,2021-33,312.778830563476,Epidemic intelligence subnational data
Spain,Aragon,ES24,2021-34,284.740737845337,Epidemic intelligence subnational data
Spain,Aragon,ES24,2021-35,199.799599047757,Epidemic intelligence subnational data
Spain,Aragon,ES24,2021-36,146.053657242209,Epidemic intelligence subnational data
Spain,Aragon,ES24,2021-37,101.25284421269,Epidemic intelligence subnational data
Spain,Aragon,ES24,2021-38,87.6472281752013,Epidemic intelligence subnational data
Spain,Aragon,ES24,2021-39,91.7063622416342,Epidemic intelligence subnational data
Spain,Aragon,ES24,2021-40,78.7772685485514,Epidemic intelligence subnational data
Spain,Aragon,ES24,2021-41,56.5272003325483,Epidemic intelligence subnational data
Spain,Aragon,ES24,2021-42,73.3650897933074,Epidemic intelligence subnational data
Spain,Aragon,ES24,2021-43,48.2585939009256,Epidemic intelligence subnational data
Spain,Aragon,ES24,2021-44,89.6767952084178,Epidemic intelligence subnational data
Spain,Aragon,ES24,2021-45,166.499665873131,Epidemic intelligence subnational data
Spain,Aragon,ES24,2021-46,205.888300147407,Epidemic intelligence subnational data
Spain,Aragon,ES24,2021-47,345.627748841831,Epidemic intelligence subnational data
Spain,Aragon,ES24,2021-48,416.361918406895,Epidemic intelligence subnational data
Spain,Aragon,ES24,2021-49,716.361993576045,Epidemic intelligence subnational data
Spain,Aragon,ES24,2021-50,1062.89177221042,Epidemic intelligence subnational data
Spain,Aragon,ES24,2021-51,1559.15849640654,Epidemic intelligence subnational data
Spain,Aragon,ES24,2021-52,3403.43357640531,Epidemic intelligence subnational data
Spain,Aragon,ES24,2022-01,5241.24410955753,Epidemic intelligence subnational data
Spain,Aragon,ES24,2022-02,5825.83458427326,Epidemic intelligence subnational data
Spain,Aragon,ES24,2022-03,5099.39992468051,Epidemic intelligence subnational data
Spain,Aragon,ES24,2022-04,3722.0756006203,Epidemic intelligence subnational data
Spain,Comunidad De Madrid,ES30,2020-13,,Epidemic intelligence subnational data
Spain,Comunidad De Madrid,ES30,2020-14,450.595725432143,Epidemic intelligence subnational data
Spain,Comunidad De Madrid,ES30,2020-15,484.684606706202,Epidemic intelligence subnational data
Spain,Comunidad De Madrid,ES30,2020-16,186.703320612746,Epidemic intelligence subnational data
Spain,Comunidad De Madrid,ES30,2020-17,89.6982215089577,Epidemic intelligence subnational data
Spain,Comunidad De Madrid,ES30,2020-18,61.5526625787676,Epidemic intelligence subnational data
Spain,Comunidad De Madrid,ES30,2020-19,31.5396258048681,Epidemic intelligence subnational data
Spain,Comunidad De Madrid,ES30,2020-20,29.4053654120575,Epidemic intelligence subnational data
Spain,Comunidad De Madrid,ES30,2020-21,30.7837419157477,Epidemic intelligence subnational data
Spain,Comunidad De Madrid,ES30,2020-22,39.3948897506295,Epidemic intelligence subnational data
Spain,Comunidad De Madrid,ES30,2020-23,40.8325512652311,Epidemic intelligence subnational data
Spain,Comunidad De Madrid,ES30,2020-24,25.4184484282654,Epidemic intelligence subnational data
Spain,Comunidad De Madrid,ES30,2020-25,23.0470479918092,Epidemic intelligence subnational data
Spain,Comunidad De Madrid,ES30,2020-26,18.8970972280107,Epidemic intelligence subnational data
Spain,Comunidad De Madrid,ES30,2020-27,14.480363915111,Epidemic intelligence subnational data
Spain,Comunidad De Madrid,ES30,2020-28,11.0418332822494,Epidemic intelligence subnational data
Spain,Comunidad De Madrid,ES30,2020-29,16.4367692751874,Epidemic intelligence subnational data
Spain,Comunidad De Madrid,ES30,2020-30,32.4733647267228,Epidemic intelligence subnational data
Spain,Comunidad De Madrid,ES30,2020-31,66.2954634516801,Epidemic intelligence subnational data
Spain,Comunidad De Madrid,ES30,2020-32,129.241323786866,Epidemic intelligence subnational data
Spain,Comunidad De Madrid,ES30,2020-33,252.850571537148,Epidemic intelligence subnational data
Spain,Comunidad De Madrid,ES30,2020-34,395.63852031727,Epidemic intelligence subnational data
Spain,Comunidad De Madrid,ES30,2020-35,492.065590564672,Epidemic intelligence subnational data
Spain,Comunidad De Madrid,ES30,2020-36,577.465648782553,Epidemic intelligence subnational data
Spain,Comunidad De Madrid,ES30,2020-37,689.217894350554,Epidemic intelligence subnational data
Spain,Comunidad De Madrid,ES30,2020-38,791.840248238198,Epidemic intelligence subnational data
Spain,Comunidad De Madrid,ES30,2020-39,825.632704457699,Epidemic intelligence subnational data
Spain,Comunidad De Madrid,ES30,2020-40,742.159409094439,Epidemic intelligence subnational data
Spain,Comunidad De Madrid,ES30,2020-41,557.812667665422,Epidemic intelligence subnational data
Spain,Comunidad De Madrid,ES30,2020-42,450.091802839396,Epidemic intelligence subnational data
Spain,Comunidad De Madrid,ES30,2020-43,456.509405270556,Epidemic intelligence subnational data
Spain,Comunidad De Madrid,ES30,2020-44,395.327274009985,Epidemic intelligence subnational data
Spain,Comunidad De Madrid,ES30,2020-45,357.740577092153,Epidemic intelligence subnational data
Spain,Comunidad De Madrid,ES30,2020-46,346.995168864461,Epidemic intelligence subnational data
Spain,Comunidad De Madrid,ES30,2020-47,279.084188865445,Epidemic intelligence subnational data
Spain,Comunidad De Madrid,ES30,2020-48,233.345802947295,Epidemic intelligence subnational data
Spain,Comunidad De Madrid,ES30,2020-49,220.377206810425,Epidemic intelligence subnational data
Spain,Comunidad De Madrid,ES30,2020-50,240.474825509392,Epidemic intelligence subnational data
Spain,Comunidad De Madrid,ES30,2020-51,315.12947549958,Epidemic intelligence subnational data
Spain,Comunidad De Madrid,ES30,2020-52,345.542686097131,Epidemic intelligence subnational data
Spain,Comunidad De Madrid,ES30,2020-53,380.861731347602,Epidemic intelligence subnational data
Spain,Comunidad De Madrid,ES30,2021-01,602.973024727185,Epidemic intelligence subnational data
Spain,Comunidad De Madrid,ES30,2021-02,809.151471424328,Epidemic intelligence subnational data
Spain,Comunidad De Madrid,ES30,2021-03,947.80429069338,Epidemic intelligence subnational data
Spain,Comunidad De Madrid,ES30,2021-04,971.962932639778,Epidemic intelligence subnational data
Spain,Comunidad De Madrid,ES30,2021-05,793.974508631008,Epidemic intelligence subnational data
Spain,Comunidad De Madrid,ES30,2021-06,590.671384963068,Epidemic intelligence subnational data
Spain,Comunidad De Madrid,ES30,2021-07,444.637581835547,Epidemic intelligence subnational data
Spain,Comunidad De Madrid,ES30,2021-08,344.875729724378,Epidemic intelligence subnational data
Spain,Comunidad De Madrid,ES30,2021-09,287.976940502156,Epidemic intelligence subnational data
Spain,Comunidad De Madrid,ES30,2021-10,250.879344924343,Epidemic intelligence subnational data
Spain,Comunidad De Madrid,ES30,2021-11,223.771273685103,Epidemic intelligence subnational data
Spain,Comunidad De Madrid,ES30,2021-12,259.609062781048,Epidemic intelligence subnational data
Spain,Comunidad De Madrid,ES30,2021-13,277.957773658128,Epidemic intelligence subnational data
Spain,Comunidad De Madrid,ES30,2021-14,344.31252212072,Epidemic intelligence subnational data
Spain,Comunidad De Madrid,ES30,2021-15,431.061314336835,Epidemic intelligence subnational data
Spain,Comunidad De Madrid,ES30,2021-16,421.560891338282,Epidemic intelligence subnational data
Spain,Comunidad De Madrid,ES30,2021-17,397.757959457353,Epidemic intelligence subnational data
Spain,Comunidad De Madrid,ES30,2021-18,334.915847891262,Epidemic intelligence subnational data
Spain,Comunidad De Madrid,ES30,2021-19,261.698859415675,Epidemic intelligence subnational data
Spain,Comunidad De Madrid,ES30,2021-20,213.381575522879,Epidemic intelligence subnational data
Spain,Comunidad De Madrid,ES30,2021-21,186.940460656392,Epidemic intelligence subnational data
Spain,Comunidad De Madrid,ES30,2021-22,159.936138186246,Epidemic intelligence subnational data
Spain,Comunidad De Madrid,ES30,2021-23,119.607509513762,Epidemic intelligence subnational data
Spain,Comunidad De Madrid,ES30,2021-24,93.0181821199964,Epidemic intelligence subnational data
Spain,Comunidad De Madrid,ES30,2021-25,89.1794776634829,Epidemic intelligence subnational data
Spain,Comunidad De Madrid,ES30,2021-26,132.279680596075,Epidemic intelligence subnational data
Spain,Comunidad De Madrid,ES30,2021-27,251.946475120749,Epidemic intelligence subnational data
Spain,Comunidad De Madrid,ES30,2021-28,486.996722131747,Epidemic intelligence subnational data
Spain,Comunidad De Madrid,ES30,2021-29,721.468940286359,Epidemic intelligence subnational data
Spain,Comunidad De Madrid,ES30,2021-30,798.924807042111,Epidemic intelligence subnational data
Spain,Comunidad De Madrid,ES30,2021-31,684.475093477641,Epidemic intelligence subnational data
Spain,Comunidad De Madrid,ES30,2021-32,496.08215005392,Epidemic intelligence subnational data
Spain,Comunidad De Madrid,ES30,2021-33,360.645542626812,Epidemic intelligence subnational data
Spain,Comunidad De Madrid,ES30,2021-34,273.941214168881,Epidemic intelligence subnational data
Spain,Comunidad De Madrid,ES30,2021-35,208.638774649967,Epidemic intelligence subnational data
Spain,Comunidad De Madrid,ES30,2021-36,143.706866449249,Epidemic intelligence subnational data
Spain,Comunidad De Madrid,ES30,2021-37,101.436653669416,Epidemic intelligence subnational data
Spain,Comunidad De Madrid,ES30,2021-38,78.0487168648663,Epidemic intelligence subnational data
Spain,Comunidad De Madrid,ES30,2021-39,62.5456865115336,Epidemic intelligence subnational data
Spain,Comunidad De Madrid,ES30,2021-40,55.9798715530954,Epidemic intelligence subnational data
Spain,Comunidad De Madrid,ES30,2021-41,51.4001044601892,Epidemic intelligence subnational data
Spain,Comunidad De Madrid,ES30,2021-42,55.1795239057914,Epidemic intelligence subnational data
Spain,Comunidad De Madrid,ES30,2021-43,31.6137320685074,Epidemic intelligence subnational data
Spain,Comunidad De Madrid,ES30,2021-44,60.5892811514572,Epidemic intelligence subnational data
Spain,Comunidad De Madrid,ES30,2021-45,104.386082962259,Epidemic intelligence subnational data
Spain,Comunidad De Madrid,ES30,2021-46,103.837696611328,Epidemic intelligence subnational data
Spain,Comunidad De Madrid,ES30,2021-47,137.348549029001,Epidemic intelligence subnational data
Spain,Comunidad De Madrid,ES30,2021-48,157.446167727967,Epidemic intelligence subnational data
Spain,Comunidad De Madrid,ES30,2021-49,252.153972658939,Epidemic intelligence subnational data
Spain,Comunidad De Madrid,ES30,2021-50,698.614568580011,Epidemic intelligence subnational data
Spain,Comunidad De Madrid,ES30,2021-51,1814.56597147087,Epidemic intelligence subnational data
Spain,Comunidad De Madrid,ES30,2021-52,2716.15759615881,Epidemic intelligence subnational data
Spain,Comunidad De Madrid,ES30,2022-01,2662.11930871306,Epidemic intelligence subnational data
Spain,Comunidad De Madrid,ES30,2022-02,3025.25482179815,Epidemic intelligence subnational data
Spain,Comunidad De Madrid,ES30,2022-03,2827.24288535405,Epidemic intelligence subnational data
Spain,Comunidad De Madrid,ES30,2022-04,1794.64620780464,Epidemic intelligence subnational data
Spain,Castilla Y Leon,ES41,2020-13,,Epidemic intelligence subnational data
Spain,Castilla Y Leon,ES41,2020-14,253.736819157234,Epidemic intelligence subnational data
Spain,Castilla Y Leon,ES41,2020-15,379.043579184169,Epidemic intelligence subnational data
Spain,Castilla Y Leon,ES41,2020-16,246.90720511788,Epidemic intelligence subnational data
Spain,Castilla Y Leon,ES41,2020-17,82.5383843048806,Epidemic intelligence subnational data
Spain,Castilla Y Leon,ES41,2020-18,88.0770347148449,Epidemic intelligence subnational data
Spain,Castilla Y Leon,ES41,2020-19,48.4319580961535,Epidemic intelligence subnational data
Spain,Castilla Y Leon,ES41,2020-20,36.9382173957766,Epidemic intelligence subnational data
Spain,Castilla Y Leon,ES41,2020-21,24.1118690779646,Epidemic intelligence subnational data
Spain,Castilla Y Leon,ES41,2020-22,17.1989670625205,Epidemic intelligence subnational data
Spain,Castilla Y Leon,ES41,2020-23,23.5704972333817,Epidemic intelligence subnational data
Spain,Castilla Y Leon,ES41,2020-24,18.3233547397313,Epidemic intelligence subnational data
Spain,Castilla Y Leon,ES41,2020-25,13.9090920069779,Epidemic intelligence subnational data
Spain,Castilla Y Leon,ES41,2020-26,13.3260761743501,Epidemic intelligence subnational data
Spain,Castilla Y Leon,ES41,2020-27,10.2444210590316,Epidemic intelligence subnational data
Spain,Castilla Y Leon,ES41,2020-28,5.87180231432299,Epidemic intelligence subnational data
Spain,Castilla Y Leon,ES41,2020-29,7.204409931758,Epidemic intelligence subnational data
Spain,Castilla Y Leon,ES41,2020-30,11.9101805808254,Epidemic intelligence subnational data
Spain,Castilla Y Leon,ES41,2020-31,29.0258596672562,Epidemic intelligence subnational data
Spain,Castilla Y Leon,ES41,2020-32,78.3739855003963,Epidemic intelligence subnational data
Spain,Castilla Y Leon,ES41,2020-33,128.138551213985,Epidemic intelligence subnational data
Spain,Castilla Y Leon,ES41,2020-34,167.658695868542,Epidemic intelligence subnational data
Spain,Castilla Y Leon,ES41,2020-35,230.207965911897,Epidemic intelligence subnational data
Spain,Castilla Y Leon,ES41,2020-36,272.893053657862,Epidemic intelligence subnational data
Spain,Castilla Y Leon,ES41,2020-37,315.828005332096,Epidemic intelligence subnational data
Spain,Castilla Y Leon,ES41,2020-38,381.875370371219,Epidemic intelligence subnational data
Spain,Castilla Y Leon,ES41,2020-39,436.13748679365,Epidemic intelligence subnational data
Spain,Castilla Y Leon,ES41,2020-40,438.094754231758,Epidemic intelligence subnational data
Spain,Castilla Y Leon,ES41,2020-41,440.09366565791,Epidemic intelligence subnational data
Spain,Castilla Y Leon,ES41,2020-42,536.999225838262,Epidemic intelligence subnational data
Spain,Castilla Y Leon,ES41,2020-43,751.549052245298,Epidemic intelligence subnational data
Spain,Castilla Y Leon,ES41,2020-44,864.779055739229,Epidemic intelligence subnational data
Spain,Castilla Y Leon,ES41,2020-45,906.464687772118,Epidemic intelligence subnational data
Spain,Castilla Y Leon,ES41,2020-46,951.690058788818,Epidemic intelligence subnational data
Spain,Castilla Y Leon,ES41,2020-47,811.558039017918,Epidemic intelligence subnational data
Spain,Castilla Y Leon,ES41,2020-48,534.875382447975,Epidemic intelligence subnational data
Spain,Castilla Y Leon,ES41,2020-49,313.954025870078,Epidemic intelligence subnational data
Spain,Castilla Y Leon,ES41,2020-50,227.917546569431,Epidemic intelligence subnational data
Spain,Castilla Y Leon,ES41,2020-51,204.263761359959,Epidemic intelligence subnational data
Spain,Castilla Y Leon,ES41,2020-52,170.157335151232,Epidemic intelligence subnational data
Spain,Castilla Y Leon,ES41,2020-53,189.31356965186,Epidemic intelligence subnational data
Spain,Castilla Y Leon,ES41,2021-01,447.589583505982,Epidemic intelligence subnational data
Spain,Castilla Y Leon,ES41,2021-02,922.039539300889,Epidemic intelligence subnational data
Spain,Castilla Y Leon,ES41,2021-03,1336.313932371,Epidemic intelligence subnational data
Spain,Castilla Y Leon,ES41,2021-04,1352.34686776826,Epidemic intelligence subnational data
Spain,Castilla Y Leon,ES41,2021-05,965.599150795796,Epidemic intelligence subnational data
Spain,Castilla Y Leon,ES41,2021-06,536.749361909993,Epidemic intelligence subnational data
Spain,Castilla Y Leon,ES41,2021-07,295.214231249899,Epidemic intelligence subnational data
Spain,Castilla Y Leon,ES41,2021-08,188.02260602247,Epidemic intelligence subnational data
Spain,Castilla Y Leon,ES41,2021-09,135.176385193563,Epidemic intelligence subnational data
Spain,Castilla Y Leon,ES41,2021-10,110.73136421124,Epidemic intelligence subnational data
Spain,Castilla Y Leon,ES41,2021-11,113.604799386334,Epidemic intelligence subnational data
Spain,Castilla Y Leon,ES41,2021-12,127.680467345491,Epidemic intelligence subnational data
Spain,Castilla Y Leon,ES41,2021-13,155.748515287716,Epidemic intelligence subnational data
Spain,Castilla Y Leon,ES41,2021-14,200.349226483744,Epidemic intelligence subnational data
Spain,Castilla Y Leon,ES41,2021-15,218.089565390848,Epidemic intelligence subnational data
Spain,Castilla Y Leon,ES41,2021-16,199.682922675027,Epidemic intelligence subnational data
Spain,Castilla Y Leon,ES41,2021-17,187.647810130067,Epidemic intelligence subnational data
Spain,Castilla Y Leon,ES41,2021-18,172.614330445878,Epidemic intelligence subnational data
Spain,Castilla Y Leon,ES41,2021-19,148.502461367913,Epidemic intelligence subnational data
Spain,Castilla Y Leon,ES41,2021-20,161.120589745501,Epidemic intelligence subnational data
Spain,Castilla Y Leon,ES41,2021-21,157.747426713869,Epidemic intelligence subnational data
Spain,Castilla Y Leon,ES41,2021-22,126.514435680236,Epidemic intelligence subnational data
Spain,Castilla Y Leon,ES41,2021-23,107.191625227428,Epidemic intelligence subnational data
Spain,Castilla Y Leon,ES41,2021-24,83.0381121614188,Epidemic intelligence subnational data
Spain,Castilla Y Leon,ES41,2021-25,69.37888408271,Epidemic intelligence subnational data
Spain,Castilla Y Leon,ES41,2021-26,238.411831556731,Epidemic intelligence subnational data
Spain,Castilla Y Leon,ES41,2021-27,664.846269135933,Epidemic intelligence subnational data
Spain,Castilla Y Leon,ES41,2021-28,907.25592354497,Epidemic intelligence subnational data
Spain,Castilla Y Leon,ES41,2021-29,845.289669334242,Epidemic intelligence subnational data
Spain,Castilla Y Leon,ES41,2021-30,705.782309384015,Epidemic intelligence subnational data
Spain,Castilla Y Leon,ES41,2021-31,528.2123443608,Epidemic intelligence subnational data
Spain,Castilla Y Leon,ES41,2021-32,342.93824154929,Epidemic intelligence subnational data
Spain,Castilla Y Leon,ES41,2021-33,326.155714367218,Epidemic intelligence subnational data
Spain,Castilla Y Leon,ES41,2021-34,287.801601377916,Epidemic intelligence subnational data
Spain,Castilla Y Leon,ES41,2021-35,196.268115655349,Epidemic intelligence subnational data
Spain,Castilla Y Leon,ES41,2021-36,154.540839634416,Epidemic intelligence subnational data
Spain,Castilla Y Leon,ES41,2021-37,72.2106752697594,Epidemic intelligence subnational data
Spain,Castilla Y Leon,ES41,2021-38,48.9733299407364,Epidemic intelligence subnational data
Spain,Castilla Y Leon,ES41,2021-39,37.7710971566734,Epidemic intelligence subnational data
Spain,Castilla Y Leon,ES41,2021-40,34.8560179935344,Epidemic intelligence subnational data
Spain,Castilla Y Leon,ES41,2021-41,36.3552015631487,Epidemic intelligence subnational data
Spain,Castilla Y Leon,ES41,2021-42,47.765654287436,Epidemic intelligence subnational data
Spain,Castilla Y Leon,ES41,2021-43,28.6094197868078,Epidemic intelligence subnational data
Spain,Castilla Y Leon,ES41,2021-44,58.4681592149609,Epidemic intelligence subnational data
Spain,Castilla Y Leon,ES41,2021-45,108.440944868774,Epidemic intelligence subnational data
Spain,Castilla Y Leon,ES41,2021-46,148.835613272272,Epidemic intelligence subnational data
Spain,Castilla Y Leon,ES41,2021-47,239.702795186122,Epidemic intelligence subnational data
Spain,Castilla Y Leon,ES41,2021-48,281.263495254876,Epidemic intelligence subnational data
Spain,Castilla Y Leon,ES41,2021-49,524.297809484585,Epidemic intelligence subnational data
Spain,Castilla Y Leon,ES41,2021-50,945.068664689688,Epidemic intelligence subnational data
Spain,Castilla Y Leon,ES41,2021-51,1748.21461812255,Epidemic intelligence subnational data
Spain,Castilla Y Leon,ES41,2021-52,3184.97384965771,Epidemic intelligence subnational data
Spain,Castilla Y Leon,ES41,2022-01,4300.28313747472,Epidemic intelligence subnational data
Spain,Castilla Y Leon,ES41,2022-02,4723.6359199386,Epidemic intelligence subnational data
Spain,Castilla Y Leon,ES41,2022-03,4202.12825765302,Epidemic intelligence subnational data
Spain,Castilla Y Leon,ES41,2022-04,3102.35217737674,Epidemic intelligence subnational data
Spain,Castilla-La Mancha,ES42,2020-13,,Epidemic intelligence subnational data
Spain,Castilla-La Mancha,ES42,2020-14,375.64395757824,Epidemic intelligence subnational data
Spain,Castilla-La Mancha,ES42,2020-15,495.660344337035,Epidemic intelligence subnational data
Spain,Castilla-La Mancha,ES42,2020-16,198.039259779991,Epidemic intelligence subnational data
Spain,Castilla-La Mancha,ES42,2020-17,-8.06627446647705,Epidemic intelligence subnational data
Spain,Castilla-La Mancha,ES42,2020-18,51.6241565854531,Epidemic intelligence subnational data
Spain,Castilla-La Mancha,ES42,2020-19,29.2830206389076,Epidemic intelligence subnational data
Spain,Castilla-La Mancha,ES42,2020-20,22.6833415299718,Epidemic intelligence subnational data
Spain,Castilla-La Mancha,ES42,2020-21,17.5013712666593,Epidemic intelligence subnational data
Spain,Castilla-La Mancha,ES42,2020-22,32.3628708897443,Epidemic intelligence subnational data
Spain,Castilla-La Mancha,ES42,2020-23,40.0869397727951,Epidemic intelligence subnational data
Spain,Castilla-La Mancha,ES42,2020-24,25.3232131735461,Epidemic intelligence subnational data
Spain,Castilla-La Mancha,ES42,2020-25,18.4791015050202,Epidemic intelligence subnational data
Spain,Castilla-La Mancha,ES42,2020-26,16.1325489329541,Epidemic intelligence subnational data
Spain,Castilla-La Mancha,ES42,2020-27,14.861499623085,Epidemic intelligence subnational data
Spain,Castilla-La Mancha,ES42,2020-28,11.48833030074,Epidemic intelligence subnational data
Spain,Castilla-La Mancha,ES42,2020-29,9.43509680018225,Epidemic intelligence subnational data
Spain,Castilla-La Mancha,ES42,2020-30,11.8305358841663,Epidemic intelligence subnational data
Spain,Castilla-La Mancha,ES42,2020-31,23.1233201372342,Epidemic intelligence subnational data
Spain,Castilla-La Mancha,ES42,2020-32,39.5980746536146,Epidemic intelligence subnational data
Spain,Castilla-La Mancha,ES42,2020-33,70.3965771619815,Epidemic intelligence subnational data
Spain,Castilla-La Mancha,ES42,2020-34,123.927307712238,Epidemic intelligence subnational data
Spain,Castilla-La Mancha,ES42,2020-35,183.813284811841,Epidemic intelligence subnational data
Spain,Castilla-La Mancha,ES42,2020-36,263.00943411907,Epidemic intelligence subnational data
Spain,Castilla-La Mancha,ES42,2020-37,396.1274060719,Epidemic intelligence subnational data
Spain,Castilla-La Mancha,ES42,2020-38,479.185589820655,Epidemic intelligence subnational data
Spain,Castilla-La Mancha,ES42,2020-39,499.522378778561,Epidemic intelligence subnational data
Spain,Castilla-La Mancha,ES42,2020-40,460.559828779881,Epidemic intelligence subnational data
Spain,Castilla-La Mancha,ES42,2020-41,361.515755633926,Epidemic intelligence subnational data
Spain,Castilla-La Mancha,ES42,2020-42,386.447876712128,Epidemic intelligence subnational data
Spain,Castilla-La Mancha,ES42,2020-43,517.561501676319,Epidemic intelligence subnational data
Spain,Castilla-La Mancha,ES42,2020-44,568.696793142591,Epidemic intelligence subnational data
Spain,Castilla-La Mancha,ES42,2020-45,591.233475136809,Epidemic intelligence subnational data
Spain,Castilla-La Mancha,ES42,2020-46,574.172082477412,Epidemic intelligence subnational data
Spain,Castilla-La Mancha,ES42,2020-47,450.09811522942,Epidemic intelligence subnational data
Spain,Castilla-La Mancha,ES42,2020-48,396.860703750671,Epidemic intelligence subnational data
Spain,Castilla-La Mancha,ES42,2020-49,345.43209321289,Epidemic intelligence subnational data
Spain,Castilla-La Mancha,ES42,2020-50,260.125129915905,Epidemic intelligence subnational data
Spain,Castilla-La Mancha,ES42,2020-51,305.540699487767,Epidemic intelligence subnational data
Spain,Castilla-La Mancha,ES42,2020-52,336.876953627233,Epidemic intelligence subnational data
Spain,Castilla-La Mancha,ES42,2020-53,388.256677653095,Epidemic intelligence subnational data
Spain,Castilla-La Mancha,ES42,2021-01,607.072704998255,Epidemic intelligence subnational data
Spain,Castilla-La Mancha,ES42,2021-02,1093.78681765429,Epidemic intelligence subnational data
Spain,Castilla-La Mancha,ES42,2021-03,1426.85062335191,Epidemic intelligence subnational data
Spain,Castilla-La Mancha,ES42,2021-04,1341.44588703109,Epidemic intelligence subnational data
Spain,Castilla-La Mancha,ES42,2021-05,1046.80687970105,Epidemic intelligence subnational data
Spain,Castilla-La Mancha,ES42,2021-06,600.179706817811,Epidemic intelligence subnational data
Spain,Castilla-La Mancha,ES42,2021-07,296.447808271011,Epidemic intelligence subnational data
Spain,Castilla-La Mancha,ES42,2021-08,198.479238387254,Epidemic intelligence subnational data
Spain,Castilla-La Mancha,ES42,2021-09,155.60576743513,Epidemic intelligence subnational data
Spain,Castilla-La Mancha,ES42,2021-10,184.644355514447,Epidemic intelligence subnational data
Spain,Castilla-La Mancha,ES42,2021-11,178.386881988938,Epidemic intelligence subnational data
Spain,Castilla-La Mancha,ES42,2021-12,115.518827662335,Epidemic intelligence subnational data
Spain,Castilla-La Mancha,ES42,2021-13,119.429748615778,Epidemic intelligence subnational data
Spain,Castilla-La Mancha,ES42,2021-14,174.182641963986,Epidemic intelligence subnational data
Spain,Castilla-La Mancha,ES42,2021-15,233.873073015917,Epidemic intelligence subnational data
Spain,Castilla-La Mancha,ES42,2021-16,243.503715863771,Epidemic intelligence subnational data
Spain,Castilla-La Mancha,ES42,2021-17,237.686220945524,Epidemic intelligence subnational data
Spain,Castilla-La Mancha,ES42,2021-18,213.682943593765,Epidemic intelligence subnational data
Spain,Castilla-La Mancha,ES42,2021-19,156.779043721163,Epidemic intelligence subnational data
Spain,Castilla-La Mancha,ES42,2021-20,100.90176059884,Epidemic intelligence subnational data
Spain,Castilla-La Mancha,ES42,2021-21,178.924633620036,Epidemic intelligence subnational data
Spain,Castilla-La Mancha,ES42,2021-22,182.248916430463,Epidemic intelligence subnational data
Spain,Castilla-La Mancha,ES42,2021-23,101.390625718021,Epidemic intelligence subnational data
Spain,Castilla-La Mancha,ES42,2021-24,84.9647577135583,Epidemic intelligence subnational data
Spain,Castilla-La Mancha,ES42,2021-25,59.7882040757663,Epidemic intelligence subnational data
Spain,Castilla-La Mancha,ES42,2021-26,72.107605079113,Epidemic intelligence subnational data
Spain,Castilla-La Mancha,ES42,2021-27,149.348293909621,Epidemic intelligence subnational data
Spain,Castilla-La Mancha,ES42,2021-28,247.365750305296,Epidemic intelligence subnational data
Spain,Castilla-La Mancha,ES42,2021-29,364.351173325173,Epidemic intelligence subnational data
Spain,Castilla-La Mancha,ES42,2021-30,520.445805879483,Epidemic intelligence subnational data
Spain,Castilla-La Mancha,ES42,2021-31,567.083538249296,Epidemic intelligence subnational data
Spain,Castilla-La Mancha,ES42,2021-32,496.833620623068,Epidemic intelligence subnational data
Spain,Castilla-La Mancha,ES42,2021-33,423.894944841349,Epidemic intelligence subnational data
Spain,Castilla-La Mancha,ES42,2021-34,378.968240388667,Epidemic intelligence subnational data
Spain,Castilla-La Mancha,ES42,2021-35,302.851941332275,Epidemic intelligence subnational data
Spain,Castilla-La Mancha,ES42,2021-36,206.252193782222,Epidemic intelligence subnational data
Spain,Castilla-La Mancha,ES42,2021-37,144.068550622472,Epidemic intelligence subnational data
Spain,Castilla-La Mancha,ES42,2021-38,104.66602201653,Epidemic intelligence subnational data
Spain,Castilla-La Mancha,ES42,2021-39,84.4270060824598,Epidemic intelligence subnational data
Spain,Castilla-La Mancha,ES42,2021-40,84.1825735228696,Epidemic intelligence subnational data
Spain,Castilla-La Mancha,ES42,2021-41,71.7165129837687,Epidemic intelligence subnational data
Spain,Castilla-La Mancha,ES42,2021-42,52.4552272880599,Epidemic intelligence subnational data
Spain,Castilla-La Mancha,ES42,2021-43,25.8120782927266,Epidemic intelligence subnational data
Spain,Castilla-La Mancha,ES42,2021-44,59.5437715161761,Epidemic intelligence subnational data
Spain,Castilla-La Mancha,ES42,2021-45,100.755101063086,Epidemic intelligence subnational data
Spain,Castilla-La Mancha,ES42,2021-46,93.4221242753797,Epidemic intelligence subnational data
Spain,Castilla-La Mancha,ES42,2021-47,130.966965428437,Epidemic intelligence subnational data
Spain,Castilla-La Mancha,ES42,2021-48,130.526986821174,Epidemic intelligence subnational data
Spain,Castilla-La Mancha,ES42,2021-49,196.81709698204,Epidemic intelligence subnational data
Spain,Castilla-La Mancha,ES42,2021-50,368.995391957387,Epidemic intelligence subnational data
Spain,Castilla-La Mancha,ES42,2021-51,1035.80741451949,Epidemic intelligence subnational data
Spain,Castilla-La Mancha,ES42,2021-52,2398.07895562767,Epidemic intelligence subnational data
Spain,Castilla-La Mancha,ES42,2022-01,3409.54088721197,Epidemic intelligence subnational data
Spain,Castilla-La Mancha,ES42,2022-02,3560.45354950297,Epidemic intelligence subnational data
Spain,Castilla-La Mancha,ES42,2022-03,3364.95638834272,Epidemic intelligence subnational data
Spain,Castilla-La Mancha,ES42,2022-04,2814.29871809788,Epidemic intelligence subnational data
Spain,Extremadura,ES43,2020-13,,Epidemic intelligence subnational data
Spain,Extremadura,ES43,2020-14,108.005902188273,Epidemic intelligence subnational data
Spain,Extremadura,ES43,2020-15,103.203547339448,Epidemic intelligence subnational data
Spain,Extremadura,ES43,2020-16,56.4041285185489,Epidemic intelligence subnational data
Spain,Extremadura,ES43,2020-17,12.1471328529095,Epidemic intelligence subnational data
Spain,Extremadura,ES43,2020-18,15.2545389315608,Epidemic intelligence subnational data
Spain,Extremadura,ES43,2020-19,12.6179519557355,Epidemic intelligence subnational data
Spain,Extremadura,ES43,2020-20,6.6856312601285,Epidemic intelligence subnational data
Spain,Extremadura,ES43,2020-21,3.38989754034684,Epidemic intelligence subnational data
Spain,Extremadura,ES43,2020-22,2.16576787299937,Epidemic intelligence subnational data
Spain,Extremadura,ES43,2020-23,2.16576787299937,Epidemic intelligence subnational data
Spain,Extremadura,ES43,2020-24,1.78911259073861,Epidemic intelligence subnational data
Spain,Extremadura,ES43,2020-25,3.10740607865127,Epidemic intelligence subnational data
Spain,Extremadura,ES43,2020-26,3.7665528226076,Epidemic intelligence subnational data
Spain,Extremadura,ES43,2020-27,5.17901013108545,Epidemic intelligence subnational data
Spain,Extremadura,ES43,2020-28,16.1961771372127,Epidemic intelligence subnational data
Spain,Extremadura,ES43,2020-29,19.9627299598203,Epidemic intelligence subnational data
Spain,Extremadura,ES43,2020-30,11.2996584678228,Epidemic intelligence subnational data
Spain,Extremadura,ES43,2020-31,16.5728324194735,Epidemic intelligence subnational data
Spain,Extremadura,ES43,2020-32,28.6258014518178,Epidemic intelligence subnational data
Spain,Extremadura,ES43,2020-33,45.1044700507261,Epidemic intelligence subnational data
Spain,Extremadura,ES43,2020-34,79.0034454541945,Epidemic intelligence subnational data
Spain,Extremadura,ES43,2020-35,115.350680192358,Epidemic intelligence subnational data
Spain,Extremadura,ES43,2020-36,153.110372238999,Epidemic intelligence subnational data
Spain,Extremadura,ES43,2020-37,197.93235082803,Epidemic intelligence subnational data
Spain,Extremadura,ES43,2020-38,287.952963288351,Epidemic intelligence subnational data
Spain,Extremadura,ES43,2020-39,304.714123348955,Epidemic intelligence subnational data
Spain,Extremadura,ES43,2020-40,231.925490052063,Epidemic intelligence subnational data
Spain,Extremadura,ES43,2020-41,236.727844900888,Epidemic intelligence subnational data
Spain,Extremadura,ES43,2020-42,308.104020889302,Epidemic intelligence subnational data
Spain,Extremadura,ES43,2020-43,443.040775759219,Epidemic intelligence subnational data
Spain,Extremadura,ES43,2020-44,538.805381274018,Epidemic intelligence subnational data
Spain,Extremadura,ES43,2020-45,579.578315578745,Epidemic intelligence subnational data
Spain,Extremadura,ES43,2020-46,514.134460285938,Epidemic intelligence subnational data
Spain,Extremadura,ES43,2020-47,356.127569377549,Epidemic intelligence subnational data
Spain,Extremadura,ES43,2020-48,261.492929709533,Epidemic intelligence subnational data
Spain,Extremadura,ES43,2020-49,195.76658295503,Epidemic intelligence subnational data
Spain,Extremadura,ES43,2020-50,163.091737218909,Epidemic intelligence subnational data
Spain,Extremadura,ES43,2020-51,287.670471826656,Epidemic intelligence subnational data
Spain,Extremadura,ES43,2020-52,421.477260849791,Epidemic intelligence subnational data
Spain,Extremadura,ES43,2020-53,613.853946264474,Epidemic intelligence subnational data
Spain,Extremadura,ES43,2021-01,1043.24096804174,Epidemic intelligence subnational data
Spain,Extremadura,ES43,2021-02,1421.02621614928,Epidemic intelligence subnational data
Spain,Extremadura,ES43,2021-03,1421.02621614928,Epidemic intelligence subnational data
Spain,Extremadura,ES43,2021-04,1040.13356196309,Epidemic intelligence subnational data
Spain,Extremadura,ES43,2021-05,577.977530629137,Epidemic intelligence subnational data
Spain,Extremadura,ES43,2021-06,268.649380072487,Epidemic intelligence subnational data
Spain,Extremadura,ES43,2021-07,137.855833307438,Epidemic intelligence subnational data
Spain,Extremadura,ES43,2021-08,70.4345377827622,Epidemic intelligence subnational data
Spain,Extremadura,ES43,2021-09,48.6826952322033,Epidemic intelligence subnational data
Spain,Extremadura,ES43,2021-10,68.6454251920236,Epidemic intelligence subnational data
Spain,Extremadura,ES43,2021-11,91.2447421276692,Epidemic intelligence subnational data
Spain,Extremadura,ES43,2021-12,97.1770628232762,Epidemic intelligence subnational data
Spain,Extremadura,ES43,2021-13,121.471328529095,Epidemic intelligence subnational data
Spain,Extremadura,ES43,2021-14,144.729792208697,Epidemic intelligence subnational data
Spain,Extremadura,ES43,2021-15,136.25504835783,Epidemic intelligence subnational data
Spain,Extremadura,ES43,2021-16,120.529690323443,Epidemic intelligence subnational data
Spain,Extremadura,ES43,2021-17,106.875936341491,Epidemic intelligence subnational data
Spain,Extremadura,ES43,2021-18,90.4914315631477,Epidemic intelligence subnational data
Spain,Extremadura,ES43,2021-19,79.6625921981508,Epidemic intelligence subnational data
Spain,Extremadura,ES43,2021-20,81.3575409683242,Epidemic intelligence subnational data
Spain,Extremadura,ES43,2021-21,75.5193840932825,Epidemic intelligence subnational data
Spain,Extremadura,ES43,2021-22,72.317814194066,Epidemic intelligence subnational data
Spain,Extremadura,ES43,2021-23,66.856312601285,Epidemic intelligence subnational data
Spain,Extremadura,ES43,2021-24,60.923991905678,Epidemic intelligence subnational data
Spain,Extremadura,ES43,2021-25,69.7753910388059,Epidemic intelligence subnational data
Spain,Extremadura,ES43,2021-26,150.944604366,Epidemic intelligence subnational data
Spain,Extremadura,ES43,2021-27,287.293816544395,Epidemic intelligence subnational data
Spain,Extremadura,ES43,2021-28,415.639103974749,Epidemic intelligence subnational data
Spain,Extremadura,ES43,2021-29,559.52142179836,Epidemic intelligence subnational data
Spain,Extremadura,ES43,2021-30,619.786266960081,Epidemic intelligence subnational data
Spain,Extremadura,ES43,2021-31,573.175175780312,Epidemic intelligence subnational data
Spain,Extremadura,ES43,2021-32,510.1795798222,Epidemic intelligence subnational data
Spain,Extremadura,ES43,2021-33,496.619989660813,Epidemic intelligence subnational data
Spain,Extremadura,ES43,2021-34,473.926508904602,Epidemic intelligence subnational data
Spain,Extremadura,ES43,2021-35,326.654293540644,Epidemic intelligence subnational data
Spain,Extremadura,ES43,2021-36,167.517436785473,Epidemic intelligence subnational data
Spain,Extremadura,ES43,2021-37,89.8322848191913,Epidemic intelligence subnational data
Spain,Extremadura,ES43,2021-38,55.9333094157229,Epidemic intelligence subnational data
Spain,Extremadura,ES43,2021-39,47.081910282595,Epidemic intelligence subnational data
Spain,Extremadura,ES43,2021-40,45.1044700507261,Epidemic intelligence subnational data
Spain,Extremadura,ES43,2021-41,40.2079513813362,Epidemic intelligence subnational data
Spain,Extremadura,ES43,2021-42,36.5355623792938,Epidemic intelligence subnational data
Spain,Extremadura,ES43,2021-43,15.7253580343867,Epidemic intelligence subnational data
Spain,Extremadura,ES43,2021-44,30.1324225808608,Epidemic intelligence subnational data
Spain,Extremadura,ES43,2021-45,56.3099646979837,Epidemic intelligence subnational data
Spain,Extremadura,ES43,2021-46,62.8072683169818,Epidemic intelligence subnational data
Spain,Extremadura,ES43,2021-47,84.8416023292363,Epidemic intelligence subnational data
Spain,Extremadura,ES43,2021-48,100.755288004753,Epidemic intelligence subnational data
Spain,Extremadura,ES43,2021-49,219.119210455197,Epidemic intelligence subnational data
Spain,Extremadura,ES43,2021-50,479.576338138513,Epidemic intelligence subnational data
Spain,Extremadura,ES43,2021-51,1351.25082511048,Epidemic intelligence subnational data
Spain,Extremadura,ES43,2021-52,2791.29813301393,Epidemic intelligence subnational data
Spain,Extremadura,ES43,2022-01,3571.72787785823,Epidemic intelligence subnational data
Spain,Extremadura,ES43,2022-02,3808.73821422081,Epidemic intelligence subnational data
Spain,Extremadura,ES43,2022-03,3609.3934060843,Epidemic intelligence subnational data
Spain,Extremadura,ES43,2022-04,2906.17799410346,Epidemic intelligence subnational data
Spain,Cataluna,ES51,2020-13,,Epidemic intelligence subnational data
Spain,Cataluna,ES51,2020-14,218.638775967847,Epidemic intelligence subnational data
Spain,Cataluna,ES51,2020-15,289.571253163082,Epidemic intelligence subnational data
Spain,Cataluna,ES51,2020-16,216.52177867499,Epidemic intelligence subnational data
Spain,Cataluna,ES51,2020-17,138.519575952374,Epidemic intelligence subnational data
Spain,Cataluna,ES51,2020-18,82.3015367309485,Epidemic intelligence subnational data
Spain,Cataluna,ES51,2020-19,81.3867848142818,Epidemic intelligence subnational data
Spain,Cataluna,ES51,2020-20,61.8241616821399,Epidemic intelligence subnational data
Spain,Cataluna,ES51,2020-21,9.72250608571382,Epidemic intelligence subnational data
Spain,Cataluna,ES51,2020-22,40.6933924071409,Epidemic intelligence subnational data
Spain,Cataluna,ES51,2020-23,43.699005847617,Epidemic intelligence subnational data
Spain,Cataluna,ES51,2020-24,11.8787070321423,Epidemic intelligence subnational data
Spain,Cataluna,ES51,2020-25,19.8893202452372,Epidemic intelligence subnational data
Spain,Cataluna,ES51,2020-26,20.2552210119038,Epidemic intelligence subnational data
Spain,Cataluna,ES51,2020-27,28.6055992226177,Epidemic intelligence subnational data
Spain,Cataluna,ES51,2020-28,51.422125601188,Epidemic intelligence subnational data
Spain,Cataluna,ES51,2020-29,90.9916799392814,Epidemic intelligence subnational data
Spain,Cataluna,ES51,2020-30,142.479144963089,Epidemic intelligence subnational data
Spain,Cataluna,ES51,2020-31,172.143242832135,Epidemic intelligence subnational data
Spain,Cataluna,ES51,2020-32,165.739979415468,Epidemic intelligence subnational data
Spain,Cataluna,ES51,2020-33,157.389601204754,Epidemic intelligence subnational data
Spain,Cataluna,ES51,2020-34,180.362942197611,Epidemic intelligence subnational data
Spain,Cataluna,ES51,2020-35,203.127197038086,Epidemic intelligence subnational data
Spain,Cataluna,ES51,2020-36,211.13781025118,Epidemic intelligence subnational data
Spain,Cataluna,ES51,2020-37,166.301898449992,Epidemic intelligence subnational data
Spain,Cataluna,ES51,2020-38,179.369782973801,Epidemic intelligence subnational data
Spain,Cataluna,ES51,2020-39,206.09360682499,Epidemic intelligence subnational data
Spain,Cataluna,ES51,2020-40,211.268489096419,Epidemic intelligence subnational data
Spain,Cataluna,ES51,2020-41,295.3995296607,Epidemic intelligence subnational data
Spain,Cataluna,ES51,2020-42,400.988036613076,Epidemic intelligence subnational data
Spain,Cataluna,ES51,2020-43,658.177071926159,Epidemic intelligence subnational data
Spain,Cataluna,ES51,2020-44,758.159456417821,Epidemic intelligence subnational data
Spain,Cataluna,ES51,2020-45,719.818283224966,Epidemic intelligence subnational data
Spain,Cataluna,ES51,2020-46,605.931669599971,Epidemic intelligence subnational data
Spain,Cataluna,ES51,2020-47,374.89147121903,Epidemic intelligence subnational data
Spain,Cataluna,ES51,2020-48,269.002402922606,Epidemic intelligence subnational data
Spain,Cataluna,ES51,2020-49,218.220603663085,Epidemic intelligence subnational data
Spain,Cataluna,ES51,2020-50,218.926269427371,Epidemic intelligence subnational data
Spain,Cataluna,ES51,2020-51,275.719295567844,Epidemic intelligence subnational data
Spain,Cataluna,ES51,2020-52,331.506094599984,Epidemic intelligence subnational data
Spain,Cataluna,ES51,2020-53,355.015218858316,Epidemic intelligence subnational data
Spain,Cataluna,ES51,2021-01,704.476586794014,Epidemic intelligence subnational data
Spain,Cataluna,ES51,2021-02,1022.99320417733,Epidemic intelligence subnational data
Spain,Cataluna,ES51,2021-03,950.126680072574,Epidemic intelligence subnational data
Spain,Cataluna,ES51,2021-04,803.021503988057,Epidemic intelligence subnational data
Spain,Cataluna,ES51,2021-05,761.34802024163,Epidemic intelligence subnational data
Spain,Cataluna,ES51,2021-06,646.990962773779,Epidemic intelligence subnational data
Spain,Cataluna,ES51,2021-07,457.663451792835,Epidemic intelligence subnational data
Spain,Cataluna,ES51,2021-08,417.636521496409,Epidemic intelligence subnational data
Spain,Cataluna,ES51,2021-09,-744.163752092822,Epidemic intelligence subnational data
Spain,Cataluna,ES51,2021-10,-859.16113590234,Epidemic intelligence subnational data
Spain,Cataluna,ES51,2021-11,183.734456404753,Epidemic intelligence subnational data
Spain,Cataluna,ES51,2021-12,227.629480520227,Epidemic intelligence subnational data
Spain,Cataluna,ES51,2021-13,243.114923680941,Epidemic intelligence subnational data
Spain,Cataluna,ES51,2021-14,243.702978484512,Epidemic intelligence subnational data
Spain,Cataluna,ES51,2021-15,279.914086499987,Epidemic intelligence subnational data
Spain,Cataluna,ES51,2021-16,326.853927709508,Epidemic intelligence subnational data
Spain,Cataluna,ES51,2021-17,322.959698121413,Epidemic intelligence subnational data
Spain,Cataluna,ES51,2021-18,243.480824447608,Epidemic intelligence subnational data
Spain,Cataluna,ES51,2021-19,181.395305074991,Epidemic intelligence subnational data
Spain,Cataluna,ES51,2021-20,156.919157361897,Epidemic intelligence subnational data
Spain,Cataluna,ES51,2021-21,266.467233324987,Epidemic intelligence subnational data
Spain,Cataluna,ES51,2021-22,253.81752110594,Epidemic intelligence subnational data
Spain,Cataluna,ES51,2021-23,107.979929820233,Epidemic intelligence subnational data
Spain,Cataluna,ES51,2021-24,97.1335856654716,Epidemic intelligence subnational data
Spain,Cataluna,ES51,2021-25,135.605437703565,Epidemic intelligence subnational data
Spain,Cataluna,ES51,2021-26,464.001375786883,Epidemic intelligence subnational data
Spain,Cataluna,ES51,2021-27,722.850032434489,Epidemic intelligence subnational data
Spain,Cataluna,ES51,2021-28,1301.37834818803,Epidemic intelligence subnational data
Spain,Cataluna,ES51,2021-29,1509.4321376916,Epidemic intelligence subnational data
Spain,Cataluna,ES51,2021-30,915.130885317814,Epidemic intelligence subnational data
Spain,Cataluna,ES51,2021-31,608.832739964257,Epidemic intelligence subnational data
Spain,Cataluna,ES51,2021-32,427.711860464265,Epidemic intelligence subnational data
Spain,Cataluna,ES51,2021-33,333.335598433317,Epidemic intelligence subnational data
Spain,Cataluna,ES51,2021-34,250.472142667845,Epidemic intelligence subnational data
Spain,Cataluna,ES51,2021-35,183.786727942848,Epidemic intelligence subnational data
Spain,Cataluna,ES51,2021-36,186.165082926182,Epidemic intelligence subnational data
Spain,Cataluna,ES51,2021-37,159.349783883326,Epidemic intelligence subnational data
Spain,Cataluna,ES51,2021-38,107.404942901185,Epidemic intelligence subnational data
Spain,Cataluna,ES51,2021-39,102.086313899995,Epidemic intelligence subnational data
Spain,Cataluna,ES51,2021-40,97.4080112404716,Epidemic intelligence subnational data
Spain,Cataluna,ES51,2021-41,86.6531422773768,Epidemic intelligence subnational data
Spain,Cataluna,ES51,2021-42,76.9437040761868,Epidemic intelligence subnational data
Spain,Cataluna,ES51,2021-43,36.6162124357125,Epidemic intelligence subnational data
Spain,Cataluna,ES51,2021-44,85.0196567119007,Epidemic intelligence subnational data
Spain,Cataluna,ES51,2021-45,159.388987536897,Epidemic intelligence subnational data
Spain,Cataluna,ES51,2021-46,195.756910166657,Epidemic intelligence subnational data
Spain,Cataluna,ES51,2021-47,280.933381492844,Epidemic intelligence subnational data
Spain,Cataluna,ES51,2021-48,275.98065325832,Epidemic intelligence subnational data
Spain,Cataluna,ES51,2021-49,465.12521385593,Epidemic intelligence subnational data
Spain,Cataluna,ES51,2021-50,696.884145885681,Epidemic intelligence subnational data
Spain,Cataluna,ES51,2021-51,1036.17869966186,Epidemic intelligence subnational data
Spain,Cataluna,ES51,2021-52,2774.39029171177,Epidemic intelligence subnational data
Spain,Cataluna,ES51,2022-01,4160.59227834385,Epidemic intelligence subnational data
Spain,Cataluna,ES51,2022-02,4822.28461120691,Epidemic intelligence subnational data
Spain,Cataluna,ES51,2022-03,5967.01822760805,Epidemic intelligence subnational data
Spain,Cataluna,ES51,2022-04,5746.24938646282,Epidemic intelligence subnational data
Spain,Comunidad Valenciana,ES52,2020-13,,Epidemic intelligence subnational data
Spain,Comunidad Valenciana,ES52,2020-14,84.3649297194205,Epidemic intelligence subnational data
Spain,Comunidad Valenciana,ES52,2020-15,87.0094113721857,Epidemic intelligence subnational data
Spain,Comunidad Valenciana,ES52,2020-16,48.2369360120938,Epidemic intelligence subnational data
Spain,Comunidad Valenciana,ES52,2020-17,16.8014059893732,Epidemic intelligence subnational data
Spain,Comunidad Valenciana,ES52,2020-18,14.3756408642802,Epidemic intelligence subnational data
Spain,Comunidad Valenciana,ES52,2020-19,8.13227816527056,Epidemic intelligence subnational data
Spain,Comunidad Valenciana,ES52,2020-20,6.40242926458954,Epidemic intelligence subnational data
Spain,Comunidad Valenciana,ES52,2020-21,4.91118021227831,Epidemic intelligence subnational data
Spain,Comunidad Valenciana,ES52,2020-22,6.4421959059845,Epidemic intelligence subnational data
Spain,Comunidad Valenciana,ES52,2020-23,7.05857884760648,Epidemic intelligence subnational data
Spain,Comunidad Valenciana,ES52,2020-24,3.6386476876394,Epidemic intelligence subnational data
Spain,Comunidad Valenciana,ES52,2020-25,3.02226474601742,Epidemic intelligence subnational data
Spain,Comunidad Valenciana,ES52,2020-26,3.14156467020232,Epidemic intelligence subnational data
Spain,Comunidad Valenciana,ES52,2020-27,3.79771425321926,Epidemic intelligence subnational data
Spain,Comunidad Valenciana,ES52,2020-28,5.01059681576572,Epidemic intelligence subnational data
Spain,Comunidad Valenciana,ES52,2020-29,9.88201038664907,Epidemic intelligence subnational data
Spain,Comunidad Valenciana,ES52,2020-30,20.9967866565421,Epidemic intelligence subnational data
Spain,Comunidad Valenciana,ES52,2020-31,35.6309106898896,Epidemic intelligence subnational data
Spain,Comunidad Valenciana,ES52,2020-32,55.1960982562129,Epidemic intelligence subnational data
Spain,Comunidad Valenciana,ES52,2020-33,77.6841339650662,Epidemic intelligence subnational data
Spain,Comunidad Valenciana,ES52,2020-34,101.106685746701,Epidemic intelligence subnational data
Spain,Comunidad Valenciana,ES52,2020-35,141.668659969567,Epidemic intelligence subnational data
Spain,Comunidad Valenciana,ES52,2020-36,154.393985215956,Epidemic intelligence subnational data
Spain,Comunidad Valenciana,ES52,2020-37,151.053587338779,Epidemic intelligence subnational data
Spain,Comunidad Valenciana,ES52,2020-38,151.630203639006,Epidemic intelligence subnational data
Spain,Comunidad Valenciana,ES52,2020-39,148.488638968803,Epidemic intelligence subnational data
Spain,Comunidad Valenciana,ES52,2020-40,147.514356254627,Epidemic intelligence subnational data
Spain,Comunidad Valenciana,ES52,2020-41,119.498757391873,Epidemic intelligence subnational data
Spain,Comunidad Valenciana,ES52,2020-42,147.295639726954,Epidemic intelligence subnational data
Spain,Comunidad Valenciana,ES52,2020-43,215.932862774666,Epidemic intelligence subnational data
Spain,Comunidad Valenciana,ES52,2020-44,249.754391281084,Epidemic intelligence subnational data
Spain,Comunidad Valenciana,ES52,2020-45,322.3086285062,Epidemic intelligence subnational data
Spain,Comunidad Valenciana,ES52,2020-46,407.647840939797,Epidemic intelligence subnational data
Spain,Comunidad Valenciana,ES52,2020-47,420.233982941304,Epidemic intelligence subnational data
Spain,Comunidad Valenciana,ES52,2020-48,362.095153221864,Epidemic intelligence subnational data
Spain,Comunidad Valenciana,ES52,2020-49,326.444359211276,Epidemic intelligence subnational data
Spain,Comunidad Valenciana,ES52,2020-50,304.055740105911,Epidemic intelligence subnational data
Spain,Comunidad Valenciana,ES52,2020-51,372.991212964084,Epidemic intelligence subnational data
Spain,Comunidad Valenciana,ES52,2020-52,439.978120393905,Epidemic intelligence subnational data
Spain,Comunidad Valenciana,ES52,2020-53,446.181716451519,Epidemic intelligence subnational data
Spain,Comunidad Valenciana,ES52,2021-01,686.213163911534,Epidemic intelligence subnational data
Spain,Comunidad Valenciana,ES52,2021-02,1164.12866019624,Epidemic intelligence subnational data
Spain,Comunidad Valenciana,ES52,2021-03,1800.83235557104,Epidemic intelligence subnational data
Spain,Comunidad Valenciana,ES52,2021-04,2118.92572008937,Epidemic intelligence subnational data
Spain,Comunidad Valenciana,ES52,2021-05,1665.82460803513,Epidemic intelligence subnational data
Spain,Comunidad Valenciana,ES52,2021-06,952.928027747572,Epidemic intelligence subnational data
Spain,Comunidad Valenciana,ES52,2021-07,533.588794237655,Epidemic intelligence subnational data
Spain,Comunidad Valenciana,ES52,2021-08,281.508054434965,Epidemic intelligence subnational data
Spain,Comunidad Valenciana,ES52,2021-09,126.656752842967,Epidemic intelligence subnational data
Spain,Comunidad Valenciana,ES52,2021-10,84.6830628505802,Epidemic intelligence subnational data
Spain,Comunidad Valenciana,ES52,2021-11,53.3867160727419,Epidemic intelligence subnational data
Spain,Comunidad Valenciana,ES52,2021-12,40.7409241091427,Epidemic intelligence subnational data
Spain,Comunidad Valenciana,ES52,2021-13,40.2836077331006,Epidemic intelligence subnational data
Spain,Comunidad Valenciana,ES52,2021-14,42.1327565579665,Epidemic intelligence subnational data
Spain,Comunidad Valenciana,ES52,2021-15,44.0017887035299,Epidemic intelligence subnational data
Spain,Comunidad Valenciana,ES52,2021-16,46.6462703562952,Epidemic intelligence subnational data
Spain,Comunidad Valenciana,ES52,2021-17,46.5667370735053,Epidemic intelligence subnational data
Spain,Comunidad Valenciana,ES52,2021-18,40.2239577710082,Epidemic intelligence subnational data
Spain,Comunidad Valenciana,ES52,2021-19,35.9490438210493,Epidemic intelligence subnational data
Spain,Comunidad Valenciana,ES52,2021-20,35.4718441243097,Epidemic intelligence subnational data
Spain,Comunidad Valenciana,ES52,2021-21,38.9315419256718,Epidemic intelligence subnational data
Spain,Comunidad Valenciana,ES52,2021-22,44.6977049279419,Epidemic intelligence subnational data
Spain,Comunidad Valenciana,ES52,2021-23,46.3281372251355,Epidemic intelligence subnational data
Spain,Comunidad Valenciana,ES52,2021-24,48.3363526155813,Epidemic intelligence subnational data
Spain,Comunidad Valenciana,ES52,2021-25,80.3683822592264,Epidemic intelligence subnational data
Spain,Comunidad Valenciana,ES52,2021-26,212.055615238657,Epidemic intelligence subnational data
Spain,Comunidad Valenciana,ES52,2021-27,376.391260803354,Epidemic intelligence subnational data
Spain,Comunidad Valenciana,ES52,2021-28,513.725356860869,Epidemic intelligence subnational data
Spain,Comunidad Valenciana,ES52,2021-29,644.040640712173,Epidemic intelligence subnational data
Spain,Comunidad Valenciana,ES52,2021-30,670.863240333078,Epidemic intelligence subnational data
Spain,Comunidad Valenciana,ES52,2021-31,565.163507505258,Epidemic intelligence subnational data
Spain,Comunidad Valenciana,ES52,2021-32,413.155520773,Epidemic intelligence subnational data
Spain,Comunidad Valenciana,ES52,2021-33,297.872027368993,Epidemic intelligence subnational data
Spain,Comunidad Valenciana,ES52,2021-34,230.248853676854,Epidemic intelligence subnational data
Spain,Comunidad Valenciana,ES52,2021-35,169.60472554953,Epidemic intelligence subnational data
Spain,Comunidad Valenciana,ES52,2021-36,111.366479226603,Epidemic intelligence subnational data
Spain,Comunidad Valenciana,ES52,2021-37,76.769501212982,Epidemic intelligence subnational data
Spain,Comunidad Valenciana,ES52,2021-38,60.2464617133736,Epidemic intelligence subnational data
Spain,Comunidad Valenciana,ES52,2021-39,48.8930855951108,Epidemic intelligence subnational data
Spain,Comunidad Valenciana,ES52,2021-40,38.9116586049743,Epidemic intelligence subnational data
Spain,Comunidad Valenciana,ES52,2021-41,38.8122420014869,Epidemic intelligence subnational data
Spain,Comunidad Valenciana,ES52,2021-42,52.114183548103,Epidemic intelligence subnational data
Spain,Comunidad Valenciana,ES52,2021-43,30.0635808945943,Epidemic intelligence subnational data
Spain,Comunidad Valenciana,ES52,2021-44,70.6255551174597,Epidemic intelligence subnational data
Spain,Comunidad Valenciana,ES52,2021-45,125.980719939253,Epidemic intelligence subnational data
Spain,Comunidad Valenciana,ES52,2021-46,139.521261334238,Epidemic intelligence subnational data
Spain,Comunidad Valenciana,ES52,2021-47,220.267426686717,Epidemic intelligence subnational data
Spain,Comunidad Valenciana,ES52,2021-48,247.288859514597,Epidemic intelligence subnational data
Spain,Comunidad Valenciana,ES52,2021-49,464.931687869246,Epidemic intelligence subnational data
Spain,Comunidad Valenciana,ES52,2021-50,800.2440081116,Epidemic intelligence subnational data
Spain,Comunidad Valenciana,ES52,2021-51,1024.24949908944,Epidemic intelligence subnational data
Spain,Comunidad Valenciana,ES52,2021-52,1703.64268400174,Epidemic intelligence subnational data
Spain,Comunidad Valenciana,ES52,2022-01,2704.54916459234,Epidemic intelligence subnational data
Spain,Comunidad Valenciana,ES52,2022-02,3748.08548475834,Epidemic intelligence subnational data
Spain,Comunidad Valenciana,ES52,2022-03,4984.03269931389,Epidemic intelligence subnational data
Spain,Comunidad Valenciana,ES52,2022-04,5328.61064700127,Epidemic intelligence subnational data
Spain,Illes Balears,ES53,2020-13,,Epidemic intelligence subnational data
Spain,Illes Balears,ES53,2020-14,58.559953746722,Epidemic intelligence subnational data
Spain,Illes Balears,ES53,2020-15,55.1735530364038,Epidemic intelligence subnational data
Spain,Illes Balears,ES53,2020-16,36.1766710029115,Epidemic intelligence subnational data
Spain,Illes Balears,ES53,2020-17,17.7579549443515,Epidemic intelligence subnational data
Spain,Illes Balears,ES53,2020-18,10.0766069916785,Epidemic intelligence subnational data
Spain,Illes Balears,ES53,2020-19,5.78165974932375,Epidemic intelligence subnational data
Spain,Illes Balears,ES53,2020-20,5.28608891366743,Epidemic intelligence subnational data
Spain,Illes Balears,ES53,2020-21,5.86425488859981,Epidemic intelligence subnational data
Spain,Illes Balears,ES53,2020-22,12.9674368663404,Epidemic intelligence subnational data
Spain,Illes Balears,ES53,2020-23,9.16806045964195,Epidemic intelligence subnational data
Spain,Illes Balears,ES53,2020-24,1.0737368105887,Epidemic intelligence subnational data
Spain,Illes Balears,ES53,2020-25,4.37754238163084,Epidemic intelligence subnational data
Spain,Illes Balears,ES53,2020-26,3.79937640669847,Epidemic intelligence subnational data
Spain,Illes Balears,ES53,2020-27,4.21235210307873,Epidemic intelligence subnational data
Spain,Illes Balears,ES53,2020-28,5.12089863511532,Epidemic intelligence subnational data
Spain,Illes Balears,ES53,2020-29,6.7728014206364,Epidemic intelligence subnational data
Spain,Illes Balears,ES53,2020-30,10.737368105887,Epidemic intelligence subnational data
Spain,Illes Balears,ES53,2020-31,34.5247682173904,Epidemic intelligence subnational data
Spain,Illes Balears,ES53,2020-32,90.854653203659,Epidemic intelligence subnational data
Spain,Illes Balears,ES53,2020-33,160.812736170476,Epidemic intelligence subnational data
Spain,Illes Balears,ES53,2020-34,256.210122034318,Epidemic intelligence subnational data
Spain,Illes Balears,ES53,2020-35,301.554853496872,Epidemic intelligence subnational data
Spain,Illes Balears,ES53,2020-36,264.800016519028,Epidemic intelligence subnational data
Spain,Illes Balears,ES53,2020-37,242.912304610874,Epidemic intelligence subnational data
Spain,Illes Balears,ES53,2020-38,251.089223399203,Epidemic intelligence subnational data
Spain,Illes Balears,ES53,2020-39,200.70618844081,Epidemic intelligence subnational data
Spain,Illes Balears,ES53,2020-40,142.394020111916,Epidemic intelligence subnational data
Spain,Illes Balears,ES53,2020-41,144.21111317599,Epidemic intelligence subnational data
Spain,Illes Balears,ES53,2020-42,143.963327758161,Epidemic intelligence subnational data
Spain,Illes Balears,ES53,2020-43,177.744739722067,Epidemic intelligence subnational data
Spain,Illes Balears,ES53,2020-44,214.912552396292,Epidemic intelligence subnational data
Spain,Illes Balears,ES53,2020-45,248.693964360197,Epidemic intelligence subnational data
Spain,Illes Balears,ES53,2020-46,253.567077577485,Epidemic intelligence subnational data
Spain,Illes Balears,ES53,2020-47,212.765078775114,Epidemic intelligence subnational data
Spain,Illes Balears,ES53,2020-48,202.60587664416,Epidemic intelligence subnational data
Spain,Illes Balears,ES53,2020-49,226.971442730595,Epidemic intelligence subnational data
Spain,Illes Balears,ES53,2020-50,283.301327716864,Epidemic intelligence subnational data
Spain,Illes Balears,ES53,2020-51,402.403518552933,Epidemic intelligence subnational data
Spain,Illes Balears,ES53,2020-52,508.125296826282,Epidemic intelligence subnational data
Spain,Illes Balears,ES53,2020-53,546.862417146751,Epidemic intelligence subnational data
Spain,Illes Balears,ES53,2021-01,598.979950029941,Epidemic intelligence subnational data
Spain,Illes Balears,ES53,2021-02,668.938032996758,Epidemic intelligence subnational data
Spain,Illes Balears,ES53,2021-03,688.430485865907,Epidemic intelligence subnational data
Spain,Illes Balears,ES53,2021-04,574.614383943505,Epidemic intelligence subnational data
Spain,Illes Balears,ES53,2021-05,369.448057981788,Epidemic intelligence subnational data
Spain,Illes Balears,ES53,2021-06,214.912552396292,Epidemic intelligence subnational data
Spain,Illes Balears,ES53,2021-07,137.768692312457,Epidemic intelligence subnational data
Spain,Illes Balears,ES53,2021-08,88.5419893039295,Epidemic intelligence subnational data
Spain,Illes Balears,ES53,2021-09,56.7428606826488,Epidemic intelligence subnational data
Spain,Illes Balears,ES53,2021-10,48.5659418943195,Epidemic intelligence subnational data
Spain,Illes Balears,ES53,2021-11,53.6868405294349,Epidemic intelligence subnational data
Spain,Illes Balears,ES53,2021-12,66.5716822564992,Epidemic intelligence subnational data
Spain,Illes Balears,ES53,2021-13,67.1498482314316,Epidemic intelligence subnational data
Spain,Illes Balears,ES53,2021-14,61.1204030642797,Epidemic intelligence subnational data
Spain,Illes Balears,ES53,2021-15,63.0200912676289,Epidemic intelligence subnational data
Spain,Illes Balears,ES53,2021-16,59.3033100002065,Epidemic intelligence subnational data
Spain,Illes Balears,ES53,2021-17,63.0200912676289,Epidemic intelligence subnational data
Spain,Illes Balears,ES53,2021-18,59.5510954180347,Epidemic intelligence subnational data
Spain,Illes Balears,ES53,2021-19,47.5748002230069,Epidemic intelligence subnational data
Spain,Illes Balears,ES53,2021-20,40.3890231059902,Epidemic intelligence subnational data
Spain,Illes Balears,ES53,2021-21,38.0763592062607,Epidemic intelligence subnational data
Spain,Illes Balears,ES53,2021-22,41.4627599165789,Epidemic intelligence subnational data
Spain,Illes Balears,ES53,2021-23,41.8757356129592,Epidemic intelligence subnational data
Spain,Illes Balears,ES53,2021-24,40.9671890809226,Epidemic intelligence subnational data
Spain,Illes Balears,ES53,2021-25,69.9580829668174,Epidemic intelligence subnational data
Spain,Illes Balears,ES53,2021-26,182.28747238225,Epidemic intelligence subnational data
Spain,Illes Balears,ES53,2021-27,250.676247702823,Epidemic intelligence subnational data
Spain,Illes Balears,ES53,2021-28,618.88537859547,Epidemic intelligence subnational data
Spain,Illes Balears,ES53,2021-29,1015.83761795618,Epidemic intelligence subnational data
Spain,Illes Balears,ES53,2021-30,1072.58047863883,Epidemic intelligence subnational data
Spain,Illes Balears,ES53,2021-31,943.236490532532,Epidemic intelligence subnational data
Spain,Illes Balears,ES53,2021-32,666.212393400648,Epidemic intelligence subnational data
Spain,Illes Balears,ES53,2021-33,473.930909165996,Epidemic intelligence subnational data
Spain,Illes Balears,ES53,2021-34,331.536889054079,Epidemic intelligence subnational data
Spain,Illes Balears,ES53,2021-35,229.614487187429,Epidemic intelligence subnational data
Spain,Illes Balears,ES53,2021-36,162.960209791654,Epidemic intelligence subnational data
Spain,Illes Balears,ES53,2021-37,120.506308203762,Epidemic intelligence subnational data
Spain,Illes Balears,ES53,2021-38,90.1938920894505,Epidemic intelligence subnational data
Spain,Illes Balears,ES53,2021-39,74.005244791344,Epidemic intelligence subnational data
Spain,Illes Balears,ES53,2021-40,61.7811641784881,Epidemic intelligence subnational data
Spain,Illes Balears,ES53,2021-41,54.4301967829193,Epidemic intelligence subnational data
Spain,Illes Balears,ES53,2021-42,61.3681884821078,Epidemic intelligence subnational data
Spain,Illes Balears,ES53,2021-43,36.5070515600157,Epidemic intelligence subnational data
Spain,Illes Balears,ES53,2021-44,93.7454830783209,Epidemic intelligence subnational data
Spain,Illes Balears,ES53,2021-45,166.429205641248,Epidemic intelligence subnational data
Spain,Illes Balears,ES53,2021-46,177.414359164963,Epidemic intelligence subnational data
Spain,Illes Balears,ES53,2021-47,244.729397674947,Epidemic intelligence subnational data
Spain,Illes Balears,ES53,2021-48,249.354725474406,Epidemic intelligence subnational data
Spain,Illes Balears,ES53,2021-49,454.934027132503,Epidemic intelligence subnational data
Spain,Illes Balears,ES53,2021-50,761.444588985938,Epidemic intelligence subnational data
Spain,Illes Balears,ES53,2021-51,1022.6930145161,Epidemic intelligence subnational data
Spain,Illes Balears,ES53,2021-52,1743.17041442111,Epidemic intelligence subnational data
Spain,Illes Balears,ES53,2022-01,2754.05232402073,Epidemic intelligence subnational data
Spain,Illes Balears,ES53,2022-02,3705.54832848087,Epidemic intelligence subnational data
Spain,Illes Balears,ES53,2022-03,4350.03820025192,Epidemic intelligence subnational data
Spain,Illes Balears,ES53,2022-04,3717.11164797952,Epidemic intelligence subnational data
Spain,Andalucia,ES61,2020-13,,Epidemic intelligence subnational data
Spain,Andalucia,ES61,2020-14,62.9505514395176,Epidemic intelligence subnational data
Spain,Andalucia,ES61,2020-15,61.7238590374735,Epidemic intelligence subnational data
Spain,Andalucia,ES61,2020-16,30.9621880323653,Epidemic intelligence subnational data
Spain,Andalucia,ES61,2020-17,15.8408451533206,Epidemic intelligence subnational data
Spain,Andalucia,ES61,2020-18,10.6156073253824,Epidemic intelligence subnational data
Spain,Andalucia,ES61,2020-19,3.68007720613257,Epidemic intelligence subnational data
Spain,Andalucia,ES61,2020-20,2.24107265758073,Epidemic intelligence subnational data
Spain,Andalucia,ES61,2020-21,2.99596028960792,Epidemic intelligence subnational data
Spain,Andalucia,ES61,2020-22,2.94877981260622,Epidemic intelligence subnational data
Spain,Andalucia,ES61,2020-23,2.87800909710367,Epidemic intelligence subnational data
Spain,Andalucia,ES61,2020-24,1.49798014480396,Epidemic intelligence subnational data
Spain,Andalucia,ES61,2020-25,1.22669240204419,Epidemic intelligence subnational data
Spain,Andalucia,ES61,2020-26,3.14929683986345,Epidemic intelligence subnational data
Spain,Andalucia,ES61,2020-27,4.48214531516146,Epidemic intelligence subnational data
Spain,Andalucia,ES61,2020-28,5.1662622316861,Epidemic intelligence subnational data
Spain,Andalucia,ES61,2020-29,9.03506134582547,Epidemic intelligence subnational data
Spain,Andalucia,ES61,2020-30,13.6233627342408,Epidemic intelligence subnational data
Spain,Andalucia,ES61,2020-31,21.207624412264,Epidemic intelligence subnational data
Spain,Andalucia,ES61,2020-32,36.1284502640514,Epidemic intelligence subnational data
Spain,Andalucia,ES61,2020-33,59.907410672908,Epidemic intelligence subnational data
Spain,Andalucia,ES61,2020-34,87.4961945996518,Epidemic intelligence subnational data
Spain,Andalucia,ES61,2020-35,116.170129497435,Epidemic intelligence subnational data
Spain,Andalucia,ES61,2020-36,140.916289684826,Epidemic intelligence subnational data
Spain,Andalucia,ES61,2020-37,152.286784642236,Epidemic intelligence subnational data
Spain,Andalucia,ES61,2020-38,177.540134957396,Epidemic intelligence subnational data
Spain,Andalucia,ES61,2020-39,207.605893926729,Epidemic intelligence subnational data
Spain,Andalucia,ES61,2020-40,192.720453432692,Epidemic intelligence subnational data
Spain,Andalucia,ES61,2020-41,213.538838909692,Epidemic intelligence subnational data
Spain,Andalucia,ES61,2020-42,326.842754429274,Epidemic intelligence subnational data
Spain,Andalucia,ES61,2020-43,450.915613824493,Epidemic intelligence subnational data
Spain,Andalucia,ES61,2020-44,585.061505059575,Epidemic intelligence subnational data
Spain,Andalucia,ES61,2020-45,657.518922614936,Epidemic intelligence subnational data
Spain,Andalucia,ES61,2020-46,645.476105860252,Epidemic intelligence subnational data
Spain,Andalucia,ES61,2020-47,529.860346967587,Epidemic intelligence subnational data
Spain,Andalucia,ES61,2020-48,387.623003926713,Epidemic intelligence subnational data
Spain,Andalucia,ES61,2020-49,282.634647478681,Epidemic intelligence subnational data
Spain,Andalucia,ES61,2020-50,172.173355698452,Epidemic intelligence subnational data
Spain,Andalucia,ES61,2020-51,150.47033627767,Epidemic intelligence subnational data
Spain,Andalucia,ES61,2020-52,146.530766448028,Epidemic intelligence subnational data
Spain,Andalucia,ES61,2020-53,150.576492350924,Epidemic intelligence subnational data
Spain,Andalucia,ES61,2021-01,306.46078836454,Epidemic intelligence subnational data
Spain,Andalucia,ES61,2021-02,659.241010025498,Epidemic intelligence subnational data
Spain,Andalucia,ES61,2021-03,964.899730281008,Epidemic intelligence subnational data
Spain,Andalucia,ES61,2021-04,1035.76480673756,Epidemic intelligence subnational data
Spain,Andalucia,ES61,2021-05,890.979717938595,Epidemic intelligence subnational data
Spain,Andalucia,ES61,2021-06,591.58420600506,Epidemic intelligence subnational data
Spain,Andalucia,ES61,2021-07,335.311650051079,Epidemic intelligence subnational data
Spain,Andalucia,ES61,2021-08,210.731600528091,Epidemic intelligence subnational data
Spain,Andalucia,ES61,2021-09,153.206803943769,Epidemic intelligence subnational data
Spain,Andalucia,ES61,2021-10,136.740817470176,Epidemic intelligence subnational data
Spain,Andalucia,ES61,2021-11,137.873148918216,Epidemic intelligence subnational data
Spain,Andalucia,ES61,2021-12,150.635467947176,Epidemic intelligence subnational data
Spain,Andalucia,ES61,2021-13,165.662449872218,Epidemic intelligence subnational data
Spain,Andalucia,ES61,2021-14,236.043926439503,Epidemic intelligence subnational data
Spain,Andalucia,ES61,2021-15,279.402784804065,Epidemic intelligence subnational data
Spain,Andalucia,ES61,2021-16,254.986887955685,Epidemic intelligence subnational data
Spain,Andalucia,ES61,2021-17,228.306328211224,Epidemic intelligence subnational data
Spain,Andalucia,ES61,2021-18,189.925010170342,Epidemic intelligence subnational data
Spain,Andalucia,ES61,2021-19,182.211002180564,Epidemic intelligence subnational data
Spain,Andalucia,ES61,2021-20,178.49553961668,Epidemic intelligence subnational data
Spain,Andalucia,ES61,2021-21,182.553060638826,Epidemic intelligence subnational data
Spain,Andalucia,ES61,2021-22,199.148793424174,Epidemic intelligence subnational data
Spain,Andalucia,ES61,2021-23,198.146208287888,Epidemic intelligence subnational data
Spain,Andalucia,ES61,2021-24,186.480835349218,Epidemic intelligence subnational data
Spain,Andalucia,ES61,2021-25,179.509919872216,Epidemic intelligence subnational data
Spain,Andalucia,ES61,2021-26,206.166889378177,Epidemic intelligence subnational data
Spain,Andalucia,ES61,2021-27,294.311815536602,Epidemic intelligence subnational data
Spain,Andalucia,ES61,2021-28,421.569357129436,Epidemic intelligence subnational data
Spain,Andalucia,ES61,2021-29,550.159747197568,Epidemic intelligence subnational data
Spain,Andalucia,ES61,2021-30,637.042595596198,Epidemic intelligence subnational data
Spain,Andalucia,ES61,2021-31,636.665151780184,Epidemic intelligence subnational data
Spain,Andalucia,ES61,2021-32,526.357196550211,Epidemic intelligence subnational data
Spain,Andalucia,ES61,2021-33,387.752750238468,Epidemic intelligence subnational data
Spain,Andalucia,ES61,2021-34,272.184171822805,Epidemic intelligence subnational data
Spain,Andalucia,ES61,2021-35,183.060250766594,Epidemic intelligence subnational data
Spain,Andalucia,ES61,2021-36,121.100489344112,Epidemic intelligence subnational data
Spain,Andalucia,ES61,2021-37,84.7597269335533,Epidemic intelligence subnational data
Spain,Andalucia,ES61,2021-38,71.1481593185629,Epidemic intelligence subnational data
Spain,Andalucia,ES61,2021-39,52.0754514906259,Epidemic intelligence subnational data
Spain,Andalucia,ES61,2021-40,38.1572107751245,Epidemic intelligence subnational data
Spain,Andalucia,ES61,2021-41,34.7720115502526,Epidemic intelligence subnational data
Spain,Andalucia,ES61,2021-42,37.9920791056186,Epidemic intelligence subnational data
Spain,Andalucia,ES61,2021-43,19.8865710562164,Epidemic intelligence subnational data
Spain,Andalucia,ES61,2021-44,40.6341858177137,Epidemic intelligence subnational data
Spain,Andalucia,ES61,2021-45,67.8337308091935,Epidemic intelligence subnational data
Spain,Andalucia,ES61,2021-46,75.1113193867057,Epidemic intelligence subnational data
Spain,Andalucia,ES61,2021-47,107.076092555357,Epidemic intelligence subnational data
Spain,Andalucia,ES61,2021-48,109.505887120945,Epidemic intelligence subnational data
Spain,Andalucia,ES61,2021-49,183.791548160121,Epidemic intelligence subnational data
Spain,Andalucia,ES61,2021-50,435.676319752944,Epidemic intelligence subnational data
Spain,Andalucia,ES61,2021-51,876.330179829568,Epidemic intelligence subnational data
Spain,Andalucia,ES61,2021-52,1581.50138421622,Epidemic intelligence subnational data
Spain,Andalucia,ES61,2022-01,1815.44577942915,Epidemic intelligence subnational data
Spain,Andalucia,ES61,2022-02,1656.40039145642,Epidemic intelligence subnational data
Spain,Andalucia,ES61,2022-03,1612.23946498283,Epidemic intelligence subnational data
Spain,Andalucia,ES61,2022-04,1281.42175536616,Epidemic intelligence subnational data
Spain,Region De Murcia,ES62,2020-13,,Epidemic intelligence subnational data
Spain,Region De Murcia,ES62,2020-14,44.0569910071907,Epidemic intelligence subnational data
Spain,Region De Murcia,ES62,2020-15,32.2287189117458,Epidemic intelligence subnational data
Spain,Region De Murcia,ES62,2020-16,13.3566443324967,Epidemic intelligence subnational data
Spain,Region De Murcia,ES62,2020-17,4.1199599433572,Epidemic intelligence subnational data
Spain,Region De Murcia,ES62,2020-18,2.72448963996202,Epidemic intelligence subnational data
Spain,Region De Murcia,ES62,2020-19,2.0599799716786,Epidemic intelligence subnational data
Spain,Region De Murcia,ES62,2020-20,3.6548031755588,Epidemic intelligence subnational data
Spain,Region De Murcia,ES62,2020-21,3.52190124190212,Epidemic intelligence subnational data
Spain,Region De Murcia,ES62,2020-22,3.12319544093207,Epidemic intelligence subnational data
Spain,Region De Murcia,ES62,2020-23,3.25609737458875,Epidemic intelligence subnational data
Spain,Region De Murcia,ES62,2020-24,1.72772513753689,Epidemic intelligence subnational data
Spain,Region De Murcia,ES62,2020-25,2.25933287216362,Epidemic intelligence subnational data
Spain,Region De Murcia,ES62,2020-26,3.6548031755588,Epidemic intelligence subnational data
Spain,Region De Murcia,ES62,2020-27,3.72125414238715,Epidemic intelligence subnational data
Spain,Region De Murcia,ES62,2020-28,5.05027347895398,Epidemic intelligence subnational data
Spain,Region De Murcia,ES62,2020-29,9.50248825645289,Epidemic intelligence subnational data
Spain,Region De Murcia,ES62,2020-30,25.9158770630533,Epidemic intelligence subnational data
Spain,Region De Murcia,ES62,2020-31,43.3260303720789,Epidemic intelligence subnational data
Spain,Region De Murcia,ES62,2020-32,59.0749095103959,Epidemic intelligence subnational data
Spain,Region De Murcia,ES62,2020-33,77.0831215208766,Epidemic intelligence subnational data
Spain,Region De Murcia,ES62,2020-34,105.524135323407,Epidemic intelligence subnational data
Spain,Region De Murcia,ES62,2020-35,190.847176730998,Epidemic intelligence subnational data
Spain,Region De Murcia,ES62,2020-36,292.849410812503,Epidemic intelligence subnational data
Spain,Region De Murcia,ES62,2020-37,345.345674606893,Epidemic intelligence subnational data
Spain,Region De Murcia,ES62,2020-38,426.81455993844,Epidemic intelligence subnational data
Spain,Region De Murcia,ES62,2020-39,463.761297494998,Epidemic intelligence subnational data
Spain,Region De Murcia,ES62,2020-40,402.75930994658,Epidemic intelligence subnational data
Spain,Region De Murcia,ES62,2020-41,355.113966730659,Epidemic intelligence subnational data
Spain,Region De Murcia,ES62,2020-42,402.692858979752,Epidemic intelligence subnational data
Spain,Region De Murcia,ES62,2020-43,497.850643477937,Epidemic intelligence subnational data
Spain,Region De Murcia,ES62,2020-44,636.467360281858,Epidemic intelligence subnational data
Spain,Region De Murcia,ES62,2020-45,861.403882995796,Epidemic intelligence subnational data
Spain,Region De Murcia,ES62,2020-46,834.889947231287,Epidemic intelligence subnational data
Spain,Region De Murcia,ES62,2020-47,533.00320493013,Epidemic intelligence subnational data
Spain,Region De Murcia,ES62,2020-48,298.16548815877,Epidemic intelligence subnational data
Spain,Region De Murcia,ES62,2020-49,197.691626314317,Epidemic intelligence subnational data
Spain,Region De Murcia,ES62,2020-50,158.485555885595,Epidemic intelligence subnational data
Spain,Region De Murcia,ES62,2020-51,150.843694700336,Epidemic intelligence subnational data
Spain,Region De Murcia,ES62,2020-52,168.652553810332,Epidemic intelligence subnational data
Spain,Region De Murcia,ES62,2020-53,249.390478506767,Epidemic intelligence subnational data
Spain,Region De Murcia,ES62,2021-01,312.651798927349,Epidemic intelligence subnational data
Spain,Region De Murcia,ES62,2021-02,1124.74906453651,Epidemic intelligence subnational data
Spain,Region De Murcia,ES62,2021-03,1790.92000699064,Epidemic intelligence subnational data
Spain,Region De Murcia,ES62,2021-04,1407.09922259014,Epidemic intelligence subnational data
Spain,Region De Murcia,ES62,2021-05,816.74883328715,Epidemic intelligence subnational data
Spain,Region De Murcia,ES62,2021-06,333.84965734559,Epidemic intelligence subnational data
Spain,Region De Murcia,ES62,2021-07,167.92159317522,Epidemic intelligence subnational data
Spain,Region De Murcia,ES62,2021-08,115.159525513517,Epidemic intelligence subnational data
Spain,Region De Murcia,ES62,2021-09,91.6358832562834,Epidemic intelligence subnational data
Spain,Region De Murcia,ES62,2021-10,71.6341422409525,Epidemic intelligence subnational data
Spain,Region De Murcia,ES62,2021-11,58.8091056430826,Epidemic intelligence subnational data
Spain,Region De Murcia,ES62,2021-12,58.4768508089409,Epidemic intelligence subnational data
Spain,Region De Murcia,ES62,2021-13,64.0587320225216,Epidemic intelligence subnational data
Spain,Region De Murcia,ES62,2021-14,69.7070642029306,Epidemic intelligence subnational data
Spain,Region De Murcia,ES62,2021-15,71.5012403072959,Epidemic intelligence subnational data
Spain,Region De Murcia,ES62,2021-16,71.1689854731541,Epidemic intelligence subnational data
Spain,Region De Murcia,ES62,2021-17,67.1819274634536,Epidemic intelligence subnational data
Spain,Region De Murcia,ES62,2021-18,62.9290655864398,Epidemic intelligence subnational data
Spain,Region De Murcia,ES62,2021-19,64.1916339561783,Epidemic intelligence subnational data
Spain,Region De Murcia,ES62,2021-20,73.0960635111761,Epidemic intelligence subnational data
Spain,Region De Murcia,ES62,2021-21,78.6779447247568,Epidemic intelligence subnational data
Spain,Region De Murcia,ES62,2021-22,63.5935752547232,Epidemic intelligence subnational data
Spain,Region De Murcia,ES62,2021-23,50.6356367231965,Epidemic intelligence subnational data
Spain,Region De Murcia,ES62,2021-24,51.499499291965,Epidemic intelligence subnational data
Spain,Region De Murcia,ES62,2021-25,59.672968211851,Epidemic intelligence subnational data
Spain,Region De Murcia,ES62,2021-26,84.8578846397926,Epidemic intelligence subnational data
Spain,Region De Murcia,ES62,2021-27,156.492026880745,Epidemic intelligence subnational data
Spain,Region De Murcia,ES62,2021-28,283.280471589221,Epidemic intelligence subnational data
Spain,Region De Murcia,ES62,2021-29,434.522872090528,Epidemic intelligence subnational data
Spain,Region De Murcia,ES62,2021-30,501.571897620324,Epidemic intelligence subnational data
Spain,Region De Murcia,ES62,2021-31,462.698082025744,Epidemic intelligence subnational data
Spain,Region De Murcia,ES62,2021-32,388.140097244345,Epidemic intelligence subnational data
Spain,Region De Murcia,ES62,2021-33,340.22895016111,Epidemic intelligence subnational data
Spain,Region De Murcia,ES62,2021-34,276.901178773701,Epidemic intelligence subnational data
Spain,Region De Murcia,ES62,2021-35,184.933040683275,Epidemic intelligence subnational data
Spain,Region De Murcia,ES62,2021-36,121.671720262694,Epidemic intelligence subnational data
Spain,Region De Murcia,ES62,2021-37,100.407410877625,Epidemic intelligence subnational data
Spain,Region De Murcia,ES62,2021-38,94.5597257967305,Epidemic intelligence subnational data
Spain,Region De Murcia,ES62,2021-39,65.3877513590884,Epidemic intelligence subnational data
Spain,Region De Murcia,ES62,2021-40,47.5124412822644,Epidemic intelligence subnational data
Spain,Region De Murcia,ES62,2021-41,50.0375780217414,Epidemic intelligence subnational data
Spain,Region De Murcia,ES62,2021-42,56.749125671404,Epidemic intelligence subnational data
Spain,Region De Murcia,ES62,2021-43,28.374562835702,Epidemic intelligence subnational data
Spain,Region De Murcia,ES62,2021-44,54.5562437660687,Epidemic intelligence subnational data
Spain,Region De Murcia,ES62,2021-45,99.2777444415428,Epidemic intelligence subnational data
Spain,Region De Murcia,ES62,2021-46,135.427070396161,Epidemic intelligence subnational data
Spain,Region De Murcia,ES62,2021-47,217.294661528678,Epidemic intelligence subnational data
Spain,Region De Murcia,ES62,2021-48,234.306109036733,Epidemic intelligence subnational data
Spain,Region De Murcia,ES62,2021-49,397.576134533969,Epidemic intelligence subnational data
Spain,Region De Murcia,ES62,2021-50,736.874771159483,Epidemic intelligence subnational data
Spain,Region De Murcia,ES62,2021-51,1211.26822334702,Epidemic intelligence subnational data
Spain,Region De Murcia,ES62,2021-52,1651.24007471747,Epidemic intelligence subnational data
Spain,Region De Murcia,ES62,2022-01,2268.43665461911,Epidemic intelligence subnational data
Spain,Region De Murcia,ES62,2022-02,4913.8496440554,Epidemic intelligence subnational data
Spain,Region De Murcia,ES62,2022-03,5935.33390614067,Epidemic intelligence subnational data
Spain,Region De Murcia,ES62,2022-04,4342.10552546434,Epidemic intelligence subnational data
Spain,Ciudad Autonoma De Ceuta,ES63,2020-13,,Epidemic intelligence subnational data
Spain,Ciudad Autonoma De Ceuta,ES63,2020-14,86.816911458643,Epidemic intelligence subnational data
Spain,Ciudad Autonoma De Ceuta,ES63,2020-15,86.816911458643,Epidemic intelligence subnational data
Spain,Ciudad Autonoma De Ceuta,ES63,2020-16,20.2176369150265,Epidemic intelligence subnational data
Spain,Ciudad Autonoma De Ceuta,ES63,2020-17,3.56781827912232,Epidemic intelligence subnational data
Spain,Ciudad Autonoma De Ceuta,ES63,2020-18,10.703454837367,Epidemic intelligence subnational data
Spain,Ciudad Autonoma De Ceuta,ES63,2020-19,15.4605458761967,Epidemic intelligence subnational data
Spain,Ciudad Autonoma De Ceuta,ES63,2020-20,8.32490931795207,Epidemic intelligence subnational data
Spain,Ciudad Autonoma De Ceuta,ES63,2020-21,5.9463637985372,Epidemic intelligence subnational data
Spain,Ciudad Autonoma De Ceuta,ES63,2020-22,46.3816376285901,Epidemic intelligence subnational data
Spain,Ciudad Autonoma De Ceuta,ES63,2020-23,52.3280014271273,Epidemic intelligence subnational data
Spain,Ciudad Autonoma De Ceuta,ES63,2020-24,9.51418207765951,Epidemic intelligence subnational data
Spain,Ciudad Autonoma De Ceuta,ES63,2020-25,0,Epidemic intelligence subnational data
Spain,Ciudad Autonoma De Ceuta,ES63,2020-26,0,Epidemic intelligence subnational data
Spain,Ciudad Autonoma De Ceuta,ES63,2020-27,0,Epidemic intelligence subnational data
Spain,Ciudad Autonoma De Ceuta,ES63,2020-28,0,Epidemic intelligence subnational data
Spain,Ciudad Autonoma De Ceuta,ES63,2020-29,1.18927275970744,Epidemic intelligence subnational data
Spain,Ciudad Autonoma De Ceuta,ES63,2020-30,1.18927275970744,Epidemic intelligence subnational data
Spain,Ciudad Autonoma De Ceuta,ES63,2020-31,2.37854551941488,Epidemic intelligence subnational data
Spain,Ciudad Autonoma De Ceuta,ES63,2020-32,4.75709103882976,Epidemic intelligence subnational data
Spain,Ciudad Autonoma De Ceuta,ES63,2020-33,30.9210917523934,Epidemic intelligence subnational data
Spain,Ciudad Autonoma De Ceuta,ES63,2020-34,73.7349111018612,Epidemic intelligence subnational data
Spain,Ciudad Autonoma De Ceuta,ES63,2020-35,116.548730451329,Epidemic intelligence subnational data
Spain,Ciudad Autonoma De Ceuta,ES63,2020-36,130.820003567818,Epidemic intelligence subnational data
Spain,Ciudad Autonoma De Ceuta,ES63,2020-37,149.848367723137,Epidemic intelligence subnational data
Spain,Ciudad Autonoma De Ceuta,ES63,2020-38,168.876731878456,Epidemic intelligence subnational data
Spain,Ciudad Autonoma De Ceuta,ES63,2020-39,205.744187429387,Epidemic intelligence subnational data
Spain,Ciudad Autonoma De Ceuta,ES63,2020-40,254.504370577392,Epidemic intelligence subnational data
Spain,Ciudad Autonoma De Ceuta,ES63,2020-41,342.510554795742,Epidemic intelligence subnational data
Spain,Ciudad Autonoma De Ceuta,ES63,2020-42,394.83855622287,Epidemic intelligence subnational data
Spain,Ciudad Autonoma De Ceuta,ES63,2020-43,575.6080156984,Epidemic intelligence subnational data
Spain,Ciudad Autonoma De Ceuta,ES63,2020-44,846.762204911697,Epidemic intelligence subnational data
Spain,Ciudad Autonoma De Ceuta,ES63,2020-45,1018.01748230957,Epidemic intelligence subnational data
Spain,Ciudad Autonoma De Ceuta,ES63,2020-46,899.090206338824,Epidemic intelligence subnational data
Spain,Ciudad Autonoma De Ceuta,ES63,2020-47,595.825652613427,Epidemic intelligence subnational data
Spain,Ciudad Autonoma De Ceuta,ES63,2020-48,378.188737586966,Epidemic intelligence subnational data
Spain,Ciudad Autonoma De Ceuta,ES63,2020-49,193.851459832313,Epidemic intelligence subnational data
Spain,Ciudad Autonoma De Ceuta,ES63,2020-50,137.955640126063,Epidemic intelligence subnational data
Spain,Ciudad Autonoma De Ceuta,ES63,2020-51,109.413093893084,Epidemic intelligence subnational data
Spain,Ciudad Autonoma De Ceuta,ES63,2020-52,107.03454837367,Epidemic intelligence subnational data
Spain,Ciudad Autonoma De Ceuta,ES63,2020-53,191.472914312898,Epidemic intelligence subnational data
Spain,Ciudad Autonoma De Ceuta,ES63,2021-01,340.132009276328,Epidemic intelligence subnational data
Spain,Ciudad Autonoma De Ceuta,ES63,2021-02,424.570375215556,Epidemic intelligence subnational data
Spain,Ciudad Autonoma De Ceuta,ES63,2021-03,523.280014271273,Epidemic intelligence subnational data
Spain,Ciudad Autonoma De Ceuta,ES63,2021-04,588.690016055182,Epidemic intelligence subnational data
Spain,Ciudad Autonoma De Ceuta,ES63,2021-05,549.444014984837,Epidemic intelligence subnational data
Spain,Ciudad Autonoma De Ceuta,ES63,2021-06,481.655467681513,Epidemic intelligence subnational data
Spain,Ciudad Autonoma De Ceuta,ES63,2021-07,353.214009633109,Epidemic intelligence subnational data
Spain,Ciudad Autonoma De Ceuta,ES63,2021-08,267.586370934174,Epidemic intelligence subnational data
Spain,Ciudad Autonoma De Ceuta,ES63,2021-09,293.750371647737,Epidemic intelligence subnational data
Spain,Ciudad Autonoma De Ceuta,ES63,2021-10,262.829279895344,Epidemic intelligence subnational data
Spain,Ciudad Autonoma De Ceuta,ES63,2021-11,259.261461616222,Epidemic intelligence subnational data
Spain,Ciudad Autonoma De Ceuta,ES63,2021-12,272.343461973004,Epidemic intelligence subnational data
Spain,Ciudad Autonoma De Ceuta,ES63,2021-13,342.510554795742,Epidemic intelligence subnational data
Spain,Ciudad Autonoma De Ceuta,ES63,2021-14,503.062377356247,Epidemic intelligence subnational data
Spain,Ciudad Autonoma De Ceuta,ES63,2021-15,453.112921448534,Epidemic intelligence subnational data
Spain,Ciudad Autonoma De Ceuta,ES63,2021-16,280.668371290956,Epidemic intelligence subnational data
Spain,Ciudad Autonoma De Ceuta,ES63,2021-17,148.65909496343,Epidemic intelligence subnational data
Spain,Ciudad Autonoma De Ceuta,ES63,2021-18,54.7065469465422,Epidemic intelligence subnational data
Spain,Ciudad Autonoma De Ceuta,ES63,2021-19,17.8390913956116,Epidemic intelligence subnational data
Spain,Ciudad Autonoma De Ceuta,ES63,2021-20,28.5425462329785,Epidemic intelligence subnational data
Spain,Ciudad Autonoma De Ceuta,ES63,2021-21,110.602366652792,Epidemic intelligence subnational data
Spain,Ciudad Autonoma De Ceuta,ES63,2021-22,176.012368436701,Epidemic intelligence subnational data
Spain,Ciudad Autonoma De Ceuta,ES63,2021-23,114.170184931914,Epidemic intelligence subnational data
Spain,Ciudad Autonoma De Ceuta,ES63,2021-24,35.6781827912232,Epidemic intelligence subnational data
Spain,Ciudad Autonoma De Ceuta,ES63,2021-25,19.028364155319,Epidemic intelligence subnational data
Spain,Ciudad Autonoma De Ceuta,ES63,2021-26,27.3532734732711,Epidemic intelligence subnational data
Spain,Ciudad Autonoma De Ceuta,ES63,2021-27,48.760183148005,Epidemic intelligence subnational data
Spain,Ciudad Autonoma De Ceuta,ES63,2021-28,139.14491288577,Epidemic intelligence subnational data
Spain,Ciudad Autonoma De Ceuta,ES63,2021-29,261.640007135637,Epidemic intelligence subnational data
Spain,Ciudad Autonoma De Ceuta,ES63,2021-30,287.8040078492,Epidemic intelligence subnational data
Spain,Ciudad Autonoma De Ceuta,ES63,2021-31,342.510554795742,Epidemic intelligence subnational data
Spain,Ciudad Autonoma De Ceuta,ES63,2021-32,484.034013200928,Epidemic intelligence subnational data
Spain,Ciudad Autonoma De Ceuta,ES63,2021-33,606.529107450794,Epidemic intelligence subnational data
Spain,Ciudad Autonoma De Ceuta,ES63,2021-34,547.065469465422,Epidemic intelligence subnational data
Spain,Ciudad Autonoma De Ceuta,ES63,2021-35,352.024736873402,Epidemic intelligence subnational data
Spain,Ciudad Autonoma De Ceuta,ES63,2021-36,241.42237022061,Epidemic intelligence subnational data
Spain,Ciudad Autonoma De Ceuta,ES63,2021-37,177.201641196408,Epidemic intelligence subnational data
Spain,Ciudad Autonoma De Ceuta,ES63,2021-38,130.820003567818,Epidemic intelligence subnational data
Spain,Ciudad Autonoma De Ceuta,ES63,2021-39,85.6276386989356,Epidemic intelligence subnational data
Spain,Ciudad Autonoma De Ceuta,ES63,2021-40,41.6245465897604,Epidemic intelligence subnational data
Spain,Ciudad Autonoma De Ceuta,ES63,2021-41,21.4069096747339,Epidemic intelligence subnational data
Spain,Ciudad Autonoma De Ceuta,ES63,2021-42,15.4605458761967,Epidemic intelligence subnational data
Spain,Ciudad Autonoma De Ceuta,ES63,2021-43,5.9463637985372,Epidemic intelligence subnational data
Spain,Ciudad Autonoma De Ceuta,ES63,2021-44,3.56781827912232,Epidemic intelligence subnational data
Spain,Ciudad Autonoma De Ceuta,ES63,2021-45,19.028364155319,Epidemic intelligence subnational data
Spain,Ciudad Autonoma De Ceuta,ES63,2021-46,59.463637985372,Epidemic intelligence subnational data
Spain,Ciudad Autonoma De Ceuta,ES63,2021-47,96.3310935363026,Epidemic intelligence subnational data
Spain,Ciudad Autonoma De Ceuta,ES63,2021-48,122.495094249866,Epidemic intelligence subnational data
Spain,Ciudad Autonoma De Ceuta,ES63,2021-49,378.188737586966,Epidemic intelligence subnational data
Spain,Ciudad Autonoma De Ceuta,ES63,2021-50,893.143842540287,Epidemic intelligence subnational data
Spain,Ciudad Autonoma De Ceuta,ES63,2021-51,1021.58530058869,Epidemic intelligence subnational data
Spain,Ciudad Autonoma De Ceuta,ES63,2021-52,1524.64767794494,Epidemic intelligence subnational data
Spain,Ciudad Autonoma De Ceuta,ES63,2022-01,3035.02408277338,Epidemic intelligence subnational data
Spain,Ciudad Autonoma De Ceuta,ES63,2022-02,5293.45305345781,Epidemic intelligence subnational data
Spain,Ciudad Autonoma De Ceuta,ES63,2022-03,6128.32253077243,Epidemic intelligence subnational data
Spain,Ciudad Autonoma De Ceuta,ES63,2022-04,4064.93429268003,Epidemic intelligence subnational data
Spain,Ciudad Autonoma De Melilla,ES64,2020-13,,Epidemic intelligence subnational data
Spain,Ciudad Autonoma De Melilla,ES64,2020-14,62.7419412119849,Epidemic intelligence subnational data
Spain,Ciudad Autonoma De Melilla,ES64,2020-15,62.7419412119849,Epidemic intelligence subnational data
Spain,Ciudad Autonoma De Melilla,ES64,2020-16,16.5733429616564,Epidemic intelligence subnational data
Spain,Ciudad Autonoma De Melilla,ES64,2020-17,11.8381021154689,Epidemic intelligence subnational data
Spain,Ciudad Autonoma De Melilla,ES64,2020-18,15.3895327501095,Epidemic intelligence subnational data
Spain,Ciudad Autonoma De Melilla,ES64,2020-19,5.91905105773442,Epidemic intelligence subnational data
Spain,Ciudad Autonoma De Melilla,ES64,2020-20,2.36762042309377,Epidemic intelligence subnational data
Spain,Ciudad Autonoma De Melilla,ES64,2020-21,2.36762042309377,Epidemic intelligence subnational data
Spain,Ciudad Autonoma De Melilla,ES64,2020-22,1.18381021154689,Epidemic intelligence subnational data
Spain,Ciudad Autonoma De Melilla,ES64,2020-23,1.18381021154689,Epidemic intelligence subnational data
Spain,Ciudad Autonoma De Melilla,ES64,2020-24,2.36762042309377,Epidemic intelligence subnational data
Spain,Ciudad Autonoma De Melilla,ES64,2020-25,4.73524084618754,Epidemic intelligence subnational data
Spain,Ciudad Autonoma De Melilla,ES64,2020-26,2.36762042309377,Epidemic intelligence subnational data
Spain,Ciudad Autonoma De Melilla,ES64,2020-27,0,Epidemic intelligence subnational data
Spain,Ciudad Autonoma De Melilla,ES64,2020-28,0,Epidemic intelligence subnational data
Spain,Ciudad Autonoma De Melilla,ES64,2020-29,3.55143063464066,Epidemic intelligence subnational data
Spain,Ciudad Autonoma De Melilla,ES64,2020-30,3.55143063464066,Epidemic intelligence subnational data
Spain,Ciudad Autonoma De Melilla,ES64,2020-31,13.0219123270157,Epidemic intelligence subnational data
Spain,Ciudad Autonoma De Melilla,ES64,2020-32,53.2714595196098,Epidemic intelligence subnational data
Spain,Ciudad Autonoma De Melilla,ES64,2020-33,75.7638535390006,Epidemic intelligence subnational data
Spain,Ciudad Autonoma De Melilla,ES64,2020-34,116.013400731595,Epidemic intelligence subnational data
Spain,Ciudad Autonoma De Melilla,ES64,2020-35,178.75534194358,Epidemic intelligence subnational data
Spain,Ciudad Autonoma De Melilla,ES64,2020-36,237.945852520924,Epidemic intelligence subnational data
Spain,Ciudad Autonoma De Melilla,ES64,2020-37,355.143063464065,Epidemic intelligence subnational data
Spain,Ciudad Autonoma De Melilla,ES64,2020-38,337.385910290862,Epidemic intelligence subnational data
Spain,Ciudad Autonoma De Melilla,ES64,2020-39,365.797355367987,Epidemic intelligence subnational data
Spain,Ciudad Autonoma De Melilla,ES64,2020-40,478.259325464942,Epidemic intelligence subnational data
Spain,Ciudad Autonoma De Melilla,ES64,2020-41,572.964142388692,Epidemic intelligence subnational data
Spain,Ciudad Autonoma De Melilla,ES64,2020-42,855.894782948398,Epidemic intelligence subnational data
Spain,Ciudad Autonoma De Melilla,ES64,2020-43,1187.36164218153,Epidemic intelligence subnational data
Spain,Ciudad Autonoma De Melilla,ES64,2020-44,1356.64650243273,Epidemic intelligence subnational data
Spain,Ciudad Autonoma De Melilla,ES64,2020-45,1124.61970096954,Epidemic intelligence subnational data
Spain,Ciudad Autonoma De Melilla,ES64,2020-46,774.211878351663,Epidemic intelligence subnational data
Spain,Ciudad Autonoma De Melilla,ES64,2020-47,629.787032542943,Epidemic intelligence subnational data
Spain,Ciudad Autonoma De Melilla,ES64,2020-48,449.847880387816,Epidemic intelligence subnational data
Spain,Ciudad Autonoma De Melilla,ES64,2020-49,287.665881405893,Epidemic intelligence subnational data
Spain,Ciudad Autonoma De Melilla,ES64,2020-50,233.210611674736,Epidemic intelligence subnational data
Spain,Ciudad Autonoma De Melilla,ES64,2020-51,243.864903578658,Epidemic intelligence subnational data
Spain,Ciudad Autonoma De Melilla,ES64,2020-52,216.63726871308,Epidemic intelligence subnational data
Spain,Ciudad Autonoma De Melilla,ES64,2020-53,256.886815905674,Epidemic intelligence subnational data
Spain,Ciudad Autonoma De Melilla,ES64,2021-01,430.906917003066,Epidemic intelligence subnational data
Spain,Ciudad Autonoma De Melilla,ES64,2021-02,675.955630793271,Epidemic intelligence subnational data
Spain,Ciudad Autonoma De Melilla,ES64,2021-03,1022.81202277651,Epidemic intelligence subnational data
Spain,Ciudad Autonoma De Melilla,ES64,2021-04,1113.96540906562,Epidemic intelligence subnational data
Spain,Ciudad Autonoma De Melilla,ES64,2021-05,873.651936121601,Epidemic intelligence subnational data
Spain,Ciudad Autonoma De Melilla,ES64,2021-06,633.338463177583,Epidemic intelligence subnational data
Spain,Ciudad Autonoma De Melilla,ES64,2021-07,474.707894830301,Epidemic intelligence subnational data
Spain,Ciudad Autonoma De Melilla,ES64,2021-08,396.576420868206,Epidemic intelligence subnational data
Spain,Ciudad Autonoma De Melilla,ES64,2021-09,440.377398695441,Epidemic intelligence subnational data
Spain,Ciudad Autonoma De Melilla,ES64,2021-10,430.906917003066,Epidemic intelligence subnational data
Spain,Ciudad Autonoma De Melilla,ES64,2021-11,494.832668426598,Epidemic intelligence subnational data
Spain,Ciudad Autonoma De Melilla,ES64,2021-12,518.508872657536,Epidemic intelligence subnational data
Spain,Ciudad Autonoma De Melilla,ES64,2021-13,442.745019118535,Epidemic intelligence subnational data
Spain,Ciudad Autonoma De Melilla,ES64,2021-14,557.574609638583,Epidemic intelligence subnational data
Spain,Ciudad Autonoma De Melilla,ES64,2021-15,537.449836042286,Epidemic intelligence subnational data
Spain,Ciudad Autonoma De Melilla,ES64,2021-16,452.21550081091,Epidemic intelligence subnational data
Spain,Ciudad Autonoma De Melilla,ES64,2021-17,361.0621145218,Epidemic intelligence subnational data
Spain,Ciudad Autonoma De Melilla,ES64,2021-18,272.276348655784,Epidemic intelligence subnational data
Spain,Ciudad Autonoma De Melilla,ES64,2021-19,268.724918021143,Epidemic intelligence subnational data
Spain,Ciudad Autonoma De Melilla,ES64,2021-20,209.534407443799,Epidemic intelligence subnational data
Spain,Ciudad Autonoma De Melilla,ES64,2021-21,191.777254270595,Epidemic intelligence subnational data
Spain,Ciudad Autonoma De Melilla,ES64,2021-22,157.446758135736,Epidemic intelligence subnational data
Spain,Ciudad Autonoma De Melilla,ES64,2021-23,97.0724373468446,Epidemic intelligence subnational data
Spain,Ciudad Autonoma De Melilla,ES64,2021-24,62.7419412119849,Epidemic intelligence subnational data
Spain,Ciudad Autonoma De Melilla,ES64,2021-25,85.2343352313757,Epidemic intelligence subnational data
Spain,Ciudad Autonoma De Melilla,ES64,2021-26,93.5210067122039,Epidemic intelligence subnational data
Spain,Ciudad Autonoma De Melilla,ES64,2021-27,125.48388242397,Epidemic intelligence subnational data
Spain,Ciudad Autonoma De Melilla,ES64,2021-28,178.75534194358,Epidemic intelligence subnational data
Spain,Ciudad Autonoma De Melilla,ES64,2021-29,226.107750405455,Epidemic intelligence subnational data
Spain,Ciudad Autonoma De Melilla,ES64,2021-30,305.423034579096,Epidemic intelligence subnational data
Spain,Ciudad Autonoma De Melilla,ES64,2021-31,531.530784984551,Epidemic intelligence subnational data
Spain,Ciudad Autonoma De Melilla,ES64,2021-32,514.957442022895,Epidemic intelligence subnational data
Spain,Ciudad Autonoma De Melilla,ES64,2021-33,387.105939175831,Epidemic intelligence subnational data
Spain,Ciudad Autonoma De Melilla,ES64,2021-34,479.443135676488,Epidemic intelligence subnational data
Spain,Ciudad Autonoma De Melilla,ES64,2021-35,433.27453742616,Epidemic intelligence subnational data
Spain,Ciudad Autonoma De Melilla,ES64,2021-36,330.283049021581,Epidemic intelligence subnational data
Spain,Ciudad Autonoma De Melilla,ES64,2021-37,224.923940193908,Epidemic intelligence subnational data
Spain,Ciudad Autonoma De Melilla,ES64,2021-38,147.976276443361,Epidemic intelligence subnational data
Spain,Ciudad Autonoma De Melilla,ES64,2021-39,126.667692635517,Epidemic intelligence subnational data
Spain,Ciudad Autonoma De Melilla,ES64,2021-40,91.1533862891101,Epidemic intelligence subnational data
Spain,Ciudad Autonoma De Melilla,ES64,2021-41,39.0657369810472,Epidemic intelligence subnational data
Spain,Ciudad Autonoma De Melilla,ES64,2021-42,23.6762042309377,Epidemic intelligence subnational data
Spain,Ciudad Autonoma De Melilla,ES64,2021-43,13.0219123270157,Epidemic intelligence subnational data
Spain,Ciudad Autonoma De Melilla,ES64,2021-44,31.9628757117659,Epidemic intelligence subnational data
Spain,Ciudad Autonoma De Melilla,ES64,2021-45,75.7638535390006,Epidemic intelligence subnational data
Spain,Ciudad Autonoma De Melilla,ES64,2021-46,98.2562475583914,Epidemic intelligence subnational data
Spain,Ciudad Autonoma De Melilla,ES64,2021-47,158.630568347283,Epidemic intelligence subnational data
Spain,Ciudad Autonoma De Melilla,ES64,2021-48,233.210611674736,Epidemic intelligence subnational data
Spain,Ciudad Autonoma De Melilla,ES64,2021-49,529.163164561458,Epidemic intelligence subnational data
Spain,Ciudad Autonoma De Melilla,ES64,2021-50,783.682360044038,Epidemic intelligence subnational data
Spain,Ciudad Autonoma De Melilla,ES64,2021-51,846.424301256023,Epidemic intelligence subnational data
Spain,Ciudad Autonoma De Melilla,ES64,2021-52,1348.3598309519,Epidemic intelligence subnational data
Spain,Ciudad Autonoma De Melilla,ES64,2022-01,2683.69774957679,Epidemic intelligence subnational data
Spain,Ciudad Autonoma De Melilla,ES64,2022-02,4064.02045624046,Epidemic intelligence subnational data
Spain,Ciudad Autonoma De Melilla,ES64,2022-03,4029.6899601056,Epidemic intelligence subnational data
Spain,Ciudad Autonoma De Melilla,ES64,2022-04,2937.03313484782,Epidemic intelligence subnational data
Spain,Canarias,ES70,2020-13,,Epidemic intelligence subnational data
Spain,Canarias,ES70,2020-14,42.0654164163305,Epidemic intelligence subnational data
Spain,Canarias,ES70,2020-15,35.985823820559,Epidemic intelligence subnational data
Spain,Canarias,ES70,2020-16,17.3447200526421,Epidemic intelligence subnational data
Spain,Canarias,ES70,2020-17,8.76176579978829,Epidemic intelligence subnational data
Spain,Canarias,ES70,2020-18,5.45375218150087,Epidemic intelligence subnational data
Spain,Canarias,ES70,2020-19,2.81628186421766,Epidemic intelligence subnational data
Spain,Canarias,ES70,2020-20,2.63747031728321,Epidemic intelligence subnational data
Spain,Canarias,ES70,2020-21,1.74341258261094,Epidemic intelligence subnational data
Spain,Canarias,ES70,2020-22,2.54806454381598,Epidemic intelligence subnational data
Spain,Canarias,ES70,2020-23,2.90568763768489,Epidemic intelligence subnational data
Spain,Canarias,ES70,2020-24,1.38578948874203,Epidemic intelligence subnational data
Spain,Canarias,ES70,2020-25,1.92222412954539,Epidemic intelligence subnational data
Spain,Canarias,ES70,2020-26,2.01162990301262,Epidemic intelligence subnational data
Spain,Canarias,ES70,2020-27,1.25168082854118,Epidemic intelligence subnational data
Spain,Canarias,ES70,2020-28,1.51989814894287,Epidemic intelligence subnational data
Spain,Canarias,ES70,2020-29,4.91731754069751,Epidemic intelligence subnational data
Spain,Canarias,ES70,2020-30,6.66073012330844,Epidemic intelligence subnational data
Spain,Canarias,ES70,2020-31,6.34780991617315,Epidemic intelligence subnational data
Spain,Canarias,ES70,2020-32,19.2669441821875,Epidemic intelligence subnational data
Spain,Canarias,ES70,2020-33,48.5473349927045,Epidemic intelligence subnational data
Spain,Canarias,ES70,2020-34,97.6311046262124,Epidemic intelligence subnational data
Spain,Canarias,ES70,2020-35,157.398864189054,Epidemic intelligence subnational data
Spain,Canarias,ES70,2020-36,185.740494378165,Epidemic intelligence subnational data
Spain,Canarias,ES70,2020-37,163.925485652162,Epidemic intelligence subnational data
Spain,Canarias,ES70,2020-38,125.749220381655,Epidemic intelligence subnational data
Spain,Canarias,ES70,2020-39,105.141189597459,Epidemic intelligence subnational data
Spain,Canarias,ES70,2020-40,96.2900180242039,Epidemic intelligence subnational data
Spain,Canarias,ES70,2020-41,85.6060280948703,Epidemic intelligence subnational data
Spain,Canarias,ES70,2020-42,77.5595084828198,Epidemic intelligence subnational data
Spain,Canarias,ES70,2020-43,74.6538208451349,Epidemic intelligence subnational data
Spain,Canarias,ES70,2020-44,68.395416702429,Epidemic intelligence subnational data
Spain,Canarias,ES70,2020-45,73.3574371298601,Epidemic intelligence subnational data
Spain,Canarias,ES70,2020-46,78.1406460103568,Epidemic intelligence subnational data
Spain,Canarias,ES70,2020-47,74.2067919777988,Epidemic intelligence subnational data
Spain,Canarias,ES70,2020-48,76.6654507481475,Epidemic intelligence subnational data
Spain,Canarias,ES70,2020-49,69.1106628901668,Epidemic intelligence subnational data
Spain,Canarias,ES70,2020-50,111.891325494235,Epidemic intelligence subnational data
Spain,Canarias,ES70,2020-51,150.827539839213,Epidemic intelligence subnational data
Spain,Canarias,ES70,2020-52,122.441206763368,Epidemic intelligence subnational data
Spain,Canarias,ES70,2020-53,123.424670271508,Epidemic intelligence subnational data
Spain,Canarias,ES70,2021-01,147.921852201528,Epidemic intelligence subnational data
Spain,Canarias,ES70,2021-02,170.362701341802,Epidemic intelligence subnational data
Spain,Canarias,ES70,2021-03,185.919305925099,Epidemic intelligence subnational data
Spain,Canarias,ES70,2021-04,180.152633536463,Epidemic intelligence subnational data
Spain,Canarias,ES70,2021-05,154.806096758504,Epidemic intelligence subnational data
Spain,Canarias,ES70,2021-06,131.381784110091,Epidemic intelligence subnational data
Spain,Canarias,ES70,2021-07,109.298558063686,Epidemic intelligence subnational data
Spain,Canarias,ES70,2021-08,99.1957056618888,Epidemic intelligence subnational data
Spain,Canarias,ES70,2021-09,108.225688782079,Epidemic intelligence subnational data
Spain,Canarias,ES70,2021-10,118.194432523675,Epidemic intelligence subnational data
Spain,Canarias,ES70,2021-11,132.633464938632,Epidemic intelligence subnational data
Spain,Canarias,ES70,2021-12,130.26421194175,Epidemic intelligence subnational data
Spain,Canarias,ES70,2021-13,120.563685520556,Epidemic intelligence subnational data
Spain,Canarias,ES70,2021-14,132.901682259034,Epidemic intelligence subnational data
Spain,Canarias,ES70,2021-15,138.713057534403,Epidemic intelligence subnational data
Spain,Canarias,ES70,2021-16,116.8980488084,Epidemic intelligence subnational data
Spain,Canarias,ES70,2021-17,95.8876920436014,Epidemic intelligence subnational data
Spain,Canarias,ES70,2021-18,83.8626155122593,Epidemic intelligence subnational data
Spain,Canarias,ES70,2021-19,82.8791520041198,Epidemic intelligence subnational data
Spain,Canarias,ES70,2021-20,82.7003404571854,Epidemic intelligence subnational data
Spain,Canarias,ES70,2021-21,71.8375389809172,Epidemic intelligence subnational data
Spain,Canarias,ES70,2021-22,66.6520041198181,Epidemic intelligence subnational data
Spain,Canarias,ES70,2021-23,75.8607987869425,Epidemic intelligence subnational data
Spain,Canarias,ES70,2021-24,92.0432437845106,Epidemic intelligence subnational data
Spain,Canarias,ES70,2021-25,107.421036820874,Epidemic intelligence subnational data
Spain,Canarias,ES70,2021-26,153.375604383029,Epidemic intelligence subnational data
Spain,Canarias,ES70,2021-27,232.231496581123,Epidemic intelligence subnational data
Spain,Canarias,ES70,2021-28,329.192057906331,Epidemic intelligence subnational data
Spain,Canarias,ES70,2021-29,439.697593911825,Epidemic intelligence subnational data
Spain,Canarias,ES70,2021-30,497.140803364518,Epidemic intelligence subnational data
Spain,Canarias,ES70,2021-31,449.800446313621,Epidemic intelligence subnational data
Spain,Canarias,ES70,2021-32,328.655623265528,Epidemic intelligence subnational data
Spain,Canarias,ES70,2021-33,218.194790146769,Epidemic intelligence subnational data
Spain,Canarias,ES70,2021-34,146.670171372987,Epidemic intelligence subnational data
Spain,Canarias,ES70,2021-35,102.190799073041,Epidemic intelligence subnational data
Spain,Canarias,ES70,2021-36,79.4370297256316,Epidemic intelligence subnational data
Spain,Canarias,ES70,2021-37,66.6967070065517,Epidemic intelligence subnational data
Spain,Canarias,ES70,2021-38,56.6832603782222,Epidemic intelligence subnational data
Spain,Canarias,ES70,2021-39,49.3519869539095,Epidemic intelligence subnational data
Spain,Canarias,ES70,2021-40,41.4395760020599,Epidemic intelligence subnational data
Spain,Canarias,ES70,2021-41,34.3765198981489,Epidemic intelligence subnational data
Spain,Canarias,ES70,2021-42,43.4512059050725,Epidemic intelligence subnational data
Spain,Canarias,ES70,2021-43,26.3747031728321,Epidemic intelligence subnational data
Spain,Canarias,ES70,2021-44,58.9631076016365,Epidemic intelligence subnational data
Spain,Canarias,ES70,2021-45,113.277114982977,Epidemic intelligence subnational data
Spain,Canarias,ES70,2021-46,129.772480187681,Epidemic intelligence subnational data
Spain,Canarias,ES70,2021-47,172.955468772352,Epidemic intelligence subnational data
Spain,Canarias,ES70,2021-48,172.642548565216,Epidemic intelligence subnational data
Spain,Canarias,ES70,2021-49,264.417575029325,Epidemic intelligence subnational data
Spain,Canarias,ES70,2021-50,598.392841816153,Epidemic intelligence subnational data
Spain,Canarias,ES70,2021-51,1158.2070923812,Epidemic intelligence subnational data
Spain,Canarias,ES70,2021-52,1879.04114096072,Epidemic intelligence subnational data
Spain,Canarias,ES70,2022-01,2386.19539095357,Epidemic intelligence subnational data
Spain,Canarias,ES70,2022-02,2848.87026864647,Epidemic intelligence subnational data
Spain,Canarias,ES70,2022-03,2539.43688667639,Epidemic intelligence subnational data
Spain,Canarias,ES70,2022-04,1461.87380196264,Epidemic intelligence subnational data
Sweden,Stockholms Lan,SE110,2020-15,,Epidemic intelligence subnational data
Sweden,Stockholms Lan,SE110,2020-16,118.843236726052,Epidemic intelligence subnational data
Sweden,Stockholms Lan,SE110,2020-17,119.432194359385,Epidemic intelligence subnational data
Sweden,Stockholms Lan,SE110,2020-18,113.374344416534,Epidemic intelligence subnational data
Sweden,Stockholms Lan,SE110,2020-19,103.951022283212,Epidemic intelligence subnational data
Sweden,Stockholms Lan,SE110,2020-20,98.4821299736946,Epidemic intelligence subnational data
Sweden,Stockholms Lan,SE110,2020-21,85.6933356499,Epidemic intelligence subnational data
Sweden,Stockholms Lan,SE110,2020-22,88.0491661832306,Epidemic intelligence subnational data
Sweden,Stockholms Lan,SE110,2020-23,100.711755299883,Epidemic intelligence subnational data
Sweden,Stockholms Lan,SE110,2020-24,108.452341337969,Epidemic intelligence subnational data
Sweden,Stockholms Lan,SE110,2020-25,130.622389392705,Epidemic intelligence subnational data
Sweden,Stockholms Lan,SE110,2020-26,140.466395549836,Epidemic intelligence subnational data
Sweden,Stockholms Lan,SE110,2020-27,115.225354121294,Epidemic intelligence subnational data
Sweden,Stockholms Lan,SE110,2020-28,67.8142646380161,Epidemic intelligence subnational data
Sweden,Stockholms Lan,SE110,2020-29,36.8939888880522,Epidemic intelligence subnational data
Sweden,Stockholms Lan,SE110,2020-30,30.457523323774,Epidemic intelligence subnational data
Sweden,Stockholms Lan,SE110,2020-31,26.2506830856837,Epidemic intelligence subnational data
Sweden,Stockholms Lan,SE110,2020-32,27.6810087666344,Epidemic intelligence subnational data
Sweden,Stockholms Lan,SE110,2020-33,32.7712854547237,Epidemic intelligence subnational data
Sweden,Stockholms Lan,SE110,2020-34,32.3506014309146,Epidemic intelligence subnational data
Sweden,Stockholms Lan,SE110,2020-35,24.9044942094948,Epidemic intelligence subnational data
Sweden,Stockholms Lan,SE110,2020-36,20.6976539714044,Epidemic intelligence subnational data
Sweden,Stockholms Lan,SE110,2020-37,23.474168528544,Epidemic intelligence subnational data
Sweden,Stockholms Lan,SE110,2020-38,35.4215948047206,Epidemic intelligence subnational data
Sweden,Stockholms Lan,SE110,2020-39,61.4198674761188,Epidemic intelligence subnational data
Sweden,Stockholms Lan,SE110,2020-40,91.4987751784647,Epidemic intelligence subnational data
Sweden,Stockholms Lan,SE110,2020-41,115.856380157008,Epidemic intelligence subnational data
Sweden,Stockholms Lan,SE110,2020-42,132.852014718893,Epidemic intelligence subnational data
Sweden,Stockholms Lan,SE110,2020-43,194.061540183107,Epidemic intelligence subnational data
Sweden,Stockholms Lan,SE110,2020-44,366.247511128144,Epidemic intelligence subnational data
Sweden,Stockholms Lan,SE110,2020-45,565.567601608864,Epidemic intelligence subnational data
Sweden,Stockholms Lan,SE110,2020-46,722.903426513442,Epidemic intelligence subnational data
Sweden,Stockholms Lan,SE110,2020-47,799.720329260972,Epidemic intelligence subnational data
Sweden,Stockholms Lan,SE110,2020-48,868.586303958511,Epidemic intelligence subnational data
Sweden,Stockholms Lan,SE110,2020-49,908.256807403702,Epidemic intelligence subnational data
Sweden,Stockholms Lan,SE110,2020-50,915.492572613218,Epidemic intelligence subnational data
Sweden,Stockholms Lan,SE110,2020-51,914.735341370361,Epidemic intelligence subnational data
Sweden,Stockholms Lan,SE110,2020-52,753.318881434835,Epidemic intelligence subnational data
Sweden,Stockholms Lan,SE110,2020-53,577.93571190885,Epidemic intelligence subnational data
Sweden,Stockholms Lan,SE110,2021-01,508.144232358931,Epidemic intelligence subnational data
Sweden,Stockholms Lan,SE110,2021-02,402.047721554293,Epidemic intelligence subnational data
Sweden,Stockholms Lan,SE110,2021-03,307.099337380594,Epidemic intelligence subnational data
Sweden,Stockholms Lan,SE110,2021-04,296.582236785368,Epidemic intelligence subnational data
Sweden,Stockholms Lan,SE110,2021-05,283.036211218717,Epidemic intelligence subnational data
Sweden,Stockholms Lan,SE110,2021-06,303.775933592503,Epidemic intelligence subnational data
Sweden,Stockholms Lan,SE110,2021-07,381.728683204317,Epidemic intelligence subnational data
Sweden,Stockholms Lan,SE110,2021-08,479.832197556583,Epidemic intelligence subnational data
Sweden,Stockholms Lan,SE110,2021-09,546.678888939838,Epidemic intelligence subnational data
Sweden,Stockholms Lan,SE110,2021-10,601.788496058822,Epidemic intelligence subnational data
Sweden,Stockholms Lan,SE110,2021-11,668.130366613506,Epidemic intelligence subnational data
Sweden,Stockholms Lan,SE110,2021-12,726.05855669201,Epidemic intelligence subnational data
Sweden,Stockholms Lan,SE110,2021-13,789.119091860984,Epidemic intelligence subnational data
Sweden,Stockholms Lan,SE110,2021-14,804.095443108586,Epidemic intelligence subnational data
Sweden,Stockholms Lan,SE110,2021-15,794.840394584787,Epidemic intelligence subnational data
Sweden,Stockholms Lan,SE110,2021-16,737.417025334854,Epidemic intelligence subnational data
Sweden,Stockholms Lan,SE110,2021-17,687.86044733015,Epidemic intelligence subnational data
Sweden,Stockholms Lan,SE110,2021-18,671.832386023026,Epidemic intelligence subnational data
Sweden,Stockholms Lan,SE110,2021-19,555.976005866018,Epidemic intelligence subnational data
Sweden,Stockholms Lan,SE110,2021-20,377.563911368607,Epidemic intelligence subnational data
Sweden,Stockholms Lan,SE110,2021-21,204.620709180714,Epidemic intelligence subnational data
Sweden,Stockholms Lan,SE110,2021-22,122.040435307001,Epidemic intelligence subnational data
Sweden,Stockholms Lan,SE110,2021-23,89.6898338760858,Epidemic intelligence subnational data
Sweden,Stockholms Lan,SE110,2021-24,47.9159103118489,Epidemic intelligence subnational data
Sweden,Stockholms Lan,SE110,2021-25,31.5092333832966,Epidemic intelligence subnational data
Sweden,Stockholms Lan,SE110,2021-26,29.4899500690132,Epidemic intelligence subnational data
Sweden,Stockholms Lan,SE110,2021-27,35.0009107809116,Epidemic intelligence subnational data
Sweden,Stockholms Lan,SE110,2021-28,46.10696900947,Epidemic intelligence subnational data
Sweden,Stockholms Lan,SE110,2021-29,70.5066423903939,Epidemic intelligence subnational data
Sweden,Stockholms Lan,SE110,2021-30,96.1683678427449,Epidemic intelligence subnational data
Sweden,Stockholms Lan,SE110,2021-31,126.373480752234,Epidemic intelligence subnational data
Sweden,Stockholms Lan,SE110,2021-32,159.481313426004,Epidemic intelligence subnational data
Sweden,Stockholms Lan,SE110,2021-33,173.574228223607,Epidemic intelligence subnational data
Sweden,Stockholms Lan,SE110,2021-34,169.07290916885,Epidemic intelligence subnational data
Sweden,Stockholms Lan,SE110,2021-35,168.904635559327,Epidemic intelligence subnational data
Sweden,Stockholms Lan,SE110,2021-36,179.716214971219,Epidemic intelligence subnational data
Sweden,Stockholms Lan,SE110,2021-37,166.296394611711,Epidemic intelligence subnational data
Sweden,Stockholms Lan,SE110,2021-38,127.845874835565,Epidemic intelligence subnational data
Sweden,Stockholms Lan,SE110,2021-39,109.504051397491,Epidemic intelligence subnational data
Sweden,Stockholms Lan,SE110,2021-40,110.766103468918,Epidemic intelligence subnational data
Sweden,Stockholms Lan,SE110,2021-41,103.025517430832,Epidemic intelligence subnational data
Sweden,Stockholms Lan,SE110,2021-42,110.345419445109,Epidemic intelligence subnational data
Sweden,Stockholms Lan,SE110,2021-43,128.897584895088,Epidemic intelligence subnational data
Sweden,Stockholms Lan,SE110,2021-44,123.554897792713,Epidemic intelligence subnational data
Sweden,Stockholms Lan,SE110,2021-45,120.61010962605,Epidemic intelligence subnational data
Sweden,Stockholms Lan,SE110,2021-46,138.867796259362,Epidemic intelligence subnational data
Sweden,Stockholms Lan,SE110,2021-47,212.866116047371,Epidemic intelligence subnational data
Sweden,Stockholms Lan,SE110,2021-48,280.34383346634,Epidemic intelligence subnational data
Sweden,Stockholms Lan,SE110,2021-49,353.795264023397,Epidemic intelligence subnational data
Sweden,Stockholms Lan,SE110,2021-50,519.208222185109,Epidemic intelligence subnational data
Sweden,Stockholms Lan,SE110,2021-51,683.359128275393,Epidemic intelligence subnational data
Sweden,Stockholms Lan,SE110,2021-52,1127.43318380821,Epidemic intelligence subnational data
Sweden,Stockholms Lan,SE110,2022-01,2219.73925162836,Epidemic intelligence subnational data
Sweden,Stockholms Lan,SE110,2022-02,3295.63864251997,Epidemic intelligence subnational data
Sweden,Stockholms Lan,SE110,2022-03,4479.27521190906,Epidemic intelligence subnational data
Sweden,Stockholms Lan,SE110,2022-04,4709.05282571355,Epidemic intelligence subnational data
Sweden,Uppsala Lan,SE121,2020-15,,Epidemic intelligence subnational data
Sweden,Uppsala Lan,SE121,2020-16,93.2988978741924,Epidemic intelligence subnational data
Sweden,Uppsala Lan,SE121,2020-17,107.371915989294,Epidemic intelligence subnational data
Sweden,Uppsala Lan,SE121,2020-18,104.244578630383,Epidemic intelligence subnational data
Sweden,Uppsala Lan,SE121,2020-19,113.626590707117,Epidemic intelligence subnational data
Sweden,Uppsala Lan,SE121,2020-20,111.541699134509,Epidemic intelligence subnational data
Sweden,Uppsala Lan,SE121,2020-21,97.7292924659837,Epidemic intelligence subnational data
Sweden,Uppsala Lan,SE121,2020-22,114.669036493421,Epidemic intelligence subnational data
Sweden,Uppsala Lan,SE121,2020-23,144.37874140308,Epidemic intelligence subnational data
Sweden,Uppsala Lan,SE121,2020-24,144.899964296232,Epidemic intelligence subnational data
Sweden,Uppsala Lan,SE121,2020-25,146.98485586884,Epidemic intelligence subnational data
Sweden,Uppsala Lan,SE121,2020-26,186.858407194961,Epidemic intelligence subnational data
Sweden,Uppsala Lan,SE121,2020-27,152.197084800359,Epidemic intelligence subnational data
Sweden,Uppsala Lan,SE121,2020-28,63.8498044111094,Epidemic intelligence subnational data
Sweden,Uppsala Lan,SE121,2020-29,31.5339850356907,Epidemic intelligence subnational data
Sweden,Uppsala Lan,SE121,2020-30,21.3701386192284,Epidemic intelligence subnational data
Sweden,Uppsala Lan,SE121,2020-31,16.1579096877093,Epidemic intelligence subnational data
Sweden,Uppsala Lan,SE121,2020-32,24.236864531564,Epidemic intelligence subnational data
Sweden,Uppsala Lan,SE121,2020-33,27.1035904438995,Epidemic intelligence subnational data
Sweden,Uppsala Lan,SE121,2020-34,29.970316356235,Epidemic intelligence subnational data
Sweden,Uppsala Lan,SE121,2020-35,25.8005332110197,Epidemic intelligence subnational data
Sweden,Uppsala Lan,SE121,2020-36,17.982189813741,Epidemic intelligence subnational data
Sweden,Uppsala Lan,SE121,2020-37,28.4066476767793,Epidemic intelligence subnational data
Sweden,Uppsala Lan,SE121,2020-38,37.5280483069377,Epidemic intelligence subnational data
Sweden,Uppsala Lan,SE121,2020-39,45.3463917042164,Epidemic intelligence subnational data
Sweden,Uppsala Lan,SE121,2020-40,86.2623888166416,Epidemic intelligence subnational data
Sweden,Uppsala Lan,SE121,2020-41,133.172449200314,Epidemic intelligence subnational data
Sweden,Uppsala Lan,SE121,2020-42,205.883042795006,Epidemic intelligence subnational data
Sweden,Uppsala Lan,SE121,2020-43,222.562175375867,Epidemic intelligence subnational data
Sweden,Uppsala Lan,SE121,2020-44,321.073302181578,Epidemic intelligence subnational data
Sweden,Uppsala Lan,SE121,2020-45,494.640525601166,Epidemic intelligence subnational data
Sweden,Uppsala Lan,SE121,2020-46,618.170351278169,Epidemic intelligence subnational data
Sweden,Uppsala Lan,SE121,2020-47,726.324101607191,Epidemic intelligence subnational data
Sweden,Uppsala Lan,SE121,2020-48,737.009170916805,Epidemic intelligence subnational data
Sweden,Uppsala Lan,SE121,2020-49,728.408993179799,Epidemic intelligence subnational data
Sweden,Uppsala Lan,SE121,2020-50,758.118698089458,Epidemic intelligence subnational data
Sweden,Uppsala Lan,SE121,2020-51,819.101776588231,Epidemic intelligence subnational data
Sweden,Uppsala Lan,SE121,2020-52,738.833451042837,Epidemic intelligence subnational data
Sweden,Uppsala Lan,SE121,2020-53,668.728971913904,Epidemic intelligence subnational data
Sweden,Uppsala Lan,SE121,2021-01,646.837610401524,Epidemic intelligence subnational data
Sweden,Uppsala Lan,SE121,2021-02,471.706718302481,Epidemic intelligence subnational data
Sweden,Uppsala Lan,SE121,2021-03,360.686242061124,Epidemic intelligence subnational data
Sweden,Uppsala Lan,SE121,2021-04,326.806754006249,Epidemic intelligence subnational data
Sweden,Uppsala Lan,SE121,2021-05,292.145431611647,Epidemic intelligence subnational data
Sweden,Uppsala Lan,SE121,2021-06,331.237148598041,Epidemic intelligence subnational data
Sweden,Uppsala Lan,SE121,2021-07,373.977425836498,Epidemic intelligence subnational data
Sweden,Uppsala Lan,SE121,2021-08,379.189654768017,Epidemic intelligence subnational data
Sweden,Uppsala Lan,SE121,2021-09,396.39001024203,Epidemic intelligence subnational data
Sweden,Uppsala Lan,SE121,2021-10,443.560682072278,Epidemic intelligence subnational data
Sweden,Uppsala Lan,SE121,2021-11,561.878278817762,Epidemic intelligence subnational data
Sweden,Uppsala Lan,SE121,2021-12,696.875008144108,Epidemic intelligence subnational data
Sweden,Uppsala Lan,SE121,2021-13,815.97443922932,Epidemic intelligence subnational data
Sweden,Uppsala Lan,SE121,2021-14,913.182508802152,Epidemic intelligence subnational data
Sweden,Uppsala Lan,SE121,2021-15,929.340418489861,Epidemic intelligence subnational data
Sweden,Uppsala Lan,SE121,2021-16,886.86075269798,Epidemic intelligence subnational data
Sweden,Uppsala Lan,SE121,2021-17,780.53128249499,Epidemic intelligence subnational data
Sweden,Uppsala Lan,SE121,2021-18,665.601634554993,Epidemic intelligence subnational data
Sweden,Uppsala Lan,SE121,2021-19,517.834944346426,Epidemic intelligence subnational data
Sweden,Uppsala Lan,SE121,2021-20,333.322040170648,Epidemic intelligence subnational data
Sweden,Uppsala Lan,SE121,2021-21,199.107145184031,Epidemic intelligence subnational data
Sweden,Uppsala Lan,SE121,2021-22,175.391503545619,Epidemic intelligence subnational data
Sweden,Uppsala Lan,SE121,2021-23,135.257340772921,Epidemic intelligence subnational data
Sweden,Uppsala Lan,SE121,2021-24,56.0314610138307,Epidemic intelligence subnational data
Sweden,Uppsala Lan,SE121,2021-25,34.1400995014503,Epidemic intelligence subnational data
Sweden,Uppsala Lan,SE121,2021-26,23.715641638412,Epidemic intelligence subnational data
Sweden,Uppsala Lan,SE121,2021-27,29.970316356235,Epidemic intelligence subnational data
Sweden,Uppsala Lan,SE121,2021-28,29.1884820165071,Epidemic intelligence subnational data
Sweden,Uppsala Lan,SE121,2021-29,31.7945964822667,Epidemic intelligence subnational data
Sweden,Uppsala Lan,SE121,2021-30,40.6553856658492,Epidemic intelligence subnational data
Sweden,Uppsala Lan,SE121,2021-31,55.2496266741028,Epidemic intelligence subnational data
Sweden,Uppsala Lan,SE121,2021-32,73.7530393809957,Epidemic intelligence subnational data
Sweden,Uppsala Lan,SE121,2021-33,88.3472803892493,Epidemic intelligence subnational data
Sweden,Uppsala Lan,SE121,2021-34,91.4746177481607,Epidemic intelligence subnational data
Sweden,Uppsala Lan,SE121,2021-35,89.6503376221291,Epidemic intelligence subnational data
Sweden,Uppsala Lan,SE121,2021-36,96.6868466796799,Epidemic intelligence subnational data
Sweden,Uppsala Lan,SE121,2021-37,103.983967183807,Epidemic intelligence subnational data
Sweden,Uppsala Lan,SE121,2021-38,89.3897261755531,Epidemic intelligence subnational data
Sweden,Uppsala Lan,SE121,2021-39,77.1409881864831,Epidemic intelligence subnational data
Sweden,Uppsala Lan,SE121,2021-40,92.2564520878886,Epidemic intelligence subnational data
Sweden,Uppsala Lan,SE121,2021-41,88.6078918358252,Epidemic intelligence subnational data
Sweden,Uppsala Lan,SE121,2021-42,83.916885797458,Epidemic intelligence subnational data
Sweden,Uppsala Lan,SE121,2021-43,122.747991337276,Epidemic intelligence subnational data
Sweden,Uppsala Lan,SE121,2021-44,121.444934104396,Epidemic intelligence subnational data
Sweden,Uppsala Lan,SE121,2021-45,103.462744290655,Epidemic intelligence subnational data
Sweden,Uppsala Lan,SE121,2021-46,130.305723287978,Epidemic intelligence subnational data
Sweden,Uppsala Lan,SE121,2021-47,181.12495537029,Epidemic intelligence subnational data
Sweden,Uppsala Lan,SE121,2021-48,284.066476767793,Epidemic intelligence subnational data
Sweden,Uppsala Lan,SE121,2021-49,330.194702811737,Epidemic intelligence subnational data
Sweden,Uppsala Lan,SE121,2021-50,459.718591759987,Epidemic intelligence subnational data
Sweden,Uppsala Lan,SE121,2021-51,516.010664220394,Epidemic intelligence subnational data
Sweden,Uppsala Lan,SE121,2021-52,628.594809141207,Epidemic intelligence subnational data
Sweden,Uppsala Lan,SE121,2022-01,1310.35435338391,Epidemic intelligence subnational data
Sweden,Uppsala Lan,SE121,2022-02,2487.27564612093,Epidemic intelligence subnational data
Sweden,Uppsala Lan,SE121,2022-03,3642.30557734557,Epidemic intelligence subnational data
Sweden,Uppsala Lan,SE121,2022-04,5168.70681994095,Epidemic intelligence subnational data
Sweden,Sodermanlands Lan,SE122,2020-15,,Epidemic intelligence subnational data
Sweden,Sodermanlands Lan,SE122,2020-16,140.485312899106,Epidemic intelligence subnational data
Sweden,Sodermanlands Lan,SE122,2020-17,141.493580695033,Epidemic intelligence subnational data
Sweden,Sodermanlands Lan,SE122,2020-18,133.763527592929,Epidemic intelligence subnational data
Sweden,Sodermanlands Lan,SE122,2020-19,106.876386368219,Epidemic intelligence subnational data
Sweden,Sodermanlands Lan,SE122,2020-20,71.9231027760973,Epidemic intelligence subnational data
Sweden,Sodermanlands Lan,SE122,2020-21,52.766014653492,Epidemic intelligence subnational data
Sweden,Sodermanlands Lan,SE122,2020-22,54.7825502453452,Epidemic intelligence subnational data
Sweden,Sodermanlands Lan,SE122,2020-23,62.5126033474491,Epidemic intelligence subnational data
Sweden,Sodermanlands Lan,SE122,2020-24,80.325334408819,Epidemic intelligence subnational data
Sweden,Sodermanlands Lan,SE122,2020-25,82.3418700006722,Epidemic intelligence subnational data
Sweden,Sodermanlands Lan,SE122,2020-26,93.0967264905559,Epidemic intelligence subnational data
Sweden,Sodermanlands Lan,SE122,2020-27,83.0140485312899,Epidemic intelligence subnational data
Sweden,Sodermanlands Lan,SE122,2020-28,47.0524971432413,Epidemic intelligence subnational data
Sweden,Sodermanlands Lan,SE122,2020-29,37.641997714593,Epidemic intelligence subnational data
Sweden,Sodermanlands Lan,SE122,2020-30,21.1736237144586,Epidemic intelligence subnational data
Sweden,Sodermanlands Lan,SE122,2020-31,9.07441016333938,Epidemic intelligence subnational data
Sweden,Sodermanlands Lan,SE122,2020-32,7.05787457148619,Epidemic intelligence subnational data
Sweden,Sodermanlands Lan,SE122,2020-33,9.41049942864825,Epidemic intelligence subnational data
Sweden,Sodermanlands Lan,SE122,2020-34,8.40223163272165,Epidemic intelligence subnational data
Sweden,Sodermanlands Lan,SE122,2020-35,6.38569604086846,Epidemic intelligence subnational data
Sweden,Sodermanlands Lan,SE122,2020-36,4.03307118370639,Epidemic intelligence subnational data
Sweden,Sodermanlands Lan,SE122,2020-37,6.04960677555959,Epidemic intelligence subnational data
Sweden,Sodermanlands Lan,SE122,2020-38,13.1074813470458,Epidemic intelligence subnational data
Sweden,Sodermanlands Lan,SE122,2020-39,20.8375344491497,Epidemic intelligence subnational data
Sweden,Sodermanlands Lan,SE122,2020-40,25.8788734287827,Epidemic intelligence subnational data
Sweden,Sodermanlands Lan,SE122,2020-41,30.9202124084157,Epidemic intelligence subnational data
Sweden,Sodermanlands Lan,SE122,2020-42,51.4216575922565,Epidemic intelligence subnational data
Sweden,Sodermanlands Lan,SE122,2020-43,78.9809773475835,Epidemic intelligence subnational data
Sweden,Sodermanlands Lan,SE122,2020-44,178.463399879008,Epidemic intelligence subnational data
Sweden,Sodermanlands Lan,SE122,2020-45,339.450157961955,Epidemic intelligence subnational data
Sweden,Sodermanlands Lan,SE122,2020-46,448.343079922027,Epidemic intelligence subnational data
Sweden,Sodermanlands Lan,SE122,2020-47,509.175236942932,Epidemic intelligence subnational data
Sweden,Sodermanlands Lan,SE122,2020-48,472.205417758957,Epidemic intelligence subnational data
Sweden,Sodermanlands Lan,SE122,2020-49,394.2327082073,Epidemic intelligence subnational data
Sweden,Sodermanlands Lan,SE122,2020-50,427.505545472878,Epidemic intelligence subnational data
Sweden,Sodermanlands Lan,SE122,2020-51,493.379041473415,Epidemic intelligence subnational data
Sweden,Sodermanlands Lan,SE122,2020-52,505.142165759226,Epidemic intelligence subnational data
Sweden,Sodermanlands Lan,SE122,2020-53,518.58573637158,Epidemic intelligence subnational data
Sweden,Sodermanlands Lan,SE122,2021-01,549.842038045305,Epidemic intelligence subnational data
Sweden,Sodermanlands Lan,SE122,2021-02,450.359615513881,Epidemic intelligence subnational data
Sweden,Sodermanlands Lan,SE122,2021-03,307.857767022921,Epidemic intelligence subnational data
Sweden,Sodermanlands Lan,SE122,2021-04,249.714324124488,Epidemic intelligence subnational data
Sweden,Sodermanlands Lan,SE122,2021-05,219.130200981381,Epidemic intelligence subnational data
Sweden,Sodermanlands Lan,SE122,2021-06,228.20461114472,Epidemic intelligence subnational data
Sweden,Sodermanlands Lan,SE122,2021-07,274.248840492035,Epidemic intelligence subnational data
Sweden,Sodermanlands Lan,SE122,2021-08,354.238085635545,Epidemic intelligence subnational data
Sweden,Sodermanlands Lan,SE122,2021-09,433.555152248437,Epidemic intelligence subnational data
Sweden,Sodermanlands Lan,SE122,2021-10,478.255024534516,Epidemic intelligence subnational data
Sweden,Sodermanlands Lan,SE122,2021-11,577.065268535323,Epidemic intelligence subnational data
Sweden,Sodermanlands Lan,SE122,2021-12,727.633259393695,Epidemic intelligence subnational data
Sweden,Sodermanlands Lan,SE122,2021-13,847.281037843651,Epidemic intelligence subnational data
Sweden,Sodermanlands Lan,SE122,2021-14,953.149156415944,Epidemic intelligence subnational data
Sweden,Sodermanlands Lan,SE122,2021-15,929.958997109632,Epidemic intelligence subnational data
Sweden,Sodermanlands Lan,SE122,2021-16,777.710559924716,Epidemic intelligence subnational data
Sweden,Sodermanlands Lan,SE122,2021-17,685.622101230087,Epidemic intelligence subnational data
Sweden,Sodermanlands Lan,SE122,2021-18,636.553068494992,Epidemic intelligence subnational data
Sweden,Sodermanlands Lan,SE122,2021-19,549.842038045305,Epidemic intelligence subnational data
Sweden,Sodermanlands Lan,SE122,2021-20,400.618404248168,Epidemic intelligence subnational data
Sweden,Sodermanlands Lan,SE122,2021-21,251.730859716341,Epidemic intelligence subnational data
Sweden,Sodermanlands Lan,SE122,2021-22,155.273240572696,Epidemic intelligence subnational data
Sweden,Sodermanlands Lan,SE122,2021-23,78.6448880822747,Epidemic intelligence subnational data
Sweden,Sodermanlands Lan,SE122,2021-24,37.9780869799019,Epidemic intelligence subnational data
Sweden,Sodermanlands Lan,SE122,2021-25,23.5262485716206,Epidemic intelligence subnational data
Sweden,Sodermanlands Lan,SE122,2021-26,22.8540700410029,Epidemic intelligence subnational data
Sweden,Sodermanlands Lan,SE122,2021-27,25.5427841634738,Epidemic intelligence subnational data
Sweden,Sodermanlands Lan,SE122,2021-28,24.8706056328561,Epidemic intelligence subnational data
Sweden,Sodermanlands Lan,SE122,2021-29,23.1901593063118,Epidemic intelligence subnational data
Sweden,Sodermanlands Lan,SE122,2021-30,43.6916044901526,Epidemic intelligence subnational data
Sweden,Sodermanlands Lan,SE122,2021-31,62.848692612758,Epidemic intelligence subnational data
Sweden,Sodermanlands Lan,SE122,2021-32,68.8982993883175,Epidemic intelligence subnational data
Sweden,Sodermanlands Lan,SE122,2021-33,77.9727095516569,Epidemic intelligence subnational data
Sweden,Sodermanlands Lan,SE122,2021-34,73.2674598373328,Epidemic intelligence subnational data
Sweden,Sodermanlands Lan,SE122,2021-35,91.7523694293204,Epidemic intelligence subnational data
Sweden,Sodermanlands Lan,SE122,2021-36,110.573368286617,Epidemic intelligence subnational data
Sweden,Sodermanlands Lan,SE122,2021-37,81.3336022047456,Epidemic intelligence subnational data
Sweden,Sodermanlands Lan,SE122,2021-38,51.7577468575654,Epidemic intelligence subnational data
Sweden,Sodermanlands Lan,SE122,2021-39,62.848692612758,Epidemic intelligence subnational data
Sweden,Sodermanlands Lan,SE122,2021-40,86.3749411843786,Epidemic intelligence subnational data
Sweden,Sodermanlands Lan,SE122,2021-41,103.515493715131,Epidemic intelligence subnational data
Sweden,Sodermanlands Lan,SE122,2021-42,122.672581837736,Epidemic intelligence subnational data
Sweden,Sodermanlands Lan,SE122,2021-43,126.033474490825,Epidemic intelligence subnational data
Sweden,Sodermanlands Lan,SE122,2021-44,100.154601062042,Epidemic intelligence subnational data
Sweden,Sodermanlands Lan,SE122,2021-45,86.0388519190697,Epidemic intelligence subnational data
Sweden,Sodermanlands Lan,SE122,2021-46,91.4162801640116,Epidemic intelligence subnational data
Sweden,Sodermanlands Lan,SE122,2021-47,120.656046245883,Epidemic intelligence subnational data
Sweden,Sodermanlands Lan,SE122,2021-48,198.964845062849,Epidemic intelligence subnational data
Sweden,Sodermanlands Lan,SE122,2021-49,259.797002083754,Epidemic intelligence subnational data
Sweden,Sodermanlands Lan,SE122,2021-50,285.339786247227,Epidemic intelligence subnational data
Sweden,Sodermanlands Lan,SE122,2021-51,266.518787389931,Epidemic intelligence subnational data
Sweden,Sodermanlands Lan,SE122,2021-52,539.42327082073,Epidemic intelligence subnational data
Sweden,Sodermanlands Lan,SE122,2022-01,1419.64105666465,Epidemic intelligence subnational data
Sweden,Sodermanlands Lan,SE122,2022-02,2820.461114472,Epidemic intelligence subnational data
Sweden,Sodermanlands Lan,SE122,2022-03,4828.25838542717,Epidemic intelligence subnational data
Sweden,Sodermanlands Lan,SE122,2022-04,5214.42495126706,Epidemic intelligence subnational data
Sweden,Ostergotlands Lan,SE123,2020-15,,Epidemic intelligence subnational data
Sweden,Ostergotlands Lan,SE123,2020-16,104.619813317007,Epidemic intelligence subnational data
Sweden,Ostergotlands Lan,SE123,2020-17,83.1373054490381,Epidemic intelligence subnational data
Sweden,Ostergotlands Lan,SE123,2020-18,68.5292000988195,Epidemic intelligence subnational data
Sweden,Ostergotlands Lan,SE123,2020-19,56.4989956927572,Epidemic intelligence subnational data
Sweden,Ostergotlands Lan,SE123,2020-20,55.8545204567181,Epidemic intelligence subnational data
Sweden,Ostergotlands Lan,SE123,2020-21,61.2251474237103,Epidemic intelligence subnational data
Sweden,Ostergotlands Lan,SE123,2020-22,47.2615173095307,Epidemic intelligence subnational data
Sweden,Ostergotlands Lan,SE123,2020-23,75.6184276952491,Epidemic intelligence subnational data
Sweden,Ostergotlands Lan,SE123,2020-24,121.590994532702,Epidemic intelligence subnational data
Sweden,Ostergotlands Lan,SE123,2020-25,126.961621499694,Epidemic intelligence subnational data
Sweden,Ostergotlands Lan,SE123,2020-26,134.910149410842,Epidemic intelligence subnational data
Sweden,Ostergotlands Lan,SE123,2020-27,107.412539339843,Epidemic intelligence subnational data
Sweden,Ostergotlands Lan,SE123,2020-28,52.4173191978432,Epidemic intelligence subnational data
Sweden,Ostergotlands Lan,SE123,2020-29,23.845583733445,Epidemic intelligence subnational data
Sweden,Ostergotlands Lan,SE123,2020-30,16.5415310583358,Epidemic intelligence subnational data
Sweden,Ostergotlands Lan,SE123,2020-31,14.8229304288983,Epidemic intelligence subnational data
Sweden,Ostergotlands Lan,SE123,2020-32,28.1420853070387,Epidemic intelligence subnational data
Sweden,Ostergotlands Lan,SE123,2020-33,36.3054382968668,Epidemic intelligence subnational data
Sweden,Ostergotlands Lan,SE123,2020-34,31.5792865659137,Epidemic intelligence subnational data
Sweden,Ostergotlands Lan,SE123,2020-35,20.1935573958904,Epidemic intelligence subnational data
Sweden,Ostergotlands Lan,SE123,2020-36,19.3342570811717,Epidemic intelligence subnational data
Sweden,Ostergotlands Lan,SE123,2020-37,28.5717354643981,Epidemic intelligence subnational data
Sweden,Ostergotlands Lan,SE123,2020-38,26.8531348349606,Epidemic intelligence subnational data
Sweden,Ostergotlands Lan,SE123,2020-39,29.0013856217575,Epidemic intelligence subnational data
Sweden,Ostergotlands Lan,SE123,2020-40,47.9059925455698,Epidemic intelligence subnational data
Sweden,Ostergotlands Lan,SE123,2020-41,58.4324214008743,Epidemic intelligence subnational data
Sweden,Ostergotlands Lan,SE123,2020-42,106.123588867764,Epidemic intelligence subnational data
Sweden,Ostergotlands Lan,SE123,2020-43,188.186768923404,Epidemic intelligence subnational data
Sweden,Ostergotlands Lan,SE123,2020-44,324.815518963684,Epidemic intelligence subnational data
Sweden,Ostergotlands Lan,SE123,2020-45,456.288467115651,Epidemic intelligence subnational data
Sweden,Ostergotlands Lan,SE123,2020-46,404.515623153847,Epidemic intelligence subnational data
Sweden,Ostergotlands Lan,SE123,2020-47,286.36182988002,Epidemic intelligence subnational data
Sweden,Ostergotlands Lan,SE123,2020-48,250.915691897872,Epidemic intelligence subnational data
Sweden,Ostergotlands Lan,SE123,2020-49,296.458608577965,Epidemic intelligence subnational data
Sweden,Ostergotlands Lan,SE123,2020-50,379.810739105683,Epidemic intelligence subnational data
Sweden,Ostergotlands Lan,SE123,2020-51,442.110011922792,Epidemic intelligence subnational data
Sweden,Ostergotlands Lan,SE123,2020-52,422.131279605581,Epidemic intelligence subnational data
Sweden,Ostergotlands Lan,SE123,2020-53,557.900729331142,Epidemic intelligence subnational data
Sweden,Ostergotlands Lan,SE123,2021-01,682.499274965359,Epidemic intelligence subnational data
Sweden,Ostergotlands Lan,SE123,2021-02,640.393559544141,Epidemic intelligence subnational data
Sweden,Ostergotlands Lan,SE123,2021-03,572.72365976004,Epidemic intelligence subnational data
Sweden,Ostergotlands Lan,SE123,2021-04,465.740770577557,Epidemic intelligence subnational data
Sweden,Ostergotlands Lan,SE123,2021-05,400.004296501574,Epidemic intelligence subnational data
Sweden,Ostergotlands Lan,SE123,2021-06,351.239003641285,Epidemic intelligence subnational data
Sweden,Ostergotlands Lan,SE123,2021-07,351.024178562605,Epidemic intelligence subnational data
Sweden,Ostergotlands Lan,SE123,2021-08,375.08458737473,Epidemic intelligence subnational data
Sweden,Ostergotlands Lan,SE123,2021-09,411.175200592917,Epidemic intelligence subnational data
Sweden,Ostergotlands Lan,SE123,2021-10,426.857431336534,Epidemic intelligence subnational data
Sweden,Ostergotlands Lan,SE123,2021-11,454.999516643573,Epidemic intelligence subnational data
Sweden,Ostergotlands Lan,SE123,2021-12,539.425772564689,Epidemic intelligence subnational data
Sweden,Ostergotlands Lan,SE123,2021-13,629.867130688837,Epidemic intelligence subnational data
Sweden,Ostergotlands Lan,SE123,2021-14,633.733982105071,Epidemic intelligence subnational data
Sweden,Ostergotlands Lan,SE123,2021-15,774.659233718944,Epidemic intelligence subnational data
Sweden,Ostergotlands Lan,SE123,2021-16,945.230346190614,Epidemic intelligence subnational data
Sweden,Ostergotlands Lan,SE123,2021-17,942.437620167778,Epidemic intelligence subnational data
Sweden,Ostergotlands Lan,SE123,2021-18,870.686043888764,Epidemic intelligence subnational data
Sweden,Ostergotlands Lan,SE123,2021-19,700.974231731812,Epidemic intelligence subnational data
Sweden,Ostergotlands Lan,SE123,2021-20,490.87530478308,Epidemic intelligence subnational data
Sweden,Ostergotlands Lan,SE123,2021-21,277.983651811513,Epidemic intelligence subnational data
Sweden,Ostergotlands Lan,SE123,2021-22,143.28832747935,Epidemic intelligence subnational data
Sweden,Ostergotlands Lan,SE123,2021-23,84.6410809997959,Epidemic intelligence subnational data
Sweden,Ostergotlands Lan,SE123,2021-24,46.8318671521713,Epidemic intelligence subnational data
Sweden,Ostergotlands Lan,SE123,2021-25,23.4159335760857,Epidemic intelligence subnational data
Sweden,Ostergotlands Lan,SE123,2021-26,22.7714583400466,Epidemic intelligence subnational data
Sweden,Ostergotlands Lan,SE123,2021-27,25.5641843628825,Epidemic intelligence subnational data
Sweden,Ostergotlands Lan,SE123,2021-28,23.201108497406,Epidemic intelligence subnational data
Sweden,Ostergotlands Lan,SE123,2021-29,21.2676827892888,Epidemic intelligence subnational data
Sweden,Ostergotlands Lan,SE123,2021-30,35.8757881395074,Epidemic intelligence subnational data
Sweden,Ostergotlands Lan,SE123,2021-31,48.3356427029291,Epidemic intelligence subnational data
Sweden,Ostergotlands Lan,SE123,2021-32,63.5882232891868,Epidemic intelligence subnational data
Sweden,Ostergotlands Lan,SE123,2021-33,84.8559060784756,Epidemic intelligence subnational data
Sweden,Ostergotlands Lan,SE123,2021-34,97.530585720577,Epidemic intelligence subnational data
Sweden,Ostergotlands Lan,SE123,2021-35,111.279390756077,Epidemic intelligence subnational data
Sweden,Ostergotlands Lan,SE123,2021-36,119.013093588546,Epidemic intelligence subnational data
Sweden,Ostergotlands Lan,SE123,2021-37,107.627364418522,Epidemic intelligence subnational data
Sweden,Ostergotlands Lan,SE123,2021-38,79.2704540328038,Epidemic intelligence subnational data
Sweden,Ostergotlands Lan,SE123,2021-39,54.7803950633197,Epidemic intelligence subnational data
Sweden,Ostergotlands Lan,SE123,2021-40,42.7501906572573,Epidemic intelligence subnational data
Sweden,Ostergotlands Lan,SE123,2021-41,51.128368725765,Epidemic intelligence subnational data
Sweden,Ostergotlands Lan,SE123,2021-42,69.3885004135383,Epidemic intelligence subnational data
Sweden,Ostergotlands Lan,SE123,2021-43,82.2780051343194,Epidemic intelligence subnational data
Sweden,Ostergotlands Lan,SE123,2021-44,67.8847248627805,Epidemic intelligence subnational data
Sweden,Ostergotlands Lan,SE123,2021-45,47.9059925455698,Epidemic intelligence subnational data
Sweden,Ostergotlands Lan,SE123,2021-46,49.6245931750073,Epidemic intelligence subnational data
Sweden,Ostergotlands Lan,SE123,2021-47,74.9739524592101,Epidemic intelligence subnational data
Sweden,Ostergotlands Lan,SE123,2021-48,108.057014575882,Epidemic intelligence subnational data
Sweden,Ostergotlands Lan,SE123,2021-49,152.096155705217,Epidemic intelligence subnational data
Sweden,Ostergotlands Lan,SE123,2021-50,205.587600296459,Epidemic intelligence subnational data
Sweden,Ostergotlands Lan,SE123,2021-51,207.950676161935,Epidemic intelligence subnational data
Sweden,Ostergotlands Lan,SE123,2021-52,349.090752854488,Epidemic intelligence subnational data
Sweden,Ostergotlands Lan,SE123,2022-01,837.817806850772,Epidemic intelligence subnational data
Sweden,Ostergotlands Lan,SE123,2022-02,1643.41185189959,Epidemic intelligence subnational data
Sweden,Ostergotlands Lan,SE123,2022-03,3024.73710780997,Epidemic intelligence subnational data
Sweden,Ostergotlands Lan,SE123,2022-04,4623.2505182655,Epidemic intelligence subnational data
Sweden,Orebro Lan,SE124,2020-15,,Epidemic intelligence subnational data
Sweden,Orebro Lan,SE124,2020-16,147.96345204311,Epidemic intelligence subnational data
Sweden,Orebro Lan,SE124,2020-17,154.525024195797,Epidemic intelligence subnational data
Sweden,Orebro Lan,SE124,2020-18,159.118124702679,Epidemic intelligence subnational data
Sweden,Orebro Lan,SE124,2020-19,149.603845081282,Epidemic intelligence subnational data
Sweden,Orebro Lan,SE124,2020-20,129.262971407949,Epidemic intelligence subnational data
Sweden,Orebro Lan,SE124,2020-21,114.171355456767,Epidemic intelligence subnational data
Sweden,Orebro Lan,SE124,2020-22,95.4708748216073,Epidemic intelligence subnational data
Sweden,Orebro Lan,SE124,2020-23,98.0955036826824,Epidemic intelligence subnational data
Sweden,Orebro Lan,SE124,2020-24,102.360525581929,Epidemic intelligence subnational data
Sweden,Orebro Lan,SE124,2020-25,82.0196519085973,Epidemic intelligence subnational data
Sweden,Orebro Lan,SE124,2020-26,67.5841931726842,Epidemic intelligence subnational data
Sweden,Orebro Lan,SE124,2020-27,50.5241055756959,Epidemic intelligence subnational data
Sweden,Orebro Lan,SE124,2020-28,37.072882662686,Epidemic intelligence subnational data
Sweden,Orebro Lan,SE124,2020-29,24.6058955725792,Epidemic intelligence subnational data
Sweden,Orebro Lan,SE124,2020-30,16.4039303817195,Epidemic intelligence subnational data
Sweden,Orebro Lan,SE124,2020-31,20.3408736733321,Epidemic intelligence subnational data
Sweden,Orebro Lan,SE124,2020-32,29.8551532947294,Epidemic intelligence subnational data
Sweden,Orebro Lan,SE124,2020-33,31.4955463329014,Epidemic intelligence subnational data
Sweden,Orebro Lan,SE124,2020-34,25.262052787848,Epidemic intelligence subnational data
Sweden,Orebro Lan,SE124,2020-35,14.7635373435475,Epidemic intelligence subnational data
Sweden,Orebro Lan,SE124,2020-36,32.4797821558045,Epidemic intelligence subnational data
Sweden,Orebro Lan,SE124,2020-37,52.8206558291367,Epidemic intelligence subnational data
Sweden,Orebro Lan,SE124,2020-38,52.4925772215023,Epidemic intelligence subnational data
Sweden,Orebro Lan,SE124,2020-39,47.2433194993521,Epidemic intelligence subnational data
Sweden,Orebro Lan,SE124,2020-40,71.1930578566625,Epidemic intelligence subnational data
Sweden,Orebro Lan,SE124,2020-41,136.480700775906,Epidemic intelligence subnational data
Sweden,Orebro Lan,SE124,2020-42,193.238299896655,Epidemic intelligence subnational data
Sweden,Orebro Lan,SE124,2020-43,308.065812568692,Epidemic intelligence subnational data
Sweden,Orebro Lan,SE124,2020-44,527.550401076098,Epidemic intelligence subnational data
Sweden,Orebro Lan,SE124,2020-45,729.974901986516,Epidemic intelligence subnational data
Sweden,Orebro Lan,SE124,2020-46,802.480274273716,Epidemic intelligence subnational data
Sweden,Orebro Lan,SE124,2020-47,800.51180262791,Epidemic intelligence subnational data
Sweden,Orebro Lan,SE124,2020-48,690.933547678024,Epidemic intelligence subnational data
Sweden,Orebro Lan,SE124,2020-49,534.111973228786,Epidemic intelligence subnational data
Sweden,Orebro Lan,SE124,2020-50,501.632191072981,Epidemic intelligence subnational data
Sweden,Orebro Lan,SE124,2020-51,526.894243860829,Epidemic intelligence subnational data
Sweden,Orebro Lan,SE124,2020-52,534.44005183642,Epidemic intelligence subnational data
Sweden,Orebro Lan,SE124,2020-53,550.515903610505,Epidemic intelligence subnational data
Sweden,Orebro Lan,SE124,2021-01,560.030183231902,Epidemic intelligence subnational data
Sweden,Orebro Lan,SE124,2021-02,477.354374108036,Epidemic intelligence subnational data
Sweden,Orebro Lan,SE124,2021-03,392.710093338364,Epidemic intelligence subnational data
Sweden,Orebro Lan,SE124,2021-04,330.047079280196,Epidemic intelligence subnational data
Sweden,Orebro Lan,SE124,2021-05,262.790964715146,Epidemic intelligence subnational data
Sweden,Orebro Lan,SE124,2021-06,250.980134840308,Epidemic intelligence subnational data
Sweden,Orebro Lan,SE124,2021-07,271.32100851364,Epidemic intelligence subnational data
Sweden,Orebro Lan,SE124,2021-08,330.047079280196,Epidemic intelligence subnational data
Sweden,Orebro Lan,SE124,2021-09,427.814504355244,Epidemic intelligence subnational data
Sweden,Orebro Lan,SE124,2021-10,469.808566132445,Epidemic intelligence subnational data
Sweden,Orebro Lan,SE124,2021-11,518.692278669969,Epidemic intelligence subnational data
Sweden,Orebro Lan,SE124,2021-12,686.340447171142,Epidemic intelligence subnational data
Sweden,Orebro Lan,SE124,2021-13,903.200406817473,Epidemic intelligence subnational data
Sweden,Orebro Lan,SE124,2021-14,1062.97468873542,Epidemic intelligence subnational data
Sweden,Orebro Lan,SE124,2021-15,1035.0880070865,Epidemic intelligence subnational data
Sweden,Orebro Lan,SE124,2021-16,880.562982890701,Epidemic intelligence subnational data
Sweden,Orebro Lan,SE124,2021-17,794.278309082856,Epidemic intelligence subnational data
Sweden,Orebro Lan,SE124,2021-18,747.691146798773,Epidemic intelligence subnational data
Sweden,Orebro Lan,SE124,2021-19,667.311887928348,Epidemic intelligence subnational data
Sweden,Orebro Lan,SE124,2021-20,523.285379176851,Epidemic intelligence subnational data
Sweden,Orebro Lan,SE124,2021-21,308.72196978396,Epidemic intelligence subnational data
Sweden,Orebro Lan,SE124,2021-22,157.477731664507,Epidemic intelligence subnational data
Sweden,Orebro Lan,SE124,2021-23,94.8147176063385,Epidemic intelligence subnational data
Sweden,Orebro Lan,SE124,2021-24,49.5398697527928,Epidemic intelligence subnational data
Sweden,Orebro Lan,SE124,2021-25,27.2305244336543,Epidemic intelligence subnational data
Sweden,Orebro Lan,SE124,2021-26,32.8078607634389,Epidemic intelligence subnational data
Sweden,Orebro Lan,SE124,2021-27,31.167467725267,Epidemic intelligence subnational data
Sweden,Orebro Lan,SE124,2021-28,19.356637850429,Epidemic intelligence subnational data
Sweden,Orebro Lan,SE124,2021-29,20.9970308886009,Epidemic intelligence subnational data
Sweden,Orebro Lan,SE124,2021-30,35.1044110168797,Epidemic intelligence subnational data
Sweden,Orebro Lan,SE124,2021-31,48.2275553222552,Epidemic intelligence subnational data
Sweden,Orebro Lan,SE124,2021-32,74.8019225406407,Epidemic intelligence subnational data
Sweden,Orebro Lan,SE124,2021-33,105.969390265908,Epidemic intelligence subnational data
Sweden,Orebro Lan,SE124,2021-34,116.795984317843,Epidemic intelligence subnational data
Sweden,Orebro Lan,SE124,2021-35,117.124062925477,Epidemic intelligence subnational data
Sweden,Orebro Lan,SE124,2021-36,157.149653056872,Epidemic intelligence subnational data
Sweden,Orebro Lan,SE124,2021-37,160.430439133216,Epidemic intelligence subnational data
Sweden,Orebro Lan,SE124,2021-38,107.60978330408,Epidemic intelligence subnational data
Sweden,Orebro Lan,SE124,2021-39,102.360525581929,Epidemic intelligence subnational data
Sweden,Orebro Lan,SE124,2021-40,112.530962418596,Epidemic intelligence subnational data
Sweden,Orebro Lan,SE124,2021-41,107.281704696445,Epidemic intelligence subnational data
Sweden,Orebro Lan,SE124,2021-42,97.767425075048,Epidemic intelligence subnational data
Sweden,Orebro Lan,SE124,2021-43,103.344761404833,Epidemic intelligence subnational data
Sweden,Orebro Lan,SE124,2021-44,125.982185331606,Epidemic intelligence subnational data
Sweden,Orebro Lan,SE124,2021-45,175.522055084398,Epidemic intelligence subnational data
Sweden,Orebro Lan,SE124,2021-46,220.140745722675,Epidemic intelligence subnational data
Sweden,Orebro Lan,SE124,2021-47,282.147602565575,Epidemic intelligence subnational data
Sweden,Orebro Lan,SE124,2021-48,369.088433588688,Epidemic intelligence subnational data
Sweden,Orebro Lan,SE124,2021-49,429.78297600105,Epidemic intelligence subnational data
Sweden,Orebro Lan,SE124,2021-50,491.461754236315,Epidemic intelligence subnational data
Sweden,Orebro Lan,SE124,2021-51,491.133675628681,Epidemic intelligence subnational data
Sweden,Orebro Lan,SE124,2021-52,824.46154098522,Epidemic intelligence subnational data
Sweden,Orebro Lan,SE124,2022-01,1732.91120552484,Epidemic intelligence subnational data
Sweden,Orebro Lan,SE124,2022-02,3171.20782139401,Epidemic intelligence subnational data
Sweden,Orebro Lan,SE124,2022-03,5678.71261954364,Epidemic intelligence subnational data
Sweden,Orebro Lan,SE124,2022-04,7659.65125244009,Epidemic intelligence subnational data
Sweden,Vastmanland,SE125,2020-15,,Epidemic intelligence subnational data
Sweden,Vastmanland,SE125,2020-16,128.695463031775,Epidemic intelligence subnational data
Sweden,Vastmanland,SE125,2020-17,121.807536841342,Epidemic intelligence subnational data
Sweden,Vastmanland,SE125,2020-18,105.494027442948,Epidemic intelligence subnational data
Sweden,Vastmanland,SE125,2020-19,73.5920535083108,Epidemic intelligence subnational data
Sweden,Vastmanland,SE125,2020-20,72.1419637840091,Epidemic intelligence subnational data
Sweden,Vastmanland,SE125,2020-21,83.7426815784227,Epidemic intelligence subnational data
Sweden,Vastmanland,SE125,2020-22,93.8933096485345,Epidemic intelligence subnational data
Sweden,Vastmanland,SE125,2020-23,114.919610650909,Epidemic intelligence subnational data
Sweden,Vastmanland,SE125,2020-24,164.947706139317,Epidemic intelligence subnational data
Sweden,Vastmanland,SE125,2020-25,199.387337091483,Epidemic intelligence subnational data
Sweden,Vastmanland,SE125,2020-26,174.010766916203,Epidemic intelligence subnational data
Sweden,Vastmanland,SE125,2020-27,141.02122568834,Epidemic intelligence subnational data
Sweden,Vastmanland,SE125,2020-28,100.418713407892,Epidemic intelligence subnational data
Sweden,Vastmanland,SE125,2020-29,54.3783646613134,Epidemic intelligence subnational data
Sweden,Vastmanland,SE125,2020-30,30.8144066414109,Epidemic intelligence subnational data
Sweden,Vastmanland,SE125,2020-31,26.8266598995813,Epidemic intelligence subnational data
Sweden,Vastmanland,SE125,2020-32,28.276749623883,Epidemic intelligence subnational data
Sweden,Vastmanland,SE125,2020-33,29.0017944860338,Epidemic intelligence subnational data
Sweden,Vastmanland,SE125,2020-34,27.9142271928076,Epidemic intelligence subnational data
Sweden,Vastmanland,SE125,2020-35,20.6637785712991,Epidemic intelligence subnational data
Sweden,Vastmanland,SE125,2020-36,19.2136888469974,Epidemic intelligence subnational data
Sweden,Vastmanland,SE125,2020-37,29.7268393481847,Epidemic intelligence subnational data
Sweden,Vastmanland,SE125,2020-38,38.4273776939948,Epidemic intelligence subnational data
Sweden,Vastmanland,SE125,2020-39,92.4432199242328,Epidemic intelligence subnational data
Sweden,Vastmanland,SE125,2020-40,116.732222806286,Epidemic intelligence subnational data
Sweden,Vastmanland,SE125,2020-41,86.642861027026,Epidemic intelligence subnational data
Sweden,Vastmanland,SE125,2020-42,85.5552937337998,Epidemic intelligence subnational data
Sweden,Vastmanland,SE125,2020-43,108.756729322627,Epidemic intelligence subnational data
Sweden,Vastmanland,SE125,2020-44,234.914535336874,Epidemic intelligence subnational data
Sweden,Vastmanland,SE125,2020-45,470.916637966974,Epidemic intelligence subnational data
Sweden,Vastmanland,SE125,2020-46,694.955500371586,Epidemic intelligence subnational data
Sweden,Vastmanland,SE125,2020-47,851.565190596168,Epidemic intelligence subnational data
Sweden,Vastmanland,SE125,2020-48,942.195798365024,Epidemic intelligence subnational data
Sweden,Vastmanland,SE125,2020-49,966.847323678153,Epidemic intelligence subnational data
Sweden,Vastmanland,SE125,2020-50,948.358679693306,Epidemic intelligence subnational data
Sweden,Vastmanland,SE125,2020-51,887.454911272635,Epidemic intelligence subnational data
Sweden,Vastmanland,SE125,2020-52,795.011691348402,Epidemic intelligence subnational data
Sweden,Vastmanland,SE125,2020-53,687.705051750077,Epidemic intelligence subnational data
Sweden,Vastmanland,SE125,2021-01,706.193695734924,Epidemic intelligence subnational data
Sweden,Vastmanland,SE125,2021-02,599.249578567674,Epidemic intelligence subnational data
Sweden,Vastmanland,SE125,2021-03,403.12494335587,Epidemic intelligence subnational data
Sweden,Vastmanland,SE125,2021-04,346.93396653918,Epidemic intelligence subnational data
Sweden,Vastmanland,SE125,2021-05,276.242092479472,Epidemic intelligence subnational data
Sweden,Vastmanland,SE125,2021-06,248.69038771774,Epidemic intelligence subnational data
Sweden,Vastmanland,SE125,2021-07,257.39092606355,Epidemic intelligence subnational data
Sweden,Vastmanland,SE125,2021-08,261.016150374304,Epidemic intelligence subnational data
Sweden,Vastmanland,SE125,2021-09,296.905871050771,Epidemic intelligence subnational data
Sweden,Vastmanland,SE125,2021-10,369.04783483478,Epidemic intelligence subnational data
Sweden,Vastmanland,SE125,2021-11,415.81322844351,Epidemic intelligence subnational data
Sweden,Vastmanland,SE125,2021-12,493.39302869365,Epidemic intelligence subnational data
Sweden,Vastmanland,SE125,2021-13,579.310844858526,Epidemic intelligence subnational data
Sweden,Vastmanland,SE125,2021-14,636.951911399518,Epidemic intelligence subnational data
Sweden,Vastmanland,SE125,2021-15,668.853885334155,Epidemic intelligence subnational data
Sweden,Vastmanland,SE125,2021-16,632.601642226613,Epidemic intelligence subnational data
Sweden,Vastmanland,SE125,2021-17,568.435171926263,Epidemic intelligence subnational data
Sweden,Vastmanland,SE125,2021-18,636.226866537367,Epidemic intelligence subnational data
Sweden,Vastmanland,SE125,2021-19,600.3371458609,Epidemic intelligence subnational data
Sweden,Vastmanland,SE125,2021-20,379.923507767043,Epidemic intelligence subnational data
Sweden,Vastmanland,SE125,2021-21,226.213996991064,Epidemic intelligence subnational data
Sweden,Vastmanland,SE125,2021-22,135.945911653284,Epidemic intelligence subnational data
Sweden,Vastmanland,SE125,2021-23,101.868803132194,Epidemic intelligence subnational data
Sweden,Vastmanland,SE125,2021-24,75.0421432326125,Epidemic intelligence subnational data
Sweden,Vastmanland,SE125,2021-25,47.127916039805,Epidemic intelligence subnational data
Sweden,Vastmanland,SE125,2021-26,28.6392720549584,Epidemic intelligence subnational data
Sweden,Vastmanland,SE125,2021-27,17.0385542605449,Epidemic intelligence subnational data
Sweden,Vastmanland,SE125,2021-28,12.6882850876398,Epidemic intelligence subnational data
Sweden,Vastmanland,SE125,2021-29,15.5884645362432,Epidemic intelligence subnational data
Sweden,Vastmanland,SE125,2021-30,36.9772879696931,Epidemic intelligence subnational data
Sweden,Vastmanland,SE125,2021-31,83.7426815784227,Epidemic intelligence subnational data
Sweden,Vastmanland,SE125,2021-32,126.157806014247,Epidemic intelligence subnational data
Sweden,Vastmanland,SE125,2021-33,146.459062154471,Epidemic intelligence subnational data
Sweden,Vastmanland,SE125,2021-34,154.797078069206,Epidemic intelligence subnational data
Sweden,Vastmanland,SE125,2021-35,166.035273432544,Epidemic intelligence subnational data
Sweden,Vastmanland,SE125,2021-36,164.222661277167,Epidemic intelligence subnational data
Sweden,Vastmanland,SE125,2021-37,146.821584585546,Epidemic intelligence subnational data
Sweden,Vastmanland,SE125,2021-38,138.483568670812,Epidemic intelligence subnational data
Sweden,Vastmanland,SE125,2021-39,153.709510775979,Epidemic intelligence subnational data
Sweden,Vastmanland,SE125,2021-40,162.772571552865,Epidemic intelligence subnational data
Sweden,Vastmanland,SE125,2021-41,155.884645362432,Epidemic intelligence subnational data
Sweden,Vastmanland,SE125,2021-42,228.026609146441,Epidemic intelligence subnational data
Sweden,Vastmanland,SE125,2021-43,326.995232830031,Epidemic intelligence subnational data
Sweden,Vastmanland,SE125,2021-44,312.85685801809,Epidemic intelligence subnational data
Sweden,Vastmanland,SE125,2021-45,272.616868168718,Epidemic intelligence subnational data
Sweden,Vastmanland,SE125,2021-46,313.581902880241,Epidemic intelligence subnational data
Sweden,Vastmanland,SE125,2021-47,453.515561275354,Epidemic intelligence subnational data
Sweden,Vastmanland,SE125,2021-48,560.097156011528,Epidemic intelligence subnational data
Sweden,Vastmanland,SE125,2021-49,625.351193605104,Epidemic intelligence subnational data
Sweden,Vastmanland,SE125,2021-50,746.07116315322,Epidemic intelligence subnational data
Sweden,Vastmanland,SE125,2021-51,748.971342601824,Epidemic intelligence subnational data
Sweden,Vastmanland,SE125,2021-52,825.101053127662,Epidemic intelligence subnational data
Sweden,Vastmanland,SE125,2022-01,1490.69223658214,Epidemic intelligence subnational data
Sweden,Vastmanland,SE125,2022-02,3155.75776251156,Epidemic intelligence subnational data
Sweden,Vastmanland,SE125,2022-03,5038.6992695173,Epidemic intelligence subnational data
Sweden,Vastmanland,SE125,2022-04,6482.26359005964,Epidemic intelligence subnational data
Sweden,Jonkopings Lan,SE211,2020-15,,Epidemic intelligence subnational data
Sweden,Jonkopings Lan,SE211,2020-16,70.957290861636,Epidemic intelligence subnational data
Sweden,Jonkopings Lan,SE211,2020-17,92.1344668164654,Epidemic intelligence subnational data
Sweden,Jonkopings Lan,SE211,2020-18,94.0596646305408,Epidemic intelligence subnational data
Sweden,Jonkopings Lan,SE211,2020-19,86.9089298925465,Epidemic intelligence subnational data
Sweden,Jonkopings Lan,SE211,2020-20,89.1091559657755,Epidemic intelligence subnational data
Sweden,Jonkopings Lan,SE211,2020-21,90.7593255206973,Epidemic intelligence subnational data
Sweden,Jonkopings Lan,SE211,2020-22,106.1609080333,Epidemic intelligence subnational data
Sweden,Jonkopings Lan,SE211,2020-23,121.562490545904,Epidemic intelligence subnational data
Sweden,Jonkopings Lan,SE211,2020-24,234.874133317198,Epidemic intelligence subnational data
Sweden,Jonkopings Lan,SE211,2020-25,385.86464759254,Epidemic intelligence subnational data
Sweden,Jonkopings Lan,SE211,2020-26,427.118886465584,Epidemic intelligence subnational data
Sweden,Jonkopings Lan,SE211,2020-27,309.406791547832,Epidemic intelligence subnational data
Sweden,Jonkopings Lan,SE211,2020-28,141.914581723272,Epidemic intelligence subnational data
Sweden,Jonkopings Lan,SE211,2020-29,77.5579690813231,Epidemic intelligence subnational data
Sweden,Jonkopings Lan,SE211,2020-30,45.3796627603486,Epidemic intelligence subnational data
Sweden,Jonkopings Lan,SE211,2020-31,33.8284758758963,Epidemic intelligence subnational data
Sweden,Jonkopings Lan,SE211,2020-32,39.6040693181224,Epidemic intelligence subnational data
Sweden,Jonkopings Lan,SE211,2020-33,40.9792106138906,Epidemic intelligence subnational data
Sweden,Jonkopings Lan,SE211,2020-34,35.7536736899716,Epidemic intelligence subnational data
Sweden,Jonkopings Lan,SE211,2020-35,25.852656360441,Epidemic intelligence subnational data
Sweden,Jonkopings Lan,SE211,2020-36,30.2531085068991,Epidemic intelligence subnational data
Sweden,Jonkopings Lan,SE211,2020-37,57.7559344222619,Epidemic intelligence subnational data
Sweden,Jonkopings Lan,SE211,2020-38,65.1816974194098,Epidemic intelligence subnational data
Sweden,Jonkopings Lan,SE211,2020-39,55.2806800898792,Epidemic intelligence subnational data
Sweden,Jonkopings Lan,SE211,2020-40,57.7559344222619,Epidemic intelligence subnational data
Sweden,Jonkopings Lan,SE211,2020-41,85.808816855932,Epidemic intelligence subnational data
Sweden,Jonkopings Lan,SE211,2020-42,129.813338320512,Epidemic intelligence subnational data
Sweden,Jonkopings Lan,SE211,2020-43,149.890401238727,Epidemic intelligence subnational data
Sweden,Jonkopings Lan,SE211,2020-44,319.857865395669,Epidemic intelligence subnational data
Sweden,Jonkopings Lan,SE211,2020-45,541.805670532647,Epidemic intelligence subnational data
Sweden,Jonkopings Lan,SE211,2020-46,648.516635084255,Epidemic intelligence subnational data
Sweden,Jonkopings Lan,SE211,2020-47,708.747823838899,Epidemic intelligence subnational data
Sweden,Jonkopings Lan,SE211,2020-48,649.066691602562,Epidemic intelligence subnational data
Sweden,Jonkopings Lan,SE211,2020-49,584.160022442306,Epidemic intelligence subnational data
Sweden,Jonkopings Lan,SE211,2020-50,625.964317833658,Epidemic intelligence subnational data
Sweden,Jonkopings Lan,SE211,2020-51,726.899688943039,Epidemic intelligence subnational data
Sweden,Jonkopings Lan,SE211,2020-52,713.698332503665,Epidemic intelligence subnational data
Sweden,Jonkopings Lan,SE211,2020-53,706.272569506517,Epidemic intelligence subnational data
Sweden,Jonkopings Lan,SE211,2021-01,769.254040852698,Epidemic intelligence subnational data
Sweden,Jonkopings Lan,SE211,2021-02,671.068952334852,Epidemic intelligence subnational data
Sweden,Jonkopings Lan,SE211,2021-03,567.933355152242,Epidemic intelligence subnational data
Sweden,Jonkopings Lan,SE211,2021-04,565.733129079013,Epidemic intelligence subnational data
Sweden,Jonkopings Lan,SE211,2021-05,543.730868346723,Epidemic intelligence subnational data
Sweden,Jonkopings Lan,SE211,2021-06,551.706687862178,Epidemic intelligence subnational data
Sweden,Jonkopings Lan,SE211,2021-07,589.660587625379,Epidemic intelligence subnational data
Sweden,Jonkopings Lan,SE211,2021-08,625.689289574504,Epidemic intelligence subnational data
Sweden,Jonkopings Lan,SE211,2021-09,641.365900346261,Epidemic intelligence subnational data
Sweden,Jonkopings Lan,SE211,2021-10,697.471665213601,Epidemic intelligence subnational data
Sweden,Jonkopings Lan,SE211,2021-11,840.211331714334,Epidemic intelligence subnational data
Sweden,Jonkopings Lan,SE211,2021-12,931.245685494185,Epidemic intelligence subnational data
Sweden,Jonkopings Lan,SE211,2021-13,901.542633505593,Epidemic intelligence subnational data
Sweden,Jonkopings Lan,SE211,2021-14,871.01449673954,Epidemic intelligence subnational data
Sweden,Jonkopings Lan,SE211,2021-15,809.958223207435,Epidemic intelligence subnational data
Sweden,Jonkopings Lan,SE211,2021-16,668.868726261623,Epidemic intelligence subnational data
Sweden,Jonkopings Lan,SE211,2021-17,626.239346092811,Epidemic intelligence subnational data
Sweden,Jonkopings Lan,SE211,2021-18,652.917087230713,Epidemic intelligence subnational data
Sweden,Jonkopings Lan,SE211,2021-19,551.431659603024,Epidemic intelligence subnational data
Sweden,Jonkopings Lan,SE211,2021-20,407.04182354737,Epidemic intelligence subnational data
Sweden,Jonkopings Lan,SE211,2021-21,259.076620122718,Epidemic intelligence subnational data
Sweden,Jonkopings Lan,SE211,2021-22,218.647466027134,Epidemic intelligence subnational data
Sweden,Jonkopings Lan,SE211,2021-23,204.345996551146,Epidemic intelligence subnational data
Sweden,Jonkopings Lan,SE211,2021-24,94.609721148848,Epidemic intelligence subnational data
Sweden,Jonkopings Lan,SE211,2021-25,64.356612641949,Epidemic intelligence subnational data
Sweden,Jonkopings Lan,SE211,2021-26,50.0551431659603,Epidemic intelligence subnational data
Sweden,Jonkopings Lan,SE211,2021-27,40.9792106138906,Epidemic intelligence subnational data
Sweden,Jonkopings Lan,SE211,2021-28,30.8031650252063,Epidemic intelligence subnational data
Sweden,Jonkopings Lan,SE211,2021-29,25.5776281012874,Epidemic intelligence subnational data
Sweden,Jonkopings Lan,SE211,2021-30,29.4280237294382,Epidemic intelligence subnational data
Sweden,Jonkopings Lan,SE211,2021-31,45.104634501195,Epidemic intelligence subnational data
Sweden,Jonkopings Lan,SE211,2021-32,68.2070082700998,Epidemic intelligence subnational data
Sweden,Jonkopings Lan,SE211,2021-33,102.860568923457,Epidemic intelligence subnational data
Sweden,Jonkopings Lan,SE211,2021-34,111.386444957219,Epidemic intelligence subnational data
Sweden,Jonkopings Lan,SE211,2021-35,108.911190624837,Epidemic intelligence subnational data
Sweden,Jonkopings Lan,SE211,2021-36,123.762716619133,Epidemic intelligence subnational data
Sweden,Jonkopings Lan,SE211,2021-37,121.28746228675,Epidemic intelligence subnational data
Sweden,Jonkopings Lan,SE211,2021-38,97.635031999538,Epidemic intelligence subnational data
Sweden,Jonkopings Lan,SE211,2021-39,80.0332234137058,Epidemic intelligence subnational data
Sweden,Jonkopings Lan,SE211,2021-40,63.5315278644881,Epidemic intelligence subnational data
Sweden,Jonkopings Lan,SE211,2021-41,53.0804540166502,Epidemic intelligence subnational data
Sweden,Jonkopings Lan,SE211,2021-42,68.2070082700998,Epidemic intelligence subnational data
Sweden,Jonkopings Lan,SE211,2021-43,71.7823756390969,Epidemic intelligence subnational data
Sweden,Jonkopings Lan,SE211,2021-44,58.8560474588764,Epidemic intelligence subnational data
Sweden,Jonkopings Lan,SE211,2021-45,59.9561604954909,Epidemic intelligence subnational data
Sweden,Jonkopings Lan,SE211,2021-46,72.0574038982505,Epidemic intelligence subnational data
Sweden,Jonkopings Lan,SE211,2021-47,92.1344668164654,Epidemic intelligence subnational data
Sweden,Jonkopings Lan,SE211,2021-48,158.41627727249,Epidemic intelligence subnational data
Sweden,Jonkopings Lan,SE211,2021-49,262.927015750868,Epidemic intelligence subnational data
Sweden,Jonkopings Lan,SE211,2021-50,343.235267423728,Epidemic intelligence subnational data
Sweden,Jonkopings Lan,SE211,2021-51,341.310069609652,Epidemic intelligence subnational data
Sweden,Jonkopings Lan,SE211,2021-52,598.461491918295,Epidemic intelligence subnational data
Sweden,Jonkopings Lan,SE211,2022-01,1234.05179882233,Epidemic intelligence subnational data
Sweden,Jonkopings Lan,SE211,2022-02,2520.633995143,Epidemic intelligence subnational data
Sweden,Jonkopings Lan,SE211,2022-03,3971.40806217839,Epidemic intelligence subnational data
Sweden,Jonkopings Lan,SE211,2022-04,4839.39724806724,Epidemic intelligence subnational data
Sweden,Kronobergs Lan,SE212,2020-15,,Epidemic intelligence subnational data
Sweden,Kronobergs Lan,SE212,2020-16,60.5552218951799,Epidemic intelligence subnational data
Sweden,Kronobergs Lan,SE212,2020-17,80.905747286183,Epidemic intelligence subnational data
Sweden,Kronobergs Lan,SE212,2020-18,88.8474157314525,Epidemic intelligence subnational data
Sweden,Kronobergs Lan,SE212,2020-19,118.132318123384,Epidemic intelligence subnational data
Sweden,Kronobergs Lan,SE212,2020-20,136.993780680899,Epidemic intelligence subnational data
Sweden,Kronobergs Lan,SE212,2020-21,121.11044379036,Epidemic intelligence subnational data
Sweden,Kronobergs Lan,SE212,2020-22,109.197941122456,Epidemic intelligence subnational data
Sweden,Kronobergs Lan,SE212,2020-23,92.3218956762579,Epidemic intelligence subnational data
Sweden,Kronobergs Lan,SE212,2020-24,76.4385587857189,Epidemic intelligence subnational data
Sweden,Kronobergs Lan,SE212,2020-25,53.1099077277398,Epidemic intelligence subnational data
Sweden,Kronobergs Lan,SE212,2020-26,29.2849023919313,Epidemic intelligence subnational data
Sweden,Kronobergs Lan,SE212,2020-27,17.372399724027,Epidemic intelligence subnational data
Sweden,Kronobergs Lan,SE212,2020-28,14.394274057051,Epidemic intelligence subnational data
Sweden,Kronobergs Lan,SE212,2020-29,22.8322967801498,Epidemic intelligence subnational data
Sweden,Kronobergs Lan,SE212,2020-30,22.8322967801498,Epidemic intelligence subnational data
Sweden,Kronobergs Lan,SE212,2020-31,23.3286510579791,Epidemic intelligence subnational data
Sweden,Kronobergs Lan,SE212,2020-32,44.6718850046409,Epidemic intelligence subnational data
Sweden,Kronobergs Lan,SE212,2020-33,75.4458502300602,Epidemic intelligence subnational data
Sweden,Kronobergs Lan,SE212,2020-34,67.5041817847907,Epidemic intelligence subnational data
Sweden,Kronobergs Lan,SE212,2020-35,44.1755307268116,Epidemic intelligence subnational data
Sweden,Kronobergs Lan,SE212,2020-36,40.2046965041768,Epidemic intelligence subnational data
Sweden,Kronobergs Lan,SE212,2020-37,48.6427192272757,Epidemic intelligence subnational data
Sweden,Kronobergs Lan,SE212,2020-38,73.4604331187428,Epidemic intelligence subnational data
Sweden,Kronobergs Lan,SE212,2020-39,99.2708555658687,Epidemic intelligence subnational data
Sweden,Kronobergs Lan,SE212,2020-40,93.3146042319166,Epidemic intelligence subnational data
Sweden,Kronobergs Lan,SE212,2020-41,71.9713702852548,Epidemic intelligence subnational data
Sweden,Kronobergs Lan,SE212,2020-42,94.3073127875753,Epidemic intelligence subnational data
Sweden,Kronobergs Lan,SE212,2020-43,214.921402300106,Epidemic intelligence subnational data
Sweden,Kronobergs Lan,SE212,2020-44,386.163628151229,Epidemic intelligence subnational data
Sweden,Kronobergs Lan,SE212,2020-45,581.727213615991,Epidemic intelligence subnational data
Sweden,Kronobergs Lan,SE212,2020-46,710.282971573791,Epidemic intelligence subnational data
Sweden,Kronobergs Lan,SE212,2020-47,635.33347562156,Epidemic intelligence subnational data
Sweden,Kronobergs Lan,SE212,2020-48,584.705339282967,Epidemic intelligence subnational data
Sweden,Kronobergs Lan,SE212,2020-49,577.756379393356,Epidemic intelligence subnational data
Sweden,Kronobergs Lan,SE212,2020-50,621.435555842338,Epidemic intelligence subnational data
Sweden,Kronobergs Lan,SE212,2020-51,818.488204140587,Epidemic intelligence subnational data
Sweden,Kronobergs Lan,SE212,2020-52,836.853312420273,Epidemic intelligence subnational data
Sweden,Kronobergs Lan,SE212,2020-53,861.67102631174,Epidemic intelligence subnational data
Sweden,Kronobergs Lan,SE212,2021-01,1005.11741260442,Epidemic intelligence subnational data
Sweden,Kronobergs Lan,SE212,2021-02,853.729357866471,Epidemic intelligence subnational data
Sweden,Kronobergs Lan,SE212,2021-03,650.720458234269,Epidemic intelligence subnational data
Sweden,Kronobergs Lan,SE212,2021-04,611.012116007922,Epidemic intelligence subnational data
Sweden,Kronobergs Lan,SE212,2021-05,529.610014443909,Epidemic intelligence subnational data
Sweden,Kronobergs Lan,SE212,2021-06,482.952712327951,Epidemic intelligence subnational data
Sweden,Kronobergs Lan,SE212,2021-07,477.492815271828,Epidemic intelligence subnational data
Sweden,Kronobergs Lan,SE212,2021-08,395.098005152157,Epidemic intelligence subnational data
Sweden,Kronobergs Lan,SE212,2021-09,324.119343422561,Epidemic intelligence subnational data
Sweden,Kronobergs Lan,SE212,2021-10,266.045892916528,Epidemic intelligence subnational data
Sweden,Kronobergs Lan,SE212,2021-11,271.009435694822,Epidemic intelligence subnational data
Sweden,Kronobergs Lan,SE212,2021-12,321.141217755585,Epidemic intelligence subnational data
Sweden,Kronobergs Lan,SE212,2021-13,388.149045262547,Epidemic intelligence subnational data
Sweden,Kronobergs Lan,SE212,2021-14,575.770962282039,Epidemic intelligence subnational data
Sweden,Kronobergs Lan,SE212,2021-15,749.494959522309,Epidemic intelligence subnational data
Sweden,Kronobergs Lan,SE212,2021-16,889.963220148013,Epidemic intelligence subnational data
Sweden,Kronobergs Lan,SE212,2021-17,1009.58460110489,Epidemic intelligence subnational data
Sweden,Kronobergs Lan,SE212,2021-18,1055.74554894301,Epidemic intelligence subnational data
Sweden,Kronobergs Lan,SE212,2021-19,944.065836431411,Epidemic intelligence subnational data
Sweden,Kronobergs Lan,SE212,2021-20,630.866287121096,Epidemic intelligence subnational data
Sweden,Kronobergs Lan,SE212,2021-21,360.353205704103,Epidemic intelligence subnational data
Sweden,Kronobergs Lan,SE212,2021-22,229.812030634986,Epidemic intelligence subnational data
Sweden,Kronobergs Lan,SE212,2021-23,178.191185740734,Epidemic intelligence subnational data
Sweden,Kronobergs Lan,SE212,2021-24,135.504717847411,Epidemic intelligence subnational data
Sweden,Kronobergs Lan,SE212,2021-25,91.8255413984285,Epidemic intelligence subnational data
Sweden,Kronobergs Lan,SE212,2021-26,69.4895988961081,Epidemic intelligence subnational data
Sweden,Kronobergs Lan,SE212,2021-27,40.7010507820062,Epidemic intelligence subnational data
Sweden,Kronobergs Lan,SE212,2021-28,31.2703195032486,Epidemic intelligence subnational data
Sweden,Kronobergs Lan,SE212,2021-29,46.1609478381289,Epidemic intelligence subnational data
Sweden,Kronobergs Lan,SE212,2021-30,44.6718850046409,Epidemic intelligence subnational data
Sweden,Kronobergs Lan,SE212,2021-31,44.1755307268116,Epidemic intelligence subnational data
Sweden,Kronobergs Lan,SE212,2021-32,54.1026162833984,Epidemic intelligence subnational data
Sweden,Kronobergs Lan,SE212,2021-33,67.0078275069614,Epidemic intelligence subnational data
Sweden,Kronobergs Lan,SE212,2021-34,107.708878288968,Epidemic intelligence subnational data
Sweden,Kronobergs Lan,SE212,2021-35,151.884409015779,Epidemic intelligence subnational data
Sweden,Kronobergs Lan,SE212,2021-36,171.242225851124,Epidemic intelligence subnational data
Sweden,Kronobergs Lan,SE212,2021-37,131.533883624776,Epidemic intelligence subnational data
Sweden,Kronobergs Lan,SE212,2021-38,70.9786617295961,Epidemic intelligence subnational data
Sweden,Kronobergs Lan,SE212,2021-39,53.6062620055691,Epidemic intelligence subnational data
Sweden,Kronobergs Lan,SE212,2021-40,51.1244906164224,Epidemic intelligence subnational data
Sweden,Kronobergs Lan,SE212,2021-41,71.9713702852548,Epidemic intelligence subnational data
Sweden,Kronobergs Lan,SE212,2021-42,96.2927298988926,Epidemic intelligence subnational data
Sweden,Kronobergs Lan,SE212,2021-43,71.9713702852548,Epidemic intelligence subnational data
Sweden,Kronobergs Lan,SE212,2021-44,55.5916791168865,Epidemic intelligence subnational data
Sweden,Kronobergs Lan,SE212,2021-45,61.0515761730092,Epidemic intelligence subnational data
Sweden,Kronobergs Lan,SE212,2021-46,66.511473229132,Epidemic intelligence subnational data
Sweden,Kronobergs Lan,SE212,2021-47,75.4458502300602,Epidemic intelligence subnational data
Sweden,Kronobergs Lan,SE212,2021-48,119.621380956872,Epidemic intelligence subnational data
Sweden,Kronobergs Lan,SE212,2021-49,166.775037350659,Epidemic intelligence subnational data
Sweden,Kronobergs Lan,SE212,2021-50,193.081814075615,Epidemic intelligence subnational data
Sweden,Kronobergs Lan,SE212,2021-51,280.936521251408,Epidemic intelligence subnational data
Sweden,Kronobergs Lan,SE212,2021-52,636.326184177218,Epidemic intelligence subnational data
Sweden,Kronobergs Lan,SE212,2022-01,1532.24565565918,Epidemic intelligence subnational data
Sweden,Kronobergs Lan,SE212,2022-02,2522.96879420655,Epidemic intelligence subnational data
Sweden,Kronobergs Lan,SE212,2022-03,4253.75616099747,Epidemic intelligence subnational data
Sweden,Kronobergs Lan,SE212,2022-04,5613.76688224987,Epidemic intelligence subnational data
Sweden,Kalmar Lan,SE213,2020-15,,Epidemic intelligence subnational data
Sweden,Kalmar Lan,SE213,2020-16,19.1488148105897,Epidemic intelligence subnational data
Sweden,Kalmar Lan,SE213,2020-17,28.9269330117419,Epidemic intelligence subnational data
Sweden,Kalmar Lan,SE213,2020-18,33.815992112318,Epidemic intelligence subnational data
Sweden,Kalmar Lan,SE213,2020-19,33.815992112318,Epidemic intelligence subnational data
Sweden,Kalmar Lan,SE213,2020-20,29.7417761951712,Epidemic intelligence subnational data
Sweden,Kalmar Lan,SE213,2020-21,22.0007659525924,Epidemic intelligence subnational data
Sweden,Kalmar Lan,SE213,2020-22,39.5198943963234,Epidemic intelligence subnational data
Sweden,Kalmar Lan,SE213,2020-23,52.557385331193,Epidemic intelligence subnational data
Sweden,Kalmar Lan,SE213,2020-24,51.7425421477637,Epidemic intelligence subnational data
Sweden,Kalmar Lan,SE213,2020-25,57.8538660234838,Epidemic intelligence subnational data
Sweden,Kalmar Lan,SE213,2020-26,54.5944932897664,Epidemic intelligence subnational data
Sweden,Kalmar Lan,SE213,2020-27,60.2983955737718,Epidemic intelligence subnational data
Sweden,Kalmar Lan,SE213,2020-28,48.4831694140463,Epidemic intelligence subnational data
Sweden,Kalmar Lan,SE213,2020-29,19.5562364023044,Epidemic intelligence subnational data
Sweden,Kalmar Lan,SE213,2020-30,12.6300693431549,Epidemic intelligence subnational data
Sweden,Kalmar Lan,SE213,2020-31,13.4449125265843,Epidemic intelligence subnational data
Sweden,Kalmar Lan,SE213,2020-32,12.2226477514402,Epidemic intelligence subnational data
Sweden,Kalmar Lan,SE213,2020-33,16.296863668587,Epidemic intelligence subnational data
Sweden,Kalmar Lan,SE213,2020-34,27.2972466448832,Epidemic intelligence subnational data
Sweden,Kalmar Lan,SE213,2020-35,26.4824034614538,Epidemic intelligence subnational data
Sweden,Kalmar Lan,SE213,2020-36,13.4449125265843,Epidemic intelligence subnational data
Sweden,Kalmar Lan,SE213,2020-37,6.92616705914947,Epidemic intelligence subnational data
Sweden,Kalmar Lan,SE213,2020-38,7.74101024257882,Epidemic intelligence subnational data
Sweden,Kalmar Lan,SE213,2020-39,8.96327501772284,Epidemic intelligence subnational data
Sweden,Kalmar Lan,SE213,2020-40,10.1855397928669,Epidemic intelligence subnational data
Sweden,Kalmar Lan,SE213,2020-41,14.2597557100136,Epidemic intelligence subnational data
Sweden,Kalmar Lan,SE213,2020-42,23.6304523194511,Epidemic intelligence subnational data
Sweden,Kalmar Lan,SE213,2020-43,56.6316012483398,Epidemic intelligence subnational data
Sweden,Kalmar Lan,SE213,2020-44,117.744840005541,Epidemic intelligence subnational data
Sweden,Kalmar Lan,SE213,2020-45,205.747903815911,Epidemic intelligence subnational data
Sweden,Kalmar Lan,SE213,2020-46,317.788841537446,Epidemic intelligence subnational data
Sweden,Kalmar Lan,SE213,2020-47,370.753648460354,Epidemic intelligence subnational data
Sweden,Kalmar Lan,SE213,2020-48,450.60828043643,Epidemic intelligence subnational data
Sweden,Kalmar Lan,SE213,2020-49,519.869951027925,Epidemic intelligence subnational data
Sweden,Kalmar Lan,SE213,2020-50,548.796884039667,Epidemic intelligence subnational data
Sweden,Kalmar Lan,SE213,2020-51,641.689006950612,Epidemic intelligence subnational data
Sweden,Kalmar Lan,SE213,2020-52,655.948762660626,Epidemic intelligence subnational data
Sweden,Kalmar Lan,SE213,2020-53,686.097960447512,Epidemic intelligence subnational data
Sweden,Kalmar Lan,SE213,2021-01,814.02834024592,Epidemic intelligence subnational data
Sweden,Kalmar Lan,SE213,2021-02,734.581129861558,Epidemic intelligence subnational data
Sweden,Kalmar Lan,SE213,2021-03,523.129323761642,Epidemic intelligence subnational data
Sweden,Kalmar Lan,SE213,2021-04,402.532532614098,Epidemic intelligence subnational data
Sweden,Kalmar Lan,SE213,2021-05,317.381419945732,Epidemic intelligence subnational data
Sweden,Kalmar Lan,SE213,2021-06,264.824034614538,Epidemic intelligence subnational data
Sweden,Kalmar Lan,SE213,2021-07,301.084556277145,Epidemic intelligence subnational data
Sweden,Kalmar Lan,SE213,2021-08,400.90284624724,Epidemic intelligence subnational data
Sweden,Kalmar Lan,SE213,2021-09,476.683262306169,Epidemic intelligence subnational data
Sweden,Kalmar Lan,SE213,2021-10,504.795352134482,Epidemic intelligence subnational data
Sweden,Kalmar Lan,SE213,2021-11,597.280053453713,Epidemic intelligence subnational data
Sweden,Kalmar Lan,SE213,2021-12,869.030255127401,Epidemic intelligence subnational data
Sweden,Kalmar Lan,SE213,2021-13,980.663771257222,Epidemic intelligence subnational data
Sweden,Kalmar Lan,SE213,2021-14,1018.9614008784,Epidemic intelligence subnational data
Sweden,Kalmar Lan,SE213,2021-15,1108.18672946392,Epidemic intelligence subnational data
Sweden,Kalmar Lan,SE213,2021-16,1034.85084295527,Epidemic intelligence subnational data
Sweden,Kalmar Lan,SE213,2021-17,983.515722399224,Epidemic intelligence subnational data
Sweden,Kalmar Lan,SE213,2021-18,984.737987174368,Epidemic intelligence subnational data
Sweden,Kalmar Lan,SE213,2021-19,800.99084931105,Epidemic intelligence subnational data
Sweden,Kalmar Lan,SE213,2021-20,518.647686252781,Epidemic intelligence subnational data
Sweden,Kalmar Lan,SE213,2021-21,293.343546034566,Epidemic intelligence subnational data
Sweden,Kalmar Lan,SE213,2021-22,188.22877537218,Epidemic intelligence subnational data
Sweden,Kalmar Lan,SE213,2021-23,143.004978691851,Epidemic intelligence subnational data
Sweden,Kalmar Lan,SE213,2021-24,81.4843183429349,Epidemic intelligence subnational data
Sweden,Kalmar Lan,SE213,2021-25,58.2612876151985,Epidemic intelligence subnational data
Sweden,Kalmar Lan,SE213,2021-26,28.1120898283125,Epidemic intelligence subnational data
Sweden,Kalmar Lan,SE213,2021-27,17.9265500354457,Epidemic intelligence subnational data
Sweden,Kalmar Lan,SE213,2021-28,18.3339716271604,Epidemic intelligence subnational data
Sweden,Kalmar Lan,SE213,2021-29,27.2972466448832,Epidemic intelligence subnational data
Sweden,Kalmar Lan,SE213,2021-30,37.0753648460354,Epidemic intelligence subnational data
Sweden,Kalmar Lan,SE213,2021-31,37.8902080294647,Epidemic intelligence subnational data
Sweden,Kalmar Lan,SE213,2021-32,50.9276989643343,Epidemic intelligence subnational data
Sweden,Kalmar Lan,SE213,2021-33,88.4104854020844,Epidemic intelligence subnational data
Sweden,Kalmar Lan,SE213,2021-34,108.374143396103,Epidemic intelligence subnational data
Sweden,Kalmar Lan,SE213,2021-35,112.040937721536,Epidemic intelligence subnational data
Sweden,Kalmar Lan,SE213,2021-36,112.44835931325,Epidemic intelligence subnational data
Sweden,Kalmar Lan,SE213,2021-37,94.1143876860898,Epidemic intelligence subnational data
Sweden,Kalmar Lan,SE213,2021-38,58.2612876151985,Epidemic intelligence subnational data
Sweden,Kalmar Lan,SE213,2021-39,47.2609046389022,Epidemic intelligence subnational data
Sweden,Kalmar Lan,SE213,2021-40,57.4464444317691,Epidemic intelligence subnational data
Sweden,Kalmar Lan,SE213,2021-41,54.5944932897664,Epidemic intelligence subnational data
Sweden,Kalmar Lan,SE213,2021-42,86.373377443511,Epidemic intelligence subnational data
Sweden,Kalmar Lan,SE213,2021-43,130.374909348696,Epidemic intelligence subnational data
Sweden,Kalmar Lan,SE213,2021-44,153.597940076432,Epidemic intelligence subnational data
Sweden,Kalmar Lan,SE213,2021-45,167.450274194731,Epidemic intelligence subnational data
Sweden,Kalmar Lan,SE213,2021-46,180.487765129601,Epidemic intelligence subnational data
Sweden,Kalmar Lan,SE213,2021-47,226.526404993359,Epidemic intelligence subnational data
Sweden,Kalmar Lan,SE213,2021-48,268.083407348256,Epidemic intelligence subnational data
Sweden,Kalmar Lan,SE213,2021-49,338.974764306609,Epidemic intelligence subnational data
Sweden,Kalmar Lan,SE213,2021-50,438.38563268499,Epidemic intelligence subnational data
Sweden,Kalmar Lan,SE213,2021-51,424.940720158406,Epidemic intelligence subnational data
Sweden,Kalmar Lan,SE213,2021-52,599.724583004001,Epidemic intelligence subnational data
Sweden,Kalmar Lan,SE213,2022-01,1153.00310455253,Epidemic intelligence subnational data
Sweden,Kalmar Lan,SE213,2022-02,1861.50925254435,Epidemic intelligence subnational data
Sweden,Kalmar Lan,SE213,2022-03,3373.45077939751,Epidemic intelligence subnational data
Sweden,Kalmar Lan,SE213,2022-04,5115.99292716117,Epidemic intelligence subnational data
Sweden,Gotlands Lan,SE214,2020-15,,Epidemic intelligence subnational data
Sweden,Gotlands Lan,SE214,2020-16,8.37717387662098,Epidemic intelligence subnational data
Sweden,Gotlands Lan,SE214,2020-17,25.131521629863,Epidemic intelligence subnational data
Sweden,Gotlands Lan,SE214,2020-18,56.9647823610227,Epidemic intelligence subnational data
Sweden,Gotlands Lan,SE214,2020-19,53.6139128103743,Epidemic intelligence subnational data
Sweden,Gotlands Lan,SE214,2020-20,21.7806520792146,Epidemic intelligence subnational data
Sweden,Gotlands Lan,SE214,2020-21,13.4034782025936,Epidemic intelligence subnational data
Sweden,Gotlands Lan,SE214,2020-22,26.8069564051872,Epidemic intelligence subnational data
Sweden,Gotlands Lan,SE214,2020-23,35.1841302818081,Epidemic intelligence subnational data
Sweden,Gotlands Lan,SE214,2020-24,51.9384780350501,Epidemic intelligence subnational data
Sweden,Gotlands Lan,SE214,2020-25,68.6928257882921,Epidemic intelligence subnational data
Sweden,Gotlands Lan,SE214,2020-26,78.7454344402373,Epidemic intelligence subnational data
Sweden,Gotlands Lan,SE214,2020-27,67.0173910129679,Epidemic intelligence subnational data
Sweden,Gotlands Lan,SE214,2020-28,45.2367389337533,Epidemic intelligence subnational data
Sweden,Gotlands Lan,SE214,2020-29,55.2893475856985,Epidemic intelligence subnational data
Sweden,Gotlands Lan,SE214,2020-30,72.0436953389405,Epidemic intelligence subnational data
Sweden,Gotlands Lan,SE214,2020-31,75.3945648895889,Epidemic intelligence subnational data
Sweden,Gotlands Lan,SE214,2020-32,92.1489126428308,Epidemic intelligence subnational data
Sweden,Gotlands Lan,SE214,2020-33,93.824347418155,Epidemic intelligence subnational data
Sweden,Gotlands Lan,SE214,2020-34,50.2630432597259,Epidemic intelligence subnational data
Sweden,Gotlands Lan,SE214,2020-35,18.4297825285662,Epidemic intelligence subnational data
Sweden,Gotlands Lan,SE214,2020-36,6.70173910129679,Epidemic intelligence subnational data
Sweden,Gotlands Lan,SE214,2020-37,6.70173910129679,Epidemic intelligence subnational data
Sweden,Gotlands Lan,SE214,2020-38,13.4034782025936,Epidemic intelligence subnational data
Sweden,Gotlands Lan,SE214,2020-39,13.4034782025936,Epidemic intelligence subnational data
Sweden,Gotlands Lan,SE214,2020-40,31.8332607311597,Epidemic intelligence subnational data
Sweden,Gotlands Lan,SE214,2020-41,51.9384780350501,Epidemic intelligence subnational data
Sweden,Gotlands Lan,SE214,2020-42,48.5876084844017,Epidemic intelligence subnational data
Sweden,Gotlands Lan,SE214,2020-43,78.7454344402373,Epidemic intelligence subnational data
Sweden,Gotlands Lan,SE214,2020-44,169.218912307744,Epidemic intelligence subnational data
Sweden,Gotlands Lan,SE214,2020-45,425.560432932346,Epidemic intelligence subnational data
Sweden,Gotlands Lan,SE214,2020-46,702.007170860838,Epidemic intelligence subnational data
Sweden,Gotlands Lan,SE214,2020-47,681.901953556948,Epidemic intelligence subnational data
Sweden,Gotlands Lan,SE214,2020-48,680.226518781624,Epidemic intelligence subnational data
Sweden,Gotlands Lan,SE214,2020-49,924.839995978957,Epidemic intelligence subnational data
Sweden,Gotlands Lan,SE214,2020-50,929.866300304929,Epidemic intelligence subnational data
Sweden,Gotlands Lan,SE214,2020-51,722.112388164729,Epidemic intelligence subnational data
Sweden,Gotlands Lan,SE214,2020-52,531.11282377777,Epidemic intelligence subnational data
Sweden,Gotlands Lan,SE214,2020-53,395.40260697651,Epidemic intelligence subnational data
Sweden,Gotlands Lan,SE214,2021-01,447.341085011561,Epidemic intelligence subnational data
Sweden,Gotlands Lan,SE214,2021-02,393.727172201186,Epidemic intelligence subnational data
Sweden,Gotlands Lan,SE214,2021-03,234.560868545388,Epidemic intelligence subnational data
Sweden,Gotlands Lan,SE214,2021-04,145.762825453205,Epidemic intelligence subnational data
Sweden,Gotlands Lan,SE214,2021-05,82.0963039908856,Epidemic intelligence subnational data
Sweden,Gotlands Lan,SE214,2021-06,77.069999664913,Epidemic intelligence subnational data
Sweden,Gotlands Lan,SE214,2021-07,70.3682605636163,Epidemic intelligence subnational data
Sweden,Gotlands Lan,SE214,2021-08,80.4208692155614,Epidemic intelligence subnational data
Sweden,Gotlands Lan,SE214,2021-09,164.192607981771,Epidemic intelligence subnational data
Sweden,Gotlands Lan,SE214,2021-10,214.455651241497,Epidemic intelligence subnational data
Sweden,Gotlands Lan,SE214,2021-11,221.157390342794,Epidemic intelligence subnational data
Sweden,Gotlands Lan,SE214,2021-12,294.876520457059,Epidemic intelligence subnational data
Sweden,Gotlands Lan,SE214,2021-13,341.788694166136,Epidemic intelligence subnational data
Sweden,Gotlands Lan,SE214,2021-14,420.534128606373,Epidemic intelligence subnational data
Sweden,Gotlands Lan,SE214,2021-15,562.94608450893,Epidemic intelligence subnational data
Sweden,Gotlands Lan,SE214,2021-16,522.735649901149,Epidemic intelligence subnational data
Sweden,Gotlands Lan,SE214,2021-17,350.165868042757,Epidemic intelligence subnational data
Sweden,Gotlands Lan,SE214,2021-18,308.279998659652,Epidemic intelligence subnational data
Sweden,Gotlands Lan,SE214,2021-19,336.762389840164,Epidemic intelligence subnational data
Sweden,Gotlands Lan,SE214,2021-20,273.095868377844,Epidemic intelligence subnational data
Sweden,Gotlands Lan,SE214,2021-21,159.166303655799,Epidemic intelligence subnational data
Sweden,Gotlands Lan,SE214,2021-22,83.7717387662098,Epidemic intelligence subnational data
Sweden,Gotlands Lan,SE214,2021-23,61.9910866869953,Epidemic intelligence subnational data
Sweden,Gotlands Lan,SE214,2021-24,36.8595650571323,Epidemic intelligence subnational data
Sweden,Gotlands Lan,SE214,2021-25,31.8332607311597,Epidemic intelligence subnational data
Sweden,Gotlands Lan,SE214,2021-26,28.4823911805113,Epidemic intelligence subnational data
Sweden,Gotlands Lan,SE214,2021-27,25.131521629863,Epidemic intelligence subnational data
Sweden,Gotlands Lan,SE214,2021-28,31.8332607311597,Epidemic intelligence subnational data
Sweden,Gotlands Lan,SE214,2021-29,56.9647823610227,Epidemic intelligence subnational data
Sweden,Gotlands Lan,SE214,2021-30,197.701303488255,Epidemic intelligence subnational data
Sweden,Gotlands Lan,SE214,2021-31,380.323693998593,Epidemic intelligence subnational data
Sweden,Gotlands Lan,SE214,2021-32,393.727172201186,Epidemic intelligence subnational data
Sweden,Gotlands Lan,SE214,2021-33,254.666085849278,Epidemic intelligence subnational data
Sweden,Gotlands Lan,SE214,2021-34,177.596086184365,Epidemic intelligence subnational data
Sweden,Gotlands Lan,SE214,2021-35,134.034782025936,Epidemic intelligence subnational data
Sweden,Gotlands Lan,SE214,2021-36,95.4997821934792,Epidemic intelligence subnational data
Sweden,Gotlands Lan,SE214,2021-37,73.7191301142647,Epidemic intelligence subnational data
Sweden,Gotlands Lan,SE214,2021-38,31.8332607311597,Epidemic intelligence subnational data
Sweden,Gotlands Lan,SE214,2021-39,16.754347753242,Epidemic intelligence subnational data
Sweden,Gotlands Lan,SE214,2021-40,11.7280434272694,Epidemic intelligence subnational data
Sweden,Gotlands Lan,SE214,2021-41,15.0789129779178,Epidemic intelligence subnational data
Sweden,Gotlands Lan,SE214,2021-42,11.7280434272694,Epidemic intelligence subnational data
Sweden,Gotlands Lan,SE214,2021-43,5.02630432597259,Epidemic intelligence subnational data
Sweden,Gotlands Lan,SE214,2021-44,13.4034782025936,Epidemic intelligence subnational data
Sweden,Gotlands Lan,SE214,2021-45,36.8595650571323,Epidemic intelligence subnational data
Sweden,Gotlands Lan,SE214,2021-46,130.683912475287,Epidemic intelligence subnational data
Sweden,Gotlands Lan,SE214,2021-47,209.429346915525,Epidemic intelligence subnational data
Sweden,Gotlands Lan,SE214,2021-48,180.946955735013,Epidemic intelligence subnational data
Sweden,Gotlands Lan,SE214,2021-49,154.139999329826,Epidemic intelligence subnational data
Sweden,Gotlands Lan,SE214,2021-50,122.306738598666,Epidemic intelligence subnational data
Sweden,Gotlands Lan,SE214,2021-51,123.982173373991,Epidemic intelligence subnational data
Sweden,Gotlands Lan,SE214,2021-52,718.76151861408,Epidemic intelligence subnational data
Sweden,Gotlands Lan,SE214,2022-01,1549.77716717488,Epidemic intelligence subnational data
Sweden,Gotlands Lan,SE214,2022-02,2595.24846697718,Epidemic intelligence subnational data
Sweden,Gotlands Lan,SE214,2022-03,4005.96454780015,Epidemic intelligence subnational data
Sweden,Gotlands Lan,SE214,2022-04,4443.25302415977,Epidemic intelligence subnational data
Sweden,Blekinge Lan,SE221,2020-15,,Epidemic intelligence subnational data
Sweden,Blekinge Lan,SE221,2020-16,4.38580003258023,Epidemic intelligence subnational data
Sweden,Blekinge Lan,SE221,2020-17,13.7839429595379,Epidemic intelligence subnational data
Sweden,Blekinge Lan,SE221,2020-18,19.4228287157124,Epidemic intelligence subnational data
Sweden,Blekinge Lan,SE221,2020-19,13.1574000977407,Epidemic intelligence subnational data
Sweden,Blekinge Lan,SE221,2020-20,18.1697429921181,Epidemic intelligence subnational data
Sweden,Blekinge Lan,SE221,2020-21,38.8456574314249,Epidemic intelligence subnational data
Sweden,Blekinge Lan,SE221,2020-22,70.1728005212837,Epidemic intelligence subnational data
Sweden,Blekinge Lan,SE221,2020-23,93.9814292695763,Epidemic intelligence subnational data
Sweden,Blekinge Lan,SE221,2020-24,102.753029334737,Epidemic intelligence subnational data
Sweden,Blekinge Lan,SE221,2020-25,75.1851434156611,Epidemic intelligence subnational data
Sweden,Blekinge Lan,SE221,2020-26,40.7252860168164,Epidemic intelligence subnational data
Sweden,Blekinge Lan,SE221,2020-27,26.9413430572786,Epidemic intelligence subnational data
Sweden,Blekinge Lan,SE221,2020-28,16.9166572685237,Epidemic intelligence subnational data
Sweden,Blekinge Lan,SE221,2020-29,11.9043143741463,Epidemic intelligence subnational data
Sweden,Blekinge Lan,SE221,2020-30,6.89197147976893,Epidemic intelligence subnational data
Sweden,Blekinge Lan,SE221,2020-31,8.77160006516046,Epidemic intelligence subnational data
Sweden,Blekinge Lan,SE221,2020-32,27.5678859190757,Epidemic intelligence subnational data
Sweden,Blekinge Lan,SE221,2020-33,49.4968860819769,Epidemic intelligence subnational data
Sweden,Blekinge Lan,SE221,2020-34,42.6049146022079,Epidemic intelligence subnational data
Sweden,Blekinge Lan,SE221,2020-35,23.1820858864955,Epidemic intelligence subnational data
Sweden,Blekinge Lan,SE221,2020-36,11.2777715123492,Epidemic intelligence subnational data
Sweden,Blekinge Lan,SE221,2020-37,4.38580003258023,Epidemic intelligence subnational data
Sweden,Blekinge Lan,SE221,2020-38,11.2777715123492,Epidemic intelligence subnational data
Sweden,Blekinge Lan,SE221,2020-39,57.015400423543,Epidemic intelligence subnational data
Sweden,Blekinge Lan,SE221,2020-40,93.3548864077792,Epidemic intelligence subnational data
Sweden,Blekinge Lan,SE221,2020-41,83.3302006190244,Epidemic intelligence subnational data
Sweden,Blekinge Lan,SE221,2020-42,57.6419432853402,Epidemic intelligence subnational data
Sweden,Blekinge Lan,SE221,2020-43,60.1481147325289,Epidemic intelligence subnational data
Sweden,Blekinge Lan,SE221,2020-44,129.067829530218,Epidemic intelligence subnational data
Sweden,Blekinge Lan,SE221,2020-45,189.215944262747,Epidemic intelligence subnational data
Sweden,Blekinge Lan,SE221,2020-46,241.219001791913,Epidemic intelligence subnational data
Sweden,Blekinge Lan,SE221,2020-47,297.607859353658,Epidemic intelligence subnational data
Sweden,Blekinge Lan,SE221,2020-48,385.95040286706,Epidemic intelligence subnational data
Sweden,Blekinge Lan,SE221,2020-49,515.644775259075,Epidemic intelligence subnational data
Sweden,Blekinge Lan,SE221,2020-50,635.314461862336,Epidemic intelligence subnational data
Sweden,Blekinge Lan,SE221,2020-51,737.440948335276,Epidemic intelligence subnational data
Sweden,Blekinge Lan,SE221,2020-52,827.663120434069,Epidemic intelligence subnational data
Sweden,Blekinge Lan,SE221,2020-53,1011.24017894064,Epidemic intelligence subnational data
Sweden,Blekinge Lan,SE221,2021-01,1066.37595077879,Epidemic intelligence subnational data
Sweden,Blekinge Lan,SE221,2021-02,882.79889227222,Epidemic intelligence subnational data
Sweden,Blekinge Lan,SE221,2021-03,626.542861797176,Epidemic intelligence subnational data
Sweden,Blekinge Lan,SE221,2021-04,371.539917045725,Epidemic intelligence subnational data
Sweden,Blekinge Lan,SE221,2021-05,266.2807162638,Epidemic intelligence subnational data
Sweden,Blekinge Lan,SE221,2021-06,226.808515970578,Epidemic intelligence subnational data
Sweden,Blekinge Lan,SE221,2021-07,202.999887222285,Epidemic intelligence subnational data
Sweden,Blekinge Lan,SE221,2021-08,184.20360136837,Epidemic intelligence subnational data
Sweden,Blekinge Lan,SE221,2021-09,182.323972782978,Epidemic intelligence subnational data
Sweden,Blekinge Lan,SE221,2021-10,218.663458767214,Epidemic intelligence subnational data
Sweden,Blekinge Lan,SE221,2021-11,244.351716100899,Epidemic intelligence subnational data
Sweden,Blekinge Lan,SE221,2021-12,322.043030963748,Epidemic intelligence subnational data
Sweden,Blekinge Lan,SE221,2021-13,430.43494605466,Epidemic intelligence subnational data
Sweden,Blekinge Lan,SE221,2021-14,525.66946104783,Epidemic intelligence subnational data
Sweden,Blekinge Lan,SE221,2021-15,655.990376301643,Epidemic intelligence subnational data
Sweden,Blekinge Lan,SE221,2021-16,783.17857724647,Epidemic intelligence subnational data
Sweden,Blekinge Lan,SE221,2021-17,759.996491359974,Epidemic intelligence subnational data
Sweden,Blekinge Lan,SE221,2021-18,632.808290415147,Epidemic intelligence subnational data
Sweden,Blekinge Lan,SE221,2021-19,468.02751776249,Epidemic intelligence subnational data
Sweden,Blekinge Lan,SE221,2021-20,313.271430898588,Epidemic intelligence subnational data
Sweden,Blekinge Lan,SE221,2021-21,204.879515807676,Epidemic intelligence subnational data
Sweden,Blekinge Lan,SE221,2021-22,135.959801009987,Epidemic intelligence subnational data
Sweden,Blekinge Lan,SE221,2021-23,113.404257985289,Epidemic intelligence subnational data
Sweden,Blekinge Lan,SE221,2021-24,88.3425435134018,Epidemic intelligence subnational data
Sweden,Blekinge Lan,SE221,2021-25,60.774657594326,Epidemic intelligence subnational data
Sweden,Blekinge Lan,SE221,2021-26,36.3394859842362,Epidemic intelligence subnational data
Sweden,Blekinge Lan,SE221,2021-27,18.7962858539153,Epidemic intelligence subnational data
Sweden,Blekinge Lan,SE221,2021-28,15.6635715449294,Epidemic intelligence subnational data
Sweden,Blekinge Lan,SE221,2021-29,18.1697429921181,Epidemic intelligence subnational data
Sweden,Blekinge Lan,SE221,2021-30,15.0370286831322,Epidemic intelligence subnational data
Sweden,Blekinge Lan,SE221,2021-31,28.1944287808729,Epidemic intelligence subnational data
Sweden,Blekinge Lan,SE221,2021-32,57.6419432853402,Epidemic intelligence subnational data
Sweden,Blekinge Lan,SE221,2021-33,67.0400862122978,Epidemic intelligence subnational data
Sweden,Blekinge Lan,SE221,2021-34,69.5462576594865,Epidemic intelligence subnational data
Sweden,Blekinge Lan,SE221,2021-35,100.246857887548,Epidemic intelligence subnational data
Sweden,Blekinge Lan,SE221,2021-36,117.163515156072,Epidemic intelligence subnational data
Sweden,Blekinge Lan,SE221,2021-37,80.8240291718357,Epidemic intelligence subnational data
Sweden,Blekinge Lan,SE221,2021-38,46.9907146347882,Epidemic intelligence subnational data
Sweden,Blekinge Lan,SE221,2021-39,34.4598573988447,Epidemic intelligence subnational data
Sweden,Blekinge Lan,SE221,2021-40,28.1944287808729,Epidemic intelligence subnational data
Sweden,Blekinge Lan,SE221,2021-41,31.953685951656,Epidemic intelligence subnational data
Sweden,Blekinge Lan,SE221,2021-42,46.9907146347882,Epidemic intelligence subnational data
Sweden,Blekinge Lan,SE221,2021-43,52.6296003909627,Epidemic intelligence subnational data
Sweden,Blekinge Lan,SE221,2021-44,71.425886244878,Epidemic intelligence subnational data
Sweden,Blekinge Lan,SE221,2021-45,107.765372229114,Epidemic intelligence subnational data
Sweden,Blekinge Lan,SE221,2021-46,110.271543676303,Epidemic intelligence subnational data
Sweden,Blekinge Lan,SE221,2021-47,191.095572848139,Epidemic intelligence subnational data
Sweden,Blekinge Lan,SE221,2021-48,296.981316491861,Epidemic intelligence subnational data
Sweden,Blekinge Lan,SE221,2021-49,320.163402378357,Epidemic intelligence subnational data
Sweden,Blekinge Lan,SE221,2021-50,387.830031452452,Epidemic intelligence subnational data
Sweden,Blekinge Lan,SE221,2021-51,427.928774607471,Epidemic intelligence subnational data
Sweden,Blekinge Lan,SE221,2021-52,615.891633146624,Epidemic intelligence subnational data
Sweden,Blekinge Lan,SE221,2022-01,899.089006678947,Epidemic intelligence subnational data
Sweden,Blekinge Lan,SE221,2022-02,1509.3417540694,Epidemic intelligence subnational data
Sweden,Blekinge Lan,SE221,2022-03,2605.16521935266,Epidemic intelligence subnational data
Sweden,Blekinge Lan,SE221,2022-04,4003.60888688395,Epidemic intelligence subnational data
Sweden,Skane Lan,SE224,2020-15,,Epidemic intelligence subnational data
Sweden,Skane Lan,SE224,2020-16,14.4430323981168,Epidemic intelligence subnational data
Sweden,Skane Lan,SE224,2020-17,16.7655300701757,Epidemic intelligence subnational data
Sweden,Skane Lan,SE224,2020-18,22.644352302575,Epidemic intelligence subnational data
Sweden,Skane Lan,SE224,2020-19,27.6522379079522,Epidemic intelligence subnational data
Sweden,Skane Lan,SE224,2020-20,28.8860647962335,Epidemic intelligence subnational data
Sweden,Skane Lan,SE224,2020-21,31.2811405205443,Epidemic intelligence subnational data
Sweden,Skane Lan,SE224,2020-22,35.3455114466475,Epidemic intelligence subnational data
Sweden,Skane Lan,SE224,2020-23,36.6519163871807,Epidemic intelligence subnational data
Sweden,Skane Lan,SE224,2020-24,40.208240947521,Epidemic intelligence subnational data
Sweden,Skane Lan,SE224,2020-25,51.8933073600677,Epidemic intelligence subnational data
Sweden,Skane Lan,SE224,2020-26,52.4013537258306,Epidemic intelligence subnational data
Sweden,Skane Lan,SE224,2020-27,31.7891868863072,Epidemic intelligence subnational data
Sweden,Skane Lan,SE224,2020-28,18.2896691674644,Epidemic intelligence subnational data
Sweden,Skane Lan,SE224,2020-29,20.1766985260123,Epidemic intelligence subnational data
Sweden,Skane Lan,SE224,2020-30,21.4105254142937,Epidemic intelligence subnational data
Sweden,Skane Lan,SE224,2020-31,21.4831034665455,Epidemic intelligence subnational data
Sweden,Skane Lan,SE224,2020-32,24.6039597133748,Epidemic intelligence subnational data
Sweden,Skane Lan,SE224,2020-33,31.3537185727962,Epidemic intelligence subnational data
Sweden,Skane Lan,SE224,2020-34,39.7001945817581,Epidemic intelligence subnational data
Sweden,Skane Lan,SE224,2020-35,42.53073861958,Epidemic intelligence subnational data
Sweden,Skane Lan,SE224,2020-36,35.2003553421438,Epidemic intelligence subnational data
Sweden,Skane Lan,SE224,2020-37,30.1924697367667,Epidemic intelligence subnational data
Sweden,Skane Lan,SE224,2020-38,36.9422285961881,Epidemic intelligence subnational data
Sweden,Skane Lan,SE224,2020-39,39.9905067907655,Epidemic intelligence subnational data
Sweden,Skane Lan,SE224,2020-40,48.8450291654903,Epidemic intelligence subnational data
Sweden,Skane Lan,SE224,2020-41,56.4657246519338,Epidemic intelligence subnational data
Sweden,Skane Lan,SE224,2020-42,72.4328961473393,Epidemic intelligence subnational data
Sweden,Skane Lan,SE224,2020-43,141.599779943346,Epidemic intelligence subnational data
Sweden,Skane Lan,SE224,2020-44,257.652085494042,Epidemic intelligence subnational data
Sweden,Skane Lan,SE224,2020-45,359.479092803378,Epidemic intelligence subnational data
Sweden,Skane Lan,SE224,2020-46,529.456891177194,Epidemic intelligence subnational data
Sweden,Skane Lan,SE224,2020-47,646.670445563921,Epidemic intelligence subnational data
Sweden,Skane Lan,SE224,2020-48,727.957864085985,Epidemic intelligence subnational data
Sweden,Skane Lan,SE224,2020-49,939.377730295603,Epidemic intelligence subnational data
Sweden,Skane Lan,SE224,2020-50,1191.00583745274,Epidemic intelligence subnational data
Sweden,Skane Lan,SE224,2020-51,1342.91170081585,Epidemic intelligence subnational data
Sweden,Skane Lan,SE224,2020-52,1329.19444894025,Epidemic intelligence subnational data
Sweden,Skane Lan,SE224,2020-53,1318.52547525923,Epidemic intelligence subnational data
Sweden,Skane Lan,SE224,2021-01,1397.49039610924,Epidemic intelligence subnational data
Sweden,Skane Lan,SE224,2021-02,1248.41507678395,Epidemic intelligence subnational data
Sweden,Skane Lan,SE224,2021-03,897.790506355297,Epidemic intelligence subnational data
Sweden,Skane Lan,SE224,2021-04,677.080649457443,Epidemic intelligence subnational data
Sweden,Skane Lan,SE224,2021-05,546.730467613133,Epidemic intelligence subnational data
Sweden,Skane Lan,SE224,2021-06,478.289364339645,Epidemic intelligence subnational data
Sweden,Skane Lan,SE224,2021-07,463.193129471262,Epidemic intelligence subnational data
Sweden,Skane Lan,SE224,2021-08,445.266350565056,Epidemic intelligence subnational data
Sweden,Skane Lan,SE224,2021-09,419.718876172408,Epidemic intelligence subnational data
Sweden,Skane Lan,SE224,2021-10,391.340857741937,Epidemic intelligence subnational data
Sweden,Skane Lan,SE224,2021-11,397.727726340099,Epidemic intelligence subnational data
Sweden,Skane Lan,SE224,2021-12,470.813824957705,Epidemic intelligence subnational data
Sweden,Skane Lan,SE224,2021-13,503.111058209775,Epidemic intelligence subnational data
Sweden,Skane Lan,SE224,2021-14,545.4240626726,Epidemic intelligence subnational data
Sweden,Skane Lan,SE224,2021-15,580.914730223751,Epidemic intelligence subnational data
Sweden,Skane Lan,SE224,2021-16,558.705846234687,Epidemic intelligence subnational data
Sweden,Skane Lan,SE224,2021-17,584.979101149854,Epidemic intelligence subnational data
Sweden,Skane Lan,SE224,2021-18,620.034300387494,Epidemic intelligence subnational data
Sweden,Skane Lan,SE224,2021-19,573.874659155322,Epidemic intelligence subnational data
Sweden,Skane Lan,SE224,2021-20,443.669633415516,Epidemic intelligence subnational data
Sweden,Skane Lan,SE224,2021-21,236.894762550015,Epidemic intelligence subnational data
Sweden,Skane Lan,SE224,2021-22,153.502580512648,Epidemic intelligence subnational data
Sweden,Skane Lan,SE224,2021-23,138.551501748768,Epidemic intelligence subnational data
Sweden,Skane Lan,SE224,2021-24,66.0460275491771,Epidemic intelligence subnational data
Sweden,Skane Lan,SE224,2021-25,42.966206933091,Epidemic intelligence subnational data
Sweden,Skane Lan,SE224,2021-26,32.7327015655812,Epidemic intelligence subnational data
Sweden,Skane Lan,SE224,2021-27,27.5796598557003,Epidemic intelligence subnational data
Sweden,Skane Lan,SE224,2021-28,33.748794297107,Epidemic intelligence subnational data
Sweden,Skane Lan,SE224,2021-29,50.2240121582753,Epidemic intelligence subnational data
Sweden,Skane Lan,SE224,2021-30,62.9977493545997,Epidemic intelligence subnational data
Sweden,Skane Lan,SE224,2021-31,68.876571586999,Epidemic intelligence subnational data
Sweden,Skane Lan,SE224,2021-32,81.6503087833233,Epidemic intelligence subnational data
Sweden,Skane Lan,SE224,2021-33,113.366917617379,Epidemic intelligence subnational data
Sweden,Skane Lan,SE224,2021-34,139.78532863705,Epidemic intelligence subnational data
Sweden,Skane Lan,SE224,2021-35,155.970234289211,Epidemic intelligence subnational data
Sweden,Skane Lan,SE224,2021-36,157.712107543255,Epidemic intelligence subnational data
Sweden,Skane Lan,SE224,2021-37,129.334089112784,Epidemic intelligence subnational data
Sweden,Skane Lan,SE224,2021-38,89.1258481652631,Epidemic intelligence subnational data
Sweden,Skane Lan,SE224,2021-39,63.6509518248663,Epidemic intelligence subnational data
Sweden,Skane Lan,SE224,2021-40,54.3609611366304,Epidemic intelligence subnational data
Sweden,Skane Lan,SE224,2021-41,54.070648927623,Epidemic intelligence subnational data
Sweden,Skane Lan,SE224,2021-42,72.5780522518429,Epidemic intelligence subnational data
Sweden,Skane Lan,SE224,2021-43,89.4887384265224,Epidemic intelligence subnational data
Sweden,Skane Lan,SE224,2021-44,92.6095946733516,Epidemic intelligence subnational data
Sweden,Skane Lan,SE224,2021-45,112.568559042608,Epidemic intelligence subnational data
Sweden,Skane Lan,SE224,2021-46,143.777121510901,Epidemic intelligence subnational data
Sweden,Skane Lan,SE224,2021-47,215.266502978966,Epidemic intelligence subnational data
Sweden,Skane Lan,SE224,2021-48,320.504678744138,Epidemic intelligence subnational data
Sweden,Skane Lan,SE224,2021-49,413.332007574246,Epidemic intelligence subnational data
Sweden,Skane Lan,SE224,2021-50,552.318977636525,Epidemic intelligence subnational data
Sweden,Skane Lan,SE224,2021-51,723.530602898622,Epidemic intelligence subnational data
Sweden,Skane Lan,SE224,2021-52,1208.13425778418,Epidemic intelligence subnational data
Sweden,Skane Lan,SE224,2022-01,2056.20879834696,Epidemic intelligence subnational data
Sweden,Skane Lan,SE224,2022-02,2864.65572238024,Epidemic intelligence subnational data
Sweden,Skane Lan,SE224,2022-03,3688.27145933415,Epidemic intelligence subnational data
Sweden,Skane Lan,SE224,2022-04,4326.45027278461,Epidemic intelligence subnational data
Sweden,Hallands Lan,SE231,2020-15,,Epidemic intelligence subnational data
Sweden,Hallands Lan,SE231,2020-16,31.4514389782176,Epidemic intelligence subnational data
Sweden,Hallands Lan,SE231,2020-17,41.9352519709568,Epidemic intelligence subnational data
Sweden,Hallands Lan,SE231,2020-18,43.7324770554264,Epidemic intelligence subnational data
Sweden,Hallands Lan,SE231,2020-19,45.2301646258177,Epidemic intelligence subnational data
Sweden,Hallands Lan,SE231,2020-20,50.9213773933047,Epidemic intelligence subnational data
Sweden,Hallands Lan,SE231,2020-21,53.3176775059309,Epidemic intelligence subnational data
Sweden,Hallands Lan,SE231,2020-22,67.6954781816875,Epidemic intelligence subnational data
Sweden,Hallands Lan,SE231,2020-23,78.1792911744267,Epidemic intelligence subnational data
Sweden,Hallands Lan,SE231,2020-24,86.2668040545398,Epidemic intelligence subnational data
Sweden,Hallands Lan,SE231,2020-25,82.0732788574441,Epidemic intelligence subnational data
Sweden,Hallands Lan,SE231,2020-26,108.432580096331,Epidemic intelligence subnational data
Sweden,Hallands Lan,SE231,2020-27,120.71361817354,Epidemic intelligence subnational data
Sweden,Hallands Lan,SE231,2020-28,65.5987155831396,Epidemic intelligence subnational data
Sweden,Hallands Lan,SE231,2020-29,27.257913781122,Epidemic intelligence subnational data
Sweden,Hallands Lan,SE231,2020-30,19.7694759291654,Epidemic intelligence subnational data
Sweden,Hallands Lan,SE231,2020-31,27.257913781122,Epidemic intelligence subnational data
Sweden,Hallands Lan,SE231,2020-32,47.6264647384438,Epidemic intelligence subnational data
Sweden,Hallands Lan,SE231,2020-33,56.91212767487,Epidemic intelligence subnational data
Sweden,Hallands Lan,SE231,2020-34,56.91212767487,Epidemic intelligence subnational data
Sweden,Hallands Lan,SE231,2020-35,52.4190649636961,Epidemic intelligence subnational data
Sweden,Hallands Lan,SE231,2020-36,50.6218398792265,Epidemic intelligence subnational data
Sweden,Hallands Lan,SE231,2020-37,51.5204524214613,Epidemic intelligence subnational data
Sweden,Hallands Lan,SE231,2020-38,48.8246147947569,Epidemic intelligence subnational data
Sweden,Hallands Lan,SE231,2020-39,57.2116651889483,Epidemic intelligence subnational data
Sweden,Hallands Lan,SE231,2020-40,78.7783662025832,Epidemic intelligence subnational data
Sweden,Hallands Lan,SE231,2020-41,93.1561668783399,Epidemic intelligence subnational data
Sweden,Hallands Lan,SE231,2020-42,87.7644916249311,Epidemic intelligence subnational data
Sweden,Hallands Lan,SE231,2020-43,99.7459921880616,Epidemic intelligence subnational data
Sweden,Hallands Lan,SE231,2020-44,198.29383431981,Epidemic intelligence subnational data
Sweden,Hallands Lan,SE231,2020-45,306.726414416142,Epidemic intelligence subnational data
Sweden,Hallands Lan,SE231,2020-46,462.18638422276,Epidemic intelligence subnational data
Sweden,Hallands Lan,SE231,2020-47,456.794708969351,Epidemic intelligence subnational data
Sweden,Hallands Lan,SE231,2020-48,394.490906041073,Epidemic intelligence subnational data
Sweden,Hallands Lan,SE231,2020-49,551.748100932161,Epidemic intelligence subnational data
Sweden,Hallands Lan,SE231,2020-50,676.355706788718,Epidemic intelligence subnational data
Sweden,Hallands Lan,SE231,2020-51,716.493733675206,Epidemic intelligence subnational data
Sweden,Hallands Lan,SE231,2020-52,693.728882605258,Epidemic intelligence subnational data
Sweden,Hallands Lan,SE231,2020-53,941.745944262059,Epidemic intelligence subnational data
Sweden,Hallands Lan,SE231,2021-01,1277.52749754379,Epidemic intelligence subnational data
Sweden,Hallands Lan,SE231,2021-02,1120.56984016678,Epidemic intelligence subnational data
Sweden,Hallands Lan,SE231,2021-03,795.272099877789,Epidemic intelligence subnational data
Sweden,Hallands Lan,SE231,2021-04,683.245069612518,Epidemic intelligence subnational data
Sweden,Hallands Lan,SE231,2021-05,650.295943063909,Epidemic intelligence subnational data
Sweden,Hallands Lan,SE231,2021-06,663.775131197431,Epidemic intelligence subnational data
Sweden,Hallands Lan,SE231,2021-07,705.41084565431,Epidemic intelligence subnational data
Sweden,Hallands Lan,SE231,2021-08,773.106323835997,Epidemic intelligence subnational data
Sweden,Hallands Lan,SE231,2021-09,924.073230931442,Epidemic intelligence subnational data
Sweden,Hallands Lan,SE231,2021-10,988.773333972347,Epidemic intelligence subnational data
Sweden,Hallands Lan,SE231,2021-11,1015.73171023939,Epidemic intelligence subnational data
Sweden,Hallands Lan,SE231,2021-12,1192.45884354557,Epidemic intelligence subnational data
Sweden,Hallands Lan,SE231,2021-13,1238.28808319954,Epidemic intelligence subnational data
Sweden,Hallands Lan,SE231,2021-14,1090.31655124488,Epidemic intelligence subnational data
Sweden,Hallands Lan,SE231,2021-15,952.229757254799,Epidemic intelligence subnational data
Sweden,Hallands Lan,SE231,2021-16,763.221585871415,Epidemic intelligence subnational data
Sweden,Hallands Lan,SE231,2021-17,580.503702283674,Epidemic intelligence subnational data
Sweden,Hallands Lan,SE231,2021-18,489.74383551796,Epidemic intelligence subnational data
Sweden,Hallands Lan,SE231,2021-19,398.085356210012,Epidemic intelligence subnational data
Sweden,Hallands Lan,SE231,2021-20,311.818552155472,Epidemic intelligence subnational data
Sweden,Hallands Lan,SE231,2021-21,215.66701013635,Epidemic intelligence subnational data
Sweden,Hallands Lan,SE231,2021-22,173.432220651314,Epidemic intelligence subnational data
Sweden,Hallands Lan,SE231,2021-23,141.681244159019,Epidemic intelligence subnational data
Sweden,Hallands Lan,SE231,2021-24,54.8153650763222,Epidemic intelligence subnational data
Sweden,Hallands Lan,SE231,2021-25,33.5482015767655,Epidemic intelligence subnational data
Sweden,Hallands Lan,SE231,2021-26,39.2394143442525,Epidemic intelligence subnational data
Sweden,Hallands Lan,SE231,2021-27,41.9352519709568,Epidemic intelligence subnational data
Sweden,Hallands Lan,SE231,2021-28,41.6357144568786,Epidemic intelligence subnational data
Sweden,Hallands Lan,SE231,2021-29,58.1102777311831,Epidemic intelligence subnational data
Sweden,Hallands Lan,SE231,2021-30,83.2714289137572,Epidemic intelligence subnational data
Sweden,Hallands Lan,SE231,2021-31,94.6538544487312,Epidemic intelligence subnational data
Sweden,Hallands Lan,SE231,2021-32,103.939517385157,Epidemic intelligence subnational data
Sweden,Hallands Lan,SE231,2021-33,132.994656250749,Epidemic intelligence subnational data
Sweden,Hallands Lan,SE231,2021-34,142.879394215332,Epidemic intelligence subnational data
Sweden,Hallands Lan,SE231,2021-35,131.197431166279,Epidemic intelligence subnational data
Sweden,Hallands Lan,SE231,2021-36,135.690493877453,Epidemic intelligence subnational data
Sweden,Hallands Lan,SE231,2021-37,135.690493877453,Epidemic intelligence subnational data
Sweden,Hallands Lan,SE231,2021-38,98.5478421317486,Epidemic intelligence subnational data
Sweden,Hallands Lan,SE231,2021-39,61.7047279001222,Epidemic intelligence subnational data
Sweden,Hallands Lan,SE231,2021-40,58.7093527593396,Epidemic intelligence subnational data
Sweden,Hallands Lan,SE231,2021-41,55.1149025904004,Epidemic intelligence subnational data
Sweden,Hallands Lan,SE231,2021-42,50.9213773933047,Epidemic intelligence subnational data
Sweden,Hallands Lan,SE231,2021-43,55.4144401044787,Epidemic intelligence subnational data
Sweden,Hallands Lan,SE231,2021-44,59.0088902734178,Epidemic intelligence subnational data
Sweden,Hallands Lan,SE231,2021-45,87.7644916249311,Epidemic intelligence subnational data
Sweden,Hallands Lan,SE231,2021-46,131.796506194436,Epidemic intelligence subnational data
Sweden,Hallands Lan,SE231,2021-47,245.021686516019,Epidemic intelligence subnational data
Sweden,Hallands Lan,SE231,2021-48,343.26999113369,Epidemic intelligence subnational data
Sweden,Hallands Lan,SE231,2021-49,355.25149169682,Epidemic intelligence subnational data
Sweden,Hallands Lan,SE231,2021-50,415.458532026551,Epidemic intelligence subnational data
Sweden,Hallands Lan,SE231,2021-51,552.646713474396,Epidemic intelligence subnational data
Sweden,Hallands Lan,SE231,2021-52,1181.37595552467,Epidemic intelligence subnational data
Sweden,Hallands Lan,SE231,2022-01,2460.10160312478,Epidemic intelligence subnational data
Sweden,Hallands Lan,SE231,2022-02,4053.34164050706,Epidemic intelligence subnational data
Sweden,Hallands Lan,SE231,2022-03,6871.98964798351,Epidemic intelligence subnational data
Sweden,Hallands Lan,SE231,2022-04,8055.76190362081,Epidemic intelligence subnational data
Sweden,Vastra Gotaland,SE232,2020-15,,Epidemic intelligence subnational data
Sweden,Vastra Gotaland,SE232,2020-16,50.1193303593933,Epidemic intelligence subnational data
Sweden,Vastra Gotaland,SE232,2020-17,59.7955478969871,Epidemic intelligence subnational data
Sweden,Vastra Gotaland,SE232,2020-18,71.499715217909,Epidemic intelligence subnational data
Sweden,Vastra Gotaland,SE232,2020-19,85.4056565893014,Epidemic intelligence subnational data
Sweden,Vastra Gotaland,SE232,2020-20,97.2836481773657,Epidemic intelligence subnational data
Sweden,Vastra Gotaland,SE232,2020-21,90.3886189140503,Epidemic intelligence subnational data
Sweden,Vastra Gotaland,SE232,2020-22,92.9959829211863,Epidemic intelligence subnational data
Sweden,Vastra Gotaland,SE232,2020-23,174.577505633355,Epidemic intelligence subnational data
Sweden,Vastra Gotaland,SE232,2020-24,265.603480193594,Epidemic intelligence subnational data
Sweden,Vastra Gotaland,SE232,2020-25,247.525756410784,Epidemic intelligence subnational data
Sweden,Vastra Gotaland,SE232,2020-26,218.033572418956,Epidemic intelligence subnational data
Sweden,Vastra Gotaland,SE232,2020-27,165.075112362903,Epidemic intelligence subnational data
Sweden,Vastra Gotaland,SE232,2020-28,74.0491378026643,Epidemic intelligence subnational data
Sweden,Vastra Gotaland,SE232,2020-29,39.6319329084682,Epidemic intelligence subnational data
Sweden,Vastra Gotaland,SE232,2020-30,38.0095730818058,Epidemic intelligence subnational data
Sweden,Vastra Gotaland,SE232,2020-31,53.2481671679565,Epidemic intelligence subnational data
Sweden,Vastra Gotaland,SE232,2020-32,72.6006022431442,Epidemic intelligence subnational data
Sweden,Vastra Gotaland,SE232,2020-33,72.4267779760018,Epidemic intelligence subnational data
Sweden,Vastra Gotaland,SE232,2020-34,56.608769666043,Epidemic intelligence subnational data
Sweden,Vastra Gotaland,SE232,2020-35,36.5030960999049,Epidemic intelligence subnational data
Sweden,Vastra Gotaland,SE232,2020-36,30.651012439444,Epidemic intelligence subnational data
Sweden,Vastra Gotaland,SE232,2020-37,34.5330877389577,Epidemic intelligence subnational data
Sweden,Vastra Gotaland,SE232,2020-38,36.9086860565705,Epidemic intelligence subnational data
Sweden,Vastra Gotaland,SE232,2020-39,47.859614886542,Epidemic intelligence subnational data
Sweden,Vastra Gotaland,SE232,2020-40,51.6258073412941,Epidemic intelligence subnational data
Sweden,Vastra Gotaland,SE232,2020-41,54.4069956155726,Epidemic intelligence subnational data
Sweden,Vastra Gotaland,SE232,2020-42,72.0211880193362,Epidemic intelligence subnational data
Sweden,Vastra Gotaland,SE232,2020-43,120.402275707305,Epidemic intelligence subnational data
Sweden,Vastra Gotaland,SE232,2020-44,252.33489446839,Epidemic intelligence subnational data
Sweden,Vastra Gotaland,SE232,2020-45,408.371144939889,Epidemic intelligence subnational data
Sweden,Vastra Gotaland,SE232,2020-46,478.132617486374,Epidemic intelligence subnational data
Sweden,Vastra Gotaland,SE232,2020-47,507.856567167725,Epidemic intelligence subnational data
Sweden,Vastra Gotaland,SE232,2020-48,517.938374661984,Epidemic intelligence subnational data
Sweden,Vastra Gotaland,SE232,2020-49,511.564818200096,Epidemic intelligence subnational data
Sweden,Vastra Gotaland,SE232,2020-50,651.841001784016,Epidemic intelligence subnational data
Sweden,Vastra Gotaland,SE232,2020-51,869.295159979164,Epidemic intelligence subnational data
Sweden,Vastra Gotaland,SE232,2020-52,848.841837878741,Epidemic intelligence subnational data
Sweden,Vastra Gotaland,SE232,2020-53,847.161536629698,Epidemic intelligence subnational data
Sweden,Vastra Gotaland,SE232,2021-01,867.614858730121,Epidemic intelligence subnational data
Sweden,Vastra Gotaland,SE232,2021-02,740.665202293785,Epidemic intelligence subnational data
Sweden,Vastra Gotaland,SE232,2021-03,594.305169359881,Epidemic intelligence subnational data
Sweden,Vastra Gotaland,SE232,2021-04,487.345303644921,Epidemic intelligence subnational data
Sweden,Vastra Gotaland,SE232,2021-05,480.971747183033,Epidemic intelligence subnational data
Sweden,Vastra Gotaland,SE232,2021-06,513.650709405805,Epidemic intelligence subnational data
Sweden,Vastra Gotaland,SE232,2021-07,549.400567014759,Epidemic intelligence subnational data
Sweden,Vastra Gotaland,SE232,2021-08,620.26292658648,Epidemic intelligence subnational data
Sweden,Vastra Gotaland,SE232,2021-09,627.447662961699,Epidemic intelligence subnational data
Sweden,Vastra Gotaland,SE232,2021-10,585.787780269903,Epidemic intelligence subnational data
Sweden,Vastra Gotaland,SE232,2021-11,660.300449451613,Epidemic intelligence subnational data
Sweden,Vastra Gotaland,SE232,2021-12,792.233068212698,Epidemic intelligence subnational data
Sweden,Vastra Gotaland,SE232,2021-13,819.639360998818,Epidemic intelligence subnational data
Sweden,Vastra Gotaland,SE232,2021-14,754.281436553273,Epidemic intelligence subnational data
Sweden,Vastra Gotaland,SE232,2021-15,771.084449043706,Epidemic intelligence subnational data
Sweden,Vastra Gotaland,SE232,2021-16,717.488633341465,Epidemic intelligence subnational data
Sweden,Vastra Gotaland,SE232,2021-17,622.986173438377,Epidemic intelligence subnational data
Sweden,Vastra Gotaland,SE232,2021-18,602.301085648431,Epidemic intelligence subnational data
Sweden,Vastra Gotaland,SE232,2021-19,550.791161151899,Epidemic intelligence subnational data
Sweden,Vastra Gotaland,SE232,2021-20,466.834040122117,Epidemic intelligence subnational data
Sweden,Vastra Gotaland,SE232,2021-21,277.075881824993,Epidemic intelligence subnational data
Sweden,Vastra Gotaland,SE232,2021-22,177.880166709061,Epidemic intelligence subnational data
Sweden,Vastra Gotaland,SE232,2021-23,147.229154269617,Epidemic intelligence subnational data
Sweden,Vastra Gotaland,SE232,2021-24,55.6237654855694,Epidemic intelligence subnational data
Sweden,Vastra Gotaland,SE232,2021-25,33.7219078256265,Epidemic intelligence subnational data
Sweden,Vastra Gotaland,SE232,2021-26,30.4771881723016,Epidemic intelligence subnational data
Sweden,Vastra Gotaland,SE232,2021-27,31.4042509303944,Epidemic intelligence subnational data
Sweden,Vastra Gotaland,SE232,2021-28,36.0395647208585,Epidemic intelligence subnational data
Sweden,Vastra Gotaland,SE232,2021-29,47.280200662734,Epidemic intelligence subnational data
Sweden,Vastra Gotaland,SE232,2021-30,54.6387613050958,Epidemic intelligence subnational data
Sweden,Vastra Gotaland,SE232,2021-31,62.460853326504,Epidemic intelligence subnational data
Sweden,Vastra Gotaland,SE232,2021-32,80.3068114197908,Epidemic intelligence subnational data
Sweden,Vastra Gotaland,SE232,2021-33,105.627213000201,Epidemic intelligence subnational data
Sweden,Vastra Gotaland,SE232,2021-34,136.915581085834,Epidemic intelligence subnational data
Sweden,Vastra Gotaland,SE232,2021-35,155.920367626737,Epidemic intelligence subnational data
Sweden,Vastra Gotaland,SE232,2021-36,183.326660412856,Epidemic intelligence subnational data
Sweden,Vastra Gotaland,SE232,2021-37,186.339614376658,Epidemic intelligence subnational data
Sweden,Vastra Gotaland,SE232,2021-38,125.732886566339,Epidemic intelligence subnational data
Sweden,Vastra Gotaland,SE232,2021-39,80.828284221218,Epidemic intelligence subnational data
Sweden,Vastra Gotaland,SE232,2021-40,72.1950122864786,Epidemic intelligence subnational data
Sweden,Vastra Gotaland,SE232,2021-41,70.5147110374354,Epidemic intelligence subnational data
Sweden,Vastra Gotaland,SE232,2021-42,76.0191461636115,Epidemic intelligence subnational data
Sweden,Vastra Gotaland,SE232,2021-43,94.0968699464216,Epidemic intelligence subnational data
Sweden,Vastra Gotaland,SE232,2021-44,94.6183427478488,Epidemic intelligence subnational data
Sweden,Vastra Gotaland,SE232,2021-45,79.8432800407444,Epidemic intelligence subnational data
Sweden,Vastra Gotaland,SE232,2021-46,99.2536565383129,Epidemic intelligence subnational data
Sweden,Vastra Gotaland,SE232,2021-47,157.021254651972,Epidemic intelligence subnational data
Sweden,Vastra Gotaland,SE232,2021-48,189.816099719506,Epidemic intelligence subnational data
Sweden,Vastra Gotaland,SE232,2021-49,212.818844404684,Epidemic intelligence subnational data
Sweden,Vastra Gotaland,SE232,2021-50,280.668250012602,Epidemic intelligence subnational data
Sweden,Vastra Gotaland,SE232,2021-51,379.806023706154,Epidemic intelligence subnational data
Sweden,Vastra Gotaland,SE232,2021-52,663.197520570654,Epidemic intelligence subnational data
Sweden,Vastra Gotaland,SE232,2022-01,1998.97907213765,Epidemic intelligence subnational data
Sweden,Vastra Gotaland,SE232,2022-02,2853.96270078876,Epidemic intelligence subnational data
Sweden,Vastra Gotaland,SE232,2022-03,3894.76447101509,Epidemic intelligence subnational data
Sweden,Vastra Gotaland,SE232,2022-04,5377.25370405028,Epidemic intelligence subnational data
Sweden,Varmlands Lan,SE311,2020-15,,Epidemic intelligence subnational data
Sweden,Varmlands Lan,SE311,2020-16,16.9963245448172,Epidemic intelligence subnational data
Sweden,Varmlands Lan,SE311,2020-17,20.5372254916541,Epidemic intelligence subnational data
Sweden,Varmlands Lan,SE311,2020-18,36.4712797524202,Epidemic intelligence subnational data
Sweden,Varmlands Lan,SE311,2020-19,47.4480726876146,Epidemic intelligence subnational data
Sweden,Varmlands Lan,SE311,2020-20,41.4285410779919,Epidemic intelligence subnational data
Sweden,Varmlands Lan,SE311,2020-21,48.156252876982,Epidemic intelligence subnational data
Sweden,Varmlands Lan,SE311,2020-22,74.0048297888915,Epidemic intelligence subnational data
Sweden,Varmlands Lan,SE311,2020-23,83.5652623453512,Epidemic intelligence subnational data
Sweden,Varmlands Lan,SE311,2020-24,79.6702713038306,Epidemic intelligence subnational data
Sweden,Varmlands Lan,SE311,2020-25,70.4639288420546,Epidemic intelligence subnational data
Sweden,Varmlands Lan,SE311,2020-26,62.6739467590134,Epidemic intelligence subnational data
Sweden,Varmlands Lan,SE311,2020-27,48.8644330663494,Epidemic intelligence subnational data
Sweden,Varmlands Lan,SE311,2020-28,23.0158561544399,Epidemic intelligence subnational data
Sweden,Varmlands Lan,SE311,2020-29,10.2686127458271,Epidemic intelligence subnational data
Sweden,Varmlands Lan,SE311,2020-30,8.49816227240859,Epidemic intelligence subnational data
Sweden,Varmlands Lan,SE311,2020-31,10.2686127458271,Epidemic intelligence subnational data
Sweden,Varmlands Lan,SE311,2020-32,25.1403967225421,Epidemic intelligence subnational data
Sweden,Varmlands Lan,SE311,2020-33,36.4712797524202,Epidemic intelligence subnational data
Sweden,Varmlands Lan,SE311,2020-34,25.8485769119095,Epidemic intelligence subnational data
Sweden,Varmlands Lan,SE311,2020-35,13.809513692664,Epidemic intelligence subnational data
Sweden,Varmlands Lan,SE311,2020-36,13.809513692664,Epidemic intelligence subnational data
Sweden,Varmlands Lan,SE311,2020-37,16.6422344501335,Epidemic intelligence subnational data
Sweden,Varmlands Lan,SE311,2020-38,16.6422344501335,Epidemic intelligence subnational data
Sweden,Varmlands Lan,SE311,2020-39,16.9963245448172,Epidemic intelligence subnational data
Sweden,Varmlands Lan,SE311,2020-40,25.1403967225421,Epidemic intelligence subnational data
Sweden,Varmlands Lan,SE311,2020-41,29.7435679534301,Epidemic intelligence subnational data
Sweden,Varmlands Lan,SE311,2020-42,40.3662707939408,Epidemic intelligence subnational data
Sweden,Varmlands Lan,SE311,2020-43,69.4016585580035,Epidemic intelligence subnational data
Sweden,Varmlands Lan,SE311,2020-44,112.600650109414,Epidemic intelligence subnational data
Sweden,Varmlands Lan,SE311,2020-45,198.644543117551,Epidemic intelligence subnational data
Sweden,Varmlands Lan,SE311,2020-46,275.482093663912,Epidemic intelligence subnational data
Sweden,Varmlands Lan,SE311,2020-47,313.015643700383,Epidemic intelligence subnational data
Sweden,Varmlands Lan,SE311,2020-48,330.0119682452,Epidemic intelligence subnational data
Sweden,Varmlands Lan,SE311,2020-49,360.817806482682,Epidemic intelligence subnational data
Sweden,Varmlands Lan,SE311,2020-50,419.596762200174,Epidemic intelligence subnational data
Sweden,Varmlands Lan,SE311,2020-51,452.881231100441,Epidemic intelligence subnational data
Sweden,Varmlands Lan,SE311,2020-52,405.78724850751,Epidemic intelligence subnational data
Sweden,Varmlands Lan,SE311,2020-53,394.102275382948,Epidemic intelligence subnational data
Sweden,Varmlands Lan,SE311,2021-01,370.378239039141,Epidemic intelligence subnational data
Sweden,Varmlands Lan,SE311,2021-02,275.482093663912,Epidemic intelligence subnational data
Sweden,Varmlands Lan,SE311,2021-03,216.349047851735,Epidemic intelligence subnational data
Sweden,Varmlands Lan,SE311,2021-04,202.893624253755,Epidemic intelligence subnational data
Sweden,Varmlands Lan,SE311,2021-05,232.283102112502,Epidemic intelligence subnational data
Sweden,Varmlands Lan,SE311,2021-06,244.676255426431,Epidemic intelligence subnational data
Sweden,Varmlands Lan,SE311,2021-07,266.275751202136,Epidemic intelligence subnational data
Sweden,Varmlands Lan,SE311,2021-08,280.793445084167,Epidemic intelligence subnational data
Sweden,Varmlands Lan,SE311,2021-09,339.57240080166,Epidemic intelligence subnational data
Sweden,Varmlands Lan,SE311,2021-10,429.865374946001,Epidemic intelligence subnational data
Sweden,Varmlands Lan,SE311,2021-11,493.601591989066,Epidemic intelligence subnational data
Sweden,Varmlands Lan,SE311,2021-12,571.855502914161,Epidemic intelligence subnational data
Sweden,Varmlands Lan,SE311,2021-13,623.552656737981,Epidemic intelligence subnational data
Sweden,Varmlands Lan,SE311,2021-14,729.779685143088,Epidemic intelligence subnational data
Sweden,Varmlands Lan,SE311,2021-15,787.850460671213,Epidemic intelligence subnational data
Sweden,Varmlands Lan,SE311,2021-16,710.658820030169,Epidemic intelligence subnational data
Sweden,Varmlands Lan,SE311,2021-17,610.805413329368,Epidemic intelligence subnational data
Sweden,Varmlands Lan,SE311,2021-18,528.656511362751,Epidemic intelligence subnational data
Sweden,Varmlands Lan,SE311,2021-19,398.705446613836,Epidemic intelligence subnational data
Sweden,Varmlands Lan,SE311,2021-20,258.131679024411,Epidemic intelligence subnational data
Sweden,Varmlands Lan,SE311,2021-21,185.897299708938,Epidemic intelligence subnational data
Sweden,Varmlands Lan,SE311,2021-22,236.88627334339,Epidemic intelligence subnational data
Sweden,Varmlands Lan,SE311,2021-23,326.11697720368,Epidemic intelligence subnational data
Sweden,Varmlands Lan,SE311,2021-24,279.731174800116,Epidemic intelligence subnational data
Sweden,Varmlands Lan,SE311,2021-25,198.644543117551,Epidemic intelligence subnational data
Sweden,Varmlands Lan,SE311,2021-26,149.426019956518,Epidemic intelligence subnational data
Sweden,Varmlands Lan,SE311,2021-27,86.3979831028207,Epidemic intelligence subnational data
Sweden,Varmlands Lan,SE311,2021-28,37.5335500364713,Epidemic intelligence subnational data
Sweden,Varmlands Lan,SE311,2021-29,42.490811362043,Epidemic intelligence subnational data
Sweden,Varmlands Lan,SE311,2021-30,51.3430637291352,Epidemic intelligence subnational data
Sweden,Varmlands Lan,SE311,2021-31,81.0866316825653,Epidemic intelligence subnational data
Sweden,Varmlands Lan,SE311,2021-32,104.810668026373,Epidemic intelligence subnational data
Sweden,Varmlands Lan,SE311,2021-33,92.7716048071271,Epidemic intelligence subnational data
Sweden,Varmlands Lan,SE311,2021-34,88.5225236709228,Epidemic intelligence subnational data
Sweden,Varmlands Lan,SE311,2021-35,91.0011543337087,Epidemic intelligence subnational data
Sweden,Varmlands Lan,SE311,2021-36,85.6898029134533,Epidemic intelligence subnational data
Sweden,Varmlands Lan,SE311,2021-37,59.1330458121765,Epidemic intelligence subnational data
Sweden,Varmlands Lan,SE311,2021-38,42.490811362043,Epidemic intelligence subnational data
Sweden,Varmlands Lan,SE311,2021-39,35.0549193736854,Epidemic intelligence subnational data
Sweden,Varmlands Lan,SE311,2021-40,25.1403967225421,Epidemic intelligence subnational data
Sweden,Varmlands Lan,SE311,2021-41,25.4944868172258,Epidemic intelligence subnational data
Sweden,Varmlands Lan,SE311,2021-42,39.6580906045734,Epidemic intelligence subnational data
Sweden,Varmlands Lan,SE311,2021-43,67.2771179899014,Epidemic intelligence subnational data
Sweden,Varmlands Lan,SE311,2021-44,84.2734425347185,Epidemic intelligence subnational data
Sweden,Varmlands Lan,SE311,2021-45,106.227028405107,Epidemic intelligence subnational data
Sweden,Varmlands Lan,SE311,2021-46,135.616506263854,Epidemic intelligence subnational data
Sweden,Varmlands Lan,SE311,2021-47,156.153731755508,Epidemic intelligence subnational data
Sweden,Varmlands Lan,SE311,2021-48,194.74955207603,Epidemic intelligence subnational data
Sweden,Varmlands Lan,SE311,2021-49,292.478418208729,Epidemic intelligence subnational data
Sweden,Varmlands Lan,SE311,2021-50,388.082743773326,Epidemic intelligence subnational data
Sweden,Varmlands Lan,SE311,2021-51,529.718781646802,Epidemic intelligence subnational data
Sweden,Varmlands Lan,SE311,2021-52,914.614714567975,Epidemic intelligence subnational data
Sweden,Varmlands Lan,SE311,2022-01,1656.07937283562,Epidemic intelligence subnational data
Sweden,Varmlands Lan,SE311,2022-02,2510.85286140206,Epidemic intelligence subnational data
Sweden,Varmlands Lan,SE311,2022-03,4328.04322731876,Epidemic intelligence subnational data
Sweden,Varmlands Lan,SE311,2022-04,6369.37262317024,Epidemic intelligence subnational data
Sweden,Dalarnas Lan,SE312,2020-15,,Epidemic intelligence subnational data
Sweden,Dalarnas Lan,SE312,2020-16,103.137175916601,Epidemic intelligence subnational data
Sweden,Dalarnas Lan,SE312,2020-17,116.680441441004,Epidemic intelligence subnational data
Sweden,Dalarnas Lan,SE312,2020-18,108.693387413792,Epidemic intelligence subnational data
Sweden,Dalarnas Lan,SE312,2020-19,96.8864379822618,Epidemic intelligence subnational data
Sweden,Dalarnas Lan,SE312,2020-20,86.4685414250293,Epidemic intelligence subnational data
Sweden,Dalarnas Lan,SE312,2020-21,58.6874839390761,Epidemic intelligence subnational data
Sweden,Dalarnas Lan,SE312,2020-22,57.9929575019273,Epidemic intelligence subnational data
Sweden,Dalarnas Lan,SE312,2020-23,63.2019057805435,Epidemic intelligence subnational data
Sweden,Dalarnas Lan,SE312,2020-24,60.4238000319482,Epidemic intelligence subnational data
Sweden,Dalarnas Lan,SE312,2020-25,46.880534507546,Epidemic intelligence subnational data
Sweden,Dalarnas Lan,SE312,2020-26,78.8287506163922,Epidemic intelligence subnational data
Sweden,Dalarnas Lan,SE312,2020-27,119.805810408173,Epidemic intelligence subnational data
Sweden,Dalarnas Lan,SE312,2020-28,81.954119583562,Epidemic intelligence subnational data
Sweden,Dalarnas Lan,SE312,2020-29,38.1989540431857,Epidemic intelligence subnational data
Sweden,Dalarnas Lan,SE312,2020-30,28.475583923102,Epidemic intelligence subnational data
Sweden,Dalarnas Lan,SE312,2020-31,19.7940034587417,Epidemic intelligence subnational data
Sweden,Dalarnas Lan,SE312,2020-32,26.0447413930811,Epidemic intelligence subnational data
Sweden,Dalarnas Lan,SE312,2020-33,29.5173735788253,Epidemic intelligence subnational data
Sweden,Dalarnas Lan,SE312,2020-34,27.4337942673788,Epidemic intelligence subnational data
Sweden,Dalarnas Lan,SE312,2020-35,34.0317954202927,Epidemic intelligence subnational data
Sweden,Dalarnas Lan,SE312,2020-36,39.2407436989089,Epidemic intelligence subnational data
Sweden,Dalarnas Lan,SE312,2020-37,47.2277977261204,Epidemic intelligence subnational data
Sweden,Dalarnas Lan,SE312,2020-38,84.3849621135829,Epidemic intelligence subnational data
Sweden,Dalarnas Lan,SE312,2020-39,87.5103310807526,Epidemic intelligence subnational data
Sweden,Dalarnas Lan,SE312,2020-40,65.6327483105644,Epidemic intelligence subnational data
Sweden,Dalarnas Lan,SE312,2020-41,64.2436954362668,Epidemic intelligence subnational data
Sweden,Dalarnas Lan,SE312,2020-42,85.0794885507317,Epidemic intelligence subnational data
Sweden,Dalarnas Lan,SE312,2020-43,129.876443746831,Epidemic intelligence subnational data
Sweden,Dalarnas Lan,SE312,2020-44,228.151934603391,Epidemic intelligence subnational data
Sweden,Dalarnas Lan,SE312,2020-45,369.835327781752,Epidemic intelligence subnational data
Sweden,Dalarnas Lan,SE312,2020-46,455.609342769633,Epidemic intelligence subnational data
Sweden,Dalarnas Lan,SE312,2020-47,459.081974955377,Epidemic intelligence subnational data
Sweden,Dalarnas Lan,SE312,2020-48,495.891876124265,Epidemic intelligence subnational data
Sweden,Dalarnas Lan,SE312,2020-49,568.122625587743,Epidemic intelligence subnational data
Sweden,Dalarnas Lan,SE312,2020-50,645.215060111263,Epidemic intelligence subnational data
Sweden,Dalarnas Lan,SE312,2020-51,748.00497280929,Epidemic intelligence subnational data
Sweden,Dalarnas Lan,SE312,2020-52,732.725391192016,Epidemic intelligence subnational data
Sweden,Dalarnas Lan,SE312,2020-53,681.330434843002,Epidemic intelligence subnational data
Sweden,Dalarnas Lan,SE312,2021-01,590.69473479508,Epidemic intelligence subnational data
Sweden,Dalarnas Lan,SE312,2021-02,459.081974955377,Epidemic intelligence subnational data
Sweden,Dalarnas Lan,SE312,2021-03,388.58754158477,Epidemic intelligence subnational data
Sweden,Dalarnas Lan,SE312,2021-04,296.215525443976,Epidemic intelligence subnational data
Sweden,Dalarnas Lan,SE312,2021-05,225.373828854795,Epidemic intelligence subnational data
Sweden,Dalarnas Lan,SE312,2021-06,221.901196669051,Epidemic intelligence subnational data
Sweden,Dalarnas Lan,SE312,2021-07,247.251411624984,Epidemic intelligence subnational data
Sweden,Dalarnas Lan,SE312,2021-08,299.340894411146,Epidemic intelligence subnational data
Sweden,Dalarnas Lan,SE312,2021-09,368.793538126029,Epidemic intelligence subnational data
Sweden,Dalarnas Lan,SE312,2021-10,475.750609446949,Epidemic intelligence subnational data
Sweden,Dalarnas Lan,SE312,2021-11,595.556419855122,Epidemic intelligence subnational data
Sweden,Dalarnas Lan,SE312,2021-12,714.667703826146,Epidemic intelligence subnational data
Sweden,Dalarnas Lan,SE312,2021-13,774.396977420946,Epidemic intelligence subnational data
Sweden,Dalarnas Lan,SE312,2021-14,892.813734954821,Epidemic intelligence subnational data
Sweden,Dalarnas Lan,SE312,2021-15,905.662474042075,Epidemic intelligence subnational data
Sweden,Dalarnas Lan,SE312,2021-16,796.969086628283,Epidemic intelligence subnational data
Sweden,Dalarnas Lan,SE312,2021-17,757.728342929374,Epidemic intelligence subnational data
Sweden,Dalarnas Lan,SE312,2021-18,666.050853225728,Epidemic intelligence subnational data
Sweden,Dalarnas Lan,SE312,2021-19,569.858941680615,Epidemic intelligence subnational data
Sweden,Dalarnas Lan,SE312,2021-20,428.522811720828,Epidemic intelligence subnational data
Sweden,Dalarnas Lan,SE312,2021-21,260.794677149386,Epidemic intelligence subnational data
Sweden,Dalarnas Lan,SE312,2021-22,161.477396637103,Epidemic intelligence subnational data
Sweden,Dalarnas Lan,SE312,2021-23,106.262544883771,Epidemic intelligence subnational data
Sweden,Dalarnas Lan,SE312,2021-24,54.5203253161832,Epidemic intelligence subnational data
Sweden,Dalarnas Lan,SE312,2021-25,33.3372689831438,Epidemic intelligence subnational data
Sweden,Dalarnas Lan,SE312,2021-26,27.4337942673788,Epidemic intelligence subnational data
Sweden,Dalarnas Lan,SE312,2021-27,20.8357931144649,Epidemic intelligence subnational data
Sweden,Dalarnas Lan,SE312,2021-28,17.3631609287208,Epidemic intelligence subnational data
Sweden,Dalarnas Lan,SE312,2021-29,14.237791961551,Epidemic intelligence subnational data
Sweden,Dalarnas Lan,SE312,2021-30,17.0158977101463,Epidemic intelligence subnational data
Sweden,Dalarnas Lan,SE312,2021-31,36.809901168888,Epidemic intelligence subnational data
Sweden,Dalarnas Lan,SE312,2021-32,63.549168999118,Epidemic intelligence subnational data
Sweden,Dalarnas Lan,SE312,2021-33,79.523277053541,Epidemic intelligence subnational data
Sweden,Dalarnas Lan,SE312,2021-34,99.3172805122827,Epidemic intelligence subnational data
Sweden,Dalarnas Lan,SE312,2021-35,122.236652938194,Epidemic intelligence subnational data
Sweden,Dalarnas Lan,SE312,2021-36,147.934131112701,Epidemic intelligence subnational data
Sweden,Dalarnas Lan,SE312,2021-37,159.393817325657,Epidemic intelligence subnational data
Sweden,Dalarnas Lan,SE312,2021-38,117.374967878152,Epidemic intelligence subnational data
Sweden,Dalarnas Lan,SE312,2021-39,80.2178034906899,Epidemic intelligence subnational data
Sweden,Dalarnas Lan,SE312,2021-40,57.9929575019273,Epidemic intelligence subnational data
Sweden,Dalarnas Lan,SE312,2021-41,53.4785356604599,Epidemic intelligence subnational data
Sweden,Dalarnas Lan,SE312,2021-42,75.3561184306481,Epidemic intelligence subnational data
Sweden,Dalarnas Lan,SE312,2021-43,87.5103310807526,Epidemic intelligence subnational data
Sweden,Dalarnas Lan,SE312,2021-44,71.8834862449039,Epidemic intelligence subnational data
Sweden,Dalarnas Lan,SE312,2021-45,47.2277977261204,Epidemic intelligence subnational data
Sweden,Dalarnas Lan,SE312,2021-46,60.7710632505226,Epidemic intelligence subnational data
Sweden,Dalarnas Lan,SE312,2021-47,110.429703506664,Epidemic intelligence subnational data
Sweden,Dalarnas Lan,SE312,2021-48,147.239604675552,Epidemic intelligence subnational data
Sweden,Dalarnas Lan,SE312,2021-49,304.549842689762,Epidemic intelligence subnational data
Sweden,Dalarnas Lan,SE312,2021-50,506.657035900072,Epidemic intelligence subnational data
Sweden,Dalarnas Lan,SE312,2021-51,553.537570407618,Epidemic intelligence subnational data
Sweden,Dalarnas Lan,SE312,2021-52,856.003833785933,Epidemic intelligence subnational data
Sweden,Dalarnas Lan,SE312,2022-01,1944.67402401672,Epidemic intelligence subnational data
Sweden,Dalarnas Lan,SE312,2022-02,2786.09280262253,Epidemic intelligence subnational data
Sweden,Dalarnas Lan,SE312,2022-03,3752.8736031337,Epidemic intelligence subnational data
Sweden,Dalarnas Lan,SE312,2022-04,5316.94713959287,Epidemic intelligence subnational data
Sweden,Gavleborgs Lan,SE313,2020-15,,Epidemic intelligence subnational data
Sweden,Gavleborgs Lan,SE313,2020-16,79.6848793591805,Epidemic intelligence subnational data
Sweden,Gavleborgs Lan,SE313,2020-17,80.0328482646791,Epidemic intelligence subnational data
Sweden,Gavleborgs Lan,SE313,2020-18,76.9011281151916,Epidemic intelligence subnational data
Sweden,Gavleborgs Lan,SE313,2020-19,100.215044783598,Epidemic intelligence subnational data
Sweden,Gavleborgs Lan,SE313,2020-20,120.397241302517,Epidemic intelligence subnational data
Sweden,Gavleborgs Lan,SE313,2020-21,112.045987570551,Epidemic intelligence subnational data
Sweden,Gavleborgs Lan,SE313,2020-22,110.306143043058,Epidemic intelligence subnational data
Sweden,Gavleborgs Lan,SE313,2020-23,137.795686577447,Epidemic intelligence subnational data
Sweden,Gavleborgs Lan,SE313,2020-24,177.812110709787,Epidemic intelligence subnational data
Sweden,Gavleborgs Lan,SE313,2020-25,180.943830859274,Epidemic intelligence subnational data
Sweden,Gavleborgs Lan,SE313,2020-26,212.261032354149,Epidemic intelligence subnational data
Sweden,Gavleborgs Lan,SE313,2020-27,209.129312204661,Epidemic intelligence subnational data
Sweden,Gavleborgs Lan,SE313,2020-28,161.109603245854,Epidemic intelligence subnational data
Sweden,Gavleborgs Lan,SE313,2020-29,111.698018665052,Epidemic intelligence subnational data
Sweden,Gavleborgs Lan,SE313,2020-30,52.8912736357879,Epidemic intelligence subnational data
Sweden,Gavleborgs Lan,SE313,2020-31,29.5773569673814,Epidemic intelligence subnational data
Sweden,Gavleborgs Lan,SE313,2020-32,19.8342276134205,Epidemic intelligence subnational data
Sweden,Gavleborgs Lan,SE313,2020-33,27.1415746288912,Epidemic intelligence subnational data
Sweden,Gavleborgs Lan,SE313,2020-34,26.7936057233926,Epidemic intelligence subnational data
Sweden,Gavleborgs Lan,SE313,2020-35,21.5740721409135,Epidemic intelligence subnational data
Sweden,Gavleborgs Lan,SE313,2020-36,17.7464141804288,Epidemic intelligence subnational data
Sweden,Gavleborgs Lan,SE313,2020-37,22.6179788574093,Epidemic intelligence subnational data
Sweden,Gavleborgs Lan,SE313,2020-38,27.4895435343898,Epidemic intelligence subnational data
Sweden,Gavleborgs Lan,SE313,2020-39,38.2765796048465,Epidemic intelligence subnational data
Sweden,Gavleborgs Lan,SE313,2020-40,51.4993980137935,Epidemic intelligence subnational data
Sweden,Gavleborgs Lan,SE313,2020-41,53.2392425412865,Epidemic intelligence subnational data
Sweden,Gavleborgs Lan,SE313,2020-42,48.3676778643061,Epidemic intelligence subnational data
Sweden,Gavleborgs Lan,SE313,2020-43,57.4148694072698,Epidemic intelligence subnational data
Sweden,Gavleborgs Lan,SE313,2020-44,119.70130349152,Epidemic intelligence subnational data
Sweden,Gavleborgs Lan,SE313,2020-45,252.277456486488,Epidemic intelligence subnational data
Sweden,Gavleborgs Lan,SE313,2020-46,434.961131873256,Epidemic intelligence subnational data
Sweden,Gavleborgs Lan,SE313,2020-47,620.080589598514,Epidemic intelligence subnational data
Sweden,Gavleborgs Lan,SE313,2020-48,775.274721450891,Epidemic intelligence subnational data
Sweden,Gavleborgs Lan,SE313,2020-49,908.546812256857,Epidemic intelligence subnational data
Sweden,Gavleborgs Lan,SE313,2020-50,1029.63999137037,Epidemic intelligence subnational data
Sweden,Gavleborgs Lan,SE313,2020-51,1414.49360085183,Epidemic intelligence subnational data
Sweden,Gavleborgs Lan,SE313,2020-52,1310.45089810775,Epidemic intelligence subnational data
Sweden,Gavleborgs Lan,SE313,2020-53,936.732293602244,Epidemic intelligence subnational data
Sweden,Gavleborgs Lan,SE313,2021-01,940.21198265723,Epidemic intelligence subnational data
Sweden,Gavleborgs Lan,SE313,2021-02,657.661231392363,Epidemic intelligence subnational data
Sweden,Gavleborgs Lan,SE313,2021-03,391.812987591429,Epidemic intelligence subnational data
Sweden,Gavleborgs Lan,SE313,2021-04,326.74280226319,Epidemic intelligence subnational data
Sweden,Gavleborgs Lan,SE313,2021-05,356.320159230571,Epidemic intelligence subnational data
Sweden,Gavleborgs Lan,SE313,2021-06,454.447390581178,Epidemic intelligence subnational data
Sweden,Gavleborgs Lan,SE313,2021-07,564.753533624235,Epidemic intelligence subnational data
Sweden,Gavleborgs Lan,SE313,2021-08,723.427354531599,Epidemic intelligence subnational data
Sweden,Gavleborgs Lan,SE313,2021-09,928.381039870277,Epidemic intelligence subnational data
Sweden,Gavleborgs Lan,SE313,2021-10,1004.93419907997,Epidemic intelligence subnational data
Sweden,Gavleborgs Lan,SE313,2021-11,964.917774947631,Epidemic intelligence subnational data
Sweden,Gavleborgs Lan,SE313,2021-12,1004.93419907997,Epidemic intelligence subnational data
Sweden,Gavleborgs Lan,SE313,2021-13,941.603858279224,Epidemic intelligence subnational data
Sweden,Gavleborgs Lan,SE313,2021-14,975.704811018087,Epidemic intelligence subnational data
Sweden,Gavleborgs Lan,SE313,2021-15,979.184500073073,Epidemic intelligence subnational data
Sweden,Gavleborgs Lan,SE313,2021-16,772.490970206902,Epidemic intelligence subnational data
Sweden,Gavleborgs Lan,SE313,2021-17,621.472465220508,Epidemic intelligence subnational data
Sweden,Gavleborgs Lan,SE313,2021-18,585.283699048653,Epidemic intelligence subnational data
Sweden,Gavleborgs Lan,SE313,2021-19,555.706342081272,Epidemic intelligence subnational data
Sweden,Gavleborgs Lan,SE313,2021-20,396.336583362911,Epidemic intelligence subnational data
Sweden,Gavleborgs Lan,SE313,2021-21,231.399322156572,Epidemic intelligence subnational data
Sweden,Gavleborgs Lan,SE313,2021-22,128.400526128985,Epidemic intelligence subnational data
Sweden,Gavleborgs Lan,SE313,2021-23,76.553159209693,Epidemic intelligence subnational data
Sweden,Gavleborgs Lan,SE313,2021-24,33.0570460223674,Epidemic intelligence subnational data
Sweden,Gavleborgs Lan,SE313,2021-25,13.9187562199442,Epidemic intelligence subnational data
Sweden,Gavleborgs Lan,SE313,2021-26,22.2700099519107,Epidemic intelligence subnational data
Sweden,Gavleborgs Lan,SE313,2021-27,27.4895435343898,Epidemic intelligence subnational data
Sweden,Gavleborgs Lan,SE313,2021-28,19.1382898024233,Epidemic intelligence subnational data
Sweden,Gavleborgs Lan,SE313,2021-29,23.3139166684065,Epidemic intelligence subnational data
Sweden,Gavleborgs Lan,SE313,2021-30,31.665170400373,Epidemic intelligence subnational data
Sweden,Gavleborgs Lan,SE313,2021-31,44.88798880932,Epidemic intelligence subnational data
Sweden,Gavleborgs Lan,SE313,2021-32,80.3808171701777,Epidemic intelligence subnational data
Sweden,Gavleborgs Lan,SE313,2021-33,84.9044129416595,Epidemic intelligence subnational data
Sweden,Gavleborgs Lan,SE313,2021-34,73.4214390602056,Epidemic intelligence subnational data
Sweden,Gavleborgs Lan,SE313,2021-35,90.4719154296372,Epidemic intelligence subnational data
Sweden,Gavleborgs Lan,SE313,2021-36,97.4312935396093,Epidemic intelligence subnational data
Sweden,Gavleborgs Lan,SE313,2021-37,84.5564440361609,Epidemic intelligence subnational data
Sweden,Gavleborgs Lan,SE313,2021-38,55.6750248797767,Epidemic intelligence subnational data
Sweden,Gavleborgs Lan,SE313,2021-39,57.7628383127684,Epidemic intelligence subnational data
Sweden,Gavleborgs Lan,SE313,2021-40,94.6475422956205,Epidemic intelligence subnational data
Sweden,Gavleborgs Lan,SE313,2021-41,102.650827122088,Epidemic intelligence subnational data
Sweden,Gavleborgs Lan,SE313,2021-42,86.6442574691526,Epidemic intelligence subnational data
Sweden,Gavleborgs Lan,SE313,2021-43,110.306143043058,Epidemic intelligence subnational data
Sweden,Gavleborgs Lan,SE313,2021-44,123.528961452005,Epidemic intelligence subnational data
Sweden,Gavleborgs Lan,SE313,2021-45,121.789116924512,Epidemic intelligence subnational data
Sweden,Gavleborgs Lan,SE313,2021-46,158.325852001865,Epidemic intelligence subnational data
Sweden,Gavleborgs Lan,SE313,2021-47,221.656192802611,Epidemic intelligence subnational data
Sweden,Gavleborgs Lan,SE313,2021-48,285.682471414354,Epidemic intelligence subnational data
Sweden,Gavleborgs Lan,SE313,2021-49,400.164241323395,Epidemic intelligence subnational data
Sweden,Gavleborgs Lan,SE313,2021-50,466.974271179127,Epidemic intelligence subnational data
Sweden,Gavleborgs Lan,SE313,2021-51,427.305815952287,Epidemic intelligence subnational data
Sweden,Gavleborgs Lan,SE313,2021-52,567.885253773723,Epidemic intelligence subnational data
Sweden,Gavleborgs Lan,SE313,2022-01,1247.4685262125,Epidemic intelligence subnational data
Sweden,Gavleborgs Lan,SE313,2022-02,2196.03176260169,Epidemic intelligence subnational data
Sweden,Gavleborgs Lan,SE313,2022-03,3736.14213833852,Epidemic intelligence subnational data
Sweden,Gavleborgs Lan,SE313,2022-04,5149.24386356835,Epidemic intelligence subnational data
Sweden,Vasternorrlands Lan,SE321,2020-15,,Epidemic intelligence subnational data
Sweden,Vasternorrlands Lan,SE321,2020-16,28.5310193318035,Epidemic intelligence subnational data
Sweden,Vasternorrlands Lan,SE321,2020-17,41.166185035888,Epidemic intelligence subnational data
Sweden,Vasternorrlands Lan,SE321,2020-18,54.616522720881,Epidemic intelligence subnational data
Sweden,Vasternorrlands Lan,SE321,2020-19,58.6923826254244,Epidemic intelligence subnational data
Sweden,Vasternorrlands Lan,SE321,2020-20,71.3275483295088,Epidemic intelligence subnational data
Sweden,Vasternorrlands Lan,SE321,2020-21,98.228223699495,Epidemic intelligence subnational data
Sweden,Vasternorrlands Lan,SE321,2020-22,113.308905346305,Epidemic intelligence subnational data
Sweden,Vasternorrlands Lan,SE321,2020-23,117.792351241303,Epidemic intelligence subnational data
Sweden,Vasternorrlands Lan,SE321,2020-24,110.863389403579,Epidemic intelligence subnational data
Sweden,Vasternorrlands Lan,SE321,2020-25,110.863389403579,Epidemic intelligence subnational data
Sweden,Vasternorrlands Lan,SE321,2020-26,126.759243031299,Epidemic intelligence subnational data
Sweden,Vasternorrlands Lan,SE321,2020-27,130.019930954933,Epidemic intelligence subnational data
Sweden,Vasternorrlands Lan,SE321,2020-28,114.124077327214,Epidemic intelligence subnational data
Sweden,Vasternorrlands Lan,SE321,2020-29,76.6261662054152,Epidemic intelligence subnational data
Sweden,Vasternorrlands Lan,SE321,2020-30,52.5785927686094,Epidemic intelligence subnational data
Sweden,Vasternorrlands Lan,SE321,2020-31,39.1282550836163,Epidemic intelligence subnational data
Sweden,Vasternorrlands Lan,SE321,2020-32,31.3841212649839,Epidemic intelligence subnational data
Sweden,Vasternorrlands Lan,SE321,2020-33,24.8627454177145,Epidemic intelligence subnational data
Sweden,Vasternorrlands Lan,SE321,2020-34,19.5641275418081,Epidemic intelligence subnational data
Sweden,Vasternorrlands Lan,SE321,2020-35,15.0806816468104,Epidemic intelligence subnational data
Sweden,Vasternorrlands Lan,SE321,2020-36,6.52137584726938,Epidemic intelligence subnational data
Sweden,Vasternorrlands Lan,SE321,2020-37,8.96689178999539,Epidemic intelligence subnational data
Sweden,Vasternorrlands Lan,SE321,2020-38,13.8579236754474,Epidemic intelligence subnational data
Sweden,Vasternorrlands Lan,SE321,2020-39,17.5261975895365,Epidemic intelligence subnational data
Sweden,Vasternorrlands Lan,SE321,2020-40,22.4172294749885,Epidemic intelligence subnational data
Sweden,Vasternorrlands Lan,SE321,2020-41,27.7158473508949,Epidemic intelligence subnational data
Sweden,Vasternorrlands Lan,SE321,2020-42,32.1992932458926,Epidemic intelligence subnational data
Sweden,Vasternorrlands Lan,SE321,2020-43,39.5358410740706,Epidemic intelligence subnational data
Sweden,Vasternorrlands Lan,SE321,2020-44,75.4034082340522,Epidemic intelligence subnational data
Sweden,Vasternorrlands Lan,SE321,2020-45,187.897141599449,Epidemic intelligence subnational data
Sweden,Vasternorrlands Lan,SE321,2020-46,375.386697208444,Epidemic intelligence subnational data
Sweden,Vasternorrlands Lan,SE321,2020-47,609.341055729233,Epidemic intelligence subnational data
Sweden,Vasternorrlands Lan,SE321,2020-48,860.414025849104,Epidemic intelligence subnational data
Sweden,Vasternorrlands Lan,SE321,2020-49,970.05465728132,Epidemic intelligence subnational data
Sweden,Vasternorrlands Lan,SE321,2020-50,971.277415252683,Epidemic intelligence subnational data
Sweden,Vasternorrlands Lan,SE321,2020-51,1022.22566405948,Epidemic intelligence subnational data
Sweden,Vasternorrlands Lan,SE321,2020-52,864.489885753647,Epidemic intelligence subnational data
Sweden,Vasternorrlands Lan,SE321,2020-53,742.214088617346,Epidemic intelligence subnational data
Sweden,Vasternorrlands Lan,SE321,2021-01,712.46031131418,Epidemic intelligence subnational data
Sweden,Vasternorrlands Lan,SE321,2021-02,556.354876970169,Epidemic intelligence subnational data
Sweden,Vasternorrlands Lan,SE321,2021-03,463.42527114658,Epidemic intelligence subnational data
Sweden,Vasternorrlands Lan,SE321,2021-04,420.628742148875,Epidemic intelligence subnational data
Sweden,Vasternorrlands Lan,SE321,2021-05,441.415627662046,Epidemic intelligence subnational data
Sweden,Vasternorrlands Lan,SE321,2021-06,424.297016062964,Epidemic intelligence subnational data
Sweden,Vasternorrlands Lan,SE321,2021-07,354.599811695272,Epidemic intelligence subnational data
Sweden,Vasternorrlands Lan,SE321,2021-08,318.732244535291,Epidemic intelligence subnational data
Sweden,Vasternorrlands Lan,SE321,2021-09,327.699136325286,Epidemic intelligence subnational data
Sweden,Vasternorrlands Lan,SE321,2021-10,381.092901074804,Epidemic intelligence subnational data
Sweden,Vasternorrlands Lan,SE321,2021-11,471.169404965213,Epidemic intelligence subnational data
Sweden,Vasternorrlands Lan,SE321,2021-12,593.037616111059,Epidemic intelligence subnational data
Sweden,Vasternorrlands Lan,SE321,2021-13,756.887184273702,Epidemic intelligence subnational data
Sweden,Vasternorrlands Lan,SE321,2021-14,1006.73739642221,Epidemic intelligence subnational data
Sweden,Vasternorrlands Lan,SE321,2021-15,1220.72004141074,Epidemic intelligence subnational data
Sweden,Vasternorrlands Lan,SE321,2021-16,1256.18002258026,Epidemic intelligence subnational data
Sweden,Vasternorrlands Lan,SE321,2021-17,1127.79043558715,Epidemic intelligence subnational data
Sweden,Vasternorrlands Lan,SE321,2021-18,949.267771768149,Epidemic intelligence subnational data
Sweden,Vasternorrlands Lan,SE321,2021-19,700.232731600549,Epidemic intelligence subnational data
Sweden,Vasternorrlands Lan,SE321,2021-20,432.448735872051,Epidemic intelligence subnational data
Sweden,Vasternorrlands Lan,SE321,2021-21,269.821925680771,Epidemic intelligence subnational data
Sweden,Vasternorrlands Lan,SE321,2021-22,170.370944009913,Epidemic intelligence subnational data
Sweden,Vasternorrlands Lan,SE321,2021-23,101.081325632675,Epidemic intelligence subnational data
Sweden,Vasternorrlands Lan,SE321,2021-24,43.2041149881596,Epidemic intelligence subnational data
Sweden,Vasternorrlands Lan,SE321,2021-25,21.1944715036255,Epidemic intelligence subnational data
Sweden,Vasternorrlands Lan,SE321,2021-26,20.7868855131711,Epidemic intelligence subnational data
Sweden,Vasternorrlands Lan,SE321,2021-27,19.9717135322625,Epidemic intelligence subnational data
Sweden,Vasternorrlands Lan,SE321,2021-28,12.6351657040844,Epidemic intelligence subnational data
Sweden,Vasternorrlands Lan,SE321,2021-29,15.8958536277191,Epidemic intelligence subnational data
Sweden,Vasternorrlands Lan,SE321,2021-30,31.3841212649839,Epidemic intelligence subnational data
Sweden,Vasternorrlands Lan,SE321,2021-31,43.611700978614,Epidemic intelligence subnational data
Sweden,Vasternorrlands Lan,SE321,2021-32,51.3558347972464,Epidemic intelligence subnational data
Sweden,Vasternorrlands Lan,SE321,2021-33,55.0241087113354,Epidemic intelligence subnational data
Sweden,Vasternorrlands Lan,SE321,2021-34,55.4316947017897,Epidemic intelligence subnational data
Sweden,Vasternorrlands Lan,SE321,2021-35,57.8772106445157,Epidemic intelligence subnational data
Sweden,Vasternorrlands Lan,SE321,2021-36,54.616522720881,Epidemic intelligence subnational data
Sweden,Vasternorrlands Lan,SE321,2021-37,51.3558347972464,Epidemic intelligence subnational data
Sweden,Vasternorrlands Lan,SE321,2021-38,38.7206690931619,Epidemic intelligence subnational data
Sweden,Vasternorrlands Lan,SE321,2021-39,24.4551594272602,Epidemic intelligence subnational data
Sweden,Vasternorrlands Lan,SE321,2021-40,33.0144652268012,Epidemic intelligence subnational data
Sweden,Vasternorrlands Lan,SE321,2021-41,55.4316947017897,Epidemic intelligence subnational data
Sweden,Vasternorrlands Lan,SE321,2021-42,67.6592744154198,Epidemic intelligence subnational data
Sweden,Vasternorrlands Lan,SE321,2021-43,62.3606565395134,Epidemic intelligence subnational data
Sweden,Vasternorrlands Lan,SE321,2021-44,60.3227265872418,Epidemic intelligence subnational data
Sweden,Vasternorrlands Lan,SE321,2021-45,64.3985864917851,Epidemic intelligence subnational data
Sweden,Vasternorrlands Lan,SE321,2021-46,80.2944401195042,Epidemic intelligence subnational data
Sweden,Vasternorrlands Lan,SE321,2021-47,145.915784582652,Epidemic intelligence subnational data
Sweden,Vasternorrlands Lan,SE321,2021-48,242.106078329876,Epidemic intelligence subnational data
Sweden,Vasternorrlands Lan,SE321,2021-49,396.173582721615,Epidemic intelligence subnational data
Sweden,Vasternorrlands Lan,SE321,2021-50,422.259086110692,Epidemic intelligence subnational data
Sweden,Vasternorrlands Lan,SE321,2021-51,333.405340191647,Epidemic intelligence subnational data
Sweden,Vasternorrlands Lan,SE321,2021-52,491.548704487929,Epidemic intelligence subnational data
Sweden,Vasternorrlands Lan,SE321,2022-01,910.139516684533,Epidemic intelligence subnational data
Sweden,Vasternorrlands Lan,SE321,2022-02,1955.59758219991,Epidemic intelligence subnational data
Sweden,Vasternorrlands Lan,SE321,2022-03,3014.50598540027,Epidemic intelligence subnational data
Sweden,Vasternorrlands Lan,SE321,2022-04,4154.9315866915,Epidemic intelligence subnational data
Sweden,Jamtlands Lan,SE322,2020-15,,Epidemic intelligence subnational data
Sweden,Jamtlands Lan,SE322,2020-16,94.0295084473664,Epidemic intelligence subnational data
Sweden,Jamtlands Lan,SE322,2020-17,110.08332696277,Epidemic intelligence subnational data
Sweden,Jamtlands Lan,SE322,2020-18,110.08332696277,Epidemic intelligence subnational data
Sweden,Jamtlands Lan,SE322,2020-19,123.079275284764,Epidemic intelligence subnational data
Sweden,Jamtlands Lan,SE322,2020-20,139.133093800168,Epidemic intelligence subnational data
Sweden,Jamtlands Lan,SE322,2020-21,152.129042122162,Epidemic intelligence subnational data
Sweden,Jamtlands Lan,SE322,2020-22,146.013301735341,Epidemic intelligence subnational data
Sweden,Jamtlands Lan,SE322,2020-23,133.7818209617,Epidemic intelligence subnational data
Sweden,Jamtlands Lan,SE322,2020-24,118.492469994649,Epidemic intelligence subnational data
Sweden,Jamtlands Lan,SE322,2020-25,123.843742833117,Epidemic intelligence subnational data
Sweden,Jamtlands Lan,SE322,2020-26,108.554391866065,Epidemic intelligence subnational data
Sweden,Jamtlands Lan,SE322,2020-27,69.5665469000841,Epidemic intelligence subnational data
Sweden,Jamtlands Lan,SE322,2020-28,44.3391178044492,Epidemic intelligence subnational data
Sweden,Jamtlands Lan,SE322,2020-29,32.8721045791606,Epidemic intelligence subnational data
Sweden,Jamtlands Lan,SE322,2020-30,31.3431694824555,Epidemic intelligence subnational data
Sweden,Jamtlands Lan,SE322,2020-31,22.1695589022246,Epidemic intelligence subnational data
Sweden,Jamtlands Lan,SE322,2020-32,22.1695589022246,Epidemic intelligence subnational data
Sweden,Jamtlands Lan,SE322,2020-33,28.2852992890452,Epidemic intelligence subnational data
Sweden,Jamtlands Lan,SE322,2020-34,15.2893509670515,Epidemic intelligence subnational data
Sweden,Jamtlands Lan,SE322,2020-35,10.702545676936,Epidemic intelligence subnational data
Sweden,Jamtlands Lan,SE322,2020-36,25.9918966439875,Epidemic intelligence subnational data
Sweden,Jamtlands Lan,SE322,2020-37,23.6984939989298,Epidemic intelligence subnational data
Sweden,Jamtlands Lan,SE322,2020-38,20.6406238055195,Epidemic intelligence subnational data
Sweden,Jamtlands Lan,SE322,2020-39,34.4010396758658,Epidemic intelligence subnational data
Sweden,Jamtlands Lan,SE322,2020-40,63.4508065132635,Epidemic intelligence subnational data
Sweden,Jamtlands Lan,SE322,2020-41,137.604158703463,Epidemic intelligence subnational data
Sweden,Jamtlands Lan,SE322,2020-42,175.827536121092,Epidemic intelligence subnational data
Sweden,Jamtlands Lan,SE322,2020-43,126.901613026527,Epidemic intelligence subnational data
Sweden,Jamtlands Lan,SE322,2020-44,86.3848329638407,Epidemic intelligence subnational data
Sweden,Jamtlands Lan,SE322,2020-45,146.013301735341,Epidemic intelligence subnational data
Sweden,Jamtlands Lan,SE322,2020-46,318.01850011467,Epidemic intelligence subnational data
Sweden,Jamtlands Lan,SE322,2020-47,553.474505007262,Epidemic intelligence subnational data
Sweden,Jamtlands Lan,SE322,2020-48,613.102973778763,Epidemic intelligence subnational data
Sweden,Jamtlands Lan,SE322,2020-49,519.073465331397,Epidemic intelligence subnational data
Sweden,Jamtlands Lan,SE322,2020-50,518.308997783044,Epidemic intelligence subnational data
Sweden,Jamtlands Lan,SE322,2020-51,585.582142038071,Epidemic intelligence subnational data
Sweden,Jamtlands Lan,SE322,2020-52,577.937466554545,Epidemic intelligence subnational data
Sweden,Jamtlands Lan,SE322,2020-53,571.057258619372,Epidemic intelligence subnational data
Sweden,Jamtlands Lan,SE322,2021-01,616.160843972173,Epidemic intelligence subnational data
Sweden,Jamtlands Lan,SE322,2021-02,514.486660041281,Epidemic intelligence subnational data
Sweden,Jamtlands Lan,SE322,2021-03,395.22972249828,Epidemic intelligence subnational data
Sweden,Jamtlands Lan,SE322,2021-04,353.948474887241,Epidemic intelligence subnational data
Sweden,Jamtlands Lan,SE322,2021-05,356.241877532299,Epidemic intelligence subnational data
Sweden,Jamtlands Lan,SE322,2021-06,361.593150370767,Epidemic intelligence subnational data
Sweden,Jamtlands Lan,SE322,2021-07,372.295696047703,Epidemic intelligence subnational data
Sweden,Jamtlands Lan,SE322,2021-08,455.622658818133,Epidemic intelligence subnational data
Sweden,Jamtlands Lan,SE322,2021-09,532.833881201743,Epidemic intelligence subnational data
Sweden,Jamtlands Lan,SE322,2021-10,562.648115587493,Epidemic intelligence subnational data
Sweden,Jamtlands Lan,SE322,2021-11,614.631908875468,Epidemic intelligence subnational data
Sweden,Jamtlands Lan,SE322,2021-12,605.458298295237,Epidemic intelligence subnational data
Sweden,Jamtlands Lan,SE322,2021-13,582.52427184466,Epidemic intelligence subnational data
Sweden,Jamtlands Lan,SE322,2021-14,780.521366867977,Epidemic intelligence subnational data
Sweden,Jamtlands Lan,SE322,2021-15,922.712330861555,Epidemic intelligence subnational data
Sweden,Jamtlands Lan,SE322,2021-16,848.558978671355,Epidemic intelligence subnational data
Sweden,Jamtlands Lan,SE322,2021-17,775.170094029508,Epidemic intelligence subnational data
Sweden,Jamtlands Lan,SE322,2021-18,774.405626481156,Epidemic intelligence subnational data
Sweden,Jamtlands Lan,SE322,2021-19,678.847182937084,Epidemic intelligence subnational data
Sweden,Jamtlands Lan,SE322,2021-20,503.784114364345,Epidemic intelligence subnational data
Sweden,Jamtlands Lan,SE322,2021-21,325.663175598196,Epidemic intelligence subnational data
Sweden,Jamtlands Lan,SE322,2021-22,161.302652702393,Epidemic intelligence subnational data
Sweden,Jamtlands Lan,SE322,2021-23,83.3269627704304,Epidemic intelligence subnational data
Sweden,Jamtlands Lan,SE322,2021-24,30.5787019341029,Epidemic intelligence subnational data
Sweden,Jamtlands Lan,SE322,2021-25,12.2314807736412,Epidemic intelligence subnational data
Sweden,Jamtlands Lan,SE322,2021-26,14.5248834186989,Epidemic intelligence subnational data
Sweden,Jamtlands Lan,SE322,2021-27,28.2852992890452,Epidemic intelligence subnational data
Sweden,Jamtlands Lan,SE322,2021-28,26.75636419234,Epidemic intelligence subnational data
Sweden,Jamtlands Lan,SE322,2021-29,14.5248834186989,Epidemic intelligence subnational data
Sweden,Jamtlands Lan,SE322,2021-30,43.5746502560966,Epidemic intelligence subnational data
Sweden,Jamtlands Lan,SE322,2021-31,64.2152740616161,Epidemic intelligence subnational data
Sweden,Jamtlands Lan,SE322,2021-32,81.7980276737253,Epidemic intelligence subnational data
Sweden,Jamtlands Lan,SE322,2021-33,117.728002446296,Epidemic intelligence subnational data
Sweden,Jamtlands Lan,SE322,2021-34,110.08332696277,Epidemic intelligence subnational data
Sweden,Jamtlands Lan,SE322,2021-35,97.8518461891293,Epidemic intelligence subnational data
Sweden,Jamtlands Lan,SE322,2021-36,97.0873786407767,Epidemic intelligence subnational data
Sweden,Jamtlands Lan,SE322,2021-37,90.9716382539561,Epidemic intelligence subnational data
Sweden,Jamtlands Lan,SE322,2021-38,71.8599495451418,Epidemic intelligence subnational data
Sweden,Jamtlands Lan,SE322,2021-39,54.2771959330326,Epidemic intelligence subnational data
Sweden,Jamtlands Lan,SE322,2021-40,48.9259230945646,Epidemic intelligence subnational data
Sweden,Jamtlands Lan,SE322,2021-41,37.4589098692761,Epidemic intelligence subnational data
Sweden,Jamtlands Lan,SE322,2021-42,46.6325204495069,Epidemic intelligence subnational data
Sweden,Jamtlands Lan,SE322,2021-43,64.2152740616161,Epidemic intelligence subnational data
Sweden,Jamtlands Lan,SE322,2021-44,48.1614555462121,Epidemic intelligence subnational data
Sweden,Jamtlands Lan,SE322,2021-45,35.9299747725709,Epidemic intelligence subnational data
Sweden,Jamtlands Lan,SE322,2021-46,54.2771959330326,Epidemic intelligence subnational data
Sweden,Jamtlands Lan,SE322,2021-47,117.728002446296,Epidemic intelligence subnational data
Sweden,Jamtlands Lan,SE322,2021-48,156.715847412277,Epidemic intelligence subnational data
Sweden,Jamtlands Lan,SE322,2021-49,233.162602247535,Epidemic intelligence subnational data
Sweden,Jamtlands Lan,SE322,2021-50,363.886553015825,Epidemic intelligence subnational data
Sweden,Jamtlands Lan,SE322,2021-51,453.329256173076,Epidemic intelligence subnational data
Sweden,Jamtlands Lan,SE322,2021-52,1251.43337665316,Epidemic intelligence subnational data
Sweden,Jamtlands Lan,SE322,2022-01,2888.92286522437,Epidemic intelligence subnational data
Sweden,Jamtlands Lan,SE322,2022-02,5141.8087302194,Epidemic intelligence subnational data
Sweden,Jamtlands Lan,SE322,2022-03,5457.53382768901,Epidemic intelligence subnational data
Sweden,Jamtlands Lan,SE322,2022-04,4748.87241036618,Epidemic intelligence subnational data
Sweden,Vasterbottens Lan,SE331,2020-15,,Epidemic intelligence subnational data
Sweden,Vasterbottens Lan,SE331,2020-16,41.9524832926075,Epidemic intelligence subnational data
Sweden,Vasterbottens Lan,SE331,2020-17,42.3204875320164,Epidemic intelligence subnational data
Sweden,Vasterbottens Lan,SE331,2020-18,34.5923985044308,Epidemic intelligence subnational data
Sweden,Vasterbottens Lan,SE331,2020-19,25.7602967586187,Epidemic intelligence subnational data
Sweden,Vasterbottens Lan,SE331,2020-20,32.0163688285689,Epidemic intelligence subnational data
Sweden,Vasterbottens Lan,SE331,2020-21,37.1684281802926,Epidemic intelligence subnational data
Sweden,Vasterbottens Lan,SE331,2020-22,30.9123561103424,Epidemic intelligence subnational data
Sweden,Vasterbottens Lan,SE331,2020-23,25.7602967586187,Epidemic intelligence subnational data
Sweden,Vasterbottens Lan,SE331,2020-24,27.6003179556629,Epidemic intelligence subnational data
Sweden,Vasterbottens Lan,SE331,2020-25,33.4883857862043,Epidemic intelligence subnational data
Sweden,Vasterbottens Lan,SE331,2020-26,41.2164748137899,Epidemic intelligence subnational data
Sweden,Vasterbottens Lan,SE331,2020-27,34.9604027438396,Epidemic intelligence subnational data
Sweden,Vasterbottens Lan,SE331,2020-28,17.2961992522154,Epidemic intelligence subnational data
Sweden,Vasterbottens Lan,SE331,2020-29,13.616156858127,Epidemic intelligence subnational data
Sweden,Vasterbottens Lan,SE331,2020-30,11.7761356610828,Epidemic intelligence subnational data
Sweden,Vasterbottens Lan,SE331,2020-31,9.56811022462979,Epidemic intelligence subnational data
Sweden,Vasterbottens Lan,SE331,2020-32,9.56811022462979,Epidemic intelligence subnational data
Sweden,Vasterbottens Lan,SE331,2020-33,18.4002119704419,Epidemic intelligence subnational data
Sweden,Vasterbottens Lan,SE331,2020-34,20.6082374068949,Epidemic intelligence subnational data
Sweden,Vasterbottens Lan,SE331,2020-35,9.93611446403863,Epidemic intelligence subnational data
Sweden,Vasterbottens Lan,SE331,2020-36,7.36008478817676,Epidemic intelligence subnational data
Sweden,Vasterbottens Lan,SE331,2020-37,11.0401271822651,Epidemic intelligence subnational data
Sweden,Vasterbottens Lan,SE331,2020-38,23.9202755615745,Epidemic intelligence subnational data
Sweden,Vasterbottens Lan,SE331,2020-39,50.7845850384196,Epidemic intelligence subnational data
Sweden,Vasterbottens Lan,SE331,2020-40,55.2006359113257,Epidemic intelligence subnational data
Sweden,Vasterbottens Lan,SE331,2020-41,41.2164748137899,Epidemic intelligence subnational data
Sweden,Vasterbottens Lan,SE331,2020-42,39.7444578561545,Epidemic intelligence subnational data
Sweden,Vasterbottens Lan,SE331,2020-43,44.5285129684694,Epidemic intelligence subnational data
Sweden,Vasterbottens Lan,SE331,2020-44,118.129360850237,Epidemic intelligence subnational data
Sweden,Vasterbottens Lan,SE331,2020-45,325.683751876822,Epidemic intelligence subnational data
Sweden,Vasterbottens Lan,SE331,2020-46,486.133600259075,Epidemic intelligence subnational data
Sweden,Vasterbottens Lan,SE331,2020-47,532.870138663997,Epidemic intelligence subnational data
Sweden,Vasterbottens Lan,SE331,2020-48,610.151028939853,Epidemic intelligence subnational data
Sweden,Vasterbottens Lan,SE331,2020-49,627.07922395266,Epidemic intelligence subnational data
Sweden,Vasterbottens Lan,SE331,2020-50,660.199605499455,Epidemic intelligence subnational data
Sweden,Vasterbottens Lan,SE331,2020-51,706.936143904378,Epidemic intelligence subnational data
Sweden,Vasterbottens Lan,SE331,2020-52,581.814702505373,Epidemic intelligence subnational data
Sweden,Vasterbottens Lan,SE331,2020-53,510.789884299467,Epidemic intelligence subnational data
Sweden,Vasterbottens Lan,SE331,2021-01,516.677952130009,Epidemic intelligence subnational data
Sweden,Vasterbottens Lan,SE331,2021-02,389.348485294551,Epidemic intelligence subnational data
Sweden,Vasterbottens Lan,SE331,2021-03,288.515323696529,Epidemic intelligence subnational data
Sweden,Vasterbottens Lan,SE331,2021-04,303.603497512291,Epidemic intelligence subnational data
Sweden,Vasterbottens Lan,SE331,2021-05,453.749227191097,Epidemic intelligence subnational data
Sweden,Vasterbottens Lan,SE331,2021-06,673.079753878765,Epidemic intelligence subnational data
Sweden,Vasterbottens Lan,SE331,2021-07,847.145759119145,Epidemic intelligence subnational data
Sweden,Vasterbottens Lan,SE331,2021-08,891.306267848206,Epidemic intelligence subnational data
Sweden,Vasterbottens Lan,SE331,2021-09,815.497394529985,Epidemic intelligence subnational data
Sweden,Vasterbottens Lan,SE331,2021-10,679.703830188124,Epidemic intelligence subnational data
Sweden,Vasterbottens Lan,SE331,2021-11,579.974681308329,Epidemic intelligence subnational data
Sweden,Vasterbottens Lan,SE331,2021-12,521.462007242323,Epidemic intelligence subnational data
Sweden,Vasterbottens Lan,SE331,2021-13,401.860629434451,Epidemic intelligence subnational data
Sweden,Vasterbottens Lan,SE331,2021-14,409.956722701446,Epidemic intelligence subnational data
Sweden,Vasterbottens Lan,SE331,2021-15,482.821562104396,Epidemic intelligence subnational data
Sweden,Vasterbottens Lan,SE331,2021-16,485.397591780257,Epidemic intelligence subnational data
Sweden,Vasterbottens Lan,SE331,2021-17,493.861689286661,Epidemic intelligence subnational data
Sweden,Vasterbottens Lan,SE331,2021-18,503.797803750699,Epidemic intelligence subnational data
Sweden,Vasterbottens Lan,SE331,2021-19,442.709100008832,Epidemic intelligence subnational data
Sweden,Vasterbottens Lan,SE331,2021-20,354.388082550711,Epidemic intelligence subnational data
Sweden,Vasterbottens Lan,SE331,2021-21,248.402861600966,Epidemic intelligence subnational data
Sweden,Vasterbottens Lan,SE331,2021-22,152.721759354668,Epidemic intelligence subnational data
Sweden,Vasterbottens Lan,SE331,2021-23,108.193246386198,Epidemic intelligence subnational data
Sweden,Vasterbottens Lan,SE331,2021-24,63.664733417729,Epidemic intelligence subnational data
Sweden,Vasterbottens Lan,SE331,2021-25,37.1684281802926,Epidemic intelligence subnational data
Sweden,Vasterbottens Lan,SE331,2021-26,34.2243942650219,Epidemic intelligence subnational data
Sweden,Vasterbottens Lan,SE331,2021-27,29.8083433921159,Epidemic intelligence subnational data
Sweden,Vasterbottens Lan,SE331,2021-28,20.6082374068949,Epidemic intelligence subnational data
Sweden,Vasterbottens Lan,SE331,2021-29,27.232313716254,Epidemic intelligence subnational data
Sweden,Vasterbottens Lan,SE331,2021-30,33.1203815467954,Epidemic intelligence subnational data
Sweden,Vasterbottens Lan,SE331,2021-31,105.985220949745,Epidemic intelligence subnational data
Sweden,Vasterbottens Lan,SE331,2021-32,198.722289280773,Epidemic intelligence subnational data
Sweden,Vasterbottens Lan,SE331,2021-33,182.898106986193,Epidemic intelligence subnational data
Sweden,Vasterbottens Lan,SE331,2021-34,130.641504990137,Epidemic intelligence subnational data
Sweden,Vasterbottens Lan,SE331,2021-35,98.2571319221597,Epidemic intelligence subnational data
Sweden,Vasterbottens Lan,SE331,2021-36,114.08131421674,Epidemic intelligence subnational data
Sweden,Vasterbottens Lan,SE331,2021-37,161.55386110048,Epidemic intelligence subnational data
Sweden,Vasterbottens Lan,SE331,2021-38,195.042246886684,Epidemic intelligence subnational data
Sweden,Vasterbottens Lan,SE331,2021-39,199.090293520181,Epidemic intelligence subnational data
Sweden,Vasterbottens Lan,SE331,2021-40,162.657873818706,Epidemic intelligence subnational data
Sweden,Vasterbottens Lan,SE331,2021-41,143.153649130038,Epidemic intelligence subnational data
Sweden,Vasterbottens Lan,SE331,2021-42,132.113521947773,Epidemic intelligence subnational data
Sweden,Vasterbottens Lan,SE331,2021-43,130.641504990137,Epidemic intelligence subnational data
Sweden,Vasterbottens Lan,SE331,2021-44,140.209615214767,Epidemic intelligence subnational data
Sweden,Vasterbottens Lan,SE331,2021-45,133.953543144817,Epidemic intelligence subnational data
Sweden,Vasterbottens Lan,SE331,2021-46,117.025348132011,Epidemic intelligence subnational data
Sweden,Vasterbottens Lan,SE331,2021-47,129.537492271911,Epidemic intelligence subnational data
Sweden,Vasterbottens Lan,SE331,2021-48,164.497895015751,Epidemic intelligence subnational data
Sweden,Vasterbottens Lan,SE331,2021-49,186.578149380281,Epidemic intelligence subnational data
Sweden,Vasterbottens Lan,SE331,2021-50,218.962522448259,Epidemic intelligence subnational data
Sweden,Vasterbottens Lan,SE331,2021-51,236.994730179292,Epidemic intelligence subnational data
Sweden,Vasterbottens Lan,SE331,2021-52,388.244472576324,Epidemic intelligence subnational data
Sweden,Vasterbottens Lan,SE331,2022-01,1219.19804516148,Epidemic intelligence subnational data
Sweden,Vasterbottens Lan,SE331,2022-02,2149.51276238702,Epidemic intelligence subnational data
Sweden,Vasterbottens Lan,SE331,2022-03,3018.37077163129,Epidemic intelligence subnational data
Sweden,Vasterbottens Lan,SE331,2022-04,3618.95369034651,Epidemic intelligence subnational data
Sweden,Norrbottens Lan,SE332,2020-15,,Epidemic intelligence subnational data
Sweden,Norrbottens Lan,SE332,2020-16,43.5837868312988,Epidemic intelligence subnational data
Sweden,Norrbottens Lan,SE332,2020-17,38.3857205119696,Epidemic intelligence subnational data
Sweden,Norrbottens Lan,SE332,2020-18,30.7885466606422,Epidemic intelligence subnational data
Sweden,Norrbottens Lan,SE332,2020-19,26.3901828519791,Epidemic intelligence subnational data
Sweden,Norrbottens Lan,SE332,2020-20,27.1898853626451,Epidemic intelligence subnational data
Sweden,Norrbottens Lan,SE332,2020-21,23.991075319981,Epidemic intelligence subnational data
Sweden,Norrbottens Lan,SE332,2020-22,31.1883979159753,Epidemic intelligence subnational data
Sweden,Norrbottens Lan,SE332,2020-23,57.5785807679543,Epidemic intelligence subnational data
Sweden,Norrbottens Lan,SE332,2020-24,107.959838939914,Epidemic intelligence subnational data
Sweden,Norrbottens Lan,SE332,2020-25,175.134849835861,Epidemic intelligence subnational data
Sweden,Norrbottens Lan,SE332,2020-26,238.711199433811,Epidemic intelligence subnational data
Sweden,Norrbottens Lan,SE332,2020-27,180.33291615519,Epidemic intelligence subnational data
Sweden,Norrbottens Lan,SE332,2020-28,84.3686148752664,Epidemic intelligence subnational data
Sweden,Norrbottens Lan,SE332,2020-29,58.3782832786204,Epidemic intelligence subnational data
Sweden,Norrbottens Lan,SE332,2020-30,33.5875054479734,Epidemic intelligence subnational data
Sweden,Norrbottens Lan,SE332,2020-31,25.590480341313,Epidemic intelligence subnational data
Sweden,Norrbottens Lan,SE332,2020-32,19.5927115113178,Epidemic intelligence subnational data
Sweden,Norrbottens Lan,SE332,2020-33,19.1928602559848,Epidemic intelligence subnational data
Sweden,Norrbottens Lan,SE332,2020-34,12.3953889153235,Epidemic intelligence subnational data
Sweden,Norrbottens Lan,SE332,2020-35,6.79747134066127,Epidemic intelligence subnational data
Sweden,Norrbottens Lan,SE332,2020-36,5.99776882999524,Epidemic intelligence subnational data
Sweden,Norrbottens Lan,SE332,2020-37,4.79821506399619,Epidemic intelligence subnational data
Sweden,Norrbottens Lan,SE332,2020-38,8.79672761732635,Epidemic intelligence subnational data
Sweden,Norrbottens Lan,SE332,2020-39,17.1936039793197,Epidemic intelligence subnational data
Sweden,Norrbottens Lan,SE332,2020-40,40.7848280439676,Epidemic intelligence subnational data
Sweden,Norrbottens Lan,SE332,2020-41,67.9747134066127,Epidemic intelligence subnational data
Sweden,Norrbottens Lan,SE332,2020-42,75.172036002607,Epidemic intelligence subnational data
Sweden,Norrbottens Lan,SE332,2020-43,86.7677224072645,Epidemic intelligence subnational data
Sweden,Norrbottens Lan,SE332,2020-44,139.947939366556,Epidemic intelligence subnational data
Sweden,Norrbottens Lan,SE332,2020-45,305.086507819091,Epidemic intelligence subnational data
Sweden,Norrbottens Lan,SE332,2020-46,450.632364760309,Epidemic intelligence subnational data
Sweden,Norrbottens Lan,SE332,2020-47,529.802913316246,Epidemic intelligence subnational data
Sweden,Norrbottens Lan,SE332,2020-48,655.756058746146,Epidemic intelligence subnational data
Sweden,Norrbottens Lan,SE332,2020-49,632.564685936832,Epidemic intelligence subnational data
Sweden,Norrbottens Lan,SE332,2020-50,556.992798678891,Epidemic intelligence subnational data
Sweden,Norrbottens Lan,SE332,2020-51,509.810350549596,Epidemic intelligence subnational data
Sweden,Norrbottens Lan,SE332,2020-52,395.852742779686,Epidemic intelligence subnational data
Sweden,Norrbottens Lan,SE332,2020-53,377.8594362897,Epidemic intelligence subnational data
Sweden,Norrbottens Lan,SE332,2021-01,421.443223120999,Epidemic intelligence subnational data
Sweden,Norrbottens Lan,SE332,2021-02,469.825225016294,Epidemic intelligence subnational data
Sweden,Norrbottens Lan,SE332,2021-03,485.419423974282,Epidemic intelligence subnational data
Sweden,Norrbottens Lan,SE332,2021-04,416.24515680167,Epidemic intelligence subnational data
Sweden,Norrbottens Lan,SE332,2021-05,368.263006161708,Epidemic intelligence subnational data
Sweden,Norrbottens Lan,SE332,2021-06,377.059733779034,Epidemic intelligence subnational data
Sweden,Norrbottens Lan,SE332,2021-07,489.817787782945,Epidemic intelligence subnational data
Sweden,Norrbottens Lan,SE332,2021-08,625.76721459617,Epidemic intelligence subnational data
Sweden,Norrbottens Lan,SE332,2021-09,776.511137856717,Epidemic intelligence subnational data
Sweden,Norrbottens Lan,SE332,2021-10,740.124673621413,Epidemic intelligence subnational data
Sweden,Norrbottens Lan,SE332,2021-11,684.945200385457,Epidemic intelligence subnational data
Sweden,Norrbottens Lan,SE332,2021-12,650.95784368215,Epidemic intelligence subnational data
Sweden,Norrbottens Lan,SE332,2021-13,637.362901000828,Epidemic intelligence subnational data
Sweden,Norrbottens Lan,SE332,2021-14,798.1031056447,Epidemic intelligence subnational data
Sweden,Norrbottens Lan,SE332,2021-15,854.082281391323,Epidemic intelligence subnational data
Sweden,Norrbottens Lan,SE332,2021-16,800.902064432031,Epidemic intelligence subnational data
Sweden,Norrbottens Lan,SE332,2021-17,744.922888685409,Epidemic intelligence subnational data
Sweden,Norrbottens Lan,SE332,2021-18,796.503700623368,Epidemic intelligence subnational data
Sweden,Norrbottens Lan,SE332,2021-19,826.092693518011,Epidemic intelligence subnational data
Sweden,Norrbottens Lan,SE332,2021-20,810.098643304691,Epidemic intelligence subnational data
Sweden,Norrbottens Lan,SE332,2021-21,650.557992426817,Epidemic intelligence subnational data
Sweden,Norrbottens Lan,SE332,2021-22,484.619721463616,Epidemic intelligence subnational data
Sweden,Norrbottens Lan,SE332,2021-23,378.659138800366,Epidemic intelligence subnational data
Sweden,Norrbottens Lan,SE332,2021-24,321.880260543078,Epidemic intelligence subnational data
Sweden,Norrbottens Lan,SE332,2021-25,291.491565137769,Epidemic intelligence subnational data
Sweden,Norrbottens Lan,SE332,2021-26,162.339609665205,Epidemic intelligence subnational data
Sweden,Norrbottens Lan,SE332,2021-27,67.1750108959467,Epidemic intelligence subnational data
Sweden,Norrbottens Lan,SE332,2021-28,35.9866129799715,Epidemic intelligence subnational data
Sweden,Norrbottens Lan,SE332,2021-29,37.1861667459705,Epidemic intelligence subnational data
Sweden,Norrbottens Lan,SE332,2021-30,57.9784320232873,Epidemic intelligence subnational data
Sweden,Norrbottens Lan,SE332,2021-31,63.1764983426166,Epidemic intelligence subnational data
Sweden,Norrbottens Lan,SE332,2021-32,49.581555661294,Epidemic intelligence subnational data
Sweden,Norrbottens Lan,SE332,2021-33,51.1809606826261,Epidemic intelligence subnational data
Sweden,Norrbottens Lan,SE332,2021-34,30.3886954053092,Epidemic intelligence subnational data
Sweden,Norrbottens Lan,SE332,2021-35,24.390926575314,Epidemic intelligence subnational data
Sweden,Norrbottens Lan,SE332,2021-36,49.981406916627,Epidemic intelligence subnational data
Sweden,Norrbottens Lan,SE332,2021-37,50.38125817196,Epidemic intelligence subnational data
Sweden,Norrbottens Lan,SE332,2021-38,59.9776882999524,Epidemic intelligence subnational data
Sweden,Norrbottens Lan,SE332,2021-39,93.1653424925928,Epidemic intelligence subnational data
Sweden,Norrbottens Lan,SE332,2021-40,127.552550451232,Epidemic intelligence subnational data
Sweden,Norrbottens Lan,SE332,2021-41,136.349278068559,Epidemic intelligence subnational data
Sweden,Norrbottens Lan,SE332,2021-42,128.352252961898,Epidemic intelligence subnational data
Sweden,Norrbottens Lan,SE332,2021-43,155.542138324543,Epidemic intelligence subnational data
Sweden,Norrbottens Lan,SE332,2021-44,153.542882047878,Epidemic intelligence subnational data
Sweden,Norrbottens Lan,SE332,2021-45,130.351509238563,Epidemic intelligence subnational data
Sweden,Norrbottens Lan,SE332,2021-46,98.763260067255,Epidemic intelligence subnational data
Sweden,Norrbottens Lan,SE332,2021-47,82.7692098539343,Epidemic intelligence subnational data
Sweden,Norrbottens Lan,SE332,2021-48,103.961326386584,Epidemic intelligence subnational data
Sweden,Norrbottens Lan,SE332,2021-49,135.949426813226,Epidemic intelligence subnational data
Sweden,Norrbottens Lan,SE332,2021-50,183.131874942521,Epidemic intelligence subnational data
Sweden,Norrbottens Lan,SE332,2021-51,236.711943157146,Epidemic intelligence subnational data
Sweden,Norrbottens Lan,SE332,2021-52,476.622696356955,Epidemic intelligence subnational data
Sweden,Norrbottens Lan,SE332,2022-01,985.633344395885,Epidemic intelligence subnational data
Sweden,Norrbottens Lan,SE332,2022-02,1565.41766462876,Epidemic intelligence subnational data
Sweden,Norrbottens Lan,SE332,2022-03,2245.16479869489,Epidemic intelligence subnational data
Sweden,Norrbottens Lan,SE332,2022-04,2900.12115493037,Epidemic intelligence subnational data
